      2.00000      1927.90  3.97530e-13      0.00000  8.62458e-14
      2.00000      1916.72  3.84582e-13      0.00000  5.57124e-14
      2.00000      1905.67  2.88412e-13      0.00000  5.61466e-14
      2.00000      1894.75  3.42962e-13      0.00000  5.75937e-14
      2.00000      1883.96  1.60807e-13      2.00000  5.44101e-14
      2.00000      1873.29  3.93746e-13      2.00000  4.99241e-14
      2.00000      1862.73  2.93001e-13      0.00000  4.86218e-14
      2.00000      1852.30  3.11429e-13      0.00000  4.83324e-14
      2.00000      1841.98  3.43569e-13      0.00000  4.55829e-14
      2.00000      1831.78  2.56059e-13      0.00000  4.12417e-14
      2.00000      1821.69  3.02212e-13      0.00000  4.84771e-14
      2.00000      1811.70  2.91886e-13      0.00000  3.89264e-14
      2.00000      1801.83  3.43837e-13      0.00000  3.51640e-14
      2.00000      1792.07  3.52830e-13      0.00000  3.61769e-14
      2.00000      1782.41  2.55301e-13      0.00000  3.79134e-14
      2.00000      1772.85  1.19837e-13      0.00000  3.66110e-14
      2.00000      1763.39  1.47122e-13      0.00000  3.29933e-14
      2.00000      1754.04  2.13127e-13      0.00000  3.14016e-14
      2.00000      1744.79  2.00400e-13      0.00000  3.25592e-14
      2.00000      1735.63  2.61053e-13      0.00000  3.44404e-14
      2.00000      1726.57  3.02145e-13      0.00000  3.50193e-14
      2.00000      1717.60  2.79049e-13      0.00000  3.53087e-14
      2.00000      1708.72  3.11848e-13      0.00000  3.63216e-14
      2.00000      1699.94  3.19760e-13      0.00000  3.76240e-14
      2.00000      1691.24  2.84723e-13      0.00000  4.22546e-14
      2.00000      1682.64  3.03408e-13      0.00000  5.02136e-14
      2.00000      1674.12  3.11610e-13      0.00000  5.46995e-14
      2.00000      1665.68  1.90606e-13      0.00000  5.26736e-14
      2.00000      1657.34  2.83772e-13      0.00000  5.36865e-14
      2.00000      1649.07  3.12398e-13      0.00000  6.13560e-14
      2.00000      1640.89  2.70094e-13      0.00000  4.99241e-14
      2.00000      1632.78  3.79773e-13      0.00000  4.71747e-14
      2.00000      1624.76  2.65828e-13      2.00000  4.94900e-14
      2.00000      1616.82  2.08629e-13      2.00000  4.81876e-14
      2.00000      1608.95  1.92332e-13      0.00000  5.25289e-14
      2.00000      1601.16  1.59033e-13      0.00000  5.64360e-14
      2.00000      1593.44  2.64465e-13      0.00000  5.65807e-14
      2.00000      1585.80  1.52569e-13      0.00000  5.70148e-14
      2.00000      1578.23  3.14184e-13      0.00000  5.94748e-14
      2.00000      1570.74  3.20098e-13      0.00000  6.09219e-14
      2.00000      1563.31  4.39896e-13      0.00000  5.97643e-14
      2.00000      1555.95  4.58009e-13      0.00000  5.70148e-14
      2.00000      1548.67  3.35442e-13      0.00000  5.90407e-14
      2.00000      1541.45  5.52176e-13      0.00000  5.86066e-14
      2.00000      1534.30  5.04817e-13      0.00000  6.13560e-14
      2.00000      1527.21  4.35910e-13      0.00000  6.30925e-14
      2.00000      1520.19  6.05915e-13      0.00000  6.67102e-14
      2.00000      1513.23  5.97232e-13      0.00000  6.74338e-14
      2.00000      1506.34  5.59617e-13      0.00000  6.07772e-14
      2.00000      1499.51  4.70386e-13      0.00000  5.68701e-14
      2.00000      1492.74  3.28168e-13      0.00000  6.55526e-14
      2.00000      1486.03  2.35280e-13      0.00000  5.55677e-14
      2.00000      1479.38  3.05906e-13      0.00000  5.64360e-14
      2.00000      1472.79  2.90292e-13      0.00000  5.80278e-14
      2.00000      1466.26  2.84822e-13      0.00000  5.78831e-14
      2.00000      1459.79  3.97004e-13      0.00000  5.97643e-14
      2.00000      1453.37  4.84885e-13      0.00000  6.54079e-14
      2.00000      1447.01  6.72423e-13      0.00000  6.46843e-14
      2.00000      1440.71  5.67975e-13      0.00000  6.45396e-14
      2.00000      1434.46  3.91172e-13      0.00000  6.41055e-14
      2.00000      1428.26  2.07281e-13      0.00000  6.59867e-14
      2.00000      1422.12  1.85391e-13      0.00000  6.78679e-14
      2.00000      1416.03  2.29891e-13      0.00000  6.81573e-14
      2.00000      1409.99  1.96769e-13      0.00000  6.71444e-14
      2.00000      1404.00  2.28737e-13      0.00000  6.75785e-14
      2.00000      1398.07  3.60622e-13      0.00000  6.75785e-14
      2.00000      1392.18  4.01675e-13      0.00000  6.55526e-14
      2.00000      1386.34  3.23153e-13      0.00000  6.80126e-14
      2.00000      1380.56  2.44416e-13      0.00000  7.46691e-14
      2.00000      1374.82  1.68313e-13      0.00000  7.82868e-14
      2.00000      1369.12  3.31964e-13      0.00000  8.50881e-14
      2.00000      1363.48  5.38241e-13      0.00000  8.66799e-14
      2.00000      1357.88  6.40302e-13      0.00000  8.88505e-14
      2.00000      1352.33  8.33206e-13      0.00000  8.82717e-14
      2.00000      1346.82  1.16683e-12      0.00000  1.12293e-13
      2.00000      1341.35  1.58314e-12      0.00000  1.01151e-13
      2.00000      1335.93  1.81399e-12      0.00000  1.10267e-13
      2.00000      1330.56  1.56846e-12      0.00000  1.21410e-13
      2.00000      1325.23 -2.73289e-12      0.00000  1.68150e-13
