      3.00000      1341.35  7.57355e-13      0.00000  3.87961e-13
      3.00000      1330.56  1.34117e-13      0.00000  3.83909e-13
      3.00000      1319.94  7.95328e-13      0.00000  3.89698e-13
      3.00000      1309.48  2.65392e-12      0.00000  3.98959e-13
      3.00000      1299.19  2.92803e-12      0.00000  4.47291e-13
      3.00000      1289.06  9.59832e-13      0.00000  3.86080e-13
      3.00000      1279.09  6.64089e-13      2.00000  3.81884e-13
      3.00000      1269.27  4.59214e-13      2.00000  3.79568e-13
      3.00000      1259.60  8.02938e-13      2.00000  3.65532e-13
      3.00000      1250.08  7.33354e-13      0.00000  3.42523e-13
      3.00000      1240.70  1.48967e-13      0.00000  3.07214e-13
      3.00000      1231.46 -2.40445e-14      0.00000  2.89560e-13
      3.00000      1222.35  2.41634e-13      0.00000  2.84495e-13
      3.00000      1213.38 -4.98003e-13      0.00000  2.77694e-13
      3.00000      1204.54 -5.15825e-13      0.00000  2.61487e-13
      3.00000      1195.83 -4.33248e-13      2.00000  2.45279e-13
      3.00000      1187.24 -4.65880e-13      2.00000  2.42964e-13
      3.00000      1178.78  1.94592e-13      0.00000  3.06925e-13
      3.00000      1170.43 -1.05532e-12      0.00000  4.88822e-13
