      2.00000      1927.90  8.92384e-14      0.00000  6.20362e-13
      2.00000      1916.72 -1.53879e-12      0.00000  3.93315e-13
      2.00000      1905.67 -4.05299e-13      0.00000  3.93026e-13
      2.00000      1894.75 -2.05230e-13      0.00000  3.97801e-13
      2.00000      1883.96  1.25882e-13      0.00000  3.60611e-13
      2.00000      1873.29  1.08144e-13      0.00000  3.30657e-13
      2.00000      1862.73  3.12242e-13      0.00000  3.28631e-13
      2.00000      1852.30  3.25957e-13      0.00000  3.25592e-13
      2.00000      1841.98 -3.67602e-13      0.00000  3.05044e-13
      2.00000      1831.78 -5.55902e-13      0.00000  2.84785e-13
      2.00000      1821.69  3.17594e-13      0.00000  2.61053e-13
      2.00000      1811.70 -3.28504e-14      0.00000  2.53238e-13
      2.00000      1801.83 -7.93701e-14      0.00000  2.52515e-13
      2.00000      1792.07  7.11832e-13      0.00000  2.61053e-13
      2.00000      1782.41  9.16044e-13      0.00000  2.58448e-13
      2.00000      1772.85  1.01583e-12      0.00000  2.45858e-13
      2.00000      1763.39  1.40870e-12      0.00000  2.37176e-13
      2.00000      1754.04  1.68759e-12      0.00000  2.30953e-13
      2.00000      1744.79  1.14851e-12      0.00000  2.30519e-13
      2.00000      1735.63  9.06633e-13      0.00000  2.40649e-13
      2.00000      1726.57  9.69562e-13      0.00000  2.50489e-13
      2.00000      1717.60  8.64873e-13      0.00000  2.53383e-13
      2.00000      1708.72  9.33746e-13      0.00000  2.57146e-13
      2.00000      1699.94  6.64670e-13      0.00000  2.64236e-13
      2.00000      1691.24  6.13284e-13      0.00000  2.72629e-13
      2.00000      1682.64  9.45513e-13      0.00000  2.85942e-13
      2.00000      1674.12  1.52323e-12      0.00000  2.96217e-13
      2.00000      1665.68  1.41744e-12      0.00000  3.09674e-13
      2.00000      1657.34  8.02029e-13      0.00000  3.12279e-13
      2.00000      1649.07  1.21166e-12      2.00000  3.18936e-13
      2.00000      1640.89  1.35838e-12      0.00000  3.25158e-13
      2.00000      1632.78  9.59882e-13      0.00000  3.28776e-13
      2.00000      1624.76  8.19128e-13      0.00000  3.34419e-13
      2.00000      1616.82  6.72001e-13      0.00000  3.33262e-13
      2.00000      1608.95  9.01080e-13      0.00000  3.24290e-13
      2.00000      1601.16  9.96714e-13      0.00000  3.46720e-13
      2.00000      1593.44  7.93097e-13      0.00000  3.69294e-13
      2.00000      1585.80  8.22648e-13      0.00000  3.88540e-13
      2.00000      1578.23  1.03396e-12      0.00000  4.12996e-13
      2.00000      1570.74  1.75122e-12      0.00000  4.22691e-13
      2.00000      1563.31  1.70383e-12      0.00000  4.22257e-13
      2.00000      1555.95  1.54945e-12      0.00000  4.08220e-13
      2.00000      1548.67  1.16518e-12      0.00000  3.94328e-13
      2.00000      1541.45  1.01168e-12      0.00000  3.76674e-13
      2.00000      1534.30  1.37603e-12      0.00000  4.10246e-13
      2.00000      1527.21  2.31427e-12      0.00000  4.41503e-13
      2.00000      1520.19  1.52783e-12      0.00000  4.53369e-13
      2.00000      1513.23  9.10160e-13      0.00000  4.51054e-13
      2.00000      1506.34  9.06601e-13      0.00000  4.30361e-13
      2.00000      1499.51  1.00446e-12      0.00000  4.05471e-13
      2.00000      1492.74  1.38353e-12      0.00000  3.91145e-13
      2.00000      1486.03  2.18765e-12      0.00000  3.89553e-13
      2.00000      1479.38  1.68681e-12      0.00000  3.97657e-13
      2.00000      1472.79  6.98790e-13      0.00000  4.10536e-13
      2.00000      1466.26  1.16422e-12      0.00000  4.11404e-13
      2.00000      1459.79  2.16000e-12      0.00000  4.17337e-13
      2.00000      1453.37  2.60825e-12      0.00000  4.33689e-13
      2.00000      1447.01  3.38049e-12      0.00000  5.08069e-13
      2.00000      1440.71  2.65299e-12      0.00000  5.14291e-13
      2.00000      1434.46  1.93210e-12      0.00000  5.10239e-13
      2.00000      1428.26  2.33404e-12      0.00000  5.33392e-13
      2.00000      1422.12  2.36567e-12      0.00000  5.26736e-13
      2.00000      1416.03  1.78842e-12      0.00000  4.88099e-13
      2.00000      1409.99  1.65780e-12      2.00000  4.78404e-13
      2.00000      1404.00  1.82780e-12      2.00000  4.63933e-13
      2.00000      1398.07  1.84220e-12      0.00000  4.54816e-13
      2.00000      1392.18  1.61314e-12      0.00000  4.65090e-13
      2.00000      1386.34  1.59208e-12      0.00000  4.93598e-13
      2.00000      1380.56  1.79548e-12      2.00000  5.35997e-13
      2.00000      1374.82  1.82954e-12      2.00000  5.87802e-13
      2.00000      1369.12  2.47262e-12      0.00000  5.97643e-13
      2.00000      1363.48  2.26662e-12      0.00000  6.00682e-13
      2.00000      1357.88  2.20103e-12      0.00000  6.09509e-13
      2.00000      1352.33  2.56393e-12      0.00000  6.27163e-13
      2.00000      1346.82  2.54651e-12      0.00000  6.96623e-13
      2.00000      1341.35  3.12011e-12      0.00000  7.22091e-13
      2.00000      1335.93  3.07146e-12      0.00000  7.16737e-13
      2.00000      1330.56  2.33176e-12      256.000  8.22808e-13
      2.00000      1325.23  3.24510e-12      256.000  1.15592e-12
