      3.00000      1341.35  9.26392e-13      0.00000  6.52632e-14
      3.00000      1330.56  1.07670e-12      0.00000  5.71595e-14
      3.00000      1319.94  1.07606e-12      0.00000  5.88960e-14
      3.00000      1309.48  1.94809e-12      0.00000  6.04878e-14
      3.00000      1299.19  1.92136e-12      0.00000  6.28031e-14
      3.00000      1289.06  1.00246e-12      0.00000  5.80278e-14
      3.00000      1279.09  1.05243e-12      0.00000  5.78831e-14
      3.00000      1269.27  1.00948e-12      0.00000  5.77384e-14
      3.00000      1259.60  6.42169e-13      0.00000  5.22395e-14
      3.00000      1250.08  6.57741e-13      0.00000  5.13712e-14
      3.00000      1240.70  4.63925e-13      0.00000  4.41358e-14
      3.00000      1231.46  1.62376e-13      0.00000  4.18205e-14
      3.00000      1222.35  1.69265e-13      0.00000  4.18205e-14
      3.00000      1213.38  2.66161e-13      0.00000  3.93605e-14
      3.00000      1204.54  2.18058e-13      0.00000  4.21099e-14
      3.00000      1195.83  1.97362e-13      0.00000  3.93605e-14
      3.00000      1187.24  2.11513e-13      0.00000  3.48745e-14
      3.00000      1178.78 -4.13700e-15      0.00000  4.54382e-14
      3.00000      1170.43  1.54770e-13      0.00000  7.26432e-14
