      3.00000      1341.35  1.25574e-12      0.00000  5.94748e-14
      3.00000      1330.56  1.38768e-12      0.00000  5.99090e-14
      3.00000      1319.94  1.39657e-12      0.00000  5.99090e-14
      3.00000      1309.48  2.68440e-12      0.00000  6.20796e-14
      3.00000      1299.19  2.54822e-12      0.00000  6.30925e-14
      3.00000      1289.06  1.46190e-12      0.00000  5.87513e-14
      3.00000      1279.09  1.38932e-12      0.00000  5.88960e-14
      3.00000      1269.27  1.17523e-12      0.00000  5.78831e-14
      3.00000      1259.60  7.56376e-13      0.00000  5.55677e-14
      3.00000      1250.08  9.19654e-13      0.00000  5.18053e-14
      3.00000      1240.70  6.35084e-13      0.00000  4.61617e-14
      3.00000      1231.46  2.28118e-13      0.00000  4.93453e-14
      3.00000      1222.35  1.84501e-13      0.00000  4.28335e-14
      3.00000      1213.38  1.75864e-13      0.00000  4.05181e-14
      3.00000      1204.54  2.24776e-13      0.00000  3.86369e-14
      3.00000      1195.83  2.63098e-13      2.00000  3.63216e-14
      3.00000      1187.24  2.19013e-13      2.00000  3.57428e-14
      3.00000      1178.78  2.10527e-13      0.00000  4.52935e-14
      3.00000      1170.43  4.14152e-14      0.00000  7.33668e-14
