      3.00000      1341.35  1.40658e-12      0.00000  5.65807e-14
      3.00000      1330.56  1.34147e-12      0.00000  5.75937e-14
      3.00000      1319.94  1.28823e-12      0.00000  5.96196e-14
      3.00000      1309.48  2.55346e-12      0.00000  5.93301e-14
      3.00000      1299.19  2.53176e-12      2.00000  6.33820e-14
      3.00000      1289.06  1.37693e-12      2.00000  5.65807e-14
      3.00000      1279.09  1.47922e-12      0.00000  5.62913e-14
      3.00000      1269.27  1.16326e-12      0.00000  5.68701e-14
      3.00000      1259.60  6.98590e-13      0.00000  6.12113e-14
      3.00000      1250.08  9.56549e-13      0.00000  5.93301e-14
      3.00000      1240.70  5.60297e-13      0.00000  4.39911e-14
      3.00000      1231.46  2.23857e-13      0.00000  4.29782e-14
      3.00000      1222.35  8.09000e-14      0.00000  4.32676e-14
      3.00000      1213.38  4.20214e-13      0.00000  4.32676e-14
      3.00000      1204.54  3.62971e-13      0.00000  4.23993e-14
      3.00000      1195.83  2.47657e-13      0.00000  4.02287e-14
      3.00000      1187.24  1.53967e-13      0.00000  3.76240e-14
      3.00000      1178.78 -8.27400e-15      0.00000  4.68853e-14
      3.00000      1170.43  2.78862e-13      0.00000  7.59715e-14
