      3.00000      1341.35  1.14205e-12      0.00000  5.84619e-14
      3.00000      1330.56  1.32250e-12      0.00000  5.88960e-14
      3.00000      1319.94  1.30480e-12      0.00000  6.09219e-14
      3.00000      1309.48  2.28479e-12      0.00000  6.09219e-14
      3.00000      1299.19  2.38407e-12      0.00000  6.09219e-14
      3.00000      1289.06  1.16453e-12      0.00000  5.57124e-14
      3.00000      1279.09  1.30139e-12      0.00000  5.62913e-14
      3.00000      1269.27  1.15463e-12      0.00000  5.73042e-14
      3.00000      1259.60  7.42574e-13      0.00000  5.39760e-14
      3.00000      1250.08  8.50114e-13      0.00000  5.25289e-14
      3.00000      1240.70  6.29916e-13      0.00000  4.52935e-14
      3.00000      1231.46  2.17770e-13      0.00000  4.68853e-14
      3.00000      1222.35  1.48393e-13      0.00000  4.34123e-14
      3.00000      1213.38  2.19182e-13      0.00000  4.16758e-14
      3.00000      1204.54  2.24624e-13      0.00000  3.89264e-14
      3.00000      1195.83  2.41084e-13      0.00000  3.79134e-14
      3.00000      1187.24  2.06157e-13      0.00000  3.55981e-14
      3.00000      1178.78 -9.49978e-14      0.00000  4.63065e-14
      3.00000      1170.43  6.42702e-14      0.00000  7.26432e-14
