      3.00000      1341.35  1.56705e-13      0.00000  3.76529e-13
      3.00000      1330.56  1.63981e-12      0.00000  3.72188e-13
      3.00000      1319.94  1.15954e-12      0.00000  3.79858e-13
      3.00000      1309.48  1.78412e-12      0.00000  3.84778e-13
      3.00000      1299.19  1.84419e-12      0.00000  3.80581e-13
      3.00000      1289.06  5.72966e-14      0.00000  3.71754e-13
      3.00000      1279.09  1.62980e-12      2.00000  3.68860e-13
      3.00000      1269.27  1.69520e-12      2.00000  3.70596e-13
      3.00000      1259.60  1.25658e-12      2.00000  3.52797e-13
      3.00000      1250.08  1.31852e-12      0.00000  3.27618e-13
      3.00000      1240.70  7.26288e-13      0.00000  3.00992e-13
      3.00000      1231.46 -2.53837e-13      0.00000  2.82035e-13
      3.00000      1222.35  8.34595e-13      0.00000  2.75523e-13
      3.00000      1213.38  2.98954e-13      0.00000  2.66696e-13
      3.00000      1204.54  3.79463e-13      0.00000  2.54541e-13
      3.00000      1195.83  4.89047e-13      2.00000  2.42675e-13
      3.00000      1187.24  5.20824e-13      2.00000  2.37031e-13
      3.00000      1178.78  6.82912e-13      0.00000  2.95493e-13
      3.00000      1170.43  6.47917e-13      0.00000  4.72326e-13
