      3.00000      1341.35  1.16476e-12      0.00000  5.94748e-14
      3.00000      1330.56  1.36314e-12      0.00000  6.07772e-14
      3.00000      1319.94  1.27994e-12      0.00000  6.33820e-14
      3.00000      1309.48  2.30033e-12      0.00000  6.29478e-14
      3.00000      1299.19  2.12735e-12      0.00000  6.12113e-14
      3.00000      1289.06  1.21608e-12      0.00000  5.71595e-14
      3.00000      1279.09  1.17850e-12      0.00000  5.71595e-14
      3.00000      1269.27  9.67062e-13      0.00000  5.96196e-14
      3.00000      1259.60  7.92776e-13      0.00000  6.09219e-14
      3.00000      1250.08  9.25879e-13      0.00000  5.15159e-14
      3.00000      1240.70  7.32672e-13      0.00000  4.63065e-14
      3.00000      1231.46  3.19883e-13      0.00000  4.19652e-14
      3.00000      1222.35  3.21924e-13      0.00000  4.15311e-14
      3.00000      1213.38  3.02920e-13      0.00000  3.99393e-14
      3.00000      1204.54  2.67533e-13      0.00000  3.99393e-14
      3.00000      1195.83  3.15534e-13      2.00000  3.58875e-14
      3.00000      1187.24  2.23757e-13      2.00000  3.77687e-14
      3.00000      1178.78  2.94033e-13      0.00000  4.47147e-14
      3.00000      1170.43  3.57091e-13      0.00000  7.38009e-14
