      2.00000      1927.90  1.15247e-12      0.00000  5.86934e-13
      2.00000      1916.72  1.42619e-13      0.00000  3.82896e-13
      2.00000      1905.67  6.93102e-13      0.00000  3.85067e-13
      2.00000      1894.75  9.24295e-14      0.00000  3.82607e-13
      2.00000      1883.96  5.90234e-13      0.00000  3.48601e-13
      2.00000      1873.29  5.34045e-13      0.00000  3.21685e-13
      2.00000      1862.73  1.99374e-13      0.00000  3.18357e-13
      2.00000      1852.30  1.58893e-13      0.00000  3.13726e-13
      2.00000      1841.98 -4.26401e-13      0.00000  3.00558e-13
      2.00000      1831.78  1.99895e-13      0.00000  2.72050e-13
      2.00000      1821.69  6.01408e-13      0.00000  2.53817e-13
      2.00000      1811.70  9.10166e-14      0.00000  2.48608e-13
      2.00000      1801.83  9.33766e-14      0.00000  2.43398e-13
      2.00000      1792.07  4.40887e-13      0.00000  2.43254e-13
      2.00000      1782.41 -2.18292e-13      0.00000  2.42385e-13
      2.00000      1772.85  6.42037e-14      0.00000  2.32111e-13
      2.00000      1763.39  4.31297e-13      0.00000  2.19666e-13
      2.00000      1754.04 -2.00661e-13      0.00000  2.14891e-13
      2.00000      1744.79 -1.28947e-13      0.00000  2.18219e-13
      2.00000      1735.63  4.27436e-13      0.00000  2.25599e-13
      2.00000      1726.57  6.21234e-13      0.00000  2.32111e-13
      2.00000      1717.60  3.60126e-13      0.00000  2.36018e-13
      2.00000      1708.72  4.70318e-14      0.00000  2.40070e-13
      2.00000      1699.94  3.13922e-13      0.00000  2.47161e-13
      2.00000      1691.24  6.79415e-13      0.00000  2.57580e-13
      2.00000      1682.64  7.41098e-13      0.00000  2.68143e-13
      2.00000      1674.12  1.02076e-13      0.00000  2.78996e-13
      2.00000      1665.68 -2.73062e-13      0.00000  2.92454e-13
      2.00000      1657.34  4.79574e-13      0.00000  2.99255e-13
      2.00000      1649.07  9.06431e-13      2.00000  3.01860e-13
      2.00000      1640.89  1.20684e-12      0.00000  3.10832e-13
      2.00000      1632.78  3.13343e-13      0.00000  3.07070e-13
      2.00000      1624.76  4.95984e-13      0.00000  3.21396e-13
      2.00000      1616.82  8.17355e-13      0.00000  3.17199e-13
      2.00000      1608.95  6.22505e-13      0.00000  3.25158e-13
      2.00000      1601.16  4.88884e-13      0.00000  3.28052e-13
      2.00000      1593.44 -5.07152e-15      0.00000  3.48456e-13
      2.00000      1585.80 -1.86125e-13      0.00000  3.62927e-13
      2.00000      1578.23  6.21212e-13      0.00000  3.90566e-13
      2.00000      1570.74  1.61883e-12      0.00000  4.04892e-13
      2.00000      1563.31  1.35338e-12      0.00000  4.02432e-13
      2.00000      1555.95  1.18072e-12      0.00000  3.81594e-13
      2.00000      1548.67  1.19260e-12      0.00000  3.73635e-13
      2.00000      1541.45  7.94889e-13      0.00000  3.75806e-13
      2.00000      1534.30  7.30554e-13      0.00000  3.89842e-13
      2.00000      1527.21  7.71821e-13      0.00000  4.14443e-13
      2.00000      1520.19  8.03266e-13      0.00000  4.31374e-13
      2.00000      1513.23  4.27276e-13      0.00000  4.26453e-13
      2.00000      1506.34  9.82051e-13      0.00000  4.01274e-13
      2.00000      1499.51  7.45549e-13      0.00000  3.77832e-13
      2.00000      1492.74  6.56784e-13      0.00000  3.73201e-13
      2.00000      1486.03  5.31582e-13      0.00000  3.61914e-13
      2.00000      1479.38  4.66918e-13      0.00000  3.72043e-13
      2.00000      1472.79  9.77589e-14      0.00000  3.91579e-13
      2.00000      1466.26  3.57670e-13      0.00000  3.90277e-13
      2.00000      1459.79  8.72691e-13      0.00000  3.90855e-13
      2.00000      1453.37  3.12704e-13      2.00000  3.92592e-13
      2.00000      1447.01  9.56806e-13      2.00000  4.01853e-13
      2.00000      1440.71  1.09920e-12      0.00000  4.13864e-13
      2.00000      1434.46  4.98004e-13      0.00000  4.29492e-13
      2.00000      1428.26  9.96205e-13      0.00000  4.47002e-13
      2.00000      1422.12  1.75927e-12      0.00000  4.54527e-13
      2.00000      1416.03  1.08813e-12      0.00000  4.52935e-13
      2.00000      1409.99  2.73681e-13      0.00000  4.44831e-13
      2.00000      1404.00  1.34877e-13      0.00000  4.30361e-13
      2.00000      1398.07 -1.86151e-13      0.00000  4.25730e-13
      2.00000      1392.18 -1.58962e-13      0.00000  4.36149e-13
      2.00000      1386.34 -1.08817e-13      0.00000  4.61762e-13
      2.00000      1380.56  8.44209e-13      0.00000  4.96347e-13
      2.00000      1374.82  1.13649e-12      0.00000  5.23118e-13
      2.00000      1369.12  1.50554e-12      0.00000  5.58282e-13
      2.00000      1363.48  1.40843e-12      0.00000  5.54664e-13
      2.00000      1357.88  1.87014e-12      0.00000  5.73332e-13
      2.00000      1352.33  1.53854e-12      0.00000  5.82738e-13
      2.00000      1346.82  1.43501e-12      0.00000  6.02997e-13
      2.00000      1341.35  1.48794e-12      0.00000  6.32372e-13
      2.00000      1335.93  1.24498e-12      0.00000  6.76508e-13
      2.00000      1330.56 -9.63653e-13      0.00000  7.36273e-13
      2.00000      1325.23 -8.93091e-13      0.00000  8.04430e-13
