      2.00000      1927.90  3.20190e-13      0.00000  8.74034e-14
      2.00000      1916.72  3.96772e-13      0.00000  5.57124e-14
      2.00000      1905.67  3.36963e-13      0.00000  5.77384e-14
      2.00000      1894.75  3.74735e-13      0.00000  5.61466e-14
      2.00000      1883.96  3.77039e-13      0.00000  5.83172e-14
      2.00000      1873.29  4.98553e-13      0.00000  5.15159e-14
      2.00000      1862.73  3.90416e-13      0.00000  4.80429e-14
      2.00000      1852.30  3.40938e-13      0.00000  4.89112e-14
      2.00000      1841.98  3.10618e-13      0.00000  4.80429e-14
      2.00000      1831.78  3.90883e-13      0.00000  4.51488e-14
      2.00000      1821.69  3.14879e-13      0.00000  3.97946e-14
      2.00000      1811.70  3.29106e-13      0.00000  3.64663e-14
      2.00000      1801.83  4.19893e-13      0.00000  3.70452e-14
      2.00000      1792.07  2.95330e-13      0.00000  3.63216e-14
      2.00000      1782.41  2.46876e-13      0.00000  3.54534e-14
      2.00000      1772.85  2.72152e-13      0.00000  3.41510e-14
      2.00000      1763.39  3.11225e-13      0.00000  3.29933e-14
      2.00000      1754.04  3.54911e-13      0.00000  3.19804e-14
      2.00000      1744.79  3.56367e-13      0.00000  3.16910e-14
      2.00000      1735.63  3.20615e-13      0.00000  3.31380e-14
      2.00000      1726.57  2.76954e-13      0.00000  3.50193e-14
      2.00000      1717.60  3.09622e-13      0.00000  3.57428e-14
      2.00000      1708.72  3.40007e-13      2.00000  3.60322e-14
      2.00000      1699.94  3.27694e-13      2.00000  3.66110e-14
      2.00000      1691.24  3.41129e-13      0.00000  3.92158e-14
      2.00000      1682.64  3.00417e-13      0.00000  4.06629e-14
      2.00000      1674.12  2.40769e-13      0.00000  4.18205e-14
      2.00000      1665.68  2.35419e-13      0.00000  4.41358e-14
      2.00000      1657.34  2.52258e-13      0.00000  4.41358e-14
      2.00000      1649.07  2.82980e-13      0.00000  4.41358e-14
      2.00000      1640.89  3.91778e-13      0.00000  4.80429e-14
      2.00000      1632.78  4.55011e-13      0.00000  4.73194e-14
      2.00000      1624.76  3.18815e-13      0.00000  4.73194e-14
      2.00000      1616.82  2.35491e-13      0.00000  4.94900e-14
      2.00000      1608.95  1.31603e-13      0.00000  6.41055e-14
      2.00000      1601.16  1.23825e-13      0.00000  5.05030e-14
      2.00000      1593.44  1.02475e-13      0.00000  5.29630e-14
      2.00000      1585.80  2.34147e-13      0.00000  5.55677e-14
      2.00000      1578.23  3.13737e-13      0.00000  5.87513e-14
      2.00000      1570.74  2.65381e-13      0.00000  5.93301e-14
      2.00000      1563.31  5.59299e-13      0.00000  6.06325e-14
      2.00000      1555.95  6.80232e-13      0.00000  5.80278e-14
      2.00000      1548.67  4.70453e-13      0.00000  5.67254e-14
      2.00000      1541.45  5.75270e-13      0.00000  5.73042e-14
      2.00000      1534.30  3.82784e-13      0.00000  5.97643e-14
      2.00000      1527.21  5.44403e-13      0.00000  6.25137e-14
      2.00000      1520.19  6.96840e-13      0.00000  6.39608e-14
      2.00000      1513.23  4.81095e-13      0.00000  6.51184e-14
      2.00000      1506.34  4.92219e-13      0.00000  5.99090e-14
      2.00000      1499.51  5.60169e-13      0.00000  6.20796e-14
      2.00000      1492.74  4.56899e-13      0.00000  5.99090e-14
      2.00000      1486.03  3.67169e-13      0.00000  5.51336e-14
      2.00000      1479.38  2.85911e-13      0.00000  5.67254e-14
      2.00000      1472.79  2.96859e-13      0.00000  5.74489e-14
      2.00000      1466.26  3.53490e-13      0.00000  5.77384e-14
      2.00000      1459.79  5.39142e-13      0.00000  5.91854e-14
      2.00000      1453.37  9.62751e-13      0.00000  6.01984e-14
      2.00000      1447.01  1.08092e-12      0.00000  6.17902e-14
      2.00000      1440.71  6.85992e-13      0.00000  6.39608e-14
      2.00000      1434.46  4.35249e-13      0.00000  6.54079e-14
      2.00000      1428.26  3.11744e-13      0.00000  6.59867e-14
      2.00000      1422.12  2.44147e-13      0.00000  7.43797e-14
      2.00000      1416.03  2.23609e-13      0.00000  7.49586e-14
      2.00000      1409.99  1.62054e-13      0.00000  6.72891e-14
      2.00000      1404.00  1.35176e-13      0.00000  6.97491e-14
      2.00000      1398.07  2.42911e-13      0.00000  7.33668e-14
      2.00000      1392.18  3.39798e-13      0.00000  6.91703e-14
      2.00000      1386.34  3.60625e-13      0.00000  7.91551e-14
      2.00000      1380.56  2.66308e-13      0.00000  8.17598e-14
      2.00000      1374.82  2.46918e-13      0.00000  7.84315e-14
      2.00000      1369.12  4.47971e-13      0.00000  8.89952e-14
      2.00000      1363.48  5.71721e-13      0.00000  8.53775e-14
      2.00000      1357.88  7.49797e-13      0.00000  8.78375e-14
      2.00000      1352.33  9.78360e-13      0.00000  9.14552e-14
      2.00000      1346.82  1.13691e-12      0.00000  9.78224e-14
      2.00000      1341.35  1.41651e-12      0.00000  1.03032e-13
      2.00000      1335.93  1.59253e-12      0.00000  1.08386e-13
      2.00000      1330.56  1.49591e-12      0.00000  1.13306e-13
      2.00000      1325.23  1.53467e-12      0.00000  1.27487e-13
