      2.00000      1927.90  3.50242e-13      0.00000  1.17647e-13
      2.00000      1916.72  3.02912e-13      0.00000  5.74489e-14
      2.00000      1905.67  4.94181e-13      0.00000  5.78831e-14
      2.00000      1894.75  3.87809e-13      0.00000  5.75937e-14
      2.00000      1883.96  2.56775e-13      0.00000  5.28183e-14
      2.00000      1873.29  2.94855e-13      0.00000  4.73194e-14
      2.00000      1862.73  3.02546e-13      0.00000  4.67406e-14
      2.00000      1852.30  2.97659e-13      0.00000  4.61617e-14
      2.00000      1841.98  3.42964e-13      0.00000  4.35570e-14
      2.00000      1831.78  4.42517e-13      0.00000  3.99393e-14
      2.00000      1821.69  4.57691e-13      0.00000  3.71899e-14
      2.00000      1811.70  3.26997e-13      0.00000  3.60322e-14
      2.00000      1801.83  3.68687e-13      0.00000  3.60322e-14
      2.00000      1792.07  3.28144e-13      0.00000  3.63216e-14
      2.00000      1782.41  2.89903e-13      0.00000  3.58875e-14
      2.00000      1772.85  2.83429e-13      0.00000  3.40063e-14
      2.00000      1763.39  2.57425e-13      0.00000  3.21251e-14
      2.00000      1754.04  2.75758e-13      0.00000  3.31380e-14
      2.00000      1744.79  2.91819e-13      0.00000  3.32828e-14
      2.00000      1735.63  3.55722e-13      0.00000  3.37169e-14
      2.00000      1726.57  3.17589e-13      0.00000  3.54534e-14
      2.00000      1717.60  2.95085e-13      0.00000  3.54534e-14
      2.00000      1708.72  3.71911e-13      2.00000  3.60322e-14
      2.00000      1699.94  3.65269e-13      2.00000  3.73346e-14
      2.00000      1691.24  4.75636e-13      0.00000  3.92158e-14
      2.00000      1682.64  4.81056e-13      0.00000  4.34123e-14
      2.00000      1674.12  3.93360e-13      0.00000  4.35570e-14
      2.00000      1665.68  3.05178e-13      0.00000  4.42805e-14
      2.00000      1657.34  3.08116e-13      0.00000  4.45700e-14
      2.00000      1649.07  3.37336e-13      0.00000  4.60170e-14
      2.00000      1640.89  2.90997e-13      0.00000  5.22395e-14
      2.00000      1632.78  4.03360e-13      0.00000  5.68701e-14
      2.00000      1624.76  3.99713e-13      0.00000  4.78982e-14
      2.00000      1616.82  2.64741e-13      0.00000  4.77535e-14
      2.00000      1608.95  3.25278e-13      0.00000  4.84771e-14
      2.00000      1601.16  2.11397e-13      0.00000  4.90559e-14
      2.00000      1593.44  2.06590e-13      0.00000  5.36865e-14
      2.00000      1585.80  1.87169e-13      0.00000  6.54079e-14
      2.00000      1578.23  4.24231e-13      0.00000  5.73042e-14
      2.00000      1570.74  3.60352e-13      0.00000  5.83172e-14
      2.00000      1563.31  5.73460e-13      0.00000  5.97643e-14
      2.00000      1555.95  8.44030e-13      0.00000  5.94748e-14
      2.00000      1548.67  5.64037e-13      0.00000  5.61466e-14
      2.00000      1541.45  7.16220e-13      0.00000  5.67254e-14
      2.00000      1534.30  4.90959e-13      0.00000  6.03431e-14
      2.00000      1527.21  5.44105e-13      0.00000  6.22243e-14
      2.00000      1520.19  7.26949e-13      0.00000  6.42502e-14
      2.00000      1513.23  6.93839e-13      0.00000  7.36562e-14
      2.00000      1506.34  7.18272e-13      0.00000  6.36714e-14
      2.00000      1499.51  5.29595e-13      0.00000  5.77384e-14
      2.00000      1492.74  4.11702e-13      0.00000  5.49889e-14
      2.00000      1486.03  4.36246e-13      0.00000  5.29630e-14
      2.00000      1479.38  3.52911e-13      0.00000  5.86066e-14
      2.00000      1472.79  3.52678e-13      0.00000  6.00537e-14
      2.00000      1466.26  4.12604e-13      0.00000  5.81725e-14
      2.00000      1459.79  5.70049e-13      0.00000  7.53927e-14
      2.00000      1453.37  8.95402e-13      0.00000  6.35267e-14
      2.00000      1447.01  1.05464e-12      0.00000  6.23690e-14
      2.00000      1440.71  6.68215e-13      0.00000  6.49737e-14
      2.00000      1434.46  4.23894e-13      0.00000  6.52632e-14
      2.00000      1428.26  3.34609e-13      0.00000  6.58420e-14
      2.00000      1422.12  3.36992e-13      0.00000  6.74338e-14
      2.00000      1416.03  3.29506e-13      0.00000  6.81573e-14
      2.00000      1409.99  2.49889e-13      0.00000  6.61314e-14
      2.00000      1404.00  1.13919e-13      0.00000  6.49737e-14
      2.00000      1398.07  2.14606e-13      0.00000  6.45396e-14
      2.00000      1392.18  4.74489e-13      0.00000  6.46843e-14
      2.00000      1386.34  3.75313e-13      0.00000  6.97491e-14
      2.00000      1380.56  3.18191e-13      0.00000  8.40751e-14
      2.00000      1374.82  2.79771e-13      0.00000  8.79822e-14
      2.00000      1369.12  3.65731e-13      0.00000  8.68246e-14
      2.00000      1363.48  6.04151e-13      0.00000  8.63905e-14
      2.00000      1357.88  6.15368e-13      0.00000  8.63905e-14
      2.00000      1352.33  9.05182e-13      0.00000  8.61010e-14
      2.00000      1346.82  1.22530e-12      0.00000  9.17447e-14
      2.00000      1341.35  1.74465e-12      0.00000  1.02742e-13
      2.00000      1335.93  1.68626e-12      0.00000  1.05926e-13
      2.00000      1330.56  1.68888e-12      0.00000  1.15911e-13
      2.00000      1325.23  1.56329e-12      0.00000  1.19384e-13
