      2.00000      1927.90 -1.76799e-13      0.00000  5.94170e-13
      2.00000      1916.72  3.61422e-13      0.00000  3.95775e-13
      2.00000      1905.67  1.15410e-12      0.00000  3.96788e-13
      2.00000      1894.75  6.66314e-13      0.00000  3.87961e-13
      2.00000      1883.96  1.18745e-13      0.00000  3.60467e-13
      2.00000      1873.29  1.51371e-12      0.00000  3.33696e-13
      2.00000      1862.73  9.92629e-13      0.00000  3.31815e-13
      2.00000      1852.30  1.81743e-13      0.00000  3.22698e-13
      2.00000      1841.98  3.32082e-13      0.00000  3.13147e-13
      2.00000      1831.78  2.79461e-13      0.00000  2.81312e-13
      2.00000      1821.69  3.34182e-13      0.00000  2.59171e-13
      2.00000      1811.70  4.62919e-13      0.00000  2.52515e-13
      2.00000      1801.83  5.22457e-13      0.00000  2.49187e-13
      2.00000      1792.07  6.24227e-13      0.00000  2.51647e-13
      2.00000      1782.41 -7.07080e-14      0.00000  2.49331e-13
      2.00000      1772.85  1.98325e-13      0.00000  2.38768e-13
      2.00000      1763.39  9.71544e-13      0.00000  2.27915e-13
      2.00000      1754.04  8.67978e-13      0.00000  2.25020e-13
      2.00000      1744.79  8.64799e-13      0.00000  2.27046e-13
      2.00000      1735.63  1.13453e-12      0.00000  2.33558e-13
      2.00000      1726.57  1.26886e-12      0.00000  2.42675e-13
      2.00000      1717.60  8.26807e-13      0.00000  2.47595e-13
      2.00000      1708.72  2.37256e-13      0.00000  2.50200e-13
      2.00000      1699.94  5.48053e-13      0.00000  2.58448e-13
      2.00000      1691.24  9.82990e-13      0.00000  2.68577e-13
      2.00000      1682.64  1.40593e-12      0.00000  2.82759e-13
      2.00000      1674.12  5.75693e-13      0.00000  2.86376e-13
      2.00000      1665.68  8.18589e-13      0.00000  2.99690e-13
      2.00000      1657.34  8.07405e-13      0.00000  3.10687e-13
      2.00000      1649.07  8.05783e-13      2.00000  3.15897e-13
      2.00000      1640.89  8.21182e-14      0.00000  3.23566e-13
      2.00000      1632.78  6.11160e-13      0.00000  3.24869e-13
      2.00000      1624.76  7.67783e-13      0.00000  3.26895e-13
      2.00000      1616.82  9.15253e-13      0.00000  3.26316e-13
      2.00000      1608.95  2.26650e-13      0.00000  3.34998e-13
      2.00000      1601.16 -1.39937e-13      0.00000  3.40063e-13
      2.00000      1593.44  7.10461e-13      0.00000  3.59599e-13
      2.00000      1585.80  3.20648e-13      0.00000  3.74359e-13
      2.00000      1578.23  1.25376e-12      0.00000  4.06339e-13
      2.00000      1570.74  1.72423e-12      0.00000  4.17771e-13
      2.00000      1563.31  2.64445e-13      0.00000  4.11983e-13
      2.00000      1555.95  1.05567e-12      0.00000  3.96065e-13
      2.00000      1548.67  8.96052e-13      0.00000  3.85791e-13
      2.00000      1541.45  1.19956e-12      0.00000  3.94618e-13
      2.00000      1534.30  1.20110e-12      0.00000  4.07063e-13
      2.00000      1527.21  4.61096e-13      0.00000  4.26019e-13
      2.00000      1520.19 -1.38772e-13      0.00000  4.35859e-13
      2.00000      1513.23  3.47516e-13      256.000  4.47870e-13
      2.00000      1506.34 -3.19100e-14      256.000  4.26598e-13
      2.00000      1499.51 -8.02968e-13      256.000  3.98380e-13
      2.00000      1492.74  1.19781e-13      256.000  3.82462e-13
      2.00000      1486.03  9.19041e-14      0.00000  3.71175e-13
      2.00000      1479.38 -1.08037e-13      0.00000  3.77542e-13
      2.00000      1472.79  4.59094e-13      0.00000  3.97078e-13
      2.00000      1466.26  8.23865e-13      0.00000  4.02143e-13
      2.00000      1459.79  3.39969e-13      0.00000  4.07931e-13
      2.00000      1453.37  6.67072e-13      0.00000  4.04313e-13
      2.00000      1447.01  8.54344e-13      0.00000  4.10680e-13
      2.00000      1440.71  8.32393e-13      0.00000  4.26309e-13
      2.00000      1434.46  7.49920e-13      0.00000  4.42661e-13
      2.00000      1428.26  6.53974e-13      0.00000  4.60170e-13
      2.00000      1422.12  5.37483e-13      0.00000  4.70010e-13
      2.00000      1416.03  2.38566e-13      0.00000  4.65525e-13
      2.00000      1409.99 -1.41853e-13      0.00000  4.53224e-13
      2.00000      1404.00  1.09129e-13      0.00000  4.43529e-13
      2.00000      1398.07  3.51486e-13      0.00000  4.37162e-13
      2.00000      1392.18  3.43094e-13      0.00000  4.47147e-13
      2.00000      1386.34 -3.34245e-14      0.00000  4.70879e-13
      2.00000      1380.56 -1.63594e-13      0.00000  5.05174e-13
      2.00000      1374.82 -6.65300e-13      0.00000  5.37155e-13
      2.00000      1369.12 -1.37378e-12      0.00000  5.63781e-13
      2.00000      1363.48 -5.15870e-13      0.00000  5.71161e-13
      2.00000      1357.88 -1.39085e-13      0.00000  5.85487e-13
      2.00000      1352.33  1.91885e-13      0.00000  5.97064e-13
      2.00000      1346.82  1.04536e-12      0.00000  6.22677e-13
      2.00000      1341.35  1.18626e-12      2.00000  6.57262e-13
      2.00000      1335.93  2.27933e-13      2.00000  6.98504e-13
      2.00000      1330.56  1.19621e-12      0.00000  7.63767e-13
      2.00000      1325.23  5.66277e-13      0.00000  8.11521e-13
