      3.00000      1341.35  1.37846e-12      0.00000  5.90407e-14
      3.00000      1330.56  1.34418e-12      0.00000  5.97643e-14
      3.00000      1319.94  1.43228e-12      0.00000  6.15008e-14
      3.00000      1309.48  2.57865e-12      0.00000  6.15008e-14
      3.00000      1299.19  2.58130e-12      0.00000  6.30925e-14
      3.00000      1289.06  1.43952e-12      0.00000  5.83172e-14
      3.00000      1279.09  1.32803e-12      0.00000  6.58420e-14
      3.00000      1269.27  1.08948e-12      0.00000  5.77384e-14
      3.00000      1259.60  8.79835e-13      0.00000  5.42654e-14
      3.00000      1250.08  7.08454e-13      0.00000  5.62913e-14
      3.00000      1240.70  5.41904e-13      0.00000  4.48594e-14
      3.00000      1231.46  2.70120e-13      0.00000  4.19652e-14
      3.00000      1222.35  1.74141e-13      0.00000  4.21099e-14
      3.00000      1213.38  2.14606e-13      0.00000  4.03734e-14
      3.00000      1204.54  2.20501e-13      0.00000  3.96499e-14
      3.00000      1195.83  1.55474e-13      0.00000  3.80581e-14
      3.00000      1187.24  2.22992e-13      0.00000  3.51640e-14
      3.00000      1178.78  9.16269e-14      0.00000  4.55829e-14
      3.00000      1170.43  1.00777e-13      0.00000  7.27879e-14
