      3.00000      1341.35  8.69545e-13      0.00000  3.86514e-13
      3.00000      1330.56  3.71944e-13      0.00000  3.82173e-13
      3.00000      1319.94  1.69780e-12      0.00000  3.93171e-13
      3.00000      1309.48  3.55948e-12      0.00000  4.16758e-13
      3.00000      1299.19  2.62902e-12      0.00000  4.04169e-13
      3.00000      1289.06  1.74611e-12      0.00000  3.92013e-13
      3.00000      1279.09  1.43230e-12      2.00000  3.86948e-13
      3.00000      1269.27  9.56305e-13      2.00000  3.81015e-13
      3.00000      1259.60  1.39551e-12      2.00000  3.64663e-13
      3.00000      1250.08  1.55082e-12      0.00000  3.41944e-13
      3.00000      1240.70  4.95846e-13      0.00000  3.10253e-13
      3.00000      1231.46 -8.12491e-13      0.00000  2.88113e-13
      3.00000      1222.35  2.69819e-13      0.00000  2.82180e-13
      3.00000      1213.38  2.70584e-13      0.00000  2.76247e-13
      3.00000      1204.54  2.50430e-13      0.00000  2.61487e-13
      3.00000      1195.83 -1.58073e-13      2.00000  2.49476e-13
      3.00000      1187.24 -1.53049e-15      2.00000  2.41517e-13
      3.00000      1178.78  1.64561e-13      0.00000  3.02294e-13
      3.00000      1170.43  7.20930e-13      0.00000  4.86797e-13
