      3.00000      1341.35  1.19483e-12      0.00000  5.87513e-14
      3.00000      1330.56  1.40123e-12      0.00000  5.97643e-14
      3.00000      1319.94  1.28476e-12      0.00000  5.99090e-14
      3.00000      1309.48  2.27106e-12      0.00000  6.26584e-14
      3.00000      1299.19  2.22173e-12      0.00000  6.46843e-14
      3.00000      1289.06  1.18993e-12      0.00000  5.67254e-14
      3.00000      1279.09  1.23056e-12      0.00000  5.74489e-14
      3.00000      1269.27  1.15463e-12      0.00000  5.94748e-14
      3.00000      1259.60  7.41816e-13      0.00000  5.41207e-14
      3.00000      1250.08  1.02320e-12      0.00000  5.10818e-14
      3.00000      1240.70  6.69590e-13      0.00000  4.54382e-14
      3.00000      1231.46  1.82008e-13      0.00000  4.35570e-14
      3.00000      1222.35  1.49002e-13      0.00000  4.22546e-14
      3.00000      1213.38  2.77448e-13      0.00000  3.99393e-14
      3.00000      1204.54  2.56538e-13      0.00000  3.93605e-14
      3.00000      1195.83  3.21496e-13      2.00000  3.55981e-14
      3.00000      1187.24  2.35083e-13      2.00000  3.76240e-14
      3.00000      1178.78  1.58432e-13      0.00000  4.39911e-14
      3.00000      1170.43  2.38521e-13      0.00000  7.26432e-14
