      2.00000      1927.90  4.28039e-13      0.00000  9.13105e-14
      2.00000      1916.72  4.94594e-13      0.00000  6.06325e-14
      2.00000      1905.67  3.81099e-13      0.00000  5.93301e-14
      2.00000      1894.75  4.54699e-13      0.00000  6.07772e-14
      2.00000      1883.96  2.37946e-13      2.00000  5.67254e-14
      2.00000      1873.29  3.66597e-13      2.00000  5.16606e-14
      2.00000      1862.73  4.00567e-13      0.00000  5.12265e-14
      2.00000      1852.30  2.84342e-13      0.00000  4.99241e-14
      2.00000      1841.98  3.70474e-13      0.00000  4.60170e-14
      2.00000      1831.78  3.52081e-13      0.00000  4.35570e-14
      2.00000      1821.69  3.10204e-13      0.00000  3.93605e-14
      2.00000      1811.70  2.26788e-13      0.00000  3.74793e-14
      2.00000      1801.83  3.53174e-13      0.00000  3.95052e-14
      2.00000      1792.07  3.81731e-13      0.00000  4.35570e-14
      2.00000      1782.41  3.17283e-13      2.00000  4.92006e-14
      2.00000      1772.85  3.29439e-13      2.00000  4.38464e-14
      2.00000      1763.39  2.17902e-13      0.00000  3.64663e-14
      2.00000      1754.04  2.33854e-13      0.00000  3.34275e-14
      2.00000      1744.79  2.52039e-13      0.00000  3.34275e-14
      2.00000      1735.63  2.34797e-13      0.00000  3.34275e-14
      2.00000      1726.57  2.34818e-13      0.00000  3.44404e-14
      2.00000      1717.60  2.84594e-13      0.00000  3.60322e-14
      2.00000      1708.72  3.46747e-13      2.00000  4.09523e-14
      2.00000      1699.94  3.42365e-13      2.00000  4.06629e-14
      2.00000      1691.24  3.89007e-13      0.00000  3.82028e-14
      2.00000      1682.64  3.87447e-13      0.00000  4.03734e-14
      2.00000      1674.12  2.98308e-13      0.00000  3.95052e-14
      2.00000      1665.68  2.64249e-13      0.00000  4.09523e-14
      2.00000      1657.34  2.94525e-13      0.00000  4.12417e-14
      2.00000      1649.07  3.20014e-13      0.00000  4.34123e-14
      2.00000      1640.89  1.31389e-13      0.00000  4.93453e-14
      2.00000      1632.78  2.33477e-13      0.00000  4.57276e-14
      2.00000      1624.76  2.28514e-13      2.00000  5.35418e-14
      2.00000      1616.82  2.85186e-13      2.00000  4.61617e-14
      2.00000      1608.95  2.27546e-13      0.00000  5.00688e-14
      2.00000      1601.16  8.08590e-14      0.00000  4.99241e-14
      2.00000      1593.44  1.22462e-13      0.00000  5.10818e-14
      2.00000      1585.80  2.67555e-13      0.00000  5.38312e-14
      2.00000      1578.23  3.23430e-13      0.00000  5.87513e-14
      2.00000      1570.74  3.70192e-13      0.00000  6.32372e-14
      2.00000      1563.31  4.90877e-13      0.00000  6.51184e-14
      2.00000      1555.95  5.83652e-13      0.00000  8.00233e-14
      2.00000      1548.67  4.20979e-13      0.00000  5.81725e-14
      2.00000      1541.45  6.96105e-13      0.00000  6.15008e-14
      2.00000      1534.30  5.69185e-13      0.00000  6.29478e-14
      2.00000      1527.21  4.23093e-13      0.00000  6.41055e-14
      2.00000      1520.19  4.78472e-13      0.00000  6.77232e-14
      2.00000      1513.23  5.57724e-13      0.00000  6.75785e-14
      2.00000      1506.34  5.30839e-13      0.00000  6.09219e-14
      2.00000      1499.51  4.42945e-13      0.00000  5.71595e-14
      2.00000      1492.74  4.07674e-13      0.00000  5.62913e-14
      2.00000      1486.03  3.58068e-13      0.00000  5.65807e-14
      2.00000      1479.38  3.01430e-13      0.00000  6.68549e-14
      2.00000      1472.79  3.29694e-13      0.00000  6.38161e-14
      2.00000      1466.26  3.10200e-13      0.00000  5.86066e-14
      2.00000      1459.79  4.60906e-13      0.00000  6.03431e-14
      2.00000      1453.37  5.92256e-13      0.00000  6.39608e-14
      2.00000      1447.01  6.92736e-13      0.00000  8.06022e-14
      2.00000      1440.71  5.26147e-13      0.00000  6.96044e-14
      2.00000      1434.46  4.05964e-13      0.00000  6.39608e-14
      2.00000      1428.26  2.68703e-13      0.00000  6.62761e-14
      2.00000      1422.12  3.39235e-13      0.00000  6.72891e-14
      2.00000      1416.03  2.39314e-13      0.00000  6.74338e-14
      2.00000      1409.99  9.27732e-14      0.00000  6.48290e-14
      2.00000      1404.00  1.71852e-13      0.00000  6.28031e-14
      2.00000      1398.07  2.98471e-13      0.00000  6.33820e-14
      2.00000      1392.18  3.84145e-13      0.00000  7.11962e-14
      2.00000      1386.34  4.47258e-13      0.00000  7.64056e-14
      2.00000      1380.56  3.97813e-13      0.00000  7.56821e-14
      2.00000      1374.82  4.11781e-13      0.00000  7.92998e-14
      2.00000      1369.12  3.59878e-13      0.00000  8.55222e-14
      2.00000      1363.48  4.35697e-13      0.00000  8.95740e-14
      2.00000      1357.88  7.83442e-13      0.00000  9.46388e-14
      2.00000      1352.33  8.56797e-13      0.00000  9.30470e-14
      2.00000      1346.82  1.19058e-12      0.00000  9.08764e-14
      2.00000      1341.35  1.45591e-12      0.00000  9.70988e-14
      2.00000      1335.93  1.45291e-12      0.00000  1.08097e-13
      2.00000      1330.56  1.59028e-12      0.00000  1.09544e-13
      2.00000      1325.23  1.23542e-12      0.00000  1.34289e-13
