      2.00000      1927.90  3.85174e-13      0.00000  8.79822e-14
      2.00000      1916.72  3.14645e-13      0.00000  5.54230e-14
      2.00000      1905.67  3.98602e-13      0.00000  5.78831e-14
      2.00000      1894.75  3.27608e-13      0.00000  5.58572e-14
      2.00000      1883.96  1.66274e-13      0.00000  5.65807e-14
      2.00000      1873.29  2.87271e-13      0.00000  5.16606e-14
      2.00000      1862.73  3.68297e-13      0.00000  4.89112e-14
      2.00000      1852.30  3.83158e-13      0.00000  4.87665e-14
      2.00000      1841.98  3.82113e-13      0.00000  5.07924e-14
      2.00000      1831.78  3.80163e-13      0.00000  4.23993e-14
      2.00000      1821.69  2.91957e-13      0.00000  3.70452e-14
      2.00000      1811.70  3.36038e-13      0.00000  3.64663e-14
      2.00000      1801.83  4.05284e-13      0.00000  3.61769e-14
      2.00000      1792.07  3.88806e-13      0.00000  3.69005e-14
      2.00000      1782.41  3.02690e-13      0.00000  3.61769e-14
      2.00000      1772.85  2.78467e-13      0.00000  3.40063e-14
      2.00000      1763.39  3.16334e-13      0.00000  3.29933e-14
      2.00000      1754.04  3.46800e-13      0.00000  3.18357e-14
      2.00000      1744.79  3.47661e-13      0.00000  3.14016e-14
      2.00000      1735.63  3.03961e-13      0.00000  3.27039e-14
      2.00000      1726.57  2.87000e-13      0.00000  3.45851e-14
      2.00000      1717.60  3.60276e-13      0.00000  3.54534e-14
      2.00000      1708.72  3.87938e-13      2.00000  3.58875e-14
      2.00000      1699.94  3.51646e-13      2.00000  3.74793e-14
      2.00000      1691.24  3.90802e-13      0.00000  3.92158e-14
      2.00000      1682.64  3.81465e-13      0.00000  4.00840e-14
      2.00000      1674.12  2.98906e-13      0.00000  4.19652e-14
      2.00000      1665.68  3.54323e-13      0.00000  4.39911e-14
      2.00000      1657.34  3.29474e-13      0.00000  4.61617e-14
      2.00000      1649.07  4.11403e-13      0.00000  4.52935e-14
      2.00000      1640.89  3.29667e-13      0.00000  4.73194e-14
      2.00000      1632.78  3.78579e-13      0.00000  4.63065e-14
      2.00000      1624.76  4.33744e-13      0.00000  4.97794e-14
      2.00000      1616.82  2.90410e-13      0.00000  4.83324e-14
      2.00000      1608.95  1.76665e-13      0.00000  5.02136e-14
      2.00000      1601.16  1.93047e-13      0.00000  4.96347e-14
      2.00000      1593.44  1.78249e-13      0.00000  5.55677e-14
      2.00000      1585.80  1.72404e-13      0.00000  5.60019e-14
      2.00000      1578.23  4.15732e-13      0.00000  5.94748e-14
      2.00000      1570.74  3.78392e-13      0.00000  5.93301e-14
      2.00000      1563.31  5.47374e-13      0.00000  6.09219e-14
      2.00000      1555.95  6.30005e-13      0.00000  5.80278e-14
      2.00000      1548.67  5.05920e-13      0.00000  5.70148e-14
      2.00000      1541.45  7.35589e-13      0.00000  5.88960e-14
      2.00000      1534.30  6.71996e-13      0.00000  6.98938e-14
      2.00000      1527.21  5.47682e-13      0.00000  7.52480e-14
      2.00000      1520.19  6.16051e-13      0.00000  6.54079e-14
      2.00000      1513.23  6.28689e-13      0.00000  6.38161e-14
      2.00000      1506.34  6.27911e-13      0.00000  5.94748e-14
      2.00000      1499.51  4.31163e-13      0.00000  5.58572e-14
      2.00000      1492.74  4.37209e-13      0.00000  5.48442e-14
      2.00000      1486.03  3.19874e-13      0.00000  5.36865e-14
      2.00000      1479.38  3.58731e-13      0.00000  5.73042e-14
      2.00000      1472.79  4.36706e-13      0.00000  6.03431e-14
      2.00000      1466.26  4.44251e-13      0.00000  5.80278e-14
      2.00000      1459.79  5.13313e-13      0.00000  7.59715e-14
      2.00000      1453.37  9.42442e-13      0.00000  6.46843e-14
      2.00000      1447.01  1.10766e-12      0.00000  6.10666e-14
      2.00000      1440.71  6.81361e-13      0.00000  6.26584e-14
      2.00000      1434.46  3.70552e-13      0.00000  6.33820e-14
      2.00000      1428.26 -1.31512e-13      0.00000  6.69996e-14
      2.00000      1422.12 -2.17535e-13      0.00000  7.00385e-14
      2.00000      1416.03  2.37968e-13      0.00000  6.81573e-14
      2.00000      1409.99  2.16970e-13      0.00000  6.62761e-14
      2.00000      1404.00  9.10158e-14      0.00000  6.74338e-14
      2.00000      1398.07  1.49460e-13      0.00000  6.67102e-14
      2.00000      1392.18  3.63470e-13      0.00000  6.55526e-14
      2.00000      1386.34  3.34395e-13      0.00000  6.88808e-14
      2.00000      1380.56  3.71272e-13      0.00000  7.26432e-14
      2.00000      1374.82  3.85829e-13      0.00000  7.81421e-14
      2.00000      1369.12  3.49522e-13      0.00000  8.94293e-14
      2.00000      1363.48  4.60170e-13      0.00000  8.36410e-14
      2.00000      1357.88  6.85812e-13      0.00000  8.63905e-14
      2.00000      1352.33  8.97519e-13      0.00000  9.04423e-14
      2.00000      1346.82  9.84932e-13      0.00000  1.09399e-13
      2.00000      1341.35  1.53110e-12      0.00000  1.12004e-13
      2.00000      1335.93  1.41424e-12      0.00000  1.11280e-13
      2.00000      1330.56  1.76971e-12      0.00000  1.15187e-13
      2.00000      1325.23  1.69958e-12      0.00000  1.20252e-13
