      2.00000      1927.90  2.09596e-13      0.00000  8.84164e-14
      2.00000      1916.72  2.57658e-13      0.00000  6.69996e-14
      2.00000      1905.67  3.38941e-13      0.00000  5.80278e-14
      2.00000      1894.75  3.27000e-13      0.00000  5.73042e-14
      2.00000      1883.96  2.27317e-13      2.00000  5.23842e-14
      2.00000      1873.29  3.70085e-13      2.00000  4.87665e-14
      2.00000      1862.73  3.09818e-13      0.00000  4.80429e-14
      2.00000      1852.30  3.00685e-13      0.00000  5.05030e-14
      2.00000      1841.98  2.91724e-13      0.00000  4.51488e-14
      2.00000      1831.78  2.32507e-13      0.00000  4.08076e-14
      2.00000      1821.69  1.74481e-13      0.00000  4.64512e-14
      2.00000      1811.70  3.04845e-13      0.00000  5.31077e-14
      2.00000      1801.83  2.44586e-13      0.00000  4.05181e-14
      2.00000      1792.07  1.40440e-13      0.00000  3.70452e-14
      2.00000      1782.41  1.78124e-13      0.00000  3.57428e-14
      2.00000      1772.85  1.42090e-13      0.00000  3.53087e-14
      2.00000      1763.39  1.65756e-13      0.00000  3.34275e-14
      2.00000      1754.04  2.23040e-13      0.00000  3.19804e-14
      2.00000      1744.79  1.86890e-13      0.00000  3.21251e-14
      2.00000      1735.63  1.99240e-13      0.00000  3.32828e-14
      2.00000      1726.57  2.59110e-13      0.00000  3.45851e-14
      2.00000      1717.60  2.97632e-13      0.00000  3.51640e-14
      2.00000      1708.72  3.14694e-13      0.00000  3.64663e-14
      2.00000      1699.94  2.84431e-13      0.00000  3.83475e-14
      2.00000      1691.24  2.93850e-13      0.00000  4.18205e-14
      2.00000      1682.64  2.95183e-13      0.00000  4.38464e-14
      2.00000      1674.12  1.88909e-13      0.00000  4.23993e-14
      2.00000      1665.68  2.11668e-13      0.00000  4.47147e-14
      2.00000      1657.34  2.88999e-13      0.00000  4.51488e-14
      2.00000      1649.07  3.23747e-13      0.00000  4.92006e-14
      2.00000      1640.89  2.61584e-13      0.00000  6.19349e-14
      2.00000      1632.78  2.91995e-13      0.00000  6.61314e-14
      2.00000      1624.76  3.66578e-13      2.00000  6.03431e-14
      2.00000      1616.82  2.02660e-13      2.00000  5.78831e-14
      2.00000      1608.95  1.72636e-13      0.00000  4.97794e-14
      2.00000      1601.16  7.53391e-14      0.00000  5.18053e-14
      2.00000      1593.44  2.14048e-13      0.00000  5.15159e-14
      2.00000      1585.80  1.63008e-13      0.00000  5.49889e-14
      2.00000      1578.23  2.49916e-13      0.00000  5.78831e-14
      2.00000      1570.74  2.80291e-13      0.00000  6.00537e-14
      2.00000      1563.31  4.78654e-13      0.00000  6.06325e-14
      2.00000      1555.95  5.74859e-13      0.00000  6.03431e-14
      2.00000      1548.67  3.26948e-13      0.00000  5.78831e-14
      2.00000      1541.45  5.01071e-13      0.00000  6.41055e-14
      2.00000      1534.30  4.37021e-13      0.00000  6.61314e-14
      2.00000      1527.21  4.68547e-13      0.00000  6.46843e-14
      2.00000      1520.19  5.33474e-13      0.00000  6.61314e-14
      2.00000      1513.23  5.52059e-13      0.00000  6.84467e-14
      2.00000      1506.34  4.96394e-13      0.00000  6.01984e-14
      2.00000      1499.51  4.29820e-13      0.00000  5.83172e-14
      2.00000      1492.74  4.44519e-13      0.00000  5.54230e-14
      2.00000      1486.03  3.61499e-13      0.00000  5.39760e-14
      2.00000      1479.38  3.65297e-13      0.00000  5.62913e-14
      2.00000      1472.79  3.10142e-13      0.00000  5.67254e-14
      2.00000      1466.26  2.62281e-13      0.00000  5.87513e-14
      2.00000      1459.79  3.91479e-13      0.00000  5.94748e-14
      2.00000      1453.37  2.67307e-13      0.00000  6.22243e-14
      2.00000      1447.01  4.46738e-13      0.00000  6.22243e-14
      2.00000      1440.71  4.60266e-13      0.00000  6.38161e-14
      2.00000      1434.46  3.78621e-13      0.00000  6.39608e-14
      2.00000      1428.26  3.00386e-13      0.00000  6.88808e-14
      2.00000      1422.12  2.67919e-13      0.00000  7.26432e-14
      2.00000      1416.03  2.73267e-13      0.00000  7.00385e-14
      2.00000      1409.99  2.09039e-13      0.00000  6.88808e-14
      2.00000      1404.00  2.18558e-13      0.00000  6.75785e-14
      2.00000      1398.07  2.97872e-13      0.00000  6.52632e-14
      2.00000      1392.18  2.98147e-13      0.00000  6.91703e-14
      2.00000      1386.34  3.03069e-13      0.00000  7.04726e-14
      2.00000      1380.56  2.17575e-13      0.00000  7.42350e-14
      2.00000      1374.82  1.67263e-13      0.00000  8.03127e-14
      2.00000      1369.12  4.26811e-13      0.00000  8.65352e-14
      2.00000      1363.48  5.66917e-13      0.00000  8.53775e-14
      2.00000      1357.88  6.39100e-13      0.00000  8.72587e-14
      2.00000      1352.33  9.69344e-13      0.00000  9.01529e-14
      2.00000      1346.82  9.18639e-13      0.00000  9.23235e-14
      2.00000      1341.35  1.47501e-12      0.00000  1.01151e-13
      2.00000      1335.93  1.53942e-12      0.00000  1.09110e-13
      2.00000      1330.56  1.49831e-12      0.00000  1.16056e-13
      2.00000      1325.23 -2.77928e-12      0.00000  1.64822e-13
