      2.00000      1927.90  3.07377e-13      0.00000  9.11658e-14
      2.00000      1916.72  4.13533e-13      0.00000  5.58572e-14
      2.00000      1905.67  3.27222e-13      0.00000  5.45548e-14
      2.00000      1894.75  3.37641e-13      0.00000  5.48442e-14
      2.00000      1883.96  2.03932e-13      2.00000  5.29630e-14
      2.00000      1873.29  3.48851e-13      2.00000  4.83324e-14
      2.00000      1862.73  3.17999e-13      0.00000  4.90559e-14
      2.00000      1852.30  2.54379e-13      0.00000  5.18053e-14
      2.00000      1841.98  3.63521e-13      0.00000  4.57276e-14
      2.00000      1831.78  2.33412e-13      0.00000  4.06629e-14
      2.00000      1821.69  2.01173e-13      0.00000  3.70452e-14
      2.00000      1811.70  2.45926e-13      0.00000  3.66110e-14
      2.00000      1801.83  2.61906e-13      0.00000  3.54534e-14
      2.00000      1792.07  2.11337e-13      0.00000  3.57428e-14
      2.00000      1782.41  1.97080e-13      0.00000  3.51640e-14
      2.00000      1772.85  1.22994e-13      0.00000  3.44404e-14
      2.00000      1763.39  1.64554e-13      0.00000  3.38616e-14
      2.00000      1754.04  2.23490e-13      0.00000  3.19804e-14
      2.00000      1744.79  2.15862e-13      0.00000  3.19804e-14
      2.00000      1735.63  1.97290e-13      0.00000  3.34275e-14
      2.00000      1726.57  2.65857e-13      0.00000  3.44404e-14
      2.00000      1717.60  2.87891e-13      0.00000  3.53087e-14
      2.00000      1708.72  2.21529e-13      0.00000  3.66110e-14
      2.00000      1699.94  3.14970e-13      0.00000  3.92158e-14
      2.00000      1691.24  3.38137e-13      0.00000  4.86218e-14
      2.00000      1682.64  2.89949e-13      0.00000  5.84619e-14
      2.00000      1674.12  1.57673e-13      0.00000  5.32524e-14
      2.00000      1665.68  7.03568e-14      0.00000  4.52935e-14
      2.00000      1657.34  3.29474e-13      0.00000  4.65959e-14
      2.00000      1649.07  4.08118e-13      0.00000  4.70300e-14
      2.00000      1640.89  3.35192e-13      0.00000  5.65807e-14
      2.00000      1632.78  2.94981e-13      0.00000  4.73194e-14
      2.00000      1624.76  2.86725e-13      2.00000  4.89112e-14
      2.00000      1616.82  2.16240e-13      2.00000  4.65959e-14
      2.00000      1608.95  1.69950e-13      0.00000  4.94900e-14
      2.00000      1601.16  2.19602e-13      0.00000  5.16606e-14
      2.00000      1593.44  1.24252e-13      0.00000  5.32524e-14
      2.00000      1585.80  1.71062e-13      0.00000  5.52783e-14
      2.00000      1578.23  2.52004e-13      0.00000  5.88960e-14
      2.00000      1570.74  3.00567e-13      0.00000  5.99090e-14
      2.00000      1563.31  5.54380e-13      0.00000  5.94748e-14
      2.00000      1555.95  5.10621e-13      0.00000  5.94748e-14
      2.00000      1548.67  4.26940e-13      0.00000  5.65807e-14
      2.00000      1541.45  5.33105e-13      0.00000  6.16455e-14
      2.00000      1534.30  4.33296e-13      0.00000  6.01984e-14
      2.00000      1527.21  3.98355e-13      0.00000  6.16455e-14
      2.00000      1520.19  5.15587e-13      0.00000  6.48290e-14
      2.00000      1513.23  3.65108e-13      0.00000  6.94597e-14
      2.00000      1506.34  4.32425e-13      0.00000  5.88960e-14
      2.00000      1499.51  3.46750e-13      0.00000  5.58572e-14
      2.00000      1492.74  3.92310e-13      0.00000  5.51336e-14
      2.00000      1486.03  3.32854e-13      0.00000  5.58572e-14
      2.00000      1479.38  2.40547e-13      0.00000  6.12113e-14
      2.00000      1472.79  3.13873e-13      0.00000  6.36714e-14
      2.00000      1466.26  2.74821e-13      0.00000  6.12113e-14
      2.00000      1459.79  3.84163e-13      0.00000  6.30925e-14
      2.00000      1453.37  4.14101e-13      0.00000  6.36714e-14
      2.00000      1447.01  5.12457e-13      0.00000  6.03431e-14
      2.00000      1440.71  3.89605e-13      0.00000  6.17902e-14
      2.00000      1434.46  2.97637e-13      0.00000  6.54079e-14
      2.00000      1428.26  2.31641e-13      0.00000  6.78679e-14
      2.00000      1422.12  1.57133e-13      0.00000  7.07620e-14
      2.00000      1416.03  1.27285e-13      0.00000  7.00385e-14
      2.00000      1409.99  1.01153e-13      0.00000  6.74338e-14
      2.00000      1404.00  1.95953e-13      0.00000  6.68549e-14
      2.00000      1398.07  2.98921e-13      0.00000  6.90255e-14
      2.00000      1392.18  2.67434e-13      0.00000  7.11962e-14
      2.00000      1386.34  2.54206e-13      0.00000  7.06173e-14
      2.00000      1380.56  2.38868e-13      0.00000  7.94445e-14
      2.00000      1374.82  2.77371e-13      0.00000  8.27728e-14
      2.00000      1369.12  4.05350e-13      0.00000  8.91399e-14
      2.00000      1363.48  5.13168e-13      0.00000  8.88505e-14
      2.00000      1357.88  5.56340e-13      0.00000  8.59563e-14
      2.00000      1352.33  7.68744e-13      0.00000  9.30470e-14
      2.00000      1346.82  1.06656e-12      0.00000  9.44941e-14
      2.00000      1341.35  1.15152e-12      0.00000  1.00282e-13
      2.00000      1335.93  1.20707e-12      0.00000  1.07518e-13
      2.00000      1330.56  1.14368e-12      0.00000  1.12148e-13
      2.00000      1325.23 -2.70307e-12      0.00000  1.60915e-13
