      2.00000      1927.90  6.06364e-13      0.00000  8.94293e-14
      2.00000      1916.72  6.85514e-13      0.00000  6.00537e-14
      2.00000      1905.67  7.14257e-13      0.00000  6.10666e-14
      2.00000      1894.75  6.76195e-13      0.00000  5.60019e-14
      2.00000      1883.96  5.66698e-13      0.00000  5.54230e-14
      2.00000      1873.29  7.09532e-13      0.00000  4.87665e-14
      2.00000      1862.73  5.78731e-13      0.00000  4.76088e-14
      2.00000      1852.30  5.52341e-13      0.00000  4.87665e-14
      2.00000      1841.98  6.82906e-13      0.00000  4.57276e-14
      2.00000      1831.78  5.82021e-13      0.00000  4.08076e-14
      2.00000      1821.69  5.47118e-13      0.00000  3.80581e-14
      2.00000      1811.70  5.50018e-13      0.00000  3.69005e-14
      2.00000      1801.83  6.09508e-13      0.00000  3.73346e-14
      2.00000      1792.07  5.37976e-13      0.00000  4.47147e-14
      2.00000      1782.41  4.51027e-13      0.00000  3.92158e-14
      2.00000      1772.85  4.56192e-13      0.00000  3.44404e-14
      2.00000      1763.39  4.63306e-13      0.00000  3.25592e-14
      2.00000      1754.04  4.45479e-13      0.00000  3.18357e-14
      2.00000      1744.79  4.35026e-13      0.00000  3.29933e-14
      2.00000      1735.63  4.58642e-13      0.00000  3.38616e-14
      2.00000      1726.57  4.92728e-13      0.00000  3.48745e-14
      2.00000      1717.60  5.30673e-13      0.00000  3.61769e-14
      2.00000      1708.72  5.47456e-13      2.00000  3.67557e-14
      2.00000      1699.94  5.44610e-13      2.00000  3.73346e-14
      2.00000      1691.24  6.10591e-13      0.00000  3.90711e-14
      2.00000      1682.64  5.65244e-13      0.00000  4.06629e-14
      2.00000      1674.12  4.80043e-13      0.00000  4.19652e-14
      2.00000      1665.68  4.81892e-13      0.00000  4.41358e-14
      2.00000      1657.34  4.45820e-13      0.00000  4.55829e-14
      2.00000      1649.07  5.94034e-13      0.00000  4.73194e-14
      2.00000      1640.89  5.35261e-13      0.00000  5.00688e-14
      2.00000      1632.78  5.51746e-13      0.00000  4.76088e-14
      2.00000      1624.76  5.19866e-13      0.00000  4.73194e-14
      2.00000      1616.82  3.67116e-13      0.00000  5.00688e-14
      2.00000      1608.95  1.87856e-13      0.00000  4.83324e-14
      2.00000      1601.16  2.19602e-13      0.00000  4.92006e-14
      2.00000      1593.44  2.32992e-13      0.00000  5.41207e-14
      2.00000      1585.80  3.60468e-13      0.00000  5.70148e-14
      2.00000      1578.23  5.10718e-13      0.00000  5.93301e-14
      2.00000      1570.74  5.29421e-13      0.00000  6.19349e-14
      2.00000      1563.31  5.79721e-13      0.00000  6.67102e-14
      2.00000      1555.95  6.96925e-13      0.00000  5.70148e-14
      2.00000      1548.67  5.84304e-13      0.00000  5.73042e-14
      2.00000      1541.45  7.37079e-13      0.00000  5.80278e-14
      2.00000      1534.30  5.45941e-13      0.00000  5.88960e-14
      2.00000      1527.21  6.54833e-13      0.00000  6.25137e-14
      2.00000      1520.19  7.62276e-13      0.00000  7.39456e-14
      2.00000      1513.23  6.49710e-13      0.00000  7.51033e-14
      2.00000      1506.34  6.06886e-13      0.00000  7.17750e-14
      2.00000      1499.51  5.94321e-13      0.00000  6.98938e-14
      2.00000      1492.74  4.13044e-13      0.00000  5.68701e-14
      2.00000      1486.03  4.04468e-13      0.00000  5.38312e-14
      2.00000      1479.38  3.04265e-13      0.00000  5.52783e-14
      2.00000      1472.79  4.42229e-13      0.00000  5.73042e-14
      2.00000      1466.26  4.50819e-13      0.00000  5.86066e-14
      2.00000      1459.79  5.41830e-13      0.00000  5.87513e-14
      2.00000      1453.37  1.03294e-12      0.00000  6.04878e-14
      2.00000      1447.01  1.16277e-12      0.00000  7.09067e-14
      2.00000      1440.71  7.64123e-13      0.00000  8.16151e-14
      2.00000      1434.46  4.95464e-13      0.00000  8.34963e-14
      2.00000      1428.26  4.00813e-13      0.00000  8.20492e-14
      2.00000      1422.12  4.57197e-13      0.00000  7.87210e-14
      2.00000      1416.03  4.21342e-13      0.00000  7.53927e-14
      2.00000      1409.99  2.78619e-13      0.00000  6.61314e-14
      2.00000      1404.00 -7.33515e-15      0.00000  6.55526e-14
      2.00000      1398.07 -3.08505e-14      0.00000  6.56973e-14
      2.00000      1392.18  3.75755e-13      0.00000  6.59867e-14
      2.00000      1386.34  3.21355e-13      0.00000  7.06173e-14
      2.00000      1380.56  2.27772e-13      0.00000  7.72739e-14
      2.00000      1374.82  3.49226e-13      0.00000  8.06022e-14
      2.00000      1369.12  3.07502e-13      0.00000  8.43646e-14
      2.00000      1363.48  5.03409e-13      0.00000  8.26281e-14
      2.00000      1357.88  7.10595e-13      0.00000  8.74034e-14
      2.00000      1352.33  7.58075e-13      0.00000  8.85611e-14
      2.00000      1346.82  1.04581e-12      0.00000  8.87058e-14
      2.00000      1341.35  1.32627e-12      0.00000  9.91247e-14
      2.00000      1335.93  1.24258e-12      0.00000  1.05347e-13
      2.00000      1330.56  1.54754e-12      0.00000  1.11714e-13
      2.00000      1325.23  1.33150e-12      0.00000  1.20397e-13
