      3.00000      1341.35  1.29334e-12      0.00000  5.88960e-14
      3.00000      1330.56  1.43916e-12      0.00000  5.87513e-14
      3.00000      1319.94  1.48050e-12      0.00000  5.93301e-14
      3.00000      1309.48  2.44303e-12      0.00000  6.48290e-14
      3.00000      1299.19  2.44448e-12      0.00000  6.22243e-14
      3.00000      1289.06  1.33702e-12      0.00000  5.80278e-14
      3.00000      1279.09  1.37222e-12      0.00000  5.71595e-14
      3.00000      1269.27  1.15054e-12      0.00000  5.64360e-14
      3.00000      1259.60  8.38884e-13      0.00000  5.35418e-14
      3.00000      1250.08  9.81753e-13      0.00000  4.97794e-14
      3.00000      1240.70  6.42077e-13      0.00000  4.42805e-14
      3.00000      1231.46  2.80316e-13      0.00000  4.18205e-14
      3.00000      1222.35  1.39252e-13      0.00000  4.18205e-14
      3.00000      1213.38  2.71957e-13      0.00000  4.06629e-14
      3.00000      1204.54  3.13496e-13      0.00000  3.82028e-14
      3.00000      1195.83  3.20426e-13      2.00000  4.06629e-14
      3.00000      1187.24  2.94619e-13      2.00000  3.53087e-14
      3.00000      1178.78  2.74574e-13      0.00000  4.50041e-14
      3.00000      1170.43  1.67655e-13      0.00000  7.04726e-14
