      2.00000      1927.90  3.78462e-13      0.00000  8.16151e-14
      2.00000      1916.72  3.61270e-13      0.00000  5.13712e-14
      2.00000      1905.67  3.27831e-13      0.00000  4.65959e-14
      2.00000      1894.75  3.41442e-13      0.00000  4.86218e-14
      2.00000      1883.96  3.95109e-13      0.00000  4.60170e-14
      2.00000      1873.29  4.02544e-13      0.00000  4.50041e-14
      2.00000      1862.73  3.26483e-13      0.00000  4.50041e-14
      2.00000      1852.30  3.88152e-13      0.00000  4.48594e-14
      2.00000      1841.98  3.67905e-13      0.00000  4.57276e-14
      2.00000      1831.78  2.47453e-13      2.00000  4.34123e-14
      2.00000      1821.69  1.80513e-13      2.00000  4.22546e-14
      2.00000      1811.70  3.03188e-13      0.00000  4.02287e-14
      2.00000      1801.83  2.85401e-13      0.00000  4.19652e-14
      2.00000      1792.07  4.44049e-13      0.00000  4.34123e-14
      2.00000      1782.41  2.72602e-13      0.00000  4.60170e-14
      2.00000      1772.85  2.90947e-13      0.00000  4.41358e-14
      2.00000      1763.39  1.59895e-13      2.00000  4.74641e-14
      2.00000      1754.04  1.73776e-13      2.00000  4.57276e-14
      2.00000      1744.79  2.77558e-13      0.00000  4.50041e-14
      2.00000      1735.63  3.28416e-13      0.00000  4.74641e-14
      2.00000      1726.57  2.44265e-13      0.00000  4.87665e-14
      2.00000      1717.60  4.48547e-13      0.00000  7.04726e-14
      2.00000      1708.72  3.71461e-13      0.00000  5.22395e-14
      2.00000      1699.94  3.35928e-13      0.00000  5.10818e-14
      2.00000      1691.24  4.13544e-13      0.00000  4.84771e-14
      2.00000      1682.64  4.32756e-13      0.00000  5.12265e-14
      2.00000      1674.12  3.48525e-13      0.00000  4.81876e-14
      2.00000      1665.68  2.56182e-13      0.00000  4.86218e-14
      2.00000      1657.34  3.17526e-13      0.00000  4.76088e-14
      2.00000      1649.07  4.46944e-13      0.00000  4.68853e-14
      2.00000      1640.89  4.22834e-13      0.00000  4.51488e-14
      2.00000      1632.78  3.03789e-13      0.00000  4.57276e-14
      2.00000      1624.76  3.77324e-13      0.00000  4.32676e-14
      2.00000      1616.82  3.69653e-13      0.00000  4.25441e-14
      2.00000      1608.95  2.75591e-13      0.00000  4.16758e-14
      2.00000      1601.16  2.03043e-13      0.00000  4.06629e-14
      2.00000      1593.44  2.18075e-13      2.00000  4.29782e-14
      2.00000      1585.80  2.45333e-13      2.00000  4.61617e-14
      2.00000      1578.23  3.59366e-13      0.00000  4.73194e-14
      2.00000      1570.74  4.39520e-13      0.00000  4.57276e-14
      2.00000      1563.31  3.35997e-13      0.00000  4.78982e-14
      2.00000      1555.95  3.07923e-13      0.00000  4.86218e-14
      2.00000      1548.67  1.06549e-13      0.00000  5.39760e-14
      2.00000      1541.45  1.34543e-13      0.00000  6.15008e-14
      2.00000      1534.30  5.76784e-13      0.00000  5.49889e-14
      2.00000      1527.21  4.92243e-13      0.00000  5.44101e-14
      2.00000      1520.19  6.34832e-13      0.00000  5.65807e-14
      2.00000      1513.23  6.19147e-13      0.00000  5.99090e-14
      2.00000      1506.34  6.76223e-13      0.00000  6.09219e-14
      2.00000      1499.51  5.59274e-13      0.00000  5.81725e-14
      2.00000      1492.74  4.47949e-13      0.00000  5.55677e-14
      2.00000      1486.03  4.08943e-13      0.00000  5.91854e-14
      2.00000      1479.38  3.76787e-13      0.00000  7.69845e-14
      2.00000      1472.79  5.32525e-13      0.00000  7.64056e-14
      2.00000      1466.26  4.55447e-13      0.00000  7.16303e-14
      2.00000      1459.79  4.52396e-13      0.00000  7.53927e-14
      2.00000      1453.37  6.69760e-13      2.00000  8.00233e-14
      2.00000      1447.01  8.78093e-13      2.00000  8.97187e-14
      2.00000      1440.71  6.54322e-13      0.00000  8.62458e-14
      2.00000      1434.46  3.33198e-13      0.00000  9.02976e-14
      2.00000      1428.26  3.16078e-13      0.00000  9.50729e-14
      2.00000      1422.12  2.34728e-13      0.00000  9.62306e-14
      2.00000      1416.03  2.69976e-13      0.00000  9.27576e-14
      2.00000      1409.99  3.13633e-13      0.00000  1.22857e-13
      2.00000      1404.00  4.11367e-13      0.00000  9.82565e-14
      2.00000      1398.07  5.72532e-13      0.00000  8.19045e-14
      2.00000      1392.18  5.63483e-13      0.00000  8.08916e-14
      2.00000      1386.34  3.78611e-13      0.00000  8.32069e-14
      2.00000      1380.56  3.21789e-13      0.00000  8.34963e-14
      2.00000      1374.82  6.50449e-13      2.00000  9.04423e-14
      2.00000      1369.12  5.24809e-13      2.00000  9.00082e-14
      2.00000      1363.48  7.64497e-13      0.00000  8.82717e-14
      2.00000      1357.88  3.56274e-13      0.00000  9.34811e-14
      2.00000      1352.33  8.36963e-13      0.00000  8.71140e-14
      2.00000      1346.82  1.33444e-12      2.00000  9.57965e-14
      2.00000      1341.35  1.51591e-12      2.00000  1.06360e-13
      2.00000      1335.93  1.69589e-12      0.00000  9.92695e-14
      2.00000      1330.56  1.69445e-12      0.00000  1.18660e-13
