      3.00000      1341.35  1.32236e-12      0.00000  5.00688e-14
      3.00000      1330.56  1.37007e-12      0.00000  4.84771e-14
      3.00000      1319.94  1.94327e-12      0.00000  4.99241e-14
      3.00000      1309.48  2.68409e-12      2.00000  5.09371e-14
      3.00000      1299.19  2.37848e-12      2.00000  4.71747e-14
      3.00000      1289.06  1.63998e-12      0.00000  4.58723e-14
      3.00000      1279.09  1.44320e-12      0.00000  4.70300e-14
      3.00000      1269.27  1.24356e-12      2.00000  4.87665e-14
      3.00000      1259.60  9.48389e-13      2.00000  4.65959e-14
      3.00000      1250.08  7.79056e-13      0.00000  3.66110e-14
      3.00000      1240.70  4.89310e-13      0.00000  3.47298e-14
      3.00000      1231.46  2.17922e-13      0.00000  3.31380e-14
      3.00000      1222.35  2.27922e-13      0.00000  3.41510e-14
      3.00000      1213.38  2.88430e-13      0.00000  3.99393e-14
      3.00000      1204.54  2.46307e-13      0.00000  4.32676e-14
      3.00000      1195.83  2.22739e-13      0.00000  3.90711e-14
      3.00000      1187.24  1.82434e-13      0.00000  3.41510e-14
      3.00000      1178.78  4.30555e-14      0.00000  4.05181e-14
