      2.00000      1927.90  4.84328e-13      0.00000  8.66799e-14
      2.00000      1916.72  3.85801e-13      0.00000  6.04878e-14
      2.00000      1905.67  4.15039e-13      0.00000  4.63065e-14
      2.00000      1894.75  4.94224e-13      0.00000  4.78982e-14
      2.00000      1883.96  5.61383e-13      0.00000  4.51488e-14
      2.00000      1873.29  5.33742e-13      2.00000  4.45700e-14
      2.00000      1862.73  4.23595e-13      2.00000  4.52935e-14
      2.00000      1852.30  4.22200e-13      0.00000  4.45700e-14
      2.00000      1841.98  4.07507e-13      0.00000  4.48594e-14
      2.00000      1831.78  3.35776e-13      2.00000  4.29782e-14
      2.00000      1821.69  3.17292e-13      2.00000  4.26888e-14
      2.00000      1811.70  2.64310e-13      0.00000  4.44253e-14
      2.00000      1801.83  5.05137e-13      0.00000  4.42805e-14
      2.00000      1792.07  3.91515e-13      0.00000  4.32676e-14
      2.00000      1782.41  3.09611e-13      0.00000  4.51488e-14
      2.00000      1772.85  3.64773e-13      0.00000  4.44253e-14
      2.00000      1763.39  2.70349e-13      0.00000  4.45700e-14
      2.00000      1754.04  3.49804e-13      0.00000  4.65959e-14
      2.00000      1744.79  3.32500e-13      0.00000  4.44253e-14
      2.00000      1735.63  3.66674e-13      0.00000  4.74641e-14
      2.00000      1726.57  3.73070e-13      0.00000  4.96347e-14
      2.00000      1717.60  4.87662e-13      0.00000  6.49737e-14
      2.00000      1708.72  4.73464e-13      0.00000  5.12265e-14
      2.00000      1699.94  4.39221e-13      0.00000  4.97794e-14
      2.00000      1691.24  3.74943e-13      0.00000  5.02136e-14
      2.00000      1682.64  3.62773e-13      0.00000  4.93453e-14
      2.00000      1674.12  3.70943e-13      0.00000  4.84771e-14
      2.00000      1665.68  3.85095e-13      0.00000  5.42654e-14
      2.00000      1657.34  4.51197e-13      0.00000  4.80429e-14
      2.00000      1649.07  4.28128e-13      0.00000  5.13712e-14
      2.00000      1640.89  4.89126e-13      0.00000  4.57276e-14
      2.00000      1632.78  3.73055e-13      0.00000  4.25441e-14
      2.00000      1624.76  2.80605e-13      0.00000  4.15311e-14
      2.00000      1616.82  3.17570e-13      0.00000  4.23993e-14
      2.00000      1608.95  2.40079e-13      0.00000  4.00840e-14
      2.00000      1601.16  1.61569e-13      0.00000  3.83475e-14
      2.00000      1593.44  2.17926e-13      0.00000  3.96499e-14
      2.00000      1585.80  2.84109e-13      0.00000  4.15311e-14
      2.00000      1578.23  4.12302e-13      0.00000  4.31229e-14
      2.00000      1570.74  4.79178e-13      0.00000  4.78982e-14
      2.00000      1563.31  6.06702e-13      0.00000  4.94900e-14
      2.00000      1555.95  6.62943e-13      0.00000  4.48594e-14
      2.00000      1548.67  3.73889e-13      0.00000  4.76088e-14
      2.00000      1541.45  4.49071e-13      0.00000  5.12265e-14
      2.00000      1534.30  7.06862e-13      0.00000  5.02136e-14
      2.00000      1527.21  6.37695e-13      0.00000  5.44101e-14
      2.00000      1520.19  6.69265e-13      0.00000  6.13560e-14
      2.00000      1513.23  6.89664e-13      0.00000  6.13560e-14
      2.00000      1506.34  7.42876e-13      0.00000  6.04878e-14
      2.00000      1499.51  6.05954e-13      0.00000  6.12113e-14
      2.00000      1492.74  4.50038e-13      0.00000  5.68701e-14
      2.00000      1486.03  3.50310e-13      0.00000  5.64360e-14
      2.00000      1479.38  3.15307e-13      0.00000  6.32372e-14
      2.00000      1472.79  4.17752e-13      0.00000  7.10515e-14
      2.00000      1466.26  4.20964e-13      0.00000  7.38009e-14
      2.00000      1459.79  6.80236e-13      0.00000  7.38009e-14
      2.00000      1453.37  1.04578e-12      0.00000  7.58268e-14
      2.00000      1447.01  1.20370e-12      0.00000  8.07469e-14
      2.00000      1440.71  7.16169e-13      0.00000  8.58116e-14
      2.00000      1434.46  5.68529e-13      0.00000  8.92846e-14
      2.00000      1428.26  3.74212e-13      0.00000  9.07317e-14
      2.00000      1422.12  3.77359e-13      0.00000  9.60859e-14
      2.00000      1416.03  3.97112e-13      0.00000  9.18894e-14
      2.00000      1409.99  2.05747e-13      0.00000  1.20397e-13
      2.00000      1404.00  2.94454e-13      0.00000  8.34963e-14
      2.00000      1398.07  3.79791e-13      0.00000  8.53775e-14
      2.00000      1392.18  2.91555e-13      0.00000  8.16151e-14
      2.00000      1386.34  3.62423e-13      0.00000  8.36410e-14
      2.00000      1380.56  3.61076e-13      0.00000  1.14753e-13
      2.00000      1374.82  5.10188e-13      0.00000  8.76928e-14
      2.00000      1369.12  3.07202e-13      0.00000  8.87058e-14
      2.00000      1363.48  5.40643e-13      0.00000  8.89952e-14
      2.00000      1357.88  7.37030e-13      0.00000  8.65352e-14
      2.00000      1352.33  8.88052e-13      0.00000  9.46388e-14
      2.00000      1346.82  1.19809e-12      0.00000  9.10211e-14
      2.00000      1341.35  1.53787e-12      0.00000  9.50729e-14
      2.00000      1335.93  1.70100e-12      0.00000  9.82565e-14
      2.00000      1330.56  1.67112e-12      0.00000  1.10701e-13
