      2.00000      1927.90  4.49701e-13      0.00000  8.00233e-14
      2.00000      1916.72  3.36586e-13      0.00000  5.12265e-14
      2.00000      1905.67  3.89014e-13      0.00000  4.63065e-14
      2.00000      1894.75  4.75070e-13      0.00000  4.84771e-14
      2.00000      1883.96  4.14698e-13      0.00000  4.57276e-14
      2.00000      1873.29  4.27115e-13      0.00000  4.60170e-14
      2.00000      1862.73  4.51319e-13      0.00000  4.50041e-14
      2.00000      1852.30  4.90902e-13      0.00000  4.44253e-14
      2.00000      1841.98  4.42272e-13      0.00000  4.45700e-14
      2.00000      1831.78  4.02055e-13      2.00000  4.25441e-14
      2.00000      1821.69  2.96180e-13      2.00000  4.02287e-14
      2.00000      1811.70  3.80341e-13      0.00000  4.12417e-14
      2.00000      1801.83  4.22152e-13      0.00000  4.23993e-14
      2.00000      1792.07  2.76514e-13      0.00000  4.29782e-14
      2.00000      1782.41  3.01487e-13      0.00000  4.70300e-14
      2.00000      1772.85  2.66438e-13      0.00000  4.47147e-14
      2.00000      1763.39  2.38190e-13      2.00000  4.89112e-14
      2.00000      1754.04  2.60438e-13      2.00000  4.57276e-14
      2.00000      1744.79  2.22017e-13      0.00000  4.47147e-14
      2.00000      1735.63  3.92779e-13      0.00000  4.77535e-14
      2.00000      1726.57  2.86850e-13      0.00000  6.80126e-14
      2.00000      1717.60  3.07074e-13      0.00000  5.32524e-14
      2.00000      1708.72  3.52888e-13      0.00000  5.03583e-14
      2.00000      1699.94  3.62574e-13      0.00000  5.15159e-14
      2.00000      1691.24  3.55492e-13      0.00000  5.03583e-14
      2.00000      1682.64  3.91933e-13      0.00000  6.59867e-14
      2.00000      1674.12  3.11460e-13      0.00000  7.58268e-14
      2.00000      1665.68  2.30489e-13      0.00000  4.84771e-14
      2.00000      1657.34  3.44409e-13      0.00000  4.50041e-14
      2.00000      1649.07  3.02243e-13      0.00000  4.64512e-14
      2.00000      1640.89  3.21157e-13      0.00000  4.25441e-14
      2.00000      1632.78  3.16030e-13      0.00000  4.64512e-14
      2.00000      1624.76  3.20009e-13      0.00000  4.41358e-14
      2.00000      1616.82  2.96379e-13      0.00000  4.12417e-14
      2.00000      1608.95  2.24711e-13      0.00000  4.10970e-14
      2.00000      1601.16  1.86334e-13      0.00000  4.60170e-14
      2.00000      1593.44  1.95701e-13      2.00000  4.42805e-14
      2.00000      1585.80  2.60843e-13      2.00000  4.35570e-14
      2.00000      1578.23  3.62349e-13      0.00000  4.76088e-14
      2.00000      1570.74  3.91512e-13      0.00000  4.83324e-14
      2.00000      1563.31  3.29885e-13      0.00000  5.10818e-14
      2.00000      1555.95  4.00031e-13      0.00000  5.41207e-14
      2.00000      1548.67  4.29026e-13      0.00000  5.29630e-14
      2.00000      1541.45  4.51157e-13      0.00000  5.75937e-14
      2.00000      1534.30  6.06882e-13      0.00000  5.02136e-14
      2.00000      1527.21  4.91647e-13      0.00000  5.31077e-14
      2.00000      1520.19  5.20953e-13      0.00000  5.61466e-14
      2.00000      1513.23  4.72150e-13      0.00000  6.48290e-14
      2.00000      1506.34  6.23139e-13      0.00000  7.98786e-14
      2.00000      1499.51  5.30788e-13      0.00000  6.49737e-14
      2.00000      1492.74  4.07973e-13      0.00000  5.57124e-14
      2.00000      1486.03  3.82685e-13      0.00000  5.67254e-14
      2.00000      1479.38  3.32916e-13      0.00000  7.55374e-14
      2.00000      1472.79  4.15811e-13      0.00000  6.72891e-14
      2.00000      1466.26  4.79033e-13      0.00000  6.90255e-14
      2.00000      1459.79  5.48250e-13      0.00000  7.36562e-14
      2.00000      1453.37  7.62496e-13      2.00000  7.61162e-14
      2.00000      1447.01  1.01715e-12      2.00000  8.26281e-14
      2.00000      1440.71  4.98510e-13      0.00000  8.43646e-14
      2.00000      1434.46  2.44893e-13      0.00000  8.50881e-14
      2.00000      1428.26  1.62149e-13      0.00000  9.20341e-14
      2.00000      1422.12  4.34920e-13      0.00000  9.47835e-14
      2.00000      1416.03  3.83052e-13      0.00000  1.09399e-13
      2.00000      1409.99  1.21653e-13      0.00000  9.31917e-14
      2.00000      1404.00  3.27986e-13      0.00000  8.32069e-14
      2.00000      1398.07  3.73801e-13      0.00000  8.13257e-14
      2.00000      1392.18  5.01157e-13      0.00000  8.30622e-14
      2.00000      1386.34  3.18657e-13      0.00000  8.50881e-14
      2.00000      1380.56  4.54793e-13      0.00000  8.58116e-14
      2.00000      1374.82  6.80301e-13      2.00000  9.55071e-14
      2.00000      1369.12  6.05849e-13      2.00000  9.17447e-14
      2.00000      1363.48  3.84951e-13      0.00000  8.94293e-14
      2.00000      1357.88  2.90637e-13      0.00000  9.39153e-14
      2.00000      1352.33  9.42297e-13      0.00000  9.37706e-14
      2.00000      1346.82  1.35428e-12      2.00000  9.10211e-14
      2.00000      1341.35  1.39229e-12      2.00000  9.81118e-14
      2.00000      1335.93  1.54965e-12      0.00000  1.00717e-13
      2.00000      1330.56  1.64161e-12      0.00000  1.03032e-13
