      3.00000      1341.35  1.28266e-12      0.00000  5.16606e-14
      3.00000      1330.56  1.41477e-12      0.00000  4.83324e-14
      3.00000      1319.94  1.75611e-12      0.00000  4.90559e-14
      3.00000      1309.48  2.39416e-12      2.00000  5.03583e-14
      3.00000      1299.19  2.05123e-12      2.00000  4.70300e-14
      3.00000      1289.06  1.40777e-12      0.00000  4.42805e-14
      3.00000      1279.09  1.33726e-12      0.00000  4.55829e-14
      3.00000      1269.27  1.14614e-12      2.00000  4.55829e-14
      3.00000      1259.60  9.66741e-13      2.00000  4.13864e-14
      3.00000      1250.08  8.27035e-13      0.00000  4.06629e-14
      3.00000      1240.70  4.86726e-13      0.00000  3.89264e-14
      3.00000      1231.46  1.92813e-13      0.00000  3.67557e-14
      3.00000      1222.35  1.46108e-13      0.00000  3.35722e-14
      3.00000      1213.38  2.00879e-13      0.00000  3.45851e-14
      3.00000      1204.54  2.47529e-13      0.00000  3.35722e-14
      3.00000      1195.83  1.36976e-13      0.00000  3.25592e-14
      3.00000      1187.24  2.01259e-13      0.00000  3.31380e-14
      3.00000      1178.78  1.54142e-13      0.00000  4.09523e-14
