      3.00000      1341.35  1.22762e-12      0.00000  4.92006e-14
      3.00000      1330.56  1.24348e-12      0.00000  4.87665e-14
      3.00000      1319.94  1.62260e-12      0.00000  4.86218e-14
      3.00000      1309.48  2.28977e-12      2.00000  4.86218e-14
      3.00000      1299.19  2.11073e-12      2.00000  4.64512e-14
      3.00000      1289.06  1.52025e-12      0.00000  4.44253e-14
      3.00000      1279.09  1.38236e-12      0.00000  4.37017e-14
      3.00000      1269.27  1.15902e-12      2.00000  4.25441e-14
      3.00000      1259.60  8.99248e-13      2.00000  4.08076e-14
      3.00000      1250.08  7.89836e-13      0.00000  3.73346e-14
      3.00000      1240.70  4.89614e-13      0.00000  3.42957e-14
      3.00000      1231.46  1.98443e-13      0.00000  3.32828e-14
      3.00000      1222.35  2.10706e-13      0.00000  3.32828e-14
      3.00000      1213.38  3.30222e-13      0.00000  3.44404e-14
      3.00000      1204.54  2.66006e-13      0.00000  3.38616e-14
      3.00000      1195.83  2.15554e-13      0.00000  3.28486e-14
      3.00000      1187.24  1.89933e-13      0.00000  3.34275e-14
      3.00000      1178.78  9.31591e-14      0.00000  4.09523e-14
