      2.00000      1927.90 -4.45734e-13      0.00000  5.23118e-13
      2.00000      1916.72 -1.52066e-13      0.00000  3.21685e-13
      2.00000      1905.67  2.45797e-13      0.00000  3.08083e-13
      2.00000      1894.75  6.06569e-14      0.00000  3.22409e-13
      2.00000      1883.96  6.39737e-13      0.00000  3.04320e-13
      2.00000      1873.29  5.78334e-13      0.00000  2.90139e-13
      2.00000      1862.73  6.23575e-13      0.00000  2.97230e-13
      2.00000      1852.30  2.55741e-13      0.00000  3.04465e-13
      2.00000      1841.98  1.05247e-12      0.00000  3.10543e-13
      2.00000      1831.78  1.56112e-13      2.00000  2.95348e-13
      2.00000      1821.69  1.84434e-13      2.00000  2.83193e-13
      2.00000      1811.70  7.72285e-13      0.00000  2.86376e-13
      2.00000      1801.83  5.40379e-13      0.00000  2.96506e-13
      2.00000      1792.07  3.30402e-13      0.00000  3.10977e-13
      2.00000      1782.41  2.85841e-15      0.00000  3.19949e-13
      2.00000      1772.85 -1.21942e-13      0.00000  3.15029e-13
      2.00000      1763.39  6.46494e-13      0.00000  3.00703e-13
      2.00000      1754.04  3.56563e-13      0.00000  3.01281e-13
      2.00000      1744.79  1.51464e-13      0.00000  3.02584e-13
      2.00000      1735.63  7.48051e-13      0.00000  3.11700e-13
      2.00000      1726.57 -1.63143e-13      0.00000  3.12858e-13
      2.00000      1717.60  1.15396e-14      0.00000  3.17633e-13
      2.00000      1708.72  4.75561e-13      0.00000  3.10543e-13
      2.00000      1699.94  5.21556e-13      0.00000  3.09674e-13
      2.00000      1691.24  3.38585e-13      0.00000  3.06491e-13
      2.00000      1682.64 -5.93058e-13      0.00000  3.09964e-13
      2.00000      1674.12 -2.92928e-14      0.00000  3.05333e-13
      2.00000      1665.68  7.28663e-13      0.00000  3.06201e-13
      2.00000      1657.34  4.00268e-13      0.00000  3.02873e-13
      2.00000      1649.07  7.51427e-13      0.00000  2.96506e-13
      2.00000      1640.89  5.37352e-13      0.00000  2.94625e-13
      2.00000      1632.78  6.02502e-13      0.00000  2.88692e-13
      2.00000      1624.76  4.70461e-13      0.00000  2.85364e-13
      2.00000      1616.82  2.42655e-13      0.00000  2.80009e-13
      2.00000      1608.95 -3.20951e-13      0.00000  2.77260e-13
      2.00000      1601.16 -5.56465e-14      0.00000  2.73932e-13
      2.00000      1593.44  1.99430e-13      0.00000  2.79286e-13
      2.00000      1585.80  5.37943e-13      0.00000  2.86666e-13
      2.00000      1578.23  5.16086e-13      2.00000  2.96361e-13
      2.00000      1570.74  3.31578e-13      2.00000  3.01571e-13
      2.00000      1563.31  6.08193e-13      0.00000  2.99979e-13
      2.00000      1555.95  5.42963e-13      0.00000  2.93033e-13
      2.00000      1548.67  4.14124e-13      0.00000  2.85798e-13
      2.00000      1541.45  7.48850e-13      0.00000  2.93757e-13
      2.00000      1534.30  9.33047e-13      0.00000  3.12713e-13
      2.00000      1527.21  8.13549e-13      0.00000  3.41221e-13
      2.00000      1520.19  1.08528e-12      0.00000  3.69439e-13
      2.00000      1513.23  8.83027e-13      0.00000  3.86514e-13
      2.00000      1506.34  6.10912e-13      256.000  3.88685e-13
      2.00000      1499.51  3.16773e-13      256.000  3.87817e-13
      2.00000      1492.74  2.46723e-13      256.000  3.96210e-13
      2.00000      1486.03  2.68402e-13      0.00000  3.92302e-13
      2.00000      1479.38  2.49500e-13      0.00000  4.19073e-13
      2.00000      1472.79  3.41335e-13      0.00000  4.53369e-13
      2.00000      1466.26  1.93016e-13      0.00000  4.74207e-13
      2.00000      1459.79  8.47458e-13      0.00000  4.95334e-13
      2.00000      1453.37  1.01218e-12      0.00000  5.13857e-13
      2.00000      1447.01  1.56127e-12      0.00000  5.29051e-13
      2.00000      1440.71  6.30270e-13      0.00000  5.55822e-13
      2.00000      1434.46  2.38618e-13      0.00000  5.84185e-13
      2.00000      1428.26 -6.99406e-13      0.00000  6.02852e-13
      2.00000      1422.12 -8.34556e-13      0.00000  6.08351e-13
      2.00000      1416.03  2.62647e-13      0.00000  6.07049e-13
      2.00000      1409.99  9.53170e-14      0.00000  5.75936e-13
      2.00000      1404.00  8.30369e-13      0.00000  5.45693e-13
      2.00000      1398.07  5.12179e-14      0.00000  5.25289e-13
      2.00000      1392.18  6.28207e-13      0.00000  5.29919e-13
      2.00000      1386.34  4.92524e-13      0.00000  5.50178e-13
      2.00000      1380.56 -2.06029e-13      0.00000  5.64070e-13
      2.00000      1374.82  5.28640e-13      0.00000  5.89250e-13
      2.00000      1369.12 -1.11055e-14      0.00000  5.86934e-13
      2.00000      1363.48  3.64833e-14      0.00000  5.78396e-13
      2.00000      1357.88  1.19634e-12      0.00000  5.79120e-13
      2.00000      1352.33  1.31194e-12      0.00000  5.66386e-13
      2.00000      1346.82  5.32753e-13      2.00000  5.65373e-13
      2.00000      1341.35  1.70300e-12      2.00000  5.74345e-13
      2.00000      1335.93  1.65361e-12      0.00000  5.79554e-13
      2.00000      1330.56  6.30243e-13      0.00000  6.02563e-13
