      2.00000      1927.90  7.51281e-13      0.00000  8.00233e-14
      2.00000      1916.72  6.12833e-13      0.00000  4.92006e-14
      2.00000      1905.67  6.63880e-13      0.00000  4.61617e-14
      2.00000      1894.75  7.06599e-13      0.00000  4.70300e-14
      2.00000      1883.96  6.87417e-13      0.00000  4.70300e-14
      2.00000      1873.29  6.68429e-13      2.00000  4.54382e-14
      2.00000      1862.73  6.55996e-13      2.00000  4.54382e-14
      2.00000      1852.30  6.81725e-13      0.00000  4.54382e-14
      2.00000      1841.98  6.56001e-13      0.00000  4.51488e-14
      2.00000      1831.78  6.10858e-13      2.00000  4.28335e-14
      2.00000      1821.69  4.25117e-13      2.00000  4.09523e-14
      2.00000      1811.70  5.42031e-13      0.00000  4.02287e-14
      2.00000      1801.83  6.59208e-13      0.00000  4.38464e-14
      2.00000      1792.07  6.77362e-13      0.00000  4.51488e-14
      2.00000      1782.41  4.70133e-13      0.00000  4.77535e-14
      2.00000      1772.85  5.61745e-13      0.00000  4.58723e-14
      2.00000      1763.39  5.09741e-13      0.00000  5.33971e-14
      2.00000      1754.04  4.25202e-13      0.00000  4.47147e-14
      2.00000      1744.79  4.83663e-13      0.00000  5.31077e-14
      2.00000      1735.63  5.85268e-13      0.00000  5.62913e-14
      2.00000      1726.57  5.00676e-13      0.00000  5.99090e-14
      2.00000      1717.60  6.22241e-13      0.00000  5.25289e-14
      2.00000      1708.72  5.48355e-13      0.00000  5.07924e-14
      2.00000      1699.94  5.17963e-13      0.00000  5.12265e-14
      2.00000      1691.24  5.81864e-13      0.00000  4.93453e-14
      2.00000      1682.64  4.34401e-13      0.00000  5.15159e-14
      2.00000      1674.12  5.20396e-13      0.00000  4.84771e-14
      2.00000      1665.68  5.05792e-13      0.00000  4.77535e-14
      2.00000      1657.34  5.82927e-13      0.00000  4.71747e-14
      2.00000      1649.07  5.84775e-13      0.00000  4.74641e-14
      2.00000      1640.89  5.74379e-13      0.00000  4.58723e-14
      2.00000      1632.78  4.82031e-13      0.00000  4.37017e-14
      2.00000      1624.76  4.35983e-13      0.00000  4.10970e-14
      2.00000      1616.82  3.79950e-13      0.00000  4.15311e-14
      2.00000      1608.95  3.20354e-13      0.00000  4.08076e-14
      2.00000      1601.16  2.67640e-13      0.00000  3.93605e-14
      2.00000      1593.44  2.79530e-13      0.00000  4.21099e-14
      2.00000      1585.80  3.35114e-13      0.00000  4.25441e-14
      2.00000      1578.23  4.46897e-13      0.00000  4.39911e-14
      2.00000      1570.74  5.41050e-13      0.00000  4.55829e-14
      2.00000      1563.31  7.09409e-13      0.00000  4.52935e-14
      2.00000      1555.95  7.99615e-13      0.00000  4.41358e-14
      2.00000      1548.67  6.44209e-13      0.00000  5.16606e-14
      2.00000      1541.45  6.71819e-13      0.00000  5.84619e-14
      2.00000      1534.30  7.48881e-13      0.00000  5.31077e-14
      2.00000      1527.21  7.10421e-13      0.00000  5.28183e-14
      2.00000      1520.19  7.88361e-13      0.00000  5.62913e-14
      2.00000      1513.23  8.34127e-13      0.00000  6.00537e-14
      2.00000      1506.34  8.06994e-13      0.00000  5.97643e-14
      2.00000      1499.51  6.01033e-13      0.00000  5.84619e-14
      2.00000      1492.74  5.60123e-13      0.00000  5.54230e-14
      2.00000      1486.03  5.32477e-13      0.00000  5.70148e-14
      2.00000      1479.38  4.06632e-13      0.00000  6.28031e-14
      2.00000      1472.79  4.74765e-13      0.00000  6.72891e-14
      2.00000      1466.26  4.53805e-13      0.00000  8.21939e-14
      2.00000      1459.79  5.41979e-13      0.00000  7.51033e-14
      2.00000      1453.37  9.86495e-13      0.00000  7.68398e-14
      2.00000      1447.01  1.39638e-12      0.00000  8.40751e-14
      2.00000      1440.71  7.40370e-13      0.00000  8.71140e-14
      2.00000      1434.46  4.77833e-13      0.00000  8.68246e-14
      2.00000      1428.26  2.09224e-13      0.00000  9.00082e-14
      2.00000      1422.12  4.69457e-13      0.00000  9.23235e-14
      2.00000      1416.03  3.07519e-13      0.00000  9.63753e-14
      2.00000      1409.99  9.00798e-14      0.00000  9.29023e-14
      2.00000      1404.00  3.94152e-13      0.00000  1.08097e-13
      2.00000      1398.07  3.17491e-13      0.00000  8.20492e-14
      2.00000      1392.18  4.21751e-13      0.00000  8.00233e-14
      2.00000      1386.34  4.25375e-13      0.00000  8.32069e-14
      2.00000      1380.56  4.84483e-13      0.00000  8.33516e-14
      2.00000      1374.82  4.74336e-13      0.00000  8.74034e-14
      2.00000      1369.12  5.16255e-13      0.00000  8.75481e-14
      2.00000      1363.48  7.03992e-13      0.00000  8.81270e-14
      2.00000      1357.88  7.33576e-13      0.00000  8.92846e-14
      2.00000      1352.33  8.68518e-13      0.00000  8.61010e-14
      2.00000      1346.82  1.13676e-12      0.00000  8.63905e-14
      2.00000      1341.35  1.20987e-12      0.00000  9.23235e-14
      2.00000      1335.93  1.44553e-12      0.00000  9.47835e-14
      2.00000      1330.56  1.68677e-12      0.00000  1.07807e-13
