      2.00000      1927.90  4.45429e-13      0.00000  7.77080e-14
      2.00000      1916.72  3.92506e-13      0.00000  4.87665e-14
      2.00000      1905.67  3.94493e-13      0.00000  4.61617e-14
      2.00000      1894.75  4.55307e-13      0.00000  4.99241e-14
      2.00000      1883.96  4.97455e-13      0.00000  5.26736e-14
      2.00000      1873.29  4.82779e-13      2.00000  4.60170e-14
      2.00000      1862.73  3.85568e-13      2.00000  4.50041e-14
      2.00000      1852.30  4.03738e-13      0.00000  4.47147e-14
      2.00000      1841.98  4.65096e-13      0.00000  4.65959e-14
      2.00000      1831.78  3.95563e-13      2.00000  4.31229e-14
      2.00000      1821.69  3.32976e-13      2.00000  4.25441e-14
      2.00000      1811.70  4.11082e-13      0.00000  4.37017e-14
      2.00000      1801.83  5.29987e-13      0.00000  4.65959e-14
      2.00000      1792.07  4.09428e-13      0.00000  4.60170e-14
      2.00000      1782.41  2.39655e-13      0.00000  4.54382e-14
      2.00000      1772.85  3.30792e-13      0.00000  4.41358e-14
      2.00000      1763.39  3.45338e-13      0.00000  4.55829e-14
      2.00000      1754.04  3.20066e-13      0.00000  4.65959e-14
      2.00000      1744.79  4.17764e-13      0.00000  4.52935e-14
      2.00000      1735.63  4.13183e-13      0.00000  4.90559e-14
      2.00000      1726.57  2.89849e-13      0.00000  4.99241e-14
      2.00000      1717.60  3.66720e-13      0.00000  5.18053e-14
      2.00000      1708.72  4.06810e-13      0.00000  4.93453e-14
      2.00000      1699.94  5.40419e-13      0.00000  4.96347e-14
      2.00000      1691.24  4.81620e-13      0.00000  4.99241e-14
      2.00000      1682.64  4.74626e-13      0.00000  4.94900e-14
      2.00000      1674.12  2.91882e-13      0.00000  4.80429e-14
      2.00000      1665.68  2.79037e-13      0.00000  4.81876e-14
      2.00000      1657.34  4.62399e-13      0.00000  4.76088e-14
      2.00000      1649.07  4.75764e-13      0.00000  4.87665e-14
      2.00000      1640.89  4.23879e-13      0.00000  4.52935e-14
      2.00000      1632.78  4.31275e-13      0.00000  4.29782e-14
      2.00000      1624.76  3.76876e-13      0.00000  4.70300e-14
      2.00000      1616.82  4.01141e-13      0.00000  4.26888e-14
      2.00000      1608.95  2.78426e-13      0.00000  4.13864e-14
      2.00000      1601.16  2.67789e-13      0.00000  4.00840e-14
      2.00000      1593.44  2.82514e-13      0.00000  4.26888e-14
      2.00000      1585.80  3.20946e-13      0.00000  4.29782e-14
      2.00000      1578.23  4.48388e-13      0.00000  4.37017e-14
      2.00000      1570.74  5.57301e-13      0.00000  4.48594e-14
      2.00000      1563.31  6.82577e-13      0.00000  4.71747e-14
      2.00000      1555.95  6.96925e-13      0.00000  5.06477e-14
      2.00000      1548.67  4.60469e-13      0.00000  5.29630e-14
      2.00000      1541.45  4.73209e-13      0.00000  5.35418e-14
      2.00000      1534.30  6.43090e-13      0.00000  5.42654e-14
      2.00000      1527.21  5.98500e-13      0.00000  5.93301e-14
      2.00000      1520.19  7.08914e-13      0.00000  5.64360e-14
      2.00000      1513.23  7.43484e-13      0.00000  5.91854e-14
      2.00000      1506.34  7.85373e-13      0.00000  6.13560e-14
      2.00000      1499.51  5.41973e-13      0.00000  6.16455e-14
      2.00000      1492.74  4.93744e-13      0.00000  5.49889e-14
      2.00000      1486.03  2.75414e-13      0.00000  5.65807e-14
      2.00000      1479.38  2.68302e-13      0.00000  6.28031e-14
      2.00000      1472.79  5.17600e-13      0.00000  6.72891e-14
      2.00000      1466.26  5.15755e-13      0.00000  7.06173e-14
      2.00000      1459.79  6.66799e-13      0.00000  7.72739e-14
      2.00000      1453.37  9.14218e-13      0.00000  7.98786e-14
      2.00000      1447.01  1.32707e-12      0.00000  8.14704e-14
      2.00000      1440.71  7.83991e-13      0.00000  8.61010e-14
      2.00000      1434.46  2.79109e-13      0.00000  8.87058e-14
      2.00000      1428.26  9.35530e-14      0.00000  9.34811e-14
      2.00000      1422.12  4.71998e-13      0.00000  1.12148e-13
      2.00000      1416.03  3.27711e-13      0.00000  9.46388e-14
      2.00000      1409.99  2.52582e-13      0.00000  9.13105e-14
      2.00000      1404.00  2.97598e-13      0.00000  8.76928e-14
      2.00000      1398.07  4.31907e-13      0.00000  8.75481e-14
      2.00000      1392.18  4.44075e-13      0.00000  8.23387e-14
      2.00000      1386.34  4.24776e-13      0.00000  8.36410e-14
      2.00000      1380.56  3.50579e-13      0.00000  8.36410e-14
      2.00000      1374.82  4.41333e-13      0.00000  8.98635e-14
      2.00000      1369.12  5.27811e-13      0.00000  8.82717e-14
      2.00000      1363.48  6.52645e-13      0.00000  8.68246e-14
      2.00000      1357.88  6.35495e-13      0.00000  8.98635e-14
      2.00000      1352.33  7.94438e-13      0.00000  8.46540e-14
      2.00000      1346.82  1.36661e-12      0.00000  8.76928e-14
      2.00000      1341.35  1.57502e-12      0.00000  9.44941e-14
      2.00000      1335.93  1.65406e-12      0.00000  9.52176e-14
      2.00000      1330.56  1.71266e-12      0.00000  9.52176e-14
