      2.00000      1927.90  5.35736e-13      0.00000  7.87210e-14
      2.00000      1916.72  3.96315e-13      0.00000  5.10818e-14
      2.00000      1905.67  4.37869e-13      0.00000  5.29630e-14
      2.00000      1894.75  4.92400e-13      0.00000  4.87665e-14
      2.00000      1883.96  4.94418e-13      0.00000  4.60170e-14
      2.00000      1873.29  4.40310e-13      0.00000  4.44253e-14
      2.00000      1862.73  3.75115e-13      0.00000  4.73194e-14
      2.00000      1852.30  4.13121e-13      0.00000  4.99241e-14
      2.00000      1841.98  4.11134e-13      0.00000  5.39760e-14
      2.00000      1831.78  3.50119e-13      2.00000  4.38464e-14
      2.00000      1821.69  2.76726e-13      2.00000  4.00840e-14
      2.00000      1811.70  3.34682e-13      0.00000  3.99393e-14
      2.00000      1801.83  3.58747e-13      0.00000  4.12417e-14
      2.00000      1792.07  3.74807e-13      0.00000  4.31229e-14
      2.00000      1782.41  2.44920e-13      0.00000  4.48594e-14
      2.00000      1772.85  2.46440e-13      0.00000  4.87665e-14
      2.00000      1763.39  1.30741e-13      2.00000  4.80429e-14
      2.00000      1754.04  1.91649e-13      2.00000  4.55829e-14
      2.00000      1744.79  3.19440e-13      0.00000  4.58723e-14
      2.00000      1735.63  3.13563e-13      0.00000  4.74641e-14
      2.00000      1726.57  2.74704e-13      0.00000  4.93453e-14
      2.00000      1717.60  4.23070e-13      0.00000  5.51336e-14
      2.00000      1708.72  4.07859e-13      0.00000  4.93453e-14
      2.00000      1699.94  3.84580e-13      0.00000  5.18053e-14
      2.00000      1691.24  4.37034e-13      0.00000  5.71595e-14
      2.00000      1682.64  3.63521e-13      0.00000  4.99241e-14
      2.00000      1674.12  3.18186e-13      0.00000  4.78982e-14
      2.00000      1665.68  2.46473e-13      0.00000  5.07924e-14
      2.00000      1657.34  3.62182e-13      0.00000  4.73194e-14
      2.00000      1649.07  3.65708e-13      0.00000  4.67406e-14
      2.00000      1640.89  3.42507e-13      0.00000  4.39911e-14
      2.00000      1632.78  3.29465e-13      0.00000  4.35570e-14
      2.00000      1624.76  2.56873e-13      0.00000  4.28335e-14
      2.00000      1616.82  2.46982e-13      0.00000  4.23993e-14
      2.00000      1608.95  2.59029e-13      0.00000  4.13864e-14
      2.00000      1601.16  2.14530e-13      0.00000  4.06629e-14
      2.00000      1593.44  2.62675e-13      2.00000  4.34123e-14
      2.00000      1585.80  3.57038e-13      2.00000  4.35570e-14
      2.00000      1578.23  3.96496e-13      0.00000  4.41358e-14
      2.00000      1570.74  4.54578e-13      0.00000  4.57276e-14
      2.00000      1563.31 -1.03900e-13      0.00000  4.97794e-14
      2.00000      1555.95 -2.78412e-13      0.00000  5.13712e-14
      2.00000      1548.67 -1.13553e-13      0.00000  5.20948e-14
      2.00000      1541.45 -1.95482e-13      0.00000  5.71595e-14
      2.00000      1534.30  5.64417e-13      0.00000  4.87665e-14
      2.00000      1527.21  4.47832e-13      0.00000  5.18053e-14
      2.00000      1520.19  5.24381e-13      0.00000  5.54230e-14
      2.00000      1513.23  5.75018e-13      0.00000  5.94748e-14
      2.00000      1506.34  5.50074e-13      0.00000  6.32372e-14
      2.00000      1499.51  5.10505e-13      0.00000  5.75937e-14
      2.00000      1492.74  3.95890e-13      0.00000  5.57124e-14
      2.00000      1486.03  3.48818e-13      0.00000  5.65807e-14
      2.00000      1479.38  3.45003e-13      0.00000  6.33820e-14
      2.00000      1472.79  4.63870e-13      0.00000  6.74338e-14
      2.00000      1466.26  5.15905e-13      0.00000  7.26432e-14
      2.00000      1459.79  5.97820e-13      0.00000  7.59715e-14
      2.00000      1453.37  7.39498e-13      2.00000  7.84315e-14
      2.00000      1447.01  7.01847e-13      2.00000  8.33516e-14
      2.00000      1440.71  6.11447e-13      0.00000  8.98635e-14
      2.00000      1434.46  3.03166e-13      0.00000  8.74034e-14
      2.00000      1428.26  2.35078e-13      0.00000  1.07518e-13
      2.00000      1422.12  2.78983e-13      0.00000  9.53624e-14
      2.00000      1416.03  2.15383e-13      0.00000  9.78224e-14
      2.00000      1409.99  2.15174e-13      0.00000  9.65200e-14
      2.00000      1404.00  3.32627e-13      0.00000  9.18894e-14
      2.00000      1398.07  4.25318e-13      0.00000  8.37857e-14
      2.00000      1392.18  3.74257e-13      0.00000  8.14704e-14
      2.00000      1386.34  4.34968e-13      0.00000  8.58116e-14
      2.00000      1380.56  1.82337e-13      0.00000  8.82717e-14
      2.00000      1374.82  3.46826e-13      2.00000  9.17447e-14
      2.00000      1369.12  4.52623e-13      2.00000  9.01529e-14
      2.00000      1363.48  5.29233e-13      0.00000  8.97187e-14
      2.00000      1357.88  3.68440e-13      0.00000  9.46388e-14
      2.00000      1352.33  9.02778e-13      0.00000  9.01529e-14
      2.00000      1346.82  1.28558e-12      2.00000  1.13595e-13
      2.00000      1341.35  1.68315e-12      2.00000  1.14030e-13
      2.00000      1335.93  1.85070e-12      0.00000  9.84012e-14
      2.00000      1330.56  1.88034e-12      0.00000  1.02308e-13
