      3.00000      1341.35  9.71207e-13      0.00000  4.97794e-14
      3.00000      1330.56  1.06917e-12      0.00000  4.94900e-14
      3.00000      1319.94  1.32002e-12      0.00000  5.03583e-14
      3.00000      1309.48  1.87463e-12      2.00000  4.94900e-14
      3.00000      1299.19  1.74483e-12      2.00000  4.57276e-14
      3.00000      1289.06  1.20081e-12      0.00000  4.35570e-14
      3.00000      1279.09  1.00673e-12      0.00000  4.31229e-14
      3.00000      1269.27  7.82679e-13      2.00000  4.54382e-14
      3.00000      1259.60  7.07235e-13      2.00000  4.48594e-14
      3.00000      1250.08  6.95244e-13      0.00000  4.02287e-14
      3.00000      1240.70  4.13762e-13      0.00000  3.77687e-14
      3.00000      1231.46  1.51724e-13      0.00000  3.47298e-14
      3.00000      1222.35  2.41786e-13      0.00000  3.55981e-14
      3.00000      1213.38  2.87210e-13      0.00000  3.63216e-14
      3.00000      1204.54  2.38519e-13      0.00000  3.40063e-14
      3.00000      1195.83  1.98738e-13      0.00000  3.31380e-14
      3.00000      1187.24  1.64986e-13      0.00000  3.41510e-14
      3.00000      1178.78  1.51690e-13      0.00000  4.10970e-14
