      3.00000      1341.35  1.35485e-12      0.00000  5.18053e-14
      3.00000      1330.56  1.41477e-12      0.00000  4.84771e-14
      3.00000      1319.94  1.76545e-12      0.00000  4.84771e-14
      3.00000      1309.48  2.53686e-12      0.00000  4.96347e-14
      3.00000      1299.19  2.21418e-12      0.00000  4.71747e-14
      3.00000      1289.06  1.59871e-12      0.00000  4.42805e-14
      3.00000      1279.09  1.45364e-12      0.00000  4.31229e-14
      3.00000      1269.27  1.23008e-12      2.00000  4.22546e-14
      3.00000      1259.60  1.00496e-12      2.00000  4.06629e-14
      3.00000      1250.08  1.01151e-12      0.00000  3.86369e-14
      3.00000      1240.70  7.64138e-13      0.00000  3.67557e-14
      3.00000      1231.46  2.89599e-13      0.00000  3.44404e-14
      3.00000      1222.35  2.67077e-13      0.00000  3.37169e-14
      3.00000      1213.38  3.74150e-13      0.00000  3.44404e-14
      3.00000      1204.54  3.63582e-13      0.00000  3.47298e-14
      3.00000      1195.83  3.06820e-13      0.00000  3.40063e-14
      3.00000      1187.24  1.35142e-13      0.00000  3.34275e-14
      3.00000      1178.78  1.79117e-13      2.00000  4.03734e-14
