      3.00000      1341.35  5.76138e-13      0.00000  3.18357e-13
      3.00000      1330.56  8.65361e-13      0.00000  3.07504e-13
      3.00000      1319.94  1.34745e-12      0.00000  3.04754e-13
      3.00000      1309.48  2.52359e-12      0.00000  3.02584e-13
      3.00000      1299.19  2.17446e-12      0.00000  2.87968e-13
      3.00000      1289.06  1.53809e-12      0.00000  2.75234e-13
      3.00000      1279.09  1.36057e-12      0.00000  2.70748e-13
      3.00000      1269.27  8.25404e-13      2.00000  2.67275e-13
      3.00000      1259.60  1.15860e-12      2.00000  2.58737e-13
      3.00000      1250.08  1.26310e-12      0.00000  2.44990e-13
      3.00000      1240.70  5.87810e-13      0.00000  2.28783e-13
      3.00000      1231.46  3.97039e-13      0.00000  2.21837e-13
      3.00000      1222.35  7.83861e-13      0.00000  2.24442e-13
      3.00000      1213.38  4.47211e-13      0.00000  2.33413e-13
      3.00000      1204.54  3.78547e-13      0.00000  2.29506e-13
      3.00000      1195.83  2.75481e-13      0.00000  2.22994e-13
      3.00000      1187.24 -1.34683e-14      0.00000  2.24876e-13
      3.00000      1178.78 -1.40505e-13      2.00000  2.70893e-13
