      3.00000      1341.35  1.19769e-12      0.00000  5.13712e-14
      3.00000      1330.56  1.16596e-12      0.00000  4.92006e-14
      3.00000      1319.94  1.39446e-12      0.00000  4.93453e-14
      3.00000      1309.48  2.13454e-12      0.00000  4.93453e-14
      3.00000      1299.19  1.91049e-12      0.00000  4.70300e-14
      3.00000      1289.06  1.35214e-12      0.00000  4.45700e-14
      3.00000      1279.09  1.24237e-12      0.00000  4.54382e-14
      3.00000      1269.27  1.05221e-12      2.00000  4.71747e-14
      3.00000      1259.60  8.96973e-13      2.00000  4.12417e-14
      3.00000      1250.08  8.63475e-13      0.00000  3.73346e-14
      3.00000      1240.70  6.46333e-13      0.00000  3.66110e-14
      3.00000      1231.46  3.25970e-13      0.00000  3.71899e-14
      3.00000      1222.35  3.07908e-13      0.00000  3.45851e-14
      3.00000      1213.38  3.45323e-13      0.00000  3.60322e-14
      3.00000      1204.54  2.53484e-13      0.00000  3.53087e-14
      3.00000      1195.83  2.32217e-13      0.00000  3.31380e-14
      3.00000      1187.24  2.46102e-13      0.00000  3.32828e-14
      3.00000      1178.78  2.77639e-13      2.00000  4.05181e-14
