      3.00000      1341.35  1.43756e-12      0.00000  3.30802e-13
      3.00000      1330.56  1.44413e-12      0.00000  3.23132e-13
      3.00000      1319.94  1.62185e-12      0.00000  3.20672e-13
      3.00000      1309.48  2.11840e-12      0.00000  3.19225e-13
      3.00000      1299.19  1.35370e-12      0.00000  3.05044e-13
      3.00000      1289.06  7.76604e-13      0.00000  2.92454e-13
      3.00000      1279.09  7.07373e-13      0.00000  2.83193e-13
      3.00000      1269.27  5.52239e-13      258.000  2.78707e-13
      3.00000      1259.60  1.14586e-12      258.000  2.73642e-13
      3.00000      1250.08  1.61308e-12      256.000  2.57869e-13
      3.00000      1240.70  1.03973e-12      0.00000  2.38333e-13
      3.00000      1231.46  7.55423e-13      0.00000  2.28783e-13
      3.00000      1222.35  2.75151e-13      0.00000  2.29940e-13
      3.00000      1213.38  1.28123e-14      0.00000  2.32400e-13
      3.00000      1204.54  4.51691e-13      0.00000  2.32545e-13
      3.00000      1195.83  3.36784e-13      0.00000  2.28204e-13
      3.00000      1187.24 -1.16164e-13      0.00000  2.29506e-13
      3.00000      1178.78 -2.17422e-13      2.00000  2.78852e-13
