      3.00000      1341.35  1.47756e-12      0.00000  3.21540e-13
      3.00000      1330.56  1.82962e-12      0.00000  3.13726e-13
      3.00000      1319.94  2.50066e-12      0.00000  3.12134e-13
      3.00000      1309.48  2.73403e-12      0.00000  3.07504e-13
      3.00000      1299.19  2.26432e-12      0.00000  2.96795e-13
      3.00000      1289.06  1.67778e-12      0.00000  2.83482e-13
      3.00000      1279.09  1.69064e-12      0.00000  2.77549e-13
      3.00000      1269.27  1.47976e-12      2.00000  2.71327e-13
      3.00000      1259.60  8.15982e-13      2.00000  2.58448e-13
      3.00000      1250.08  7.39731e-13      0.00000  2.43688e-13
      3.00000      1240.70  5.87810e-13      0.00000  2.28059e-13
      3.00000      1231.46  5.90460e-14      0.00000  2.19232e-13
      3.00000      1222.35  7.92241e-15      0.00000  2.19956e-13
      3.00000      1213.38  2.62348e-14      0.00000  2.23718e-13
      3.00000      1204.54  5.89427e-14      0.00000  2.26902e-13
      3.00000      1195.83  8.52584e-13      0.00000  2.21113e-13
      3.00000      1187.24  3.26300e-13      0.00000  2.22271e-13
      3.00000      1178.78  2.16043e-13      2.00000  2.70459e-13
