      2.00000      1927.90  7.45484e-13      0.00000  5.21092e-13
      2.00000      1916.72  5.77178e-13      0.00000  3.14594e-13
      2.00000      1905.67  1.16430e-13      0.00000  3.02005e-13
      2.00000      1894.75  2.52965e-13      0.00000  3.16186e-13
      2.00000      1883.96  3.82810e-13      0.00000  3.11700e-13
      2.00000      1873.29  8.11154e-13      0.00000  2.87968e-13
      2.00000      1862.73  9.40513e-13      0.00000  2.91875e-13
      2.00000      1852.30  1.53172e-12      0.00000  3.02584e-13
      2.00000      1841.98  6.10353e-13      0.00000  2.94769e-13
      2.00000      1831.78  3.33058e-13      2.00000  2.84206e-13
      2.00000      1821.69 -1.80965e-13      2.00000  2.70603e-13
      2.00000      1811.70  6.72076e-13      0.00000  2.73063e-13
      2.00000      1801.83  3.03323e-13      0.00000  2.77405e-13
      2.00000      1792.07  4.43296e-13      0.00000  2.97085e-13
      2.00000      1782.41 -7.79292e-14      0.00000  3.05912e-13
      2.00000      1772.85  3.09742e-13      0.00000  3.05623e-13
      2.00000      1763.39  1.33837e-12      0.00000  2.99834e-13
      2.00000      1754.04  1.01712e-12      0.00000  2.98387e-13
      2.00000      1744.79  5.65174e-13      0.00000  3.11700e-13
      2.00000      1735.63 -3.34717e-13      0.00000  3.22988e-13
      2.00000      1726.57  8.86191e-14      0.00000  3.35432e-13
      2.00000      1717.60  1.61735e-12      0.00000  3.42234e-13
      2.00000      1708.72  1.07949e-12      0.00000  3.44404e-13
      2.00000      1699.94  8.06885e-13      0.00000  3.40063e-13
      2.00000      1691.24  1.46940e-12      0.00000  3.35722e-13
      2.00000      1682.64  1.21124e-14      0.00000  3.34854e-13
      2.00000      1674.12  1.08787e-12      0.00000  3.29355e-13
      2.00000      1665.68  1.07074e-12      0.00000  3.18067e-13
      2.00000      1657.34  5.27666e-13      0.00000  3.14305e-13
      2.00000      1649.07  3.53613e-13      0.00000  2.97953e-13
      2.00000      1640.89  9.83626e-13      0.00000  2.91875e-13
      2.00000      1632.78  1.03840e-12      0.00000  2.88981e-13
      2.00000      1624.76  9.91521e-13      0.00000  2.81022e-13
      2.00000      1616.82  6.91700e-13      0.00000  2.73642e-13
      2.00000      1608.95  6.29816e-13      0.00000  2.70459e-13
      2.00000      1601.16  8.08142e-13      0.00000  2.67130e-13
      2.00000      1593.44  5.42205e-13      0.00000  2.72774e-13
      2.00000      1585.80  7.30779e-14      0.00000  2.82035e-13
      2.00000      1578.23  3.70401e-13      0.00000  2.93178e-13
      2.00000      1570.74  8.51904e-13      0.00000  3.00268e-13
      2.00000      1563.31  1.06091e-12      0.00000  3.00124e-13
      2.00000      1555.95  8.56848e-13      0.00000  2.96506e-13
      2.00000      1548.67  6.19174e-13      0.00000  2.91152e-13
      2.00000      1541.45  1.06695e-12      0.00000  3.02728e-13
      2.00000      1534.30  1.19499e-12      0.00000  3.22988e-13
      2.00000      1527.21  5.19664e-13      0.00000  3.48456e-13
      2.00000      1520.19  9.36076e-14      0.00000  3.73201e-13
      2.00000      1513.23  3.05772e-13      0.00000  3.84922e-13
      2.00000      1506.34  9.27029e-13      0.00000  3.83331e-13
      2.00000      1499.51  1.17522e-13      0.00000  3.70886e-13
      2.00000      1492.74  5.05677e-13      0.00000  3.70162e-13
      2.00000      1486.03 -2.10216e-13      0.00000  3.77542e-13
      2.00000      1479.38  3.93500e-13      0.00000  4.07931e-13
      2.00000      1472.79  1.33519e-12      0.00000  4.41648e-13
      2.00000      1466.26  1.23318e-12      0.00000  4.70010e-13
      2.00000      1459.79  9.67650e-13      0.00000  4.92730e-13
      2.00000      1453.37  1.16465e-12      0.00000  5.07779e-13
      2.00000      1447.01  1.42281e-12      0.00000  5.31945e-13
      2.00000      1440.71 -4.80882e-13      0.00000  5.51191e-13
      2.00000      1434.46  1.31636e-13      0.00000  5.80857e-13
      2.00000      1428.26  2.09971e-13      0.00000  6.13271e-13
      2.00000      1422.12 -2.14844e-13      0.00000  6.26584e-13
      2.00000      1416.03  1.78439e-13      0.00000  6.15152e-13
      2.00000      1409.99 -4.83917e-13      0.00000  5.89539e-13
      2.00000      1404.00  7.14953e-13      0.00000  5.55243e-13
      2.00000      1398.07  1.12919e-13      0.00000  5.27170e-13
      2.00000      1392.18  1.44429e-12      0.00000  5.29051e-13
      2.00000      1386.34  1.47622e-12      0.00000  5.45837e-13
      2.00000      1380.56  4.33651e-13      0.00000  5.59295e-13
      2.00000      1374.82  1.21359e-13      0.00000  5.73332e-13
      2.00000      1369.12 -4.34314e-13      0.00000  5.74345e-13
      2.00000      1363.48  2.07639e-13      0.00000  5.81001e-13
      2.00000      1357.88  5.26600e-13      0.00000  5.67688e-13
      2.00000      1352.33  3.50112e-14      0.00000  5.63781e-13
      2.00000      1346.82  1.52731e-12      2.00000  5.73042e-13
      2.00000      1341.35  1.16882e-12      2.00000  5.90263e-13
      2.00000      1335.93  1.87101e-12      0.00000  6.03865e-13
      2.00000      1330.56  1.22677e-12      0.00000  6.28321e-13
