      2.00000      1927.90  5.71736e-13      0.00000  7.78527e-14
      2.00000      1916.72  5.47009e-13      0.00000  4.71747e-14
      2.00000      1905.67  5.41362e-13      0.00000  4.51488e-14
      2.00000      1894.75  5.34966e-13      0.00000  4.61617e-14
      2.00000      1883.96  5.81883e-13      0.00000  4.48594e-14
      2.00000      1873.29  6.10944e-13      2.00000  4.44253e-14
      2.00000      1862.73  5.29796e-13      2.00000  4.58723e-14
      2.00000      1852.30  6.23767e-13      0.00000  4.64512e-14
      2.00000      1841.98  4.94419e-13      0.00000  4.76088e-14
      2.00000      1831.78  3.85448e-13      2.00000  4.61617e-14
      2.00000      1821.69  3.61327e-13      2.00000  4.31229e-14
      2.00000      1811.70  4.80851e-13      0.00000  4.16758e-14
      2.00000      1801.83  4.68238e-13      0.00000  4.15311e-14
      2.00000      1792.07  4.89055e-13      0.00000  4.51488e-14
      2.00000      1782.41  4.21389e-13      0.00000  4.67406e-14
      2.00000      1772.85  3.84170e-13      0.00000  4.58723e-14
      2.00000      1763.39  3.54505e-13      0.00000  4.63065e-14
      2.00000      1754.04  3.19916e-13      0.00000  4.67406e-14
      2.00000      1744.79  4.56943e-13      0.00000  4.58723e-14
      2.00000      1735.63  3.26766e-13      0.00000  5.22395e-14
      2.00000      1726.57  3.33634e-13      0.00000  5.03583e-14
      2.00000      1717.60  4.88411e-13      0.00000  5.07924e-14
      2.00000      1708.72  4.53243e-13      0.00000  4.96347e-14
      2.00000      1699.94  4.48802e-13      0.00000  5.18053e-14
      2.00000      1691.24  5.05410e-13      0.00000  4.86218e-14
      2.00000      1682.64  4.49952e-13      0.00000  4.97794e-14
      2.00000      1674.12  4.00983e-13      0.00000  4.63065e-14
      2.00000      1665.68  4.63817e-13      0.00000  5.48442e-14
      2.00000      1657.34  5.63362e-13      0.00000  5.51336e-14
      2.00000      1649.07  4.58143e-13      0.00000  4.60170e-14
      2.00000      1640.89  4.44035e-13      0.00000  4.28335e-14
      2.00000      1632.78  4.79792e-13      0.00000  4.26888e-14
      2.00000      1624.76  4.12997e-13      0.00000  4.09523e-14
      2.00000      1616.82  2.35342e-13      0.00000  4.08076e-14
      2.00000      1608.95  1.97256e-13      0.00000  4.08076e-14
      2.00000      1601.16  3.22093e-13      0.00000  4.02287e-14
      2.00000      1593.44  2.24639e-13      0.00000  4.08076e-14
      2.00000      1585.80  2.98128e-13      0.00000  4.18205e-14
      2.00000      1578.23  4.55694e-13      0.00000  4.32676e-14
      2.00000      1570.74  5.24650e-13      0.00000  4.42805e-14
      2.00000      1563.31  6.71099e-13      0.00000  4.39911e-14
      2.00000      1555.95  6.97819e-13      0.00000  4.41358e-14
      2.00000      1548.67  4.99363e-13      0.00000  4.61617e-14
      2.00000      1541.45  5.42789e-13      0.00000  4.83324e-14
      2.00000      1534.30  7.53351e-13      0.00000  4.93453e-14
      2.00000      1527.21  6.46488e-13      0.00000  5.29630e-14
      2.00000      1520.19  6.53017e-13      0.00000  5.68701e-14
      2.00000      1513.23  7.22015e-13      0.00000  6.90255e-14
      2.00000      1506.34  7.28859e-13      0.00000  5.97643e-14
      2.00000      1499.51  4.50849e-13      0.00000  6.39608e-14
      2.00000      1492.74  3.87387e-13      0.00000  5.48442e-14
      2.00000      1486.03  3.83879e-13      0.00000  5.65807e-14
      2.00000      1479.38  2.51142e-13      0.00000  6.59867e-14
      2.00000      1472.79  4.54169e-13      0.00000  6.62761e-14
      2.00000      1466.26  3.97975e-13      0.00000  6.98938e-14
      2.00000      1459.79  5.69153e-13      0.00000  8.65352e-14
      2.00000      1453.37  9.17952e-13      0.00000  7.69845e-14
      2.00000      1447.01  1.21401e-12      0.00000  7.84315e-14
      2.00000      1440.71  5.28238e-13      0.00000  8.50881e-14
      2.00000      1434.46  2.97338e-13      0.00000  8.47987e-14
      2.00000      1428.26  4.93171e-15      0.00000  9.02976e-14
      2.00000      1422.12  1.42183e-13      0.00000  9.50729e-14
      2.00000      1416.03  2.16878e-13      0.00000  9.40600e-14
      2.00000      1409.99 -2.87298e-14      0.00000  8.92846e-14
      2.00000      1404.00  2.49844e-13      0.00000  8.36410e-14
      2.00000      1398.07  4.56468e-13      0.00000  8.11810e-14
      2.00000      1392.18  3.52233e-13      0.00000  7.90104e-14
      2.00000      1386.34  4.97770e-13      0.00000  8.36410e-14
      2.00000      1380.56  5.51510e-13      0.00000  8.62458e-14
      2.00000      1374.82  3.16974e-13      0.00000  8.89952e-14
      2.00000      1369.12  5.57525e-13      0.00000  9.04423e-14
      2.00000      1363.48  4.83441e-13      0.00000  9.23235e-14
      2.00000      1357.88  5.44624e-13      0.00000  8.88505e-14
      2.00000      1352.33  1.00451e-12      0.00000  8.62458e-14
      2.00000      1346.82  1.23598e-12      0.00000  9.66647e-14
      2.00000      1341.35  1.38703e-12      0.00000  1.02887e-13
      2.00000      1335.93  1.58425e-12      0.00000  1.03755e-13
      2.00000      1330.56  1.62310e-12      0.00000  1.00572e-13
