      2.00000      1927.90  2.12037e-13      0.00000  7.68398e-14
      2.00000      1916.72  3.24701e-13      0.00000  4.80429e-14
      2.00000      1905.67  3.89318e-13      0.00000  4.60170e-14
      2.00000      1894.75  4.03011e-13      0.00000  4.92006e-14
      2.00000      1883.96  4.47801e-13      0.00000  4.70300e-14
      2.00000      1873.29  4.35912e-13      0.00000  4.41358e-14
      2.00000      1862.73  3.99506e-13      0.00000  4.55829e-14
      2.00000      1852.30  3.83158e-13      0.00000  4.44253e-14
      2.00000      1841.98  4.14157e-13      0.00000  4.45700e-14
      2.00000      1831.78  3.92242e-13      2.00000  4.21099e-14
      2.00000      1821.69  2.19119e-13      2.00000  4.08076e-14
      2.00000      1811.70  3.09366e-13      0.00000  4.21099e-14
      2.00000      1801.83  3.61307e-13      0.00000  4.22546e-14
      2.00000      1792.07  2.93674e-13      0.00000  4.32676e-14
      2.00000      1782.41  2.50186e-13      0.00000  4.54382e-14
      2.00000      1772.85  2.86135e-13      0.00000  4.60170e-14
      2.00000      1763.39  2.64789e-13      2.00000  4.71747e-14
      2.00000      1754.04  2.82217e-13      2.00000  4.51488e-14
      2.00000      1744.79  2.05504e-13      0.00000  4.54382e-14
      2.00000      1735.63  2.72905e-13      0.00000  4.83324e-14
      2.00000      1726.57  3.48179e-13      0.00000  4.89112e-14
      2.00000      1717.60  4.19173e-13      0.00000  5.39760e-14
      2.00000      1708.72  3.97074e-13      0.00000  5.31077e-14
      2.00000      1699.94  4.32035e-13      0.00000  5.61466e-14
      2.00000      1691.24  3.83022e-13      0.00000  5.39760e-14
      2.00000      1682.64  3.32268e-13      0.00000  5.48442e-14
      2.00000      1674.12  3.12357e-13      0.00000  5.73042e-14
      2.00000      1665.68  3.37145e-13      0.00000  5.03583e-14
      2.00000      1657.34  4.87938e-13      0.00000  4.83324e-14
      2.00000      1649.07  4.26784e-13      0.00000  4.65959e-14
      2.00000      1640.89  3.54153e-13      0.00000  4.28335e-14
      2.00000      1632.78  2.41240e-13      0.00000  4.34123e-14
      2.00000      1624.76  3.04486e-13      0.00000  4.47147e-14
      2.00000      1616.82  2.97871e-13      0.00000  4.18205e-14
      2.00000      1608.95  2.17250e-13      0.00000  4.10970e-14
      2.00000      1601.16  1.14873e-13      0.00000  4.10970e-14
      2.00000      1593.44  1.54532e-13      2.00000  4.29782e-14
      2.00000      1585.80  2.71880e-13      2.00000  4.26888e-14
      2.00000      1578.23  3.66375e-13      0.00000  4.34123e-14
      2.00000      1570.74  4.14025e-13      0.00000  4.51488e-14
      2.00000      1563.31 -2.00793e-13      0.00000  4.93453e-14
      2.00000      1555.95 -3.65900e-13      0.00000  5.07924e-14
      2.00000      1548.67  1.19215e-15      0.00000  4.96347e-14
      2.00000      1541.45 -3.78448e-14      0.00000  5.44101e-14
      2.00000      1534.30  6.20293e-13      0.00000  5.02136e-14
      2.00000      1527.21  5.65714e-13      0.00000  5.33971e-14
      2.00000      1520.19  6.20523e-13      0.00000  5.80278e-14
      2.00000      1513.23  6.05133e-13      0.00000  6.97491e-14
      2.00000      1506.34  5.80344e-13      0.00000  8.24834e-14
      2.00000      1499.51  4.74562e-13      0.00000  6.65655e-14
      2.00000      1492.74  2.96545e-13      0.00000  5.61466e-14
      2.00000      1486.03  2.99733e-13      0.00000  5.65807e-14
      2.00000      1479.38  2.46963e-13      0.00000  6.52632e-14
      2.00000      1472.79  4.03125e-13      0.00000  6.67102e-14
      2.00000      1466.26  3.41548e-13      0.00000  7.04726e-14
      2.00000      1459.79  4.94052e-13      0.00000  7.56821e-14
      2.00000      1453.37  7.17696e-13      2.00000  8.20492e-14
      2.00000      1447.01  8.92431e-13      2.00000  8.32069e-14
      2.00000      1440.71  4.66092e-13      0.00000  8.55222e-14
      2.00000      1434.46  4.46456e-13      0.00000  8.58116e-14
      2.00000      1428.26  1.89497e-13      0.00000  9.33364e-14
      2.00000      1422.12  5.18346e-13      0.00000  9.52176e-14
      2.00000      1416.03  4.65616e-13      0.00000  9.57965e-14
      2.00000      1409.99  1.59809e-13      0.00000  9.14552e-14
      2.00000      1404.00  3.07627e-13      0.00000  8.24834e-14
      2.00000      1398.07  5.60401e-13      0.00000  8.27728e-14
      2.00000      1392.18  4.81680e-13      0.00000  8.17598e-14
      2.00000      1386.34  3.47285e-13      0.00000  8.53775e-14
      2.00000      1380.56  1.78139e-13      0.00000  1.02164e-13
      2.00000      1374.82  2.62070e-13      2.00000  1.04479e-13
      2.00000      1369.12  3.22959e-13      2.00000  8.91399e-14
      2.00000      1363.48  4.97554e-13      0.00000  8.98635e-14
      2.00000      1357.88  1.24666e-13      0.00000  9.21788e-14
      2.00000      1352.33  4.46130e-13      0.00000  9.01529e-14
      2.00000      1346.82  9.17737e-13      2.00000  8.75481e-14
      2.00000      1341.35  1.18777e-12      2.00000  9.21788e-14
      2.00000      1335.93  1.35707e-12      0.00000  9.40600e-14
      2.00000      1330.56  1.35592e-12      0.00000  1.12872e-13
