      3.00000      1341.35  1.33409e-12      0.00000  5.23842e-14
      3.00000      1330.56  1.31016e-12      0.00000  4.86218e-14
      3.00000      1319.94  1.53144e-12      0.00000  4.84771e-14
      3.00000      1309.48  2.09185e-12      0.00000  4.94900e-14
      3.00000      1299.19  2.02179e-12      0.00000  4.74641e-14
      3.00000      1289.06  1.48472e-12      0.00000  4.44253e-14
      3.00000      1279.09  1.20256e-12      0.00000  4.31229e-14
      3.00000      1269.27  1.05039e-12      2.00000  4.26888e-14
      3.00000      1259.60  9.39896e-13      2.00000  4.05181e-14
      3.00000      1250.08  8.98245e-13      0.00000  3.73346e-14
      3.00000      1240.70  5.44944e-13      0.00000  3.57428e-14
      3.00000      1231.46  2.10770e-13      0.00000  3.44404e-14
      3.00000      1222.35  2.57935e-13      0.00000  3.34275e-14
      3.00000      1213.38  2.18267e-13      0.00000  3.54534e-14
      3.00000      1204.54  1.56672e-13      0.00000  3.48745e-14
      3.00000      1195.83  2.07451e-13      0.00000  3.44404e-14
      3.00000      1187.24  1.68813e-13      0.00000  3.37169e-14
      3.00000      1178.78  2.07310e-13      2.00000  4.09523e-14
