      2.00000      1927.90 -5.62431e-13      0.00000  5.28183e-13
      2.00000      1916.72 -3.45880e-14      0.00000  3.23566e-13
      2.00000      1905.67  1.31498e-13      0.00000  3.11990e-13
      2.00000      1894.75  1.77106e-13      0.00000  3.24579e-13
      2.00000      1883.96  5.92208e-13      0.00000  3.12134e-13
      2.00000      1873.29  2.39949e-13      0.00000  2.95204e-13
      2.00000      1862.73  5.16616e-14      0.00000  3.00124e-13
      2.00000      1852.30  5.29188e-13      0.00000  3.13581e-13
      2.00000      1841.98  3.92996e-13      0.00000  3.05188e-13
      2.00000      1831.78 -2.56663e-14      2.00000  2.94335e-13
      2.00000      1821.69 -4.20744e-13      2.00000  2.79141e-13
      2.00000      1811.70  9.84004e-14      0.00000  2.77983e-13
      2.00000      1801.83  4.83299e-13      0.00000  2.88837e-13
      2.00000      1792.07  1.14504e-12      0.00000  3.07938e-13
      2.00000      1782.41  4.03186e-14      0.00000  3.10977e-13
      2.00000      1772.85  9.17196e-15      0.00000  3.15897e-13
      2.00000      1763.39  4.56693e-13      0.00000  3.08372e-13
      2.00000      1754.04 -7.42414e-13      0.00000  3.08517e-13
      2.00000      1744.79  4.98674e-13      0.00000  3.21975e-13
      2.00000      1735.63 -5.72515e-13      0.00000  3.39195e-13
      2.00000      1726.57 -4.48494e-13      0.00000  3.49758e-13
      2.00000      1717.60  7.57719e-13      0.00000  3.50048e-13
      2.00000      1708.72  6.41071e-14      0.00000  3.47443e-13
      2.00000      1699.94 -7.66466e-14      0.00000  3.39774e-13
      2.00000      1691.24  7.77116e-13      0.00000  3.42957e-13
      2.00000      1682.64  3.40193e-13      0.00000  3.38471e-13
      2.00000      1674.12  5.93179e-13      0.00000  3.37169e-13
      2.00000      1665.68  2.14207e-13      0.00000  3.30223e-13
      2.00000      1657.34  1.68814e-12      0.00000  3.22698e-13
      2.00000      1649.07  7.47843e-13      0.00000  3.04320e-13
      2.00000      1640.89  5.76918e-13      0.00000  2.97085e-13
      2.00000      1632.78  3.42453e-13      0.00000  2.92165e-13
      2.00000      1624.76 -3.16875e-13      0.00000  2.87679e-13
      2.00000      1616.82  3.13541e-13      0.00000  2.81312e-13
      2.00000      1608.95  4.79114e-13      0.00000  2.82325e-13
      2.00000      1601.16  7.72785e-14      0.00000  2.77405e-13
      2.00000      1593.44  2.76398e-13      0.00000  2.82469e-13
      2.00000      1585.80  4.48310e-13      0.00000  2.91441e-13
      2.00000      1578.23  4.32731e-13      0.00000  3.04465e-13
      2.00000      1570.74  8.20894e-13      0.00000  3.12713e-13
      2.00000      1563.31  4.41983e-13      0.00000  3.10253e-13
      2.00000      1555.95  5.42963e-13      0.00000  3.06925e-13
      2.00000      1548.67  1.14640e-12      0.00000  3.06057e-13
      2.00000      1541.45  8.65811e-13      0.00000  3.12279e-13
      2.00000      1534.30  3.93662e-13      0.00000  3.30657e-13
      2.00000      1527.21  3.30546e-13      0.00000  3.71030e-13
      2.00000      1520.19  8.95085e-13      0.00000  4.32386e-13
      2.00000      1513.23  4.91829e-13      0.00000  4.03011e-13
      2.00000      1506.34  4.67913e-13      0.00000  4.00551e-13
      2.00000      1499.51  8.10276e-13      0.00000  4.02143e-13
      2.00000      1492.74  7.22566e-13      0.00000  3.86225e-13
      2.00000      1486.03  3.43596e-13      0.00000  3.97367e-13
      2.00000      1479.38 -4.96911e-14      0.00000  4.25441e-13
      2.00000      1472.79 -1.83130e-13      0.00000  4.55250e-13
      2.00000      1466.26  5.14263e-13      0.00000  4.86362e-13
      2.00000      1459.79  1.01035e-12      0.00000  5.13133e-13
      2.00000      1453.37  1.54037e-12      0.00000  5.17909e-13
      2.00000      1447.01  1.78546e-12      0.00000  5.48297e-13
      2.00000      1440.71 -4.79687e-13      0.00000  5.73766e-13
      2.00000      1434.46 -2.31894e-13      0.00000  6.04299e-13
      2.00000      1428.26 -2.76773e-13      0.00000  6.33675e-13
      2.00000      1422.12 -6.17171e-13      0.00000  6.39608e-13
      2.00000      1416.03  2.28844e-13      0.00000  6.31359e-13
      2.00000      1409.99 -3.37275e-13      0.00000  6.12548e-13
      2.00000      1404.00  2.36821e-13      0.00000  5.74634e-13
      2.00000      1398.07  4.76985e-13      0.00000  5.41351e-13
      2.00000      1392.18 -9.34894e-14      0.00000  5.43522e-13
      2.00000      1386.34  9.47277e-13      0.00000  5.69135e-13
      2.00000      1380.56  1.23692e-12      0.00000  5.74779e-13
      2.00000      1374.82  8.00460e-13      0.00000  5.94893e-13
      2.00000      1369.12 -1.90144e-13      0.00000  5.93446e-13
      2.00000      1363.48  3.68586e-13      0.00000  5.92144e-13
      2.00000      1357.88 -4.63667e-13      0.00000  5.89250e-13
      2.00000      1352.33  8.02703e-13      0.00000  5.85342e-13
      2.00000      1346.82  2.18949e-12      2.00000  5.93301e-13
      2.00000      1341.35  1.16446e-12      2.00000  6.14139e-13
      2.00000      1335.93  1.07558e-12      0.00000  6.25137e-13
      2.00000      1330.56  1.17514e-12      0.00000  6.47567e-13
