      3.00000      1341.35  1.31199e-12      0.00000  5.09371e-14
      3.00000      1330.56  1.38482e-12      0.00000  5.49889e-14
      3.00000      1319.94  1.82302e-12      0.00000  5.55677e-14
      3.00000      1309.48  2.53656e-12      0.00000  5.12265e-14
      3.00000      1299.19  2.19379e-12      0.00000  5.16606e-14
      3.00000      1289.06  1.53114e-12      0.00000  4.73194e-14
      3.00000      1279.09  1.28807e-12      0.00000  4.42805e-14
      3.00000      1269.27  1.03085e-12      2.00000  4.29782e-14
      3.00000      1259.60  9.42474e-13      2.00000  4.19652e-14
      3.00000      1250.08  9.25575e-13      0.00000  4.06629e-14
      3.00000      1240.70  5.37800e-13      0.00000  3.51640e-14
      3.00000      1231.46  1.77442e-13      0.00000  3.41510e-14
      3.00000      1222.35  2.41481e-13      0.00000  3.44404e-14
      3.00000      1213.38  2.93616e-13      0.00000  3.60322e-14
      3.00000      1204.54  3.00058e-13      0.00000  3.51640e-14
      3.00000      1195.83  2.44447e-13      0.00000  3.37169e-14
      3.00000      1187.24  1.68353e-13      0.00000  3.44404e-14
      3.00000      1178.78  2.18342e-13      2.00000  4.19652e-14
