      1.00000      1319.94  1.65138e-12      0.00000  4.77535e-14
      1.00000      1309.48  2.50021e-12      0.00000  4.64512e-14
      1.00000      1299.19  2.51651e-12      0.00000  4.38464e-14
      1.00000      1289.06  1.68761e-12      0.00000  3.97946e-14
      1.00000      1279.09  1.38599e-12      0.00000  3.79134e-14
      1.00000      1269.27  1.34386e-12      0.00000  3.92158e-14
      1.00000      1259.60  1.07261e-12      0.00000  3.89264e-14
      1.00000      1250.08  8.81695e-13      0.00000  3.73346e-14
      1.00000      1240.70  6.79014e-13      0.00000  3.55981e-14
      1.00000      1231.46  3.10905e-13      0.00000  3.47298e-14
      1.00000      1222.35  1.62562e-13      0.00000  3.57428e-14
      1.00000      1213.38  2.86600e-13      0.00000  3.60322e-14
      1.00000      1204.54  1.55297e-13      0.00000  3.60322e-14
      1.00000      1195.83  2.60958e-13      0.00000  3.53087e-14
      1.00000      1187.24  1.84424e-13      0.00000  3.42957e-14
      1.00000      1178.78  1.21812e-13      0.00000  3.57428e-14
      1.00000      1170.43  2.39594e-13      0.00000  3.67557e-14
      1.00000      1162.20  3.08644e-13      0.00000  3.74793e-14
      1.00000      1154.09  3.22502e-13      0.00000  3.87817e-14
      1.00000      1146.09  5.63214e-13      0.00000  3.87817e-14
      1.00000      1138.20  8.40026e-13      0.00000  3.71899e-14
      1.00000      1130.42  1.01426e-12      0.00000  3.71899e-14
      1.00000      1122.74  1.55767e-12      0.00000  3.95052e-14
      1.00000      1115.17  2.50065e-12      0.00000  4.15311e-14
      1.00000      1107.70  3.81670e-12      2.00000  4.60170e-14
      1.00000      1100.33  5.29558e-12      2.00000  4.94900e-14
      1.00000      1093.05  6.48242e-12      0.00000  5.03583e-14
      1.00000      1085.87  7.30302e-12      0.00000  4.97794e-14
      1.00000      1078.79  7.77764e-12      0.00000  4.93453e-14
      1.00000      1071.79  7.71211e-12      0.00000  4.83324e-14
      1.00000      1064.89  7.62934e-12      0.00000  4.74641e-14
      1.00000      1058.08  7.11540e-12      0.00000  4.58723e-14
      1.00000      1051.35  6.69583e-12      0.00000  4.47147e-14
      1.00000      1044.71  7.10547e-12      0.00000  4.29782e-14
      1.00000      1038.15  9.55897e-12      0.00000  4.45700e-14
      1.00000      1031.67  8.55311e-12      0.00000  4.13864e-14
      1.00000      1025.27  5.58019e-12      0.00000  3.73346e-14
      1.00000      1018.95  4.13676e-12      0.00000  3.53087e-14
      1.00000      1012.71  3.62655e-12      0.00000  3.45851e-14
      1.00000      1006.54  3.24591e-12      0.00000  3.45851e-14
      1.00000      1000.45  2.89072e-12      0.00000  3.42957e-14
      1.00000      994.436  2.53962e-12      0.00000  3.37169e-14
      1.00000      988.491  2.30737e-12      0.00000  3.35722e-14
      1.00000      982.616  2.14239e-12      0.00000  3.35722e-14
      1.00000      976.810  1.91152e-12      0.00000  3.48745e-14
      1.00000      971.074  1.79407e-12      0.00000  3.70452e-14
      1.00000      965.403  1.69725e-12      0.00000  3.60322e-14
      1.00000      959.799  1.61229e-12      0.00000  3.76240e-14
      1.00000      954.259  1.75027e-12      0.00000  3.90711e-14
      1.00000      948.783  1.72557e-12      0.00000  4.39911e-14
      1.00000      943.370  1.79992e-12      0.00000  4.57276e-14
      1.00000      938.017  1.94816e-12      0.00000  4.38464e-14
      1.00000      932.725  2.17210e-12      0.00000  4.34123e-14
      1.00000      927.493  2.34760e-12      0.00000  4.57276e-14
      1.00000      922.319  2.32726e-12      0.00000  4.83324e-14
      1.00000      917.202  2.86526e-12      0.00000  5.26736e-14
      1.00000      912.142  2.97140e-12      0.00000  5.32524e-14
      1.00000      907.137  3.29171e-12      0.00000  5.44101e-14
      1.00000      902.188  3.30113e-12      0.00000  5.71595e-14
      1.00000      897.292  3.30993e-12      0.00000  5.58572e-14
      1.00000      892.448  3.61338e-12      0.00000  5.86066e-14
      1.00000      887.656  3.59456e-12      0.00000  5.77384e-14
      1.00000      882.916  3.67817e-12      0.00000  5.51336e-14
      1.00000      878.226  3.62261e-12      0.00000  5.28183e-14
      1.00000      873.586  3.64037e-12      0.00000  5.99090e-14
      1.00000      868.994  3.84998e-12      0.00000  5.35418e-14
      1.00000      864.451  4.02248e-12      0.00000  5.35418e-14
      1.00000      859.955  4.41805e-12      0.00000  5.31077e-14
      1.00000      855.504  4.76427e-12      0.00000  5.41207e-14
      1.00000      851.101  5.38852e-12      0.00000  5.38312e-14
      1.00000      846.742  6.07321e-12      0.00000  5.28183e-14
      1.00000      842.427  6.81281e-12      0.00000  5.33971e-14
      1.00000      838.157  7.55977e-12      0.00000  5.44101e-14
      1.00000      833.929  8.17035e-12      0.00000  5.57124e-14
      1.00000      829.744  9.15448e-12      0.00000  5.61466e-14
      1.00000      825.601  1.00515e-11      0.00000  6.03431e-14
      1.00000      821.498  1.05741e-11      0.00000  6.00537e-14
      1.00000      817.437  1.23424e-11      0.00000  6.07772e-14
      1.00000      813.415  1.24465e-11      0.00000  6.23690e-14
      1.00000      809.433  9.79716e-12      0.00000  6.06325e-14
      1.00000      805.490  8.01121e-12      0.00000  5.80278e-14
      1.00000      801.585  7.37425e-12      0.00000  5.77384e-14
      1.00000      797.717  6.75135e-12      0.00000  5.78831e-14
      1.00000      793.886  6.40438e-12      0.00000  5.80278e-14
      1.00000      790.092  6.21264e-12      0.00000  5.91854e-14
      1.00000      786.335  6.74404e-12      0.00000  6.01984e-14
      1.00000      782.613  8.46171e-12      0.00000  6.36714e-14
      1.00000      778.925  1.14766e-11      0.00000  6.88808e-14
      1.00000      775.273  1.74725e-11      0.00000  7.98786e-14
      1.00000      771.655  2.62501e-11      0.00000  9.04423e-14
      1.00000      768.070  3.58494e-11      0.00000  1.03321e-13
      1.00000      764.518  4.65095e-11      0.00000  1.17503e-13
      1.00000      761.000  6.21878e-11      0.00000  1.33710e-13
      1.00000      757.513  7.47295e-11      8.00000  1.52667e-13
      1.00000      754.058  8.11361e-11      8.00000  1.61783e-13
      1.00000      750.635  9.93419e-11      8.00000  1.77990e-13
      1.00000      747.242  1.12264e-10      8.00000  1.93764e-13
      1.00000      743.880  1.16326e-10      8.00000  2.00275e-13
      1.00000      740.548  1.25398e-10      0.00000  2.06498e-13
      1.00000      737.246  1.40512e-10      0.00000  2.14312e-13
      1.00000      733.973  2.41239e-10      8.00000  2.72050e-13
      1.00000      730.729  6.00510e-10      8.00000  4.21244e-13
      1.00000      727.513  4.70474e-10      8.00000  3.53231e-13
      1.00000      724.326  1.62020e-10      0.00000  1.93908e-13
      1.00000      721.167  1.06077e-10      8.00000  1.76543e-13
      1.00000      718.035  1.12629e-10      8.00000  1.81319e-13
      1.00000      714.930  1.16713e-10      8.00000  1.81319e-13
      1.00000      711.852  1.11607e-10      8.00000  1.75964e-13
      1.00000      708.800  1.08847e-10      0.00000  1.75530e-13
      1.00000      705.774  1.05522e-10      0.00000  1.74373e-13
