      1.00000      1319.94  1.70171e-12      0.00000  4.81876e-14
      1.00000      1309.48  2.34408e-12      0.00000  4.71747e-14
      1.00000      1299.19  2.39389e-12      0.00000  4.39911e-14
      1.00000      1289.06  1.62789e-12      0.00000  3.99393e-14
      1.00000      1279.09  1.26719e-12      0.00000  3.86369e-14
      1.00000      1269.27  1.14160e-12      0.00000  3.99393e-14
      1.00000      1259.60  9.95559e-13      0.00000  3.86369e-14
      1.00000      1250.08  8.42674e-13      0.00000  3.71899e-14
      1.00000      1240.70  7.19752e-13      0.00000  3.63216e-14
      1.00000      1231.46  3.44841e-13      0.00000  3.57428e-14
      1.00000      1222.35  2.64791e-13      0.00000  3.48745e-14
      1.00000      1213.38  2.85837e-13      0.00000  3.50193e-14
      1.00000      1204.54  2.06758e-13      0.00000  3.54534e-14
      1.00000      1195.83  1.63576e-13      0.00000  3.41510e-14
      1.00000      1187.24  9.88694e-14      2.00000  3.35722e-14
      1.00000      1178.78  2.16043e-14      2.00000  3.51640e-14
      1.00000      1170.43  2.50638e-13      2.00000  3.71899e-14
      1.00000      1162.20  4.11525e-13      2.00000  3.93605e-14
      1.00000      1154.09  3.46329e-13      0.00000  4.32676e-14
      1.00000      1146.09  3.89787e-13      0.00000  3.89264e-14
      1.00000      1138.20  7.47905e-13      0.00000  3.86369e-14
      1.00000      1130.42  1.14118e-12      0.00000  3.89264e-14
      1.00000      1122.74  1.50071e-12      0.00000  4.10970e-14
      1.00000      1115.17  2.51935e-12      0.00000  4.39911e-14
      1.00000      1107.70  3.88059e-12      2.00000  4.65959e-14
      1.00000      1100.33  5.25765e-12      2.00000  4.87665e-14
      1.00000      1093.05  6.65880e-12      0.00000  5.03583e-14
      1.00000      1085.87  7.50081e-12      0.00000  4.99241e-14
      1.00000      1078.79  7.81878e-12      0.00000  4.83324e-14
      1.00000      1071.79  7.82339e-12      0.00000  4.78982e-14
      1.00000      1064.89  7.63960e-12      0.00000  4.67406e-14
      1.00000      1058.08  7.19403e-12      0.00000  4.51488e-14
      1.00000      1051.35  6.74788e-12      0.00000  4.42805e-14
      1.00000      1044.71  7.04480e-12      0.00000  4.29782e-14
      1.00000      1038.15  9.57146e-12      0.00000  4.60170e-14
      1.00000      1031.67  8.67932e-12      0.00000  4.23993e-14
      1.00000      1025.27  6.01162e-12      0.00000  3.90711e-14
      1.00000      1018.95  4.43821e-12      0.00000  3.77687e-14
      1.00000      1012.71  3.75508e-12      0.00000  3.60322e-14
      1.00000      1006.54  3.34007e-12      0.00000  3.44404e-14
      1.00000      1000.45  2.95030e-12      0.00000  3.38616e-14
      1.00000      994.436  2.63485e-12      0.00000  3.31380e-14
      1.00000      988.491  2.32511e-12      0.00000  3.21251e-14
      1.00000      982.616  2.09087e-12      0.00000  3.27039e-14
      1.00000      976.810  1.95380e-12      0.00000  3.35722e-14
      1.00000      971.074  1.85965e-12      0.00000  3.42957e-14
      1.00000      965.403  1.70465e-12      0.00000  3.51640e-14
      1.00000      959.799  1.68565e-12      0.00000  3.67557e-14
      1.00000      954.259  1.75295e-12      0.00000  3.80581e-14
      1.00000      948.783  1.75237e-12      0.00000  3.84922e-14
      1.00000      943.370  1.85590e-12      0.00000  4.03734e-14
      1.00000      938.017  1.91377e-12      0.00000  4.15311e-14
      1.00000      932.725  2.05785e-12      0.00000  4.28335e-14
      1.00000      927.493  2.20410e-12      0.00000  5.13712e-14
      1.00000      922.319  2.44729e-12      0.00000  4.84771e-14
      1.00000      917.202  3.01662e-12      0.00000  5.48442e-14
      1.00000      912.142  2.94675e-12      0.00000  5.35418e-14
      1.00000      907.137  3.11446e-12      0.00000  5.52783e-14
      1.00000      902.188  3.28943e-12      0.00000  5.49889e-14
      1.00000      897.292  3.35707e-12      0.00000  5.55677e-14
      1.00000      892.448  3.43583e-12      0.00000  5.60019e-14
      1.00000      887.656  3.51684e-12      0.00000  5.70148e-14
      1.00000      882.916  3.58080e-12      0.00000  5.68701e-14
      1.00000      878.226  3.60884e-12      0.00000  5.51336e-14
      1.00000      873.586  3.64117e-12      0.00000  5.42654e-14
      1.00000      868.994  3.79135e-12      0.00000  5.51336e-14
      1.00000      864.451  4.10061e-12      0.00000  5.46995e-14
      1.00000      859.955  4.37097e-12      0.00000  5.49889e-14
      1.00000      855.504  4.73589e-12      0.00000  5.75937e-14
      1.00000      851.101  5.34096e-12      0.00000  5.67254e-14
      1.00000      846.742  6.10350e-12      0.00000  5.55677e-14
      1.00000      842.427  6.76920e-12      0.00000  5.61466e-14
      1.00000      838.157  7.32977e-12      0.00000  5.78831e-14
      1.00000      833.929  8.01314e-12      0.00000  5.84619e-14
      1.00000      829.744  9.01169e-12      0.00000  5.75937e-14
      1.00000      825.601  9.88569e-12      0.00000  5.81725e-14
      1.00000      821.498  1.03877e-11      0.00000  5.84619e-14
      1.00000      817.437  1.21458e-11      0.00000  6.10666e-14
      1.00000      813.415  1.23208e-11      0.00000  6.23690e-14
      1.00000      809.433  9.76225e-12      0.00000  6.00537e-14
      1.00000      805.490  7.93218e-12      0.00000  5.71595e-14
      1.00000      801.585  7.22602e-12      0.00000  5.68701e-14
      1.00000      797.717  6.66486e-12      0.00000  5.65807e-14
      1.00000      793.886  6.22696e-12      0.00000  5.67254e-14
      1.00000      790.092  6.02205e-12      0.00000  5.75937e-14
      1.00000      786.335  6.53187e-12      0.00000  5.99090e-14
      1.00000      782.613  8.25194e-12      0.00000  6.33820e-14
      1.00000      778.925  1.12177e-11      0.00000  6.81573e-14
      1.00000      775.273  1.72535e-11      0.00000  7.69845e-14
      1.00000      771.655  2.61399e-11      0.00000  8.92846e-14
      1.00000      768.070  3.54416e-11      0.00000  1.03321e-13
      1.00000      764.518  4.60605e-11      0.00000  1.18371e-13
      1.00000      761.000  6.14556e-11      8.00000  1.33276e-13
      1.00000      757.513  7.42406e-11      8.00000  1.49772e-13
      1.00000      754.058  8.07244e-11      8.00000  1.61060e-13
      1.00000      750.635  9.82361e-11      8.00000  1.78569e-13
      1.00000      747.242  1.11191e-10      0.00000  1.91159e-13
      1.00000      743.880  1.15473e-10      0.00000  2.00565e-13
      1.00000      740.548  1.24074e-10      0.00000  2.05051e-13
      1.00000      737.246  1.39102e-10      8.00000  2.13733e-13
      1.00000      733.973  2.38066e-10      8.00000  2.69735e-13
      1.00000      730.729  5.99490e-10      0.00000  4.20231e-13
      1.00000      727.513  4.80936e-10      0.00000  3.58007e-13
      1.00000      724.326  1.64250e-10      0.00000  1.96802e-13
      1.00000      721.167  1.05751e-10      0.00000  1.78280e-13
      1.00000      718.035  1.12217e-10      0.00000  1.82332e-13
      1.00000      714.930  1.16457e-10      0.00000  1.84792e-13
      1.00000      711.852  1.11254e-10      0.00000  1.80740e-13
      1.00000      708.800  1.08456e-10      0.00000  1.75964e-13
      1.00000      705.774  1.05328e-10      0.00000  1.72926e-13
