      1.00000      1319.94  1.42731e-12      0.00000  4.80429e-14
      1.00000      1309.48  2.09140e-12      0.00000  4.76088e-14
      1.00000      1299.19  2.13505e-12      0.00000  4.51488e-14
      1.00000      1289.06  1.44769e-12      0.00000  4.00840e-14
      1.00000      1279.09  1.22587e-12      0.00000  3.92158e-14
      1.00000      1269.27  1.04494e-12      0.00000  4.38464e-14
      1.00000      1259.60  8.42676e-13      0.00000  3.83475e-14
      1.00000      1250.08  8.77444e-13      0.00000  3.77687e-14
      1.00000      1240.70  7.26136e-13      0.00000  3.69005e-14
      1.00000      1231.46  2.79708e-13      0.00000  3.50193e-14
      1.00000      1222.35  2.17409e-13      0.00000  3.60322e-14
      1.00000      1213.38  1.58324e-13      0.00000  3.61769e-14
      1.00000      1204.54  1.74080e-13      0.00000  3.69005e-14
      1.00000      1195.83  2.38485e-13      0.00000  3.41510e-14
      1.00000      1187.24  1.51059e-13      0.00000  3.42957e-14
      1.00000      1178.78  6.11357e-14      0.00000  3.54534e-14
      1.00000      1170.43  1.73177e-13      256.000  3.89264e-14
      1.00000      1162.20  2.65495e-13      256.000  4.97794e-14
      1.00000      1154.09  3.41410e-13      0.00000  4.02287e-14
      1.00000      1146.09  4.35491e-13      0.00000  3.82028e-14
      1.00000      1138.20  6.95220e-13      0.00000  3.90711e-14
      1.00000      1130.42  1.04834e-12      0.00000  3.79134e-14
      1.00000      1122.74  1.47153e-12      0.00000  3.99393e-14
      1.00000      1115.17  2.45506e-12      0.00000  4.19652e-14
      1.00000      1107.70  3.79149e-12      2.00000  4.86218e-14
      1.00000      1100.33  5.13470e-12      2.00000  5.45548e-14
      1.00000      1093.05  6.31473e-12      0.00000  5.18053e-14
      1.00000      1085.87  7.16574e-12      0.00000  4.90559e-14
      1.00000      1078.79  7.61103e-12      0.00000  4.84771e-14
      1.00000      1071.79  7.65041e-12      0.00000  4.78982e-14
      1.00000      1064.89  7.43193e-12      0.00000  4.67406e-14
      1.00000      1058.08  7.02743e-12      0.00000  4.47147e-14
      1.00000      1051.35  6.65329e-12      0.00000  4.41358e-14
      1.00000      1044.71  6.88993e-12      0.00000  4.26888e-14
      1.00000      1038.15  9.22418e-12      0.00000  4.42805e-14
      1.00000      1031.67  8.48126e-12      0.00000  4.10970e-14
      1.00000      1025.27  5.70493e-12      0.00000  3.74793e-14
      1.00000      1018.95  4.20934e-12      0.00000  3.53087e-14
      1.00000      1012.71  3.68885e-12      0.00000  3.45851e-14
      1.00000      1006.54  3.24434e-12      0.00000  3.55981e-14
      1.00000      1000.45  2.83114e-12      0.00000  3.69005e-14
      1.00000      994.436  2.57633e-12      0.00000  3.83475e-14
      1.00000      988.491  2.41679e-12      0.00000  3.74793e-14
      1.00000      982.616  2.14522e-12      0.00000  3.45851e-14
      1.00000      976.810  1.88559e-12      0.00000  3.48745e-14
      1.00000      971.074  1.71985e-12      0.00000  3.77687e-14
      1.00000      965.403  1.62755e-12      0.00000  3.64663e-14
      1.00000      959.799  1.69100e-12      0.00000  3.77687e-14
      1.00000      954.259  1.75216e-12      0.00000  4.06629e-14
      1.00000      948.783  1.79145e-12      0.00000  3.90711e-14
      1.00000      943.370  1.80513e-12      0.00000  4.16758e-14
      1.00000      938.017  2.03791e-12      0.00000  4.21099e-14
      1.00000      932.725  2.03339e-12      0.00000  4.32676e-14
      1.00000      927.493  2.22084e-12      0.00000  4.55829e-14
      1.00000      922.319  2.39991e-12      0.00000  4.83324e-14
      1.00000      917.202  2.71058e-12      0.00000  5.13712e-14
      1.00000      912.142  2.89948e-12      0.00000  5.38312e-14
      1.00000      907.137  3.15842e-12      0.00000  6.03431e-14
      1.00000      902.188  3.33087e-12      0.00000  6.33820e-14
      1.00000      897.292  3.32970e-12      0.00000  5.80278e-14
      1.00000      892.448  3.43456e-12      0.00000  5.78831e-14
      1.00000      887.656  3.47917e-12      0.00000  5.57124e-14
      1.00000      882.916  3.61595e-12      0.00000  5.67254e-14
      1.00000      878.226  3.64605e-12      0.00000  5.44101e-14
      1.00000      873.586  3.62279e-12      0.00000  5.33971e-14
      1.00000      868.994  3.68788e-12      0.00000  5.38312e-14
      1.00000      864.451  4.04388e-12      0.00000  5.31077e-14
      1.00000      859.955  4.26827e-12      0.00000  5.33971e-14
      1.00000      855.504  4.73875e-12      0.00000  5.80278e-14
      1.00000      851.101  5.23949e-12      0.00000  5.52783e-14
      1.00000      846.742  5.85185e-12      0.00000  5.41207e-14
      1.00000      842.427  6.51212e-12      0.00000  5.44101e-14
      1.00000      838.157  7.10866e-12      0.00000  5.46995e-14
      1.00000      833.929  7.76106e-12      0.00000  5.48442e-14
      1.00000      829.744  8.67203e-12      0.00000  5.65807e-14
      1.00000      825.601  9.56885e-12      0.00000  5.75937e-14
      1.00000      821.498  1.01359e-11      0.00000  5.90407e-14
      1.00000      817.437  1.18140e-11      0.00000  6.12113e-14
      1.00000      813.415  1.20115e-11      0.00000  6.35267e-14
      1.00000      809.433  9.50422e-12      0.00000  6.20796e-14
      1.00000      805.490  7.71778e-12      0.00000  5.83172e-14
      1.00000      801.585  7.09684e-12      0.00000  5.78831e-14
      1.00000      797.717  6.51822e-12      0.00000  5.81725e-14
      1.00000      793.886  6.11666e-12      0.00000  5.78831e-14
      1.00000      790.092  6.01824e-12      0.00000  5.91854e-14
      1.00000      786.335  6.55679e-12      0.00000  6.09219e-14
      1.00000      782.613  8.19053e-12      0.00000  6.72891e-14
      1.00000      778.925  1.09059e-11      0.00000  6.93150e-14
      1.00000      775.273  1.62819e-11      0.00000  7.72739e-14
      1.00000      771.655  2.47695e-11      0.00000  9.04423e-14
      1.00000      768.070  3.38676e-11      0.00000  1.02308e-13
      1.00000      764.518  4.38724e-11      0.00000  1.14898e-13
      1.00000      761.000  5.91559e-11      8.00000  1.32263e-13
      1.00000      757.513  7.16382e-11      8.00000  1.50641e-13
      1.00000      754.058  7.80421e-11      8.00000  1.58600e-13
      1.00000      750.635  9.52344e-11      8.00000  1.77846e-13
      1.00000      747.242  1.08533e-10      0.00000  1.89712e-13
      1.00000      743.880  1.12811e-10      0.00000  1.96947e-13
      1.00000      740.548  1.21282e-10      0.00000  2.02880e-13
      1.00000      737.246  1.34784e-10      0.00000  2.11128e-13
      1.00000      733.973  2.26456e-10      0.00000  2.65104e-13
      1.00000      730.729  5.71619e-10      0.00000  4.09523e-13
      1.00000      727.513  4.64864e-10      0.00000  3.53955e-13
      1.00000      724.326  1.59899e-10      0.00000  1.93329e-13
      1.00000      721.167  1.02778e-10      0.00000  1.73070e-13
      1.00000      718.035  1.08982e-10      8.00000  1.79003e-13
      1.00000      714.930  1.13023e-10      8.00000  1.79293e-13
      1.00000      711.852  1.08063e-10      0.00000  1.75675e-13
      1.00000      708.800  1.05357e-10      0.00000  1.74807e-13
      1.00000      705.774  1.02077e-10      0.00000  1.70031e-13
