      1.00000      1319.94  1.29395e-12      0.00000  4.87665e-14
      1.00000      1309.48  1.86301e-12      0.00000  4.57276e-14
      1.00000      1299.19  1.78273e-12      0.00000  4.23993e-14
      1.00000      1289.06  1.23740e-12      0.00000  3.95052e-14
      1.00000      1279.09  1.09178e-12      0.00000  3.82028e-14
      1.00000      1269.27  8.85855e-13      0.00000  3.80581e-14
      1.00000      1259.60  7.68813e-13      0.00000  3.90711e-14
      1.00000      1250.08  8.15648e-13      0.00000  3.74793e-14
      1.00000      1240.70  6.06051e-13      0.00000  3.58875e-14
      1.00000      1231.46  3.19427e-13      0.00000  3.74793e-14
      1.00000      1222.35  1.75512e-13      0.00000  3.97946e-14
      1.00000      1213.38  2.34740e-13      0.00000  3.54534e-14
      1.00000      1204.54  3.30598e-13      0.00000  3.64663e-14
      1.00000      1195.83  6.89160e-13      2.00000  3.87817e-14
      1.00000      1187.24  5.89237e-14      2.00000  3.48745e-14
      1.00000      1178.78  4.01442e-14      0.00000  3.53087e-14
      1.00000      1170.43  1.82380e-13      0.00000  3.76240e-14
      1.00000      1162.20  3.11869e-13      0.00000  4.06629e-14
      1.00000      1154.09  3.17276e-13      0.00000  3.99393e-14
      1.00000      1146.09  4.57804e-13      0.00000  3.92158e-14
      1.00000      1138.20  7.90576e-13      0.00000  3.89264e-14
      1.00000      1130.42  1.03631e-12      0.00000  3.92158e-14
      1.00000      1122.74  1.49963e-12      0.00000  4.15311e-14
      1.00000      1115.17  2.51456e-12      0.00000  4.25441e-14
      1.00000      1107.70  3.81531e-12      2.00000  4.48594e-14
      1.00000      1100.33  5.19401e-12      2.00000  4.71747e-14
      1.00000      1093.05  6.25521e-12      0.00000  4.81876e-14
      1.00000      1085.87  6.88123e-12      0.00000  4.80429e-14
      1.00000      1078.79  7.26275e-12      0.00000  4.97794e-14
      1.00000      1071.79  7.22301e-12      0.00000  4.71747e-14
      1.00000      1064.89  6.94456e-12      0.00000  4.70300e-14
      1.00000      1058.08  6.54459e-12      0.00000  4.48594e-14
      1.00000      1051.35  6.19370e-12      0.00000  4.41358e-14
      1.00000      1044.71  6.46073e-12      0.00000  4.37017e-14
      1.00000      1038.15  8.68102e-12      0.00000  4.47147e-14
      1.00000      1031.67  7.65684e-12      0.00000  4.12417e-14
      1.00000      1025.27  5.40918e-12      0.00000  3.90711e-14
      1.00000      1018.95  4.13895e-12      0.00000  3.82028e-14
      1.00000      1012.71  3.38843e-12      2.00000  3.64663e-14
      1.00000      1006.54  2.98427e-12      2.00000  3.48745e-14
      1.00000      1000.45  2.67921e-12      0.00000  3.42957e-14
      1.00000      994.436  2.39466e-12      0.00000  3.38616e-14
      1.00000      988.491  2.14004e-12      0.00000  3.32828e-14
      1.00000      982.616  1.90004e-12      0.00000  3.37169e-14
      1.00000      976.810  1.84033e-12      2.00000  3.50193e-14
      1.00000      971.074  1.82332e-12      2.00000  3.64663e-14
      1.00000      965.403  1.56760e-12      0.00000  3.67557e-14
      1.00000      959.799  1.46508e-12      0.00000  3.77687e-14
      1.00000      954.259  1.54360e-12      0.00000  3.96499e-14
      1.00000      948.783  1.62077e-12      2.00000  4.06629e-14
      1.00000      943.370  1.76587e-12      2.00000  4.54382e-14
      1.00000      938.017  2.00951e-12      0.00000  4.48594e-14
      1.00000      932.725  1.92751e-12      0.00000  4.44253e-14
      1.00000      927.493  2.14064e-12      0.00000  4.67406e-14
      1.00000      922.319  2.32268e-12      0.00000  4.96347e-14
      1.00000      917.202  2.52715e-12      0.00000  5.23842e-14
      1.00000      912.142  2.77730e-12      0.00000  5.52783e-14
      1.00000      907.137  2.92788e-12      0.00000  5.57124e-14
      1.00000      902.188  3.12779e-12      0.00000  5.68701e-14
      1.00000      897.292  3.19792e-12      0.00000  5.78831e-14
      1.00000      892.448  3.16697e-12      0.00000  5.68701e-14
      1.00000      887.656  3.14787e-12      0.00000  5.68701e-14
      1.00000      882.916  3.37338e-12      0.00000  5.64360e-14
      1.00000      878.226  3.25566e-12      0.00000  6.07772e-14
      1.00000      873.586  3.31943e-12      0.00000  5.51336e-14
      1.00000      868.994  3.48157e-12      0.00000  5.44101e-14
      1.00000      864.451  3.86305e-12      0.00000  5.60019e-14
      1.00000      859.955  4.06174e-12      0.00000  5.54230e-14
      1.00000      855.504  4.46260e-12      0.00000  5.57124e-14
      1.00000      851.101  4.92239e-12      0.00000  5.54230e-14
      1.00000      846.742  5.44496e-12      0.00000  5.54230e-14
      1.00000      842.427  6.08472e-12      0.00000  5.45548e-14
      1.00000      838.157  6.46072e-12      0.00000  5.55677e-14
      1.00000      833.929  7.20075e-12      2.00000  5.68701e-14
      1.00000      829.744  8.06425e-12      2.00000  5.74489e-14
      1.00000      825.601  8.78446e-12      0.00000  5.78831e-14
      1.00000      821.498  9.31482e-12      0.00000  5.90407e-14
      1.00000      817.437  1.12473e-11      0.00000  6.22243e-14
      1.00000      813.415  1.12618e-11      0.00000  6.26584e-14
      1.00000      809.433  8.50465e-12      0.00000  6.16455e-14
      1.00000      805.490  6.82767e-12      0.00000  6.41055e-14
      1.00000      801.585  6.30190e-12      0.00000  6.59867e-14
      1.00000      797.717  5.78295e-12      0.00000  5.96196e-14
      1.00000      793.886  5.45029e-12      0.00000  5.93301e-14
      1.00000      790.092  5.33824e-12      0.00000  6.07772e-14
      1.00000      786.335  5.80826e-12      0.00000  6.22243e-14
      1.00000      782.613  7.37474e-12      0.00000  6.41055e-14
      1.00000      778.925  9.90016e-12      0.00000  7.00385e-14
      1.00000      775.273  1.46540e-11      0.00000  8.07469e-14
      1.00000      771.655  2.22938e-11      0.00000  9.62306e-14
      1.00000      768.070  3.09681e-11      8.00000  1.07373e-13
      1.00000      764.518  3.89714e-11      8.00000  1.14174e-13
      1.00000      761.000  5.20832e-11      2.00000  1.28356e-13
      1.00000      757.513  6.48110e-11      10.0000  1.49917e-13
      1.00000      754.058  6.90252e-11      10.0000  1.54837e-13
      1.00000      750.635  8.33813e-11      8.00000  1.68584e-13
      1.00000      747.242  9.45858e-11      0.00000  1.81029e-13
      1.00000      743.880  9.93649e-11      0.00000  1.88554e-13
      1.00000      740.548  1.07022e-10      0.00000  1.93185e-13
      1.00000      737.246  1.21965e-10      8.00000  2.02880e-13
      1.00000      733.973  2.07812e-10      8.00000  2.54396e-13
      1.00000      730.729  5.15296e-10      8.00000  3.89698e-13
      1.00000      727.513  3.82482e-10      8.00000  3.19949e-13
      1.00000      724.326  1.31554e-10      8.00000  1.83489e-13
      1.00000      721.167  8.81855e-11      8.00000  1.69163e-13
      1.00000      718.035  9.67305e-11      10.0000  1.71479e-13
      1.00000      714.930  1.00304e-10      10.0000  1.74952e-13
      1.00000      711.852  9.47093e-11      8.00000  1.66269e-13
      1.00000      708.800  9.08112e-11      10.0000  1.66124e-13
      1.00000      705.774  9.02232e-11      10.0000  1.66269e-13
