      1.00000      1319.94  1.78836e-12      0.00000  3.07504e-13
      1.00000      1309.48  2.57231e-12      0.00000  2.99400e-13
      1.00000      1299.19  3.05488e-12      0.00000  2.79720e-13
      1.00000      1289.06  2.34720e-12      0.00000  2.57580e-13
      1.00000      1279.09  1.86938e-12      0.00000  2.50200e-13
      1.00000      1269.27  1.80459e-12      0.00000  2.55409e-13
      1.00000      1259.60  1.66927e-12      0.00000  2.54975e-13
      1.00000      1250.08  1.73409e-12      0.00000  2.46582e-13
      1.00000      1240.70  1.43844e-12      0.00000  2.40938e-13
      1.00000      1231.46  1.11700e-12      0.00000  2.38768e-13
      1.00000      1222.35  1.28511e-12      0.00000  2.44556e-13
      1.00000      1213.38  8.79932e-13      0.00000  2.46871e-13
      1.00000      1204.54  1.19015e-12      0.00000  2.46727e-13
      1.00000      1195.83  2.61722e-13      0.00000  2.38478e-13
      1.00000      1187.24  1.70649e-13      0.00000  2.36597e-13
      1.00000      1178.78  4.04200e-13      0.00000  2.40938e-13
      1.00000      1170.43 -2.32538e-13      0.00000  2.49476e-13
      1.00000      1162.20  7.77905e-13      0.00000  2.50055e-13
      1.00000      1154.09 -1.26203e-13      0.00000  2.46148e-13
      1.00000      1146.09  1.03579e-12      0.00000  2.46437e-13
      1.00000      1138.20  1.33606e-12      0.00000  2.36018e-13
      1.00000      1130.42  1.03569e-12      0.00000  2.37321e-13
      1.00000      1122.74  1.18531e-12      0.00000  2.38189e-13
      1.00000      1115.17  1.76488e-12      0.00000  2.44701e-13
      1.00000      1107.70  3.48859e-12      0.00000  2.48608e-13
      1.00000      1100.33  4.71121e-12      0.00000  2.58737e-13
      1.00000      1093.05  6.69661e-12      0.00000  2.58158e-13
      1.00000      1085.87  7.14681e-12      0.00000  2.53383e-13
      1.00000      1078.79  8.50012e-12      0.00000  2.55409e-13
      1.00000      1071.79  8.59115e-12      0.00000  2.50344e-13
      1.00000      1064.89  8.15466e-12      0.00000  2.43977e-13
      1.00000      1058.08  7.40891e-12      0.00000  2.32835e-13
      1.00000      1051.35  6.69630e-12      0.00000  2.27915e-13
      1.00000      1044.71  6.84704e-12      0.00000  2.22126e-13
      1.00000      1038.15  9.22387e-12      0.00000  2.25165e-13
      1.00000      1031.67  8.59028e-12      0.00000  2.12720e-13
      1.00000      1025.27  5.50531e-12      0.00000  1.98394e-13
      1.00000      1018.95  4.65549e-12      0.00000  1.91448e-13
      1.00000      1012.71  4.34356e-12      0.00000  1.88844e-13
      1.00000      1006.54  3.45021e-12      0.00000  1.86528e-13
      1.00000      1000.45  3.11603e-12      0.00000  1.85370e-13
      1.00000      994.436  2.69980e-12      0.00000  1.85081e-13
      1.00000      988.491  2.38680e-12      0.00000  1.83634e-13
      1.00000      982.616  2.67438e-12      0.00000  1.87252e-13
      1.00000      976.810  2.07984e-12      0.00000  1.91304e-13
      1.00000      971.074  1.51212e-12      0.00000  1.95500e-13
      1.00000      965.403  2.21821e-12      0.00000  2.00275e-13
      1.00000      959.799  2.15543e-12      0.00000  2.04472e-13
      1.00000      954.259  1.88527e-12      2.00000  2.15759e-13
      1.00000      948.783  2.52965e-12      2.00000  2.20679e-13
      1.00000      943.370  2.31486e-12      0.00000  2.26757e-13
      1.00000      938.017  2.50148e-12      0.00000  2.29072e-13
      1.00000      932.725  2.44383e-12      0.00000  2.40649e-13
      1.00000      927.493  2.91386e-12      0.00000  2.52225e-13
      1.00000      922.319  2.27988e-12      2.00000  2.67420e-13
      1.00000      917.202  2.90507e-12      2.00000  2.81167e-13
      1.00000      912.142  3.29606e-12      2.00000  2.91152e-13
      1.00000      907.137  3.61807e-12      0.00000  3.03741e-13
      1.00000      902.188  3.50468e-12      0.00000  3.02294e-13
      1.00000      897.292  3.48142e-12      0.00000  2.99690e-13
      1.00000      892.448  4.31124e-12      0.00000  3.04610e-13
      1.00000      887.656  4.12055e-12      0.00000  2.98098e-13
      1.00000      882.916  2.61910e-12      0.00000  2.94769e-13
      1.00000      878.226  2.79844e-12      0.00000  2.90862e-13
      1.00000      873.586  3.69962e-12      0.00000  2.87968e-13
      1.00000      868.994  4.51153e-12      256.000  2.90718e-13
      1.00000      864.451  4.61630e-12      256.000  2.88837e-13
      1.00000      859.955  4.96503e-12      256.000  2.84061e-13
      1.00000      855.504  5.34827e-12      0.00000  2.89126e-13
      1.00000      851.101  5.54453e-12      0.00000  2.83772e-13
      1.00000      846.742  6.51277e-12      0.00000  2.78707e-13
      1.00000      842.427  6.55796e-12      0.00000  2.75813e-13
      1.00000      838.157  6.76082e-12      0.00000  2.78852e-13
      1.00000      833.929  7.07701e-12      0.00000  2.77260e-13
      1.00000      829.744  8.10994e-12      0.00000  2.82325e-13
      1.00000      825.601  9.05830e-12      0.00000  2.88837e-13
      1.00000      821.498  1.00374e-11      0.00000  2.94914e-13
      1.00000      817.437  1.20839e-11      0.00000  3.08661e-13
      1.00000      813.415  1.24041e-11      0.00000  3.12858e-13
      1.00000      809.433  9.72273e-12      0.00000  3.06925e-13
      1.00000      805.490  7.67557e-12      0.00000  3.03741e-13
      1.00000      801.585  6.69612e-12      0.00000  3.01715e-13
      1.00000      797.717  5.73566e-12      0.00000  3.04754e-13
      1.00000      793.886  5.41348e-12      0.00000  3.06346e-13
      1.00000      790.092  5.68181e-12      0.00000  3.09964e-13
      1.00000      786.335  5.88745e-12      0.00000  3.16910e-13
      1.00000      782.613  7.50629e-12      0.00000  3.29789e-13
      1.00000      778.925  9.70245e-12      0.00000  3.51206e-13
      1.00000      775.273  1.47919e-11      0.00000  3.77976e-13
      1.00000      771.655  2.17597e-11      0.00000  4.19073e-13
      1.00000      768.070  3.09105e-11      0.00000  4.67985e-13
      1.00000      764.518  4.01475e-11      0.00000  5.22250e-13
      1.00000      761.000  5.45741e-11      0.00000  5.78541e-13
      1.00000      757.513  6.76603e-11      0.00000  6.46698e-13
      1.00000      754.058  7.38158e-11      0.00000  6.80705e-13
      1.00000      750.635  8.84467e-11      0.00000  7.40324e-13
      1.00000      747.242  1.02062e-10      0.00000  7.94445e-13
      1.00000      743.880  1.06531e-10      0.00000  8.24689e-13
      1.00000      740.548  1.15079e-10      0.00000  8.44659e-13
      1.00000      737.246  1.26710e-10      0.00000  8.68535e-13
      1.00000      733.973  1.99404e-10      0.00000  1.04146e-12
      1.00000      730.729  5.20741e-10      0.00000  1.56603e-12
      1.00000      727.513  4.51191e-10      0.00000  1.40164e-12
      1.00000      724.326  1.53799e-10      0.00000  8.11376e-13
      1.00000      721.167  9.52658e-11      0.00000  7.35549e-13
      1.00000      718.035  1.03245e-10      0.00000  7.56242e-13
      1.00000      714.930  1.08284e-10      0.00000  7.63188e-13
      1.00000      711.852  1.03605e-10      0.00000  7.50309e-13
      1.00000      708.800  9.86244e-11      0.00000  7.34681e-13
      1.00000      705.774  9.65939e-11      0.00000  7.33813e-13
