      1.00000      1319.94  1.36915e-12      0.00000  4.67406e-14
      1.00000      1309.48  2.02442e-12      0.00000  4.61617e-14
      1.00000      1299.19  2.03628e-12      0.00000  4.45700e-14
      1.00000      1289.06  1.36741e-12      0.00000  4.00840e-14
      1.00000      1279.09  1.16912e-12      0.00000  3.79134e-14
      1.00000      1269.27  1.02872e-12      0.00000  3.90711e-14
      1.00000      1259.60  9.09107e-13      0.00000  3.80581e-14
      1.00000      1250.08  8.31438e-13      0.00000  3.74793e-14
      1.00000      1240.70  6.58949e-13      0.00000  3.60322e-14
      1.00000      1231.46  2.94621e-13      0.00000  3.51640e-14
      1.00000      1222.35  2.74542e-13      0.00000  3.61769e-14
      1.00000      1213.38  2.58077e-13      0.00000  3.67557e-14
      1.00000      1204.54  2.61577e-13      0.00000  3.64663e-14
      1.00000      1195.83  2.75787e-13      0.00000  3.44404e-14
      1.00000      1187.24  1.55804e-13      0.00000  3.41510e-14
      1.00000      1178.78  2.40559e-14      0.00000  3.51640e-14
      1.00000      1170.43  1.88976e-13      0.00000  3.70452e-14
      1.00000      1162.20  3.77743e-13      0.00000  3.84922e-14
      1.00000      1154.09  2.84534e-13      0.00000  4.15311e-14
      1.00000      1146.09  4.79194e-13      0.00000  3.87817e-14
      1.00000      1138.20  7.68855e-13      0.00000  4.12417e-14
      1.00000      1130.42  1.06608e-12      0.00000  3.74793e-14
      1.00000      1122.74  1.56045e-12      0.00000  3.89264e-14
      1.00000      1115.17  2.44563e-12      0.00000  4.22546e-14
      1.00000      1107.70  3.78576e-12      2.00000  4.41358e-14
      1.00000      1100.33  5.28738e-12      2.00000  4.60170e-14
      1.00000      1093.05  6.45902e-12      0.00000  4.90559e-14
      1.00000      1085.87  7.20374e-12      0.00000  5.51336e-14
      1.00000      1078.79  7.66646e-12      0.00000  5.55677e-14
      1.00000      1071.79  7.82308e-12      0.00000  4.83324e-14
      1.00000      1064.89  7.53351e-12      0.00000  5.06477e-14
      1.00000      1058.08  7.12070e-12      0.00000  4.51488e-14
      1.00000      1051.35  6.64721e-12      0.00000  4.38464e-14
      1.00000      1044.71  6.89664e-12      0.00000  4.23993e-14
      1.00000      1038.15  9.28552e-12      0.00000  4.41358e-14
      1.00000      1031.67  8.41893e-12      0.00000  4.10970e-14
      1.00000      1025.27  5.84608e-12      0.00000  3.79134e-14
      1.00000      1018.95  4.36093e-12      0.00000  3.54534e-14
      1.00000      1012.71  3.65974e-12      0.00000  3.45851e-14
      1.00000      1006.54  3.21191e-12      0.00000  3.42957e-14
      1.00000      1000.45  2.85294e-12      0.00000  3.38616e-14
      1.00000      994.436  2.53256e-12      0.00000  3.31380e-14
      1.00000      988.491  2.26311e-12      0.00000  3.22698e-14
      1.00000      982.616  2.05082e-12      0.00000  3.32828e-14
      1.00000      976.810  1.91199e-12      0.00000  3.50193e-14
      1.00000      971.074  1.81216e-12      0.00000  3.69005e-14
      1.00000      965.403  1.65493e-12      0.00000  3.58875e-14
      1.00000      959.799  1.65920e-12      0.00000  3.79134e-14
      1.00000      954.259  1.65812e-12      0.00000  4.28335e-14
      1.00000      948.783  1.66159e-12      0.00000  4.12417e-14
      1.00000      943.370  1.76130e-12      0.00000  4.10970e-14
      1.00000      938.017  1.99421e-12      0.00000  4.34123e-14
      1.00000      932.725  1.93887e-12      0.00000  4.38464e-14
      1.00000      927.493  2.16385e-12      0.00000  4.52935e-14
      1.00000      922.319  2.41775e-12      0.00000  4.81876e-14
      1.00000      917.202  2.87584e-12      0.00000  5.33971e-14
      1.00000      912.142  2.84748e-12      0.00000  5.73042e-14
      1.00000      907.137  3.24649e-12      0.00000  5.51336e-14
      1.00000      902.188  3.32707e-12      0.00000  5.54230e-14
      1.00000      897.292  3.30771e-12      0.00000  5.71595e-14
      1.00000      892.448  3.39959e-12      0.00000  5.62913e-14
      1.00000      887.656  3.56433e-12      0.00000  5.57124e-14
      1.00000      882.916  3.43434e-12      0.00000  5.51336e-14
      1.00000      878.226  3.60187e-12      0.00000  5.33971e-14
      1.00000      873.586  3.73954e-12      0.00000  5.31077e-14
      1.00000      868.994  3.64478e-12      0.00000  5.44101e-14
      1.00000      864.451  3.98698e-12      0.00000  5.32524e-14
      1.00000      859.955  4.34752e-12      0.00000  5.35418e-14
      1.00000      855.504  4.74493e-12      0.00000  5.52783e-14
      1.00000      851.101  5.23426e-12      0.00000  5.44101e-14
      1.00000      846.742  5.77383e-12      0.00000  5.32524e-14
      1.00000      842.427  6.45344e-12      0.00000  5.42654e-14
      1.00000      838.157  6.97162e-12      0.00000  5.44101e-14
      1.00000      833.929  7.57752e-12      0.00000  5.42654e-14
      1.00000      829.744  8.46594e-12      0.00000  5.61466e-14
      1.00000      825.601  9.38799e-12      0.00000  5.75937e-14
      1.00000      821.498  9.81747e-12      0.00000  5.90407e-14
      1.00000      817.437  1.15232e-11      0.00000  6.19349e-14
      1.00000      813.415  1.18324e-11      0.00000  6.29478e-14
      1.00000      809.433  9.30999e-12      0.00000  6.32372e-14
      1.00000      805.490  7.55560e-12      0.00000  6.01984e-14
      1.00000      801.585  7.03352e-12      0.00000  5.97643e-14
      1.00000      797.717  6.47727e-12      0.00000  5.80278e-14
      1.00000      793.886  6.00542e-12      0.00000  5.88960e-14
      1.00000      790.092  5.79877e-12      0.00000  5.84619e-14
      1.00000      786.335  6.09215e-12      0.00000  6.00537e-14
      1.00000      782.613  7.63117e-12      0.00000  6.35267e-14
      1.00000      778.925  1.03076e-11      0.00000  6.81573e-14
      1.00000      775.273  1.55535e-11      0.00000  7.64056e-14
      1.00000      771.655  2.32709e-11      0.00000  8.69693e-14
      1.00000      768.070  3.17252e-11      0.00000  9.95589e-14
      1.00000      764.518  4.11312e-11      0.00000  1.12293e-13
      1.00000      761.000  5.54256e-11      0.00000  1.29224e-13
      1.00000      757.513  6.73294e-11      0.00000  1.43984e-13
      1.00000      754.058  7.37133e-11      0.00000  1.53535e-13
      1.00000      750.635  9.04329e-11      0.00000  1.72202e-13
      1.00000      747.242  1.03091e-10      0.00000  1.86239e-13
      1.00000      743.880  1.07578e-10      8.00000  1.92316e-13
      1.00000      740.548  1.15555e-10      8.00000  1.99697e-13
      1.00000      737.246  1.28582e-10      0.00000  2.04906e-13
      1.00000      733.973  2.14491e-10      0.00000  2.60040e-13
      1.00000      730.729  5.42718e-10      0.00000  3.97801e-13
      1.00000      727.513  4.44368e-10      8.00000  3.47154e-13
      1.00000      724.326  1.52990e-10      8.00000  1.90580e-13
      1.00000      721.167  9.77825e-11      8.00000  1.71334e-13
      1.00000      718.035  1.03449e-10      0.00000  1.78569e-13
      1.00000      714.930  1.07480e-10      0.00000  1.76543e-13
      1.00000      711.852  1.02801e-10      0.00000  1.71044e-13
      1.00000      708.800  9.98819e-11      0.00000  1.72057e-13
      1.00000      705.774  9.65419e-11      0.00000  1.70321e-13
