      1.00000      1319.94  1.63360e-12      0.00000  4.84771e-14
      1.00000      1309.48  2.36625e-12      0.00000  4.80429e-14
      1.00000      1299.19  2.24378e-12      0.00000  4.57276e-14
      1.00000      1289.06  1.39825e-12      0.00000  4.16758e-14
      1.00000      1279.09  1.22163e-12      0.00000  3.76240e-14
      1.00000      1269.27  1.11917e-12      0.00000  4.19652e-14
      1.00000      1259.60  9.08197e-13      0.00000  4.63065e-14
      1.00000      1250.08  8.47533e-13      0.00000  4.05181e-14
      1.00000      1240.70  6.76886e-13      0.00000  3.64663e-14
      1.00000      1231.46  3.28710e-13      0.00000  3.67557e-14
      1.00000      1222.35  2.42091e-13      0.00000  3.54534e-14
      1.00000      1213.38  2.87515e-13      0.00000  3.79134e-14
      1.00000      1204.54  3.71064e-13      0.00000  3.53087e-14
      1.00000      1195.83  8.73528e-13      2.00000  4.10970e-14
      1.00000      1187.24  6.21377e-14      2.00000  3.47298e-14
      1.00000      1178.78  9.11672e-14      0.00000  3.47298e-14
      1.00000      1170.43  1.81460e-13      2.00000  3.58875e-14
      1.00000      1162.20  2.07298e-13      2.00000  4.03734e-14
      1.00000      1154.09  3.10358e-13      0.00000  3.90711e-14
      1.00000      1146.09  3.91172e-13      0.00000  3.87817e-14
      1.00000      1138.20  7.36043e-13      0.00000  4.22546e-14
      1.00000      1130.42  1.05698e-12      0.00000  3.97946e-14
      1.00000      1122.74  1.53544e-12      0.00000  4.23993e-14
      1.00000      1115.17  2.42075e-12      0.00000  4.48594e-14
      1.00000      1107.70  3.75157e-12      2.00000  4.58723e-14
      1.00000      1100.33  5.24123e-12      2.00000  4.74641e-14
      1.00000      1093.05  6.42198e-12      0.00000  4.83324e-14
      1.00000      1085.87  7.24842e-12      0.00000  4.86218e-14
      1.00000      1078.79  7.57454e-12      0.00000  4.77535e-14
      1.00000      1071.79  7.61761e-12      0.00000  4.74641e-14
      1.00000      1064.89  7.38884e-12      0.00000  4.73194e-14
      1.00000      1058.08  7.03350e-12      0.00000  4.51488e-14
      1.00000      1051.35  6.56586e-12      0.00000  4.76088e-14
      1.00000      1044.71  6.76813e-12      0.00000  4.32676e-14
      1.00000      1038.15  8.99615e-12      0.00000  4.45700e-14
      1.00000      1031.67  8.09232e-12      0.00000  4.16758e-14
      1.00000      1025.27  5.61176e-12      2.00000  4.03734e-14
      1.00000      1018.95  4.18275e-12      2.00000  3.70452e-14
      1.00000      1012.71  3.49097e-12      2.00000  3.47298e-14
      1.00000      1006.54  3.18308e-12      2.00000  3.48745e-14
      1.00000      1000.45  2.83506e-12      0.00000  3.45851e-14
      1.00000      994.436  2.42337e-12      0.00000  3.35722e-14
      1.00000      988.491  2.13062e-12      0.00000  3.27039e-14
      1.00000      982.616  1.98862e-12      0.00000  3.28486e-14
      1.00000      976.810  1.83687e-12      0.00000  3.40063e-14
      1.00000      971.074  1.68651e-12      0.00000  3.55981e-14
      1.00000      965.403  1.58491e-12      0.00000  3.60322e-14
      1.00000      959.799  1.55451e-12      0.00000  3.73346e-14
      1.00000      954.259  1.65072e-12      0.00000  3.92158e-14
      1.00000      948.783  1.72337e-12      2.00000  4.05181e-14
      1.00000      943.370  1.79188e-12      2.00000  4.23993e-14
      1.00000      938.017  1.95352e-12      0.00000  4.44253e-14
      1.00000      932.725  2.03213e-12      0.00000  4.47147e-14
      1.00000      927.493  2.15295e-12      0.00000  4.61617e-14
      1.00000      922.319  2.25019e-12      0.00000  5.03583e-14
      1.00000      917.202  2.61973e-12      0.00000  5.23842e-14
      1.00000      912.142  2.85633e-12      0.00000  5.49889e-14
      1.00000      907.137  3.11003e-12      0.00000  6.26584e-14
      1.00000      902.188  3.27472e-12      0.00000  5.78831e-14
      1.00000      897.292  3.30012e-12      0.00000  6.48290e-14
      1.00000      892.448  3.42317e-12      0.00000  5.80278e-14
      1.00000      887.656  3.35602e-12      0.00000  5.88960e-14
      1.00000      882.916  3.41977e-12      0.00000  6.04878e-14
      1.00000      878.226  3.48736e-12      0.00000  5.90407e-14
      1.00000      873.586  3.65558e-12      0.00000  6.13560e-14
      1.00000      868.994  3.79436e-12      0.00000  6.07772e-14
      1.00000      864.451  4.14451e-12      0.00000  5.81725e-14
      1.00000      859.955  4.42629e-12      0.00000  5.80278e-14
      1.00000      855.504  4.83893e-12      0.00000  5.70148e-14
      1.00000      851.101  5.35745e-12      0.00000  5.70148e-14
      1.00000      846.742  6.11143e-12      0.00000  5.65807e-14
      1.00000      842.427  6.78268e-12      0.00000  5.87513e-14
      1.00000      838.157  7.30455e-12      0.00000  5.90407e-14
      1.00000      833.929  8.24380e-12      2.00000  5.73042e-14
      1.00000      829.744  9.18335e-12      2.00000  5.83172e-14
      1.00000      825.601  1.01508e-11      0.00000  5.96196e-14
      1.00000      821.498  1.07361e-11      0.00000  6.00537e-14
      1.00000      817.437  1.26856e-11      0.00000  6.23690e-14
      1.00000      813.415  1.26915e-11      0.00000  6.30925e-14
      1.00000      809.433  9.76066e-12      0.00000  6.15008e-14
      1.00000      805.490  7.80808e-12      0.00000  5.97643e-14
      1.00000      801.585  7.08208e-12      0.00000  5.88960e-14
      1.00000      797.717  6.59741e-12      0.00000  5.77384e-14
      1.00000      793.886  6.18538e-12      0.00000  5.86066e-14
      1.00000      790.092  6.02411e-12      0.00000  5.90407e-14
      1.00000      786.335  6.62994e-12      0.00000  6.12113e-14
      1.00000      782.613  8.34112e-12      0.00000  6.46843e-14
      1.00000      778.925  1.12031e-11      0.00000  7.00385e-14
      1.00000      775.273  1.67515e-11      0.00000  7.84315e-14
      1.00000      771.655  2.51986e-11      0.00000  8.94293e-14
      1.00000      768.070  3.49914e-11      0.00000  1.06071e-13
      1.00000      764.518  4.37992e-11      0.00000  1.16779e-13
      1.00000      761.000  5.78919e-11      2.00000  1.35157e-13
      1.00000      757.513  7.12769e-11      10.0000  1.52522e-13
      1.00000      754.058  7.65122e-11      10.0000  1.57731e-13
      1.00000      750.635  9.17627e-11      8.00000  1.78859e-13
      1.00000      747.242  1.04345e-10      264.000  1.88699e-13
      1.00000      743.880  1.09408e-10      256.000  1.95066e-13
      1.00000      740.548  1.17731e-10      256.000  2.02735e-13
      1.00000      737.246  1.33594e-10      0.00000  2.09971e-13
      1.00000      733.973  2.25575e-10      0.00000  2.64092e-13
      1.00000      730.729  5.65452e-10      0.00000  4.05905e-13
      1.00000      727.513  4.40980e-10      0.00000  3.45707e-13
      1.00000      724.326  1.52342e-10      0.00000  1.91882e-13
      1.00000      721.167  9.87376e-11      0.00000  1.73070e-13
      1.00000      718.035  1.07377e-10      2.00000  1.78859e-13
      1.00000      714.930  1.11100e-10      2.00000  1.82332e-13
      1.00000      711.852  1.05137e-10      0.00000  1.73649e-13
      1.00000      708.800  1.01050e-10      2.00000  1.71044e-13
      1.00000      705.774  1.00319e-10      2.00000  1.71768e-13
