      1.00000      1319.94  1.71829e-12      0.00000  5.02136e-14
      1.00000      1309.48  2.37228e-12      0.00000  4.90559e-14
      1.00000      1299.19  2.27413e-12      0.00000  4.42805e-14
      1.00000      1289.06  1.52055e-12      0.00000  3.96499e-14
      1.00000      1279.09  1.32788e-12      0.00000  3.70452e-14
      1.00000      1269.27  1.19296e-12      0.00000  3.86369e-14
      1.00000      1259.60  9.20179e-13      0.00000  3.84922e-14
      1.00000      1250.08  8.30983e-13      0.00000  3.57428e-14
      1.00000      1240.70  6.79166e-13      0.00000  3.50193e-14
      1.00000      1231.46  2.97665e-13      0.00000  3.54534e-14
      1.00000      1222.35  2.31273e-13      0.00000  3.54534e-14
      1.00000      1213.38  2.57772e-13      0.00000  3.53087e-14
      1.00000      1204.54  3.41287e-13      0.00000  3.57428e-14
      1.00000      1195.83  7.02155e-13      2.00000  3.95052e-14
      1.00000      1187.24  2.60183e-14      2.00000  3.48745e-14
      1.00000      1178.78  9.22398e-14      0.00000  3.50193e-14
      1.00000      1170.43  1.55230e-13      0.00000  3.70452e-14
      1.00000      1162.20  2.30178e-13      0.00000  4.31229e-14
      1.00000      1154.09  2.42876e-13      0.00000  4.00840e-14
      1.00000      1146.09  4.78732e-13      0.00000  3.90711e-14
      1.00000      1138.20  7.42975e-13      0.00000  3.80581e-14
      1.00000      1130.42  1.00100e-12      0.00000  3.83475e-14
      1.00000      1122.74  1.50642e-12      0.00000  4.09523e-14
      1.00000      1115.17  2.44533e-12      0.00000  4.19652e-14
      1.00000      1107.70  3.78019e-12      2.00000  4.58723e-14
      1.00000      1100.33  5.24015e-12      2.00000  4.81876e-14
      1.00000      1093.05  6.35781e-12      0.00000  4.90559e-14
      1.00000      1085.87  7.21646e-12      0.00000  4.89112e-14
      1.00000      1078.79  7.55544e-12      0.00000  4.81876e-14
      1.00000      1071.79  7.50618e-12      0.00000  4.70300e-14
      1.00000      1064.89  7.28570e-12      0.00000  4.71747e-14
      1.00000      1058.08  7.01279e-12      0.00000  4.51488e-14
      1.00000      1051.35  6.61635e-12      0.00000  4.45700e-14
      1.00000      1044.71  6.79183e-12      0.00000  4.29782e-14
      1.00000      1038.15  9.00785e-12      0.00000  4.45700e-14
      1.00000      1031.67  8.09982e-12      0.00000  4.12417e-14
      1.00000      1025.27  5.57643e-12      0.00000  3.89264e-14
      1.00000      1018.95  4.19777e-12      0.00000  3.58875e-14
      1.00000      1012.71  3.58115e-12      2.00000  3.42957e-14
      1.00000      1006.54  3.19186e-12      2.00000  3.48745e-14
      1.00000      1000.45  2.82173e-12      0.00000  3.48745e-14
      1.00000      994.436  2.49507e-12      0.00000  3.35722e-14
      1.00000      988.491  2.27598e-12      0.00000  3.29933e-14
      1.00000      982.616  2.04218e-12      0.00000  3.37169e-14
      1.00000      976.810  1.92378e-12      2.00000  3.50193e-14
      1.00000      971.074  1.86924e-12      2.00000  3.69005e-14
      1.00000      965.403  1.65619e-12      0.00000  3.67557e-14
      1.00000      959.799  1.58111e-12      0.00000  3.99393e-14
      1.00000      954.259  1.64993e-12      0.00000  4.10970e-14
      1.00000      948.783  1.70288e-12      2.00000  4.02287e-14
      1.00000      943.370  1.82121e-12      2.00000  4.31229e-14
      1.00000      938.017  1.90998e-12      0.00000  4.45700e-14
      1.00000      932.725  2.00877e-12      0.00000  4.39911e-14
      1.00000      927.493  2.20773e-12      0.00000  4.73194e-14
      1.00000      922.319  2.35648e-12      0.00000  5.44101e-14
      1.00000      917.202  2.60488e-12      0.00000  5.19500e-14
      1.00000      912.142  2.82899e-12      0.00000  5.39760e-14
      1.00000      907.137  2.99271e-12      0.00000  5.58572e-14
      1.00000      902.188  3.18409e-12      0.00000  5.68701e-14
      1.00000      897.292  3.24949e-12      0.00000  5.73042e-14
      1.00000      892.448  3.25400e-12      0.00000  5.74489e-14
      1.00000      887.656  3.29001e-12      0.00000  5.75937e-14
      1.00000      882.916  3.46173e-12      0.00000  5.60019e-14
      1.00000      878.226  3.48673e-12      0.00000  5.46995e-14
      1.00000      873.586  3.47451e-12      0.00000  5.49889e-14
      1.00000      868.994  3.69089e-12      0.00000  5.54230e-14
      1.00000      864.451  4.08904e-12      0.00000  5.74489e-14
      1.00000      859.955  4.29886e-12      0.00000  6.07772e-14
      1.00000      855.504  4.84781e-12      0.00000  5.68701e-14
      1.00000      851.101  5.43942e-12      0.00000  5.57124e-14
      1.00000      846.742  6.07226e-12      0.00000  5.49889e-14
      1.00000      842.427  6.83153e-12      0.00000  5.46995e-14
      1.00000      838.157  7.48046e-12      0.00000  5.54230e-14
      1.00000      833.929  8.23555e-12      2.00000  5.70148e-14
      1.00000      829.744  9.23792e-12      2.00000  5.88960e-14
      1.00000      825.601  1.02187e-11      0.00000  5.94748e-14
      1.00000      821.498  1.08316e-11      0.00000  6.00537e-14
      1.00000      817.437  1.26628e-11      0.00000  6.28031e-14
      1.00000      813.415  1.27138e-11      0.00000  6.56973e-14
      1.00000      809.433  9.99520e-12      0.00000  6.38161e-14
      1.00000      805.490  8.13404e-12      0.00000  6.03431e-14
      1.00000      801.585  7.39218e-12      0.00000  6.03431e-14
      1.00000      797.717  6.68676e-12      0.00000  5.88960e-14
      1.00000      793.886  6.19300e-12      0.00000  5.94748e-14
      1.00000      790.092  6.16106e-12      0.00000  6.00537e-14
      1.00000      786.335  6.79307e-12      0.00000  6.19349e-14
      1.00000      782.613  8.48472e-12      0.00000  6.48290e-14
      1.00000      778.925  1.16131e-11      0.00000  7.11962e-14
      1.00000      775.273  1.73236e-11      0.00000  8.01680e-14
      1.00000      771.655  2.61529e-11      0.00000  9.07317e-14
      1.00000      768.070  3.64512e-11      0.00000  1.05492e-13
      1.00000      764.518  4.54285e-11      0.00000  1.18660e-13
      1.00000      761.000  5.98640e-11      2.00000  1.35880e-13
      1.00000      757.513  7.40971e-11      2.00000  1.55850e-13
      1.00000      754.058  7.90755e-11      2.00000  1.65690e-13
      1.00000      750.635  9.41285e-11      0.00000  1.76399e-13
      1.00000      747.242  1.07528e-10      0.00000  1.90001e-13
      1.00000      743.880  1.12687e-10      8.00000  1.98973e-13
      1.00000      740.548  1.21320e-10      8.00000  2.05340e-13
      1.00000      737.246  1.36667e-10      8.00000  2.13154e-13
      1.00000      733.973  2.28818e-10      0.00000  2.67854e-13
      1.00000      730.729  5.78269e-10      0.00000  4.11549e-13
      1.00000      727.513  4.54348e-10      8.00000  3.49903e-13
      1.00000      724.326  1.56190e-10      8.00000  1.92606e-13
      1.00000      721.167  1.01715e-10      0.00000  1.74807e-13
      1.00000      718.035  1.10520e-10      2.00000  1.79727e-13
      1.00000      714.930  1.14353e-10      2.00000  1.83923e-13
      1.00000      711.852  1.08222e-10      8.00000  1.75530e-13
      1.00000      708.800  1.04095e-10      10.0000  1.74517e-13
      1.00000      705.774  1.04000e-10      2.00000  1.75820e-13
