      1.00000      1319.94  1.91207e-12      0.00000  4.86218e-14
      1.00000      1309.48  2.67218e-12      0.00000  4.81876e-14
      1.00000      1299.19  2.58492e-12      0.00000  4.51488e-14
      1.00000      1289.06  1.76894e-12      0.00000  3.96499e-14
      1.00000      1279.09  1.54793e-12      0.00000  3.93605e-14
      1.00000      1269.27  1.35976e-12      0.00000  4.28335e-14
      1.00000      1259.60  1.14965e-12      0.00000  4.25441e-14
      1.00000      1250.08  1.05433e-12      0.00000  4.05181e-14
      1.00000      1240.70  6.88439e-13      0.00000  3.64663e-14
      1.00000      1231.46  2.21270e-13      0.00000  3.53087e-14
      1.00000      1222.35  3.08822e-13      0.00000  3.54534e-14
      1.00000      1213.38  2.25283e-13      0.00000  3.47298e-14
      1.00000      1204.54  4.13210e-13      0.00000  3.50193e-14
      1.00000      1195.83  1.00607e-12      2.00000  4.02287e-14
      1.00000      1187.24  1.07593e-13      2.00000  4.02287e-14
      1.00000      1178.78  6.35872e-14      0.00000  3.61769e-14
      1.00000      1170.43  1.71643e-13      2.00000  3.61769e-14
      1.00000      1162.20  4.30105e-13      2.00000  3.89264e-14
      1.00000      1154.09  3.14201e-13      0.00000  3.95052e-14
      1.00000      1146.09  4.48417e-13      0.00000  3.86369e-14
      1.00000      1138.20  7.97662e-13      0.00000  3.82028e-14
      1.00000      1130.42  1.01734e-12      0.00000  4.25441e-14
      1.00000      1122.74  1.53652e-12      0.00000  4.12417e-14
      1.00000      1115.17  2.48242e-12      0.00000  4.34123e-14
      1.00000      1107.70  3.79535e-12      2.00000  4.57276e-14
      1.00000      1100.33  5.36557e-12      2.00000  5.00688e-14
      1.00000      1093.05  6.52194e-12      0.00000  4.99241e-14
      1.00000      1085.87  7.40603e-12      0.00000  5.06477e-14
      1.00000      1078.79  7.78167e-12      0.00000  4.92006e-14
      1.00000      1071.79  7.76293e-12      0.00000  5.10818e-14
      1.00000      1064.89  7.52915e-12      0.00000  5.31077e-14
      1.00000      1058.08  7.02540e-12      0.00000  4.87665e-14
      1.00000      1051.35  6.64098e-12      0.00000  4.52935e-14
      1.00000      1044.71  6.87106e-12      0.00000  4.34123e-14
      1.00000      1038.15  9.13022e-12      0.00000  4.57276e-14
      1.00000      1031.67  8.27211e-12      0.00000  4.23993e-14
      1.00000      1025.27  5.78324e-12      2.00000  4.00840e-14
      1.00000      1018.95  4.33418e-12      2.00000  3.71899e-14
      1.00000      1012.71  3.60729e-12      2.00000  3.55981e-14
      1.00000      1006.54  3.25829e-12      2.00000  3.53087e-14
      1.00000      1000.45  2.90781e-12      0.00000  3.47298e-14
      1.00000      994.436  2.50934e-12      0.00000  3.37169e-14
      1.00000      988.491  2.19624e-12      0.00000  3.35722e-14
      1.00000      982.616  2.00354e-12      0.00000  3.40063e-14
      1.00000      976.810  1.91011e-12      0.00000  3.44404e-14
      1.00000      971.074  1.86216e-12      0.00000  3.61769e-14
      1.00000      965.403  1.67397e-12      0.00000  3.60322e-14
      1.00000      959.799  1.60552e-12      0.00000  3.76240e-14
      1.00000      954.259  1.72019e-12      0.00000  3.92158e-14
      1.00000      948.783  1.83243e-12      2.00000  3.97946e-14
      1.00000      943.370  1.93441e-12      2.00000  4.18205e-14
      1.00000      938.017  2.07907e-12      0.00000  4.42805e-14
      1.00000      932.725  2.07852e-12      0.00000  4.61617e-14
      1.00000      927.493  2.25635e-12      0.00000  4.65959e-14
      1.00000      922.319  2.44207e-12      0.00000  4.90559e-14
      1.00000      917.202  2.66666e-12      0.00000  5.39760e-14
      1.00000      912.142  2.89869e-12      0.00000  5.48442e-14
      1.00000      907.137  3.06592e-12      0.00000  5.60019e-14
      1.00000      902.188  3.20022e-12      0.00000  5.70148e-14
      1.00000      897.292  3.26500e-12      0.00000  5.83172e-14
      1.00000      892.448  3.44310e-12      0.00000  5.75937e-14
      1.00000      887.656  3.48423e-12      0.00000  5.87513e-14
      1.00000      882.916  3.54707e-12      0.00000  5.87513e-14
      1.00000      878.226  3.60028e-12      0.00000  5.68701e-14
      1.00000      873.586  3.57384e-12      0.00000  5.87513e-14
      1.00000      868.994  3.85980e-12      0.00000  5.78831e-14
      1.00000      864.451  4.27446e-12      0.00000  5.91854e-14
      1.00000      859.955  4.57370e-12      0.00000  5.78831e-14
      1.00000      855.504  5.04549e-12      0.00000  5.84619e-14
      1.00000      851.101  5.63966e-12      0.00000  5.65807e-14
      1.00000      846.742  6.40145e-12      0.00000  5.62913e-14
      1.00000      842.427  7.18281e-12      0.00000  5.96196e-14
      1.00000      838.157  7.74376e-12      0.00000  5.77384e-14
      1.00000      833.929  8.68243e-12      2.00000  5.80278e-14
      1.00000      829.744  9.87950e-12      2.00000  6.17902e-14
      1.00000      825.601  1.07423e-11      0.00000  6.17902e-14
      1.00000      821.498  1.11963e-11      0.00000  6.16455e-14
      1.00000      817.437  1.30834e-11      0.00000  6.43949e-14
      1.00000      813.415  1.31394e-11      0.00000  6.64208e-14
      1.00000      809.433  1.02169e-11      0.00000  6.64208e-14
      1.00000      805.490  8.27639e-12      0.00000  6.29478e-14
      1.00000      801.585  7.57422e-12      0.00000  6.07772e-14
      1.00000      797.717  6.93275e-12      0.00000  5.81725e-14
      1.00000      793.886  6.47659e-12      0.00000  5.84619e-14
      1.00000      790.092  6.32912e-12      0.00000  5.94748e-14
      1.00000      786.335  6.99048e-12      0.00000  6.12113e-14
      1.00000      782.613  8.99441e-12      0.00000  6.51184e-14
      1.00000      778.925  1.23303e-11      0.00000  7.14856e-14
      1.00000      775.273  1.85140e-11      0.00000  8.03127e-14
      1.00000      771.655  2.82674e-11      0.00000  9.29023e-14
      1.00000      768.070  3.93557e-11      0.00000  1.08097e-13
      1.00000      764.518  4.89511e-11      0.00000  1.20252e-13
      1.00000      761.000  6.44097e-11      2.00000  1.39064e-13
      1.00000      757.513  7.93818e-11      2.00000  1.59178e-13
      1.00000      754.058  8.41411e-11      2.00000  1.67282e-13
      1.00000      750.635  9.97870e-11      0.00000  1.79148e-13
      1.00000      747.242  1.13710e-10      0.00000  1.99118e-13
      1.00000      743.880  1.18955e-10      0.00000  2.02880e-13
      1.00000      740.548  1.27661e-10      0.00000  2.08090e-13
      1.00000      737.246  1.44651e-10      0.00000  2.18074e-13
      1.00000      733.973  2.44727e-10      0.00000  2.76247e-13
      1.00000      730.729  6.20641e-10      0.00000  4.26743e-13
      1.00000      727.513  4.90766e-10      0.00000  3.65242e-13
      1.00000      724.326  1.66620e-10      0.00000  2.04327e-13
      1.00000      721.167  1.08022e-10      0.00000  1.80595e-13
      1.00000      718.035  1.17029e-10      10.0000  1.86239e-13
      1.00000      714.930  1.21408e-10      10.0000  1.89133e-13
      1.00000      711.852  1.14837e-10      8.00000  1.79582e-13
      1.00000      708.800  1.10661e-10      10.0000  1.78714e-13
      1.00000      705.774  1.10642e-10      2.00000  1.80161e-13
