      1.00000      1319.94  1.14417e-12      0.00000  3.12713e-13
      1.00000      1309.48  2.67595e-12      0.00000  3.02584e-13
      1.00000      1299.19  2.77656e-12      0.00000  2.84206e-13
      1.00000      1289.06  6.64429e-13      0.00000  2.60908e-13
      1.00000      1279.09  6.02493e-13      0.00000  2.56277e-13
      1.00000      1269.27  8.96915e-13      0.00000  2.58737e-13
      1.00000      1259.60  7.89743e-13      0.00000  2.58448e-13
      1.00000      1250.08  7.92873e-13      0.00000  2.50489e-13
      1.00000      1240.70  1.17471e-12      0.00000  2.45424e-13
      1.00000      1231.46  5.36588e-13      0.00000  2.44701e-13
      1.00000      1222.35  4.63004e-13      0.00000  2.50200e-13
      1.00000      1213.38  5.70454e-13      0.00000  2.54830e-13
      1.00000      1204.54  5.99353e-13      0.00000  2.47739e-13
      1.00000      1195.83  9.54246e-13      0.00000  2.43543e-13
      1.00000      1187.24  5.53577e-13      0.00000  2.40504e-13
      1.00000      1178.78  2.42091e-14      0.00000  2.44990e-13
      1.00000      1170.43  6.13251e-13      0.00000  2.57724e-13
      1.00000      1162.20  5.72604e-13      0.00000  2.55120e-13
      1.00000      1154.09 -4.21190e-14      0.00000  2.51068e-13
      1.00000      1146.09  4.02867e-13      0.00000  2.49331e-13
      1.00000      1138.20  6.39763e-13      0.00000  2.37321e-13
      1.00000      1130.42  1.35800e-12      0.00000  2.37755e-13
      1.00000      1122.74  2.39131e-12      0.00000  2.46727e-13
      1.00000      1115.17  2.77883e-12      0.00000  2.50778e-13
      1.00000      1107.70  3.43336e-12      0.00000  2.51647e-13
      1.00000      1100.33  5.27019e-12      0.00000  2.58882e-13
      1.00000      1093.05  6.31984e-12      0.00000  2.56277e-13
      1.00000      1085.87  7.30814e-12      0.00000  2.55843e-13
      1.00000      1078.79  7.47346e-12      0.00000  2.49042e-13
      1.00000      1071.79  7.69626e-12      0.00000  2.47450e-13
      1.00000      1064.89  7.77245e-12      0.00000  2.44845e-13
      1.00000      1058.08  7.83149e-12      0.00000  2.36742e-13
      1.00000      1051.35  6.86664e-12      0.00000  2.28783e-13
      1.00000      1044.71  6.91801e-12      0.00000  2.19232e-13
      1.00000      1038.15  9.60158e-12      0.00000  2.23863e-13
      1.00000      1031.67  8.81802e-12      0.00000  2.12431e-13
      1.00000      1025.27  5.77402e-12      0.00000  1.99118e-13
      1.00000      1018.95  4.45526e-12      0.00000  1.90001e-13
      1.00000      1012.71  4.07210e-12      0.00000  1.85949e-13
      1.00000      1006.54  3.40947e-12      0.00000  1.85226e-13
      1.00000      1000.45  2.90577e-12      0.00000  1.85949e-13
      1.00000      994.436  2.69054e-12      0.00000  1.83779e-13
      1.00000      988.491  2.73356e-12      0.00000  1.81029e-13
      1.00000      982.616  2.64548e-12      0.00000  1.85081e-13
      1.00000      976.810  2.57033e-12      0.00000  1.89422e-13
      1.00000      971.074  2.38864e-12      0.00000  1.99697e-13
      1.00000      965.403  1.55911e-12      0.00000  2.08668e-13
      1.00000      959.799  2.03012e-12      0.00000  2.16627e-13
      1.00000      954.259  1.96640e-12      2.00000  2.12865e-13
      1.00000      948.783  1.78830e-12      2.00000  2.23718e-13
      1.00000      943.370  2.02980e-12      0.00000  2.28493e-13
      1.00000      938.017  2.33854e-12      0.00000  2.27046e-13
      1.00000      932.725  2.62040e-12      0.00000  2.36742e-13
      1.00000      927.493  2.20963e-12      0.00000  2.46292e-13
      1.00000      922.319  2.71845e-12      2.00000  2.63223e-13
      1.00000      917.202  3.62996e-12      2.00000  2.75958e-13
      1.00000      912.142  3.10797e-12      2.00000  3.07793e-13
      1.00000      907.137  2.24101e-12      0.00000  3.33841e-13
      1.00000      902.188  3.84362e-12      0.00000  3.06925e-13
      1.00000      897.292  2.03449e-12      0.00000  3.45851e-13
      1.00000      892.448  3.00223e-12      0.00000  3.41221e-13
      1.00000      887.656  2.28267e-12      0.00000  3.57862e-13
      1.00000      882.916  1.91247e-12      0.00000  3.44115e-13
      1.00000      878.226  2.22007e-12      0.00000  3.32972e-13
      1.00000      873.586  1.00910e-12      256.000  3.69005e-13
      1.00000      868.994  1.71607e-12      256.000  3.44838e-13
      1.00000      864.451  1.85783e-12      0.00000  3.64953e-13
      1.00000      859.955  2.75205e-12      0.00000  3.45273e-13
      1.00000      855.504  2.75213e-12      0.00000  3.30368e-13
      1.00000      851.101  3.90659e-12      0.00000  3.47443e-13
      1.00000      846.742  3.97217e-12      0.00000  3.28486e-13
      1.00000      842.427  4.53987e-12      0.00000  3.17778e-13
      1.00000      838.157  5.45589e-12      0.00000  3.13003e-13
      1.00000      833.929  6.47530e-12      0.00000  2.91875e-13
      1.00000      829.744  7.42600e-12      0.00000  3.17633e-13
      1.00000      825.601  8.17633e-12      0.00000  3.14739e-13
      1.00000      821.498  9.28103e-12      0.00000  2.99400e-13
      1.00000      817.437  1.13523e-11      0.00000  3.14016e-13
      1.00000      813.415  1.09600e-11      0.00000  3.18936e-13
      1.00000      809.433  8.62129e-12      0.00000  3.18646e-13
      1.00000      805.490  7.69557e-12      0.00000  3.17489e-13
      1.00000      801.585  7.21968e-12      0.00000  3.11845e-13
      1.00000      797.717  6.96433e-12      0.00000  3.04754e-13
      1.00000      793.886  6.49420e-12      0.00000  3.04465e-13
      1.00000      790.092  5.09560e-12      0.00000  3.20817e-13
      1.00000      786.335  5.24270e-12      0.00000  3.42523e-13
      1.00000      782.613  6.55229e-12      0.00000  3.64663e-13
      1.00000      778.925  8.64202e-12      0.00000  3.64663e-13
      1.00000      775.273  1.45559e-11      0.00000  3.86659e-13
      1.00000      771.655  2.19146e-11      0.00000  4.29348e-13
      1.00000      768.070  3.22163e-11      0.00000  4.83758e-13
      1.00000      764.518  4.11596e-11      0.00000  5.31945e-13
      1.00000      761.000  5.50325e-11      0.00000  5.86645e-13
      1.00000      757.513  6.87829e-11      0.00000  6.61169e-13
      1.00000      754.058  7.39542e-11      0.00000  6.91847e-13
      1.00000      750.635  8.91226e-11      0.00000  7.49441e-13
      1.00000      747.242  1.02633e-10      0.00000  8.09639e-13
      1.00000      743.880  1.07197e-10      0.00000  8.30911e-13
      1.00000      740.548  1.15781e-10      0.00000  8.49723e-13
      1.00000      737.246  1.27642e-10      0.00000  8.82427e-13
      1.00000      733.973  2.03376e-10      0.00000  1.04378e-12
      1.00000      730.729  5.29051e-10      0.00000  1.57963e-12
      1.00000      727.513  4.60362e-10      0.00000  1.41510e-12
      1.00000      724.326  1.56596e-10      256.000  8.29320e-13
      1.00000      721.167  9.72060e-11      256.000  7.79251e-13
      1.00000      718.035  1.03459e-10      0.00000  7.67385e-13
      1.00000      714.930  1.08721e-10      0.00000  7.67674e-13
      1.00000      711.852  1.03990e-10      0.00000  7.53203e-13
      1.00000      708.800  9.87932e-11      0.00000  7.40903e-13
      1.00000      705.774  9.73690e-11      0.00000  7.68976e-13
