      1.00000      1319.94  2.15815e-12      0.00000  3.13292e-13
      1.00000      1309.48  3.10437e-12      0.00000  3.07214e-13
      1.00000      1299.19  3.49781e-12      0.00000  2.88981e-13
      1.00000      1289.06  2.69143e-12      0.00000  2.65973e-13
      1.00000      1279.09  1.95473e-12      0.00000  2.57290e-13
      1.00000      1269.27  1.45794e-12      0.00000  2.63802e-13
      1.00000      1259.60  1.29238e-12      0.00000  2.62066e-13
      1.00000      1250.08  9.65659e-13      0.00000  2.51791e-13
      1.00000      1240.70  7.91651e-13      0.00000  2.43543e-13
      1.00000      1231.46  4.36910e-13      0.00000  2.42096e-13
      1.00000      1222.35 -4.07090e-13      0.00000  2.48897e-13
      1.00000      1213.38  3.53864e-14      0.00000  2.47595e-13
      1.00000      1204.54  4.56577e-13      0.00000  2.43832e-13
      1.00000      1195.83  2.49645e-13      0.00000  2.41372e-13
      1.00000      1187.24 -3.79561e-13      0.00000  2.45135e-13
      1.00000      1178.78  2.63236e-13      0.00000  2.42385e-13
      1.00000      1170.43  3.93904e-13      2.00000  2.57435e-13
      1.00000      1162.20  5.79667e-13      2.00000  2.61921e-13
      1.00000      1154.09  4.42710e-14      0.00000  2.58448e-13
      1.00000      1146.09  2.93764e-13      0.00000  2.59750e-13
      1.00000      1138.20  1.41309e-12      0.00000  2.50344e-13
      1.00000      1130.42  6.63270e-13      0.00000  2.50923e-13
      1.00000      1122.74  1.02368e-12      0.00000  2.57290e-13
      1.00000      1115.17  2.80464e-12      0.00000  2.65249e-13
      1.00000      1107.70  3.24401e-12      0.00000  2.61776e-13
      1.00000      1100.33  4.79838e-12      0.00000  2.65394e-13
      1.00000      1093.05  6.10891e-12      0.00000  2.65249e-13
      1.00000      1085.87  7.32164e-12      0.00000  2.58737e-13
      1.00000      1078.79  7.42175e-12      2.00000  2.58737e-13
      1.00000      1071.79  7.53416e-12      2.00000  2.53238e-13
      1.00000      1064.89  7.44530e-12      0.00000  2.52370e-13
      1.00000      1058.08  7.57644e-12      0.00000  2.42385e-13
      1.00000      1051.35  6.75318e-12      0.00000  2.32111e-13
      1.00000      1044.71  6.55446e-12      0.00000  2.25020e-13
      1.00000      1038.15  9.01285e-12      0.00000  2.27625e-13
      1.00000      1031.67  8.81084e-12      0.00000  2.17496e-13
      1.00000      1025.27  5.63568e-12      0.00000  2.04617e-13
      1.00000      1018.95  4.38658e-12      0.00000  1.97092e-13
      1.00000      1012.71  4.09589e-12      256.000  1.94342e-13
      1.00000      1006.54  3.34539e-12      256.000  1.91882e-13
      1.00000      1000.45  2.98150e-12      256.000  1.90001e-13
      1.00000      994.436  2.73855e-12      0.00000  1.87831e-13
      1.00000      988.491  2.26217e-12      0.00000  1.87541e-13
      1.00000      982.616  2.00072e-12      0.00000  1.88988e-13
      1.00000      976.810  2.02326e-12      0.00000  1.91448e-13
      1.00000      971.074  1.80445e-12      0.00000  1.98684e-13
      1.00000      965.403  1.27211e-12      0.00000  2.05340e-13
      1.00000      959.799  7.77726e-13      0.00000  2.12141e-13
      1.00000      954.259  1.36985e-12      0.00000  2.18653e-13
      1.00000      948.783  8.28351e-13      0.00000  2.26323e-13
      1.00000      943.370  1.45306e-12      0.00000  2.34861e-13
      1.00000      938.017  1.92781e-12      0.00000  2.41662e-13
      1.00000      932.725  1.79101e-12      0.00000  2.48318e-13
      1.00000      927.493  2.24009e-12      0.00000  2.65394e-13
      1.00000      922.319  2.62812e-12      2.00000  2.74655e-13
      1.00000      917.202  2.52098e-12      2.00000  2.92454e-13
      1.00000      912.142  2.93189e-12      2.00000  3.01281e-13
      1.00000      907.137  3.04647e-12      0.00000  3.11556e-13
      1.00000      902.188  3.43399e-12      0.00000  3.09674e-13
      1.00000      897.292  3.24601e-12      0.00000  3.10543e-13
      1.00000      892.448  3.87037e-12      0.00000  3.15318e-13
      1.00000      887.656  3.46413e-12      0.00000  3.11121e-13
      1.00000      882.916  3.21584e-12      0.00000  3.07648e-13
      1.00000      878.226  3.62752e-12      0.00000  3.05767e-13
      1.00000      873.586  3.23958e-12      0.00000  3.05188e-13
      1.00000      868.994  2.51610e-12      0.00000  3.03307e-13
      1.00000      864.451  4.66131e-12      0.00000  3.04031e-13
      1.00000      859.955  4.49984e-12      0.00000  3.06925e-13
      1.00000      855.504  4.05139e-12      0.00000  3.04031e-13
      1.00000      851.101  5.06112e-12      0.00000  3.00847e-13
      1.00000      846.742  6.49976e-12      0.00000  2.98966e-13
      1.00000      842.427  6.31055e-12      0.00000  2.92599e-13
      1.00000      838.157  7.55517e-12      0.00000  2.94914e-13
      1.00000      833.929  8.20065e-12      0.00000  2.89705e-13
      1.00000      829.744  8.80846e-12      0.00000  2.93467e-13
      1.00000      825.601  9.58615e-12      0.00000  2.97664e-13
      1.00000      821.498  1.06963e-11      0.00000  3.01137e-13
      1.00000      817.437  1.24700e-11      0.00000  3.12569e-13
      1.00000      813.415  1.28365e-11      0.00000  3.16910e-13
      1.00000      809.433  9.91617e-12      0.00000  3.13147e-13
      1.00000      805.490  6.99303e-12      0.00000  3.09096e-13
      1.00000      801.585  6.27365e-12      0.00000  3.05912e-13
      1.00000      797.717  6.45712e-12      0.00000  3.08806e-13
      1.00000      793.886  6.59339e-12      0.00000  3.10543e-13
      1.00000      790.092  6.63698e-12      0.00000  3.14305e-13
      1.00000      786.335  6.67263e-12      0.00000  3.23277e-13
      1.00000      782.613  8.39126e-12      0.00000  3.36879e-13
      1.00000      778.925  1.13289e-11      0.00000  3.59743e-13
      1.00000      775.273  1.56304e-11      0.00000  3.89408e-13
      1.00000      771.655  2.47068e-11      0.00000  4.26164e-13
      1.00000      768.070  3.53942e-11      0.00000  4.83034e-13
      1.00000      764.518  4.44271e-11      0.00000  5.30498e-13
      1.00000      761.000  5.84923e-11      0.00000  5.89394e-13
      1.00000      757.513  7.34465e-11      0.00000  6.60590e-13
      1.00000      754.058  7.82846e-11      0.00000  6.98214e-13
      1.00000      750.635  9.36200e-11      0.00000  7.57545e-13
      1.00000      747.242  1.09722e-10      0.00000  8.20058e-13
      1.00000      743.880  1.13527e-10      0.00000  8.44659e-13
      1.00000      740.548  1.22184e-10      0.00000  8.68680e-13
      1.00000      737.246  1.36149e-10      0.00000  8.97043e-13
      1.00000      733.973  2.13595e-10      0.00000  1.06751e-12
      1.00000      730.729  5.61096e-10      0.00000  1.63216e-12
      1.00000      727.513  4.94658e-10      0.00000  1.47862e-12
      1.00000      724.326  1.70923e-10      0.00000  8.78954e-13
      1.00000      721.167  1.03382e-10      0.00000  7.71002e-13
      1.00000      718.035  1.09789e-10      256.000  8.14415e-13
      1.00000      714.930  1.15471e-10      256.000  7.96616e-13
      1.00000      711.852  1.09267e-10      0.00000  7.70568e-13
      1.00000      708.800  1.05085e-10      0.00000  7.60728e-13
      1.00000      705.774  1.04353e-10      0.00000  7.61886e-13
