      1.00000      1319.94  1.28446e-12      0.00000  5.83172e-14
      1.00000      1309.48  2.50775e-12      0.00000  5.81725e-14
      1.00000      1299.19  2.33363e-12      2.00000  5.23842e-14
      1.00000      1289.06  1.58571e-12      2.00000  4.63065e-14
      1.00000      1279.09  1.25765e-12      0.00000  4.65959e-14
      1.00000      1269.27  1.19932e-12      2.00000  4.42805e-14
      1.00000      1259.60  9.47024e-13      2.00000  3.95052e-14
      1.00000      1250.08  9.69607e-13      0.00000  4.13864e-14
      1.00000      1240.70  7.00751e-13      0.00000  4.16758e-14
      1.00000      1231.46  3.67211e-13      0.00000  3.86369e-14
      1.00000      1222.35  2.90387e-13      0.00000  3.64663e-14
      1.00000      1213.38  3.29155e-13      0.00000  3.28486e-14
      1.00000      1204.54  2.28288e-13      2.00000  3.21251e-14
      1.00000      1195.83  1.99043e-13      2.00000  2.98098e-14
      1.00000      1187.24  2.29726e-13      0.00000  2.83627e-14
      1.00000      1178.78  1.88463e-13      0.00000  2.98098e-14
      1.00000      1170.43  1.89436e-13      0.00000  3.05333e-14
      1.00000      1162.20  2.23882e-13      0.00000  2.90862e-14
      1.00000      1154.09  3.10205e-13      0.00000  2.85074e-14
      1.00000      1146.09  4.76270e-13      0.00000  2.83627e-14
      1.00000      1138.20  7.19868e-13      0.00000  2.82180e-14
      1.00000      1130.42  1.03246e-12      0.00000  3.03886e-14
      1.00000      1122.74  1.55428e-12      0.00000  3.22698e-14
      1.00000      1115.17  2.39000e-12      0.00000  3.47298e-14
      1.00000      1107.70  3.64158e-12      0.00000  3.89264e-14
      1.00000      1100.33  5.13222e-12      0.00000  4.26888e-14
      1.00000      1093.05  6.32465e-12      0.00000  4.47147e-14
      1.00000      1085.87  7.27991e-12      0.00000  4.78982e-14
      1.00000      1078.79  7.78012e-12      0.00000  5.31077e-14
      1.00000      1071.79  7.75438e-12      0.00000  5.29630e-14
      1.00000      1064.89  7.57753e-12      0.00000  5.91854e-14
      1.00000      1058.08  7.16414e-12      0.00000  5.64360e-14
      1.00000      1051.35  6.68259e-12      0.00000  5.45548e-14
      1.00000      1044.71  6.56070e-12      0.00000  5.38312e-14
      1.00000      1038.15  9.20030e-12      0.00000  5.83172e-14
      1.00000      1031.67  9.28505e-12      0.00000  5.68701e-14
      1.00000      1025.27  5.36978e-12     -15872.0          NaN
      1.00000      1018.95  4.19511e-12     -15872.0          NaN
      1.00000      1012.71  3.81457e-12      0.00000  4.74641e-14
      1.00000      1006.54  3.32158e-12      0.00000  4.34123e-14
      1.00000      1000.45  2.94403e-12      0.00000  4.26888e-14
      1.00000      994.436  2.58276e-12      0.00000  3.90711e-14
      1.00000      988.491  2.37158e-12      0.00000  3.71899e-14
      1.00000      982.616  2.06841e-12      0.00000  3.64663e-14
      1.00000      976.810  1.79444e-12      0.00000  3.57428e-14
      1.00000      971.074  1.65915e-12      0.00000  3.58875e-14
      1.00000      965.403  1.64643e-12      0.00000  3.50193e-14
      1.00000      959.799  1.60315e-12      2.00000  3.61769e-14
      1.00000      954.259  1.68852e-12      2.00000  3.73346e-14
      1.00000      948.783  1.76135e-12      0.00000  3.67557e-14
      1.00000      943.370  1.78447e-12      0.00000  3.64663e-14
      1.00000      938.017  1.81661e-12      0.00000  3.70452e-14
      1.00000      932.725  1.95907e-12      0.00000  3.66110e-14
      1.00000      927.493  2.17521e-12      0.00000  3.84922e-14
      1.00000      922.319  2.47050e-12      0.00000  3.96499e-14
      1.00000      917.202  2.75735e-12      0.00000  3.96499e-14
      1.00000      912.142  3.00317e-12      0.00000  4.13864e-14
      1.00000      907.137  3.14102e-12      0.00000  4.23993e-14
      1.00000      902.188  3.24324e-12      0.00000  4.29782e-14
      1.00000      897.292  3.38444e-12      0.00000  4.39911e-14
      1.00000      892.448  3.34120e-12      0.00000  4.51488e-14
      1.00000      887.656  3.46001e-12      0.00000  4.63065e-14
      1.00000      882.916  3.51556e-12      0.00000  4.74641e-14
      1.00000      878.226  3.47754e-12      0.00000  4.92006e-14
      1.00000      873.586  3.59998e-12      0.00000  5.26736e-14
      1.00000      868.994  3.75253e-12      0.00000  5.49889e-14
      1.00000      864.451  3.91202e-12      0.00000  5.78831e-14
      1.00000      859.955  4.25606e-12      0.00000  6.00537e-14
      1.00000      855.504  4.78250e-12      0.00000  6.45396e-14
      1.00000      851.101  5.35095e-12      0.00000  6.75785e-14
      1.00000      846.742  5.87579e-12      0.00000  6.80126e-14
      1.00000      842.427  6.40032e-12      0.00000  6.80126e-14
      1.00000      838.157  7.11533e-12      0.00000  6.85914e-14
      1.00000      833.929  7.93509e-12      0.00000  7.42350e-14
      1.00000      829.744  8.64569e-12      0.00000  7.35115e-14
      1.00000      825.601  9.47049e-12      2.00000  7.75633e-14
      1.00000      821.498  1.00001e-11      2.00000  7.90104e-14
      1.00000      817.437  1.19762e-11      0.00000  7.52480e-14
      1.00000      813.415  1.27092e-11      0.00000  7.38009e-14
      1.00000      809.433  9.41583e-12      0.00000  6.87361e-14
      1.00000      805.490  7.93869e-12      0.00000  6.46843e-14
      1.00000      801.585  7.21983e-12      0.00000  6.33820e-14
      1.00000      797.717  6.60281e-12      0.00000  6.17902e-14
      1.00000      793.886  6.26663e-12      0.00000  5.97643e-14
      1.00000      790.092  6.15519e-12      0.00000  6.07772e-14
      1.00000      786.335  6.75483e-12      0.00000  6.38161e-14
      1.00000      782.613  8.19037e-12      0.00000  6.39608e-14
      1.00000      778.925  1.08314e-11      0.00000  6.56973e-14
      1.00000      775.273  1.63626e-11      0.00000  7.19197e-14
      1.00000      771.655  2.49445e-11      0.00000  8.04575e-14
      1.00000      768.070  3.36904e-11      0.00000  8.66799e-14
      1.00000      764.518  4.35535e-11      0.00000  9.78224e-14
      1.00000      761.000  5.80615e-11      0.00000  1.07952e-13
      1.00000      757.513  7.09915e-11      0.00000  1.15911e-13
      1.00000      754.058  7.99846e-11      0.00000  1.23002e-13
      1.00000      750.635  9.47311e-11      0.00000  1.33855e-13
      1.00000      747.242  1.07867e-10      0.00000  1.44708e-13
      1.00000      743.880  1.12526e-10      0.00000  1.48759e-13
      1.00000      740.548  1.19967e-10      0.00000  1.56429e-13
      1.00000      737.246  1.36814e-10      0.00000  1.67716e-13
      1.00000      733.973  2.37281e-10      2.00000  2.03025e-13
      1.00000      730.729  4.85810e-10      2.00000  3.14739e-13
      1.00000      727.513  5.15529e-10      0.00000  3.56704e-13
      1.00000      724.326  1.65615e-10      0.00000  2.13588e-13
      1.00000      721.167  9.82715e-11      8.00000  1.74517e-13
      1.00000      718.035  1.02886e-10      8.00000  1.83779e-13
      1.00000      714.930  1.09835e-10      8.00000  1.93908e-13
      1.00000      711.852  1.09304e-10      8.00000  2.03025e-13
      1.00000      708.800  1.04022e-10      0.00000  2.05774e-13
      1.00000      705.774  1.00509e-10      0.00000  2.08524e-13
