      1.00000      1319.94  1.45805e-12      0.00000  5.84619e-14
      1.00000      1309.48  2.68636e-12      0.00000  6.75785e-14
      1.00000      1299.19  2.49597e-12      2.00000  5.31077e-14
      1.00000      1289.06  1.63590e-12      2.00000  4.41358e-14
      1.00000      1279.09  1.27718e-12      0.00000  4.32676e-14
      1.00000      1269.27  1.24568e-12      2.00000  4.29782e-14
      1.00000      1259.60  9.95559e-13      2.00000  4.10970e-14
      1.00000      1250.08  9.78717e-13      0.00000  3.74793e-14
      1.00000      1240.70  6.87527e-13      0.00000  3.50193e-14
      1.00000      1231.46  3.73146e-13      0.00000  3.44404e-14
      1.00000      1222.35  2.80027e-13      0.00000  3.31380e-14
      1.00000      1213.38  3.19393e-13      0.00000  3.15463e-14
      1.00000      1204.54  2.80360e-13      2.00000  3.12569e-14
      1.00000      1195.83  1.74277e-13      2.00000  2.96651e-14
      1.00000      1187.24  9.16761e-14      0.00000  2.86521e-14
      1.00000      1178.78  1.23344e-13      0.00000  2.85074e-14
      1.00000      1170.43  1.97259e-13      0.00000  2.85074e-14
      1.00000      1162.20  1.80580e-13      0.00000  2.92309e-14
      1.00000      1154.09  2.25506e-13      0.00000  2.87968e-14
      1.00000      1146.09  4.57342e-13      0.00000  2.96651e-14
      1.00000      1138.20  7.32346e-13      0.00000  3.34275e-14
      1.00000      1130.42  1.02336e-12      0.00000  3.03886e-14
      1.00000      1122.74  1.58145e-12      0.00000  3.25592e-14
      1.00000      1115.17  2.51611e-12      0.00000  3.55981e-14
      1.00000      1107.70  3.83774e-12      0.00000  3.95052e-14
      1.00000      1100.33  5.45600e-12      0.00000  4.32676e-14
      1.00000      1093.05  6.64361e-12      0.00000  4.68853e-14
      1.00000      1085.87  7.39207e-12      0.00000  4.87665e-14
      1.00000      1078.79  7.96800e-12      0.00000  5.28183e-14
      1.00000      1071.79  7.87763e-12      0.00000  5.33971e-14
      1.00000      1064.89  7.66589e-12      0.00000  5.64360e-14
      1.00000      1058.08  7.13611e-12      0.00000  5.65807e-14
      1.00000      1051.35  6.83952e-12      0.00000  5.52783e-14
      1.00000      1044.71  6.81071e-12      0.00000  5.41207e-14
      1.00000      1038.15  9.69461e-12      0.00000  5.84619e-14
      1.00000      1031.67  9.32395e-12      0.00000  5.62913e-14
      1.00000      1025.27  5.36744e-12     -15872.0          NaN
      1.00000      1018.95  4.25487e-12     -15872.0          NaN
      1.00000      1012.71  3.68306e-12      0.00000  4.74641e-14
      1.00000      1006.54  3.17541e-12      0.00000  4.16758e-14
      1.00000      1000.45  2.88053e-12      0.00000  4.03734e-14
      1.00000      994.436  2.53978e-12      2.00000  3.86369e-14
      1.00000      988.491  2.39826e-12      2.00000  3.69005e-14
      1.00000      982.616  2.04721e-12      0.00000  3.67557e-14
      1.00000      976.810  1.78438e-12      0.00000  3.70452e-14
      1.00000      971.074  1.67519e-12      0.00000  3.66110e-14
      1.00000      965.403  1.65650e-12      0.00000  3.53087e-14
      1.00000      959.799  1.61244e-12      2.00000  3.57428e-14
      1.00000      954.259  1.69073e-12      2.00000  3.64663e-14
      1.00000      948.783  1.78263e-12      0.00000  3.58875e-14
      1.00000      943.370  1.85006e-12      0.00000  3.58875e-14
      1.00000      938.017  1.94784e-12      0.00000  3.79134e-14
      1.00000      932.725  2.05817e-12      0.00000  3.84922e-14
      1.00000      927.493  2.26504e-12      0.00000  3.80581e-14
      1.00000      922.319  2.43086e-12      0.00000  3.93605e-14
      1.00000      917.202  2.67898e-12      0.00000  3.96499e-14
      1.00000      912.142  3.03937e-12      0.00000  4.10970e-14
      1.00000      907.137  3.28665e-12      0.00000  4.28335e-14
      1.00000      902.188  3.39176e-12      0.00000  4.54382e-14
      1.00000      897.292  3.45737e-12      0.00000  4.31229e-14
      1.00000      892.448  3.47460e-12      0.00000  4.48594e-14
      1.00000      887.656  3.56987e-12      0.00000  4.70300e-14
      1.00000      882.916  3.63637e-12      0.00000  4.76088e-14
      1.00000      878.226  3.68390e-12      0.00000  5.00688e-14
      1.00000      873.586  3.69677e-12      0.00000  5.15159e-14
      1.00000      868.994  3.88896e-12      0.00000  5.39760e-14
      1.00000      864.451  4.14800e-12      0.00000  5.67254e-14
      1.00000      859.955  4.55309e-12      0.00000  5.88960e-14
      1.00000      855.504  4.92501e-12      0.00000  6.20796e-14
      1.00000      851.101  5.64473e-12      0.00000  6.59867e-14
      1.00000      846.742  6.24574e-12      0.00000  6.77232e-14
      1.00000      842.427  7.01026e-12      0.00000  6.72891e-14
      1.00000      838.157  7.62750e-12      0.00000  6.90255e-14
      1.00000      833.929  8.42639e-12      0.00000  7.00385e-14
      1.00000      829.744  9.35056e-12      0.00000  7.30774e-14
      1.00000      825.601  1.03475e-11      2.00000  7.77080e-14
      1.00000      821.498  1.08607e-11      2.00000  7.65504e-14
      1.00000      817.437  1.29395e-11      0.00000  7.51033e-14
      1.00000      813.415  1.33411e-11      0.00000  7.40903e-14
      1.00000      809.433  9.88618e-12      0.00000  7.26432e-14
      1.00000      805.490  8.33669e-12      0.00000  6.83020e-14
      1.00000      801.585  7.65436e-12      0.00000  6.39608e-14
      1.00000      797.717  7.15176e-12      0.00000  6.29478e-14
      1.00000      793.886  6.65227e-12      0.00000  6.25137e-14
      1.00000      790.092  6.48765e-12      0.00000  5.99090e-14
      1.00000      786.335  7.25088e-12      0.00000  5.99090e-14
      1.00000      782.613  9.08708e-12      0.00000  6.23690e-14
      1.00000      778.925  1.20958e-11      0.00000  6.98938e-14
      1.00000      775.273  1.80786e-11      0.00000  7.53927e-14
      1.00000      771.655  2.72199e-11      0.00000  8.29175e-14
      1.00000      768.070  3.65562e-11      0.00000  8.75481e-14
      1.00000      764.518  4.71161e-11      0.00000  9.56518e-14
      1.00000      761.000  6.23718e-11      0.00000  1.07662e-13
      1.00000      757.513  7.53902e-11      0.00000  1.18371e-13
      1.00000      754.058  8.48342e-11      0.00000  1.25317e-13
      1.00000      750.635  1.00290e-10      0.00000  1.35880e-13
      1.00000      747.242  1.13289e-10      0.00000  1.47457e-13
      1.00000      743.880  1.18137e-10      0.00000  1.53245e-13
      1.00000      740.548  1.26427e-10      0.00000  1.60625e-13
      1.00000      737.246  1.46628e-10      8.00000  1.71044e-13
      1.00000      733.973  2.62800e-10      10.0000  2.10984e-13
      1.00000      730.729  5.30264e-10      10.0000  3.29789e-13
      1.00000      727.513  5.19996e-10      0.00000  3.57862e-13
      1.00000      724.326  1.59782e-10      0.00000  2.08668e-13
      1.00000      721.167  1.02282e-10      0.00000  1.73794e-13
      1.00000      718.035  1.07873e-10      0.00000  1.84792e-13
      1.00000      714.930  1.15110e-10      0.00000  1.96513e-13
      1.00000      711.852  1.13516e-10      0.00000  2.04183e-13
      1.00000      708.800  1.08787e-10      0.00000  2.09826e-13
      1.00000      705.774  1.04755e-10      0.00000  2.10115e-13
