      1.00000      1319.94  1.43364e-12      2.00000  5.71595e-14
      1.00000      1309.48  2.40894e-12      0.00000  5.84619e-14
      1.00000      1299.19  2.38347e-12      2.00000  5.36865e-14
      1.00000      1289.06  1.59130e-12      2.00000  4.55829e-14
      1.00000      1279.09  1.31410e-12      0.00000  5.02136e-14
      1.00000      1269.27  1.17902e-12      0.00000  4.74641e-14
      1.00000      1259.60  9.85852e-13      0.00000  4.86218e-14
      1.00000      1250.08  9.69303e-13      0.00000  3.95052e-14
      1.00000      1240.70  5.87658e-13      0.00000  3.53087e-14
      1.00000      1231.46  2.37706e-13      0.00000  3.28486e-14
      1.00000      1222.35  2.28836e-13      0.00000  3.22698e-14
      1.00000      1213.38  2.88735e-13      0.00000  3.09674e-14
      1.00000      1204.54  1.99428e-13      2.00000  3.12569e-14
      1.00000      1195.83  1.58531e-13      2.00000  2.98098e-14
      1.00000      1187.24  1.59630e-13      0.00000  2.83627e-14
      1.00000      1178.78  1.57053e-13      0.00000  2.83627e-14
      1.00000      1170.43  1.65200e-13      0.00000  2.83627e-14
      1.00000      1162.20  1.98392e-13      0.00000  2.89415e-14
      1.00000      1154.09  3.20965e-13      0.00000  2.93757e-14
      1.00000      1146.09  4.50879e-13      0.00000  3.08227e-14
      1.00000      1138.20  6.31136e-13      0.00000  2.96651e-14
      1.00000      1130.42  9.52266e-13      0.00000  3.12569e-14
      1.00000      1122.74  1.53452e-12      0.00000  3.29933e-14
      1.00000      1115.17  2.52260e-12      0.00000  3.58875e-14
      1.00000      1107.70  3.75482e-12      0.00000  3.96499e-14
      1.00000      1100.33  5.20113e-12      0.00000  4.39911e-14
      1.00000      1093.05  6.40508e-12      0.00000  5.10818e-14
      1.00000      1085.87  7.33576e-12      0.00000  5.65807e-14
      1.00000      1078.79  7.79301e-12      0.00000  5.28183e-14
      1.00000      1071.79  7.74490e-12      0.00000  5.33971e-14
      1.00000      1064.89  7.53755e-12      0.00000  5.64360e-14
      1.00000      1058.08  7.21537e-12      0.00000  5.87513e-14
      1.00000      1051.35  6.77983e-12      0.00000  5.84619e-14
      1.00000      1044.71  6.38165e-12      0.00000  5.39760e-14
      1.00000      1038.15  9.24213e-12      0.00000  5.83172e-14
      1.00000      1031.67  8.87722e-12      0.00000  5.74489e-14
      1.00000      1025.27  5.26740e-12     -15872.0          NaN
      1.00000      1018.95  4.10078e-12     -15872.0          NaN
      1.00000      1012.71  3.82474e-12      0.00000  4.73194e-14
      1.00000      1006.54  3.15003e-12      0.00000  4.38464e-14
      1.00000      1000.45  3.03465e-12      2.00000  4.29782e-14
      1.00000      994.436  2.53240e-12      2.00000  3.97946e-14
      1.00000      988.491  2.21335e-12      2.00000  3.87817e-14
      1.00000      982.616  2.03983e-12      2.00000  3.92158e-14
      1.00000      976.810  1.84929e-12      2.00000  3.66110e-14
      1.00000      971.074  1.74155e-12      2.00000  3.61769e-14
      1.00000      965.403  1.63636e-12      0.00000  3.66110e-14
      1.00000      959.799  1.59591e-12      2.00000  3.66110e-14
      1.00000      954.259  1.62756e-12      2.00000  3.64663e-14
      1.00000      948.783  1.67467e-12      0.00000  3.64663e-14
      1.00000      943.370  1.72645e-12      0.00000  3.69005e-14
      1.00000      938.017  1.87513e-12      0.00000  3.83475e-14
      1.00000      932.725  2.07884e-12      2.00000  3.92158e-14
      1.00000      927.493  2.25920e-12      2.00000  4.00840e-14
      1.00000      922.319  2.40654e-12      0.00000  4.10970e-14
      1.00000      917.202  2.62921e-12      2.00000  4.23993e-14
      1.00000      912.142  2.86898e-12      2.00000  4.38464e-14
      1.00000      907.137  3.00488e-12      2.00000  4.44253e-14
      1.00000      902.188  3.15436e-12      2.00000  4.44253e-14
      1.00000      897.292  3.33524e-12      0.00000  4.63065e-14
      1.00000      892.448  3.32711e-12      0.00000  4.65959e-14
      1.00000      887.656  3.37644e-12      2.00000  4.76088e-14
      1.00000      882.916  3.41107e-12      2.00000  4.89112e-14
      1.00000      878.226  3.50304e-12      0.00000  5.02136e-14
      1.00000      873.586  3.55943e-12      0.00000  5.26736e-14
      1.00000      868.994  3.68788e-12      2.00000  5.68701e-14
      1.00000      864.451  3.99776e-12      2.00000  5.88960e-14
      1.00000      859.955  4.38112e-12      2.00000  6.01984e-14
      1.00000      855.504  4.78567e-12      0.00000  6.59867e-14
      1.00000      851.101  5.47810e-12      0.00000  6.81573e-14
      1.00000      846.742  6.14600e-12      0.00000  6.90255e-14
      1.00000      842.427  6.72733e-12      0.00000  6.94597e-14
      1.00000      838.157  7.40480e-12      0.00000  7.14856e-14
      1.00000      833.929  8.23079e-12      2.00000  7.22091e-14
      1.00000      829.744  9.01708e-12      2.00000  7.53927e-14
      1.00000      825.601  1.01491e-11      2.00000  7.91551e-14
      1.00000      821.498  1.07284e-11      2.00000  7.92998e-14
      1.00000      817.437  1.30169e-11      0.00000  8.16151e-14
      1.00000      813.415  1.32868e-11      0.00000  7.59715e-14
      1.00000      809.433  9.66275e-12      0.00000  7.17750e-14
      1.00000      805.490  8.28004e-12      0.00000  7.61162e-14
      1.00000      801.585  7.27728e-12      2.00000  6.59867e-14
      1.00000      797.717  6.55028e-12      2.00000  6.38161e-14
      1.00000      793.886  6.17475e-12      0.00000  6.12113e-14
      1.00000      790.092  6.12821e-12      0.00000  6.00537e-14
      1.00000      786.335  6.93668e-12      2.00000  6.26584e-14
      1.00000      782.613  8.53296e-12      2.00000  6.58420e-14
      1.00000      778.925  1.12926e-11      0.00000  6.69996e-14
      1.00000      775.273  1.69236e-11      0.00000  7.45244e-14
      1.00000      771.655  2.56445e-11      0.00000  8.34963e-14
      1.00000      768.070  3.43533e-11      0.00000  8.76928e-14
      1.00000      764.518  4.34120e-11      8.00000  9.57965e-14
      1.00000      761.000  5.72030e-11      10.0000  1.06505e-13
      1.00000      757.513  7.01739e-11      10.0000  1.16200e-13
      1.00000      754.058  7.84515e-11      0.00000  1.22567e-13
      1.00000      750.635  9.13801e-11      0.00000  1.30960e-13
      1.00000      747.242  1.04304e-10      8.00000  1.42248e-13
      1.00000      743.880  1.10735e-10      8.00000  1.49628e-13
      1.00000      740.548  1.17663e-10      0.00000  1.55995e-13
      1.00000      737.246  1.34191e-10      0.00000  1.66124e-13
      1.00000      733.973  2.36112e-10      0.00000  2.02157e-13
      1.00000      730.729  4.82588e-10      8.00000  3.14160e-13
      1.00000      727.513  4.91753e-10      8.00000  3.46430e-13
      1.00000      724.326  1.52492e-10      0.00000  2.05051e-13
      1.00000      721.167  9.48043e-11      0.00000  1.69742e-13
      1.00000      718.035  1.00688e-10      0.00000  1.80306e-13
      1.00000      714.930  1.05655e-10      0.00000  1.91159e-13
      1.00000      711.852  1.04929e-10      0.00000  1.99552e-13
      1.00000      708.800  9.85199e-11      0.00000  2.03314e-13
      1.00000      705.774  9.60020e-11      0.00000  2.06498e-13
