      1.00000      1319.94  1.03492e-12      2.00000  5.67254e-14
      1.00000      1309.48  2.24798e-12      0.00000  5.67254e-14
      1.00000      1299.19  2.06060e-12      2.00000  4.97794e-14
      1.00000      1289.06  1.36046e-12      2.00000  4.42805e-14
      1.00000      1279.09  1.07801e-12      0.00000  4.26888e-14
      1.00000      1269.27  1.05160e-12      0.00000  4.25441e-14
      1.00000      1259.60  7.69723e-13      0.00000  3.84922e-14
      1.00000      1250.08  8.61805e-13      0.00000  4.06629e-14
      1.00000      1240.70  6.19123e-13      0.00000  3.66110e-14
      1.00000      1231.46  3.24296e-13      0.00000  3.25592e-14
      1.00000      1222.35  2.46814e-13      0.00000  3.19804e-14
      1.00000      1213.38  2.48315e-13      0.00000  3.08227e-14
      1.00000      1204.54  2.32564e-13      2.00000  3.14016e-14
      1.00000      1195.83  1.96903e-13      2.00000  2.96651e-14
      1.00000      1187.24  1.57946e-13      0.00000  2.76392e-14
      1.00000      1178.78  1.89076e-13      0.00000  2.83627e-14
      1.00000      1170.43  2.25943e-13      0.00000  2.93757e-14
      1.00000      1162.20  2.60274e-13      0.00000  2.95204e-14
      1.00000      1154.09  3.64160e-13      0.00000  2.80733e-14
      1.00000      1146.09  5.23050e-13      0.00000  2.90862e-14
      1.00000      1138.20  7.84568e-13      0.00000  2.92309e-14
      1.00000      1130.42  1.04880e-12      0.00000  3.06780e-14
      1.00000      1122.74  1.55258e-12      2.00000  3.24145e-14
      1.00000      1115.17  2.46372e-12      2.00000  3.54534e-14
      1.00000      1107.70  3.73719e-12      0.00000  4.22546e-14
      1.00000      1100.33  5.21646e-12      0.00000  4.60170e-14
      1.00000      1093.05  6.36417e-12      0.00000  4.64512e-14
      1.00000      1085.87  7.33048e-12      0.00000  4.94900e-14
      1.00000      1078.79  7.76413e-12      0.00000  5.44101e-14
      1.00000      1071.79  7.64046e-12      0.00000  5.32524e-14
      1.00000      1064.89  7.38417e-12      0.00000  5.55677e-14
      1.00000      1058.08  6.95876e-12      0.00000  5.55677e-14
      1.00000      1051.35  6.47516e-12      0.00000  5.49889e-14
      1.00000      1044.71  6.29010e-12      0.00000  5.55677e-14
      1.00000      1038.15  9.02206e-12      0.00000  5.96196e-14
      1.00000      1031.67  8.36302e-12      0.00000  5.97643e-14
      1.00000      1025.27  4.99212e-12     -15872.0          NaN
      1.00000      1018.95  3.91775e-12     -15872.0          NaN
      1.00000      1012.71  3.56486e-12      0.00000  4.76088e-14
      1.00000      1006.54  3.01419e-12      0.00000  4.32676e-14
      1.00000      1000.45  2.85811e-12      2.00000  4.32676e-14
      1.00000      994.436  2.50652e-12      2.00000  4.25441e-14
      1.00000      988.491  2.16453e-12      2.00000  4.19652e-14
      1.00000      982.616  1.93710e-12      2.00000  4.05181e-14
      1.00000      976.810  1.73236e-12      2.00000  3.93605e-14
      1.00000      971.074  1.60050e-12      2.00000  3.69005e-14
      1.00000      965.403  1.53016e-12      0.00000  3.87817e-14
      1.00000      959.799  1.49090e-12      2.00000  3.74793e-14
      1.00000      954.259  1.51320e-12      2.00000  3.67557e-14
      1.00000      948.783  1.60722e-12      0.00000  3.84922e-14
      1.00000      943.370  1.68562e-12      0.00000  3.87817e-14
      1.00000      938.017  1.75462e-12      0.00000  3.76240e-14
      1.00000      932.725  1.93950e-12      2.00000  3.76240e-14
      1.00000      927.493  2.20647e-12      2.00000  3.95052e-14
      1.00000      922.319  2.42581e-12      0.00000  4.08076e-14
      1.00000      917.202  2.57612e-12      2.00000  4.12417e-14
      1.00000      912.142  2.75154e-12      2.00000  4.25441e-14
      1.00000      907.137  2.90274e-12      2.00000  4.34123e-14
      1.00000      902.188  2.97469e-12      2.00000  4.54382e-14
      1.00000      897.292  3.11012e-12      0.00000  4.42805e-14
      1.00000      892.448  3.12835e-12      0.00000  4.58723e-14
      1.00000      887.656  3.22796e-12      2.00000  4.73194e-14
      1.00000      882.916  3.24260e-12      2.00000  4.84771e-14
      1.00000      878.226  3.24505e-12      0.00000  4.97794e-14
      1.00000      873.586  3.34255e-12      0.00000  5.10818e-14
      1.00000      868.994  3.58916e-12      2.00000  5.48442e-14
      1.00000      864.451  3.81916e-12      2.00000  5.83172e-14
      1.00000      859.955  4.08330e-12      2.00000  6.01984e-14
      1.00000      855.504  4.45562e-12      0.00000  6.41055e-14
      1.00000      851.101  4.92779e-12      0.00000  6.67102e-14
      1.00000      846.742  5.53376e-12      0.00000  7.00385e-14
      1.00000      842.427  6.00177e-12      0.00000  6.94597e-14
      1.00000      838.157  6.77129e-12      0.00000  7.13409e-14
      1.00000      833.929  7.36907e-12      2.00000  7.38009e-14
      1.00000      829.744  8.06520e-12      2.00000  7.64056e-14
      1.00000      825.601  9.12573e-12      2.00000  7.78527e-14
      1.00000      821.498  9.54345e-12      2.00000  7.88657e-14
      1.00000      817.437  1.18964e-11      0.00000  7.71292e-14
      1.00000      813.415  1.20049e-11      0.00000  7.49586e-14
      1.00000      809.433  8.59177e-12      0.00000  7.07620e-14
      1.00000      805.490  7.95630e-12      0.00000  7.46691e-14
      1.00000      801.585  6.64311e-12      2.00000  6.54079e-14
      1.00000      797.717  5.95356e-12      2.00000  6.36714e-14
      1.00000      793.886  5.70373e-12      0.00000  6.16455e-14
      1.00000      790.092  5.49566e-12      0.00000  6.03431e-14
      1.00000      786.335  6.30336e-12      2.00000  6.22243e-14
      1.00000      782.613  7.65624e-12      2.00000  6.29478e-14
      1.00000      778.925  1.00731e-11      0.00000  6.51184e-14
      1.00000      775.273  1.50987e-11      0.00000  7.32221e-14
      1.00000      771.655  2.31315e-11      0.00000  8.19045e-14
      1.00000      768.070  3.11872e-11      0.00000  8.63905e-14
      1.00000      764.518  3.96100e-11      0.00000  9.34811e-14
      1.00000      761.000  5.25588e-11      2.00000  1.02308e-13
      1.00000      757.513  6.47035e-11      2.00000  1.12438e-13
      1.00000      754.058  7.25765e-11      0.00000  1.19094e-13
      1.00000      750.635  8.47064e-11      0.00000  1.27343e-13
      1.00000      747.242  9.66855e-11      0.00000  1.37617e-13
      1.00000      743.880  1.02701e-10      0.00000  1.44852e-13
      1.00000      740.548  1.09301e-10      0.00000  1.50641e-13
      1.00000      737.246  1.24845e-10      0.00000  1.59178e-13
      1.00000      733.973  2.21946e-10      8.00000  1.96658e-13
      1.00000      730.729  4.50434e-10      8.00000  3.02584e-13
      1.00000      727.513  4.46215e-10      8.00000  3.29355e-13
      1.00000      724.326  1.36143e-10      0.00000  1.94776e-13
      1.00000      721.167  8.72933e-11      0.00000  1.64098e-13
      1.00000      718.035  9.34437e-11      0.00000  1.78714e-13
      1.00000      714.930  9.76722e-11      0.00000  1.83779e-13
      1.00000      711.852  9.68815e-11      0.00000  1.93619e-13
      1.00000      708.800  9.07329e-11      0.00000  1.96079e-13
      1.00000      705.774  8.82225e-11      0.00000  2.00565e-13
