      1.00000      1319.94  3.09361e-13      0.00000  3.84633e-13
      1.00000      1309.48  2.27574e-12      0.00000  3.62637e-13
      1.00000      1299.19  1.78046e-12      0.00000  3.24000e-13
      1.00000      1289.06  9.53331e-13      0.00000  2.94191e-13
      1.00000      1279.09  5.71619e-13      0.00000  2.79720e-13
      1.00000      1269.27  4.01490e-14      0.00000  2.68288e-13
      1.00000      1259.60  1.85340e-13      0.00000  2.57435e-13
      1.00000      1250.08  6.88108e-13      0.00000  2.41951e-13
      1.00000      1240.70  5.19255e-13      0.00000  2.29072e-13
      1.00000      1231.46  3.16383e-13      0.00000  2.17640e-13
      1.00000      1222.35  5.08101e-13      0.00000  2.15904e-13
      1.00000      1213.38  5.36897e-14      0.00000  2.10839e-13
      1.00000      1204.54 -9.89505e-14      2.00000  2.06643e-13
      1.00000      1195.83 -3.50084e-13      2.00000  1.96802e-13
      1.00000      1187.24 -3.43747e-13      0.00000  1.91014e-13
      1.00000      1178.78  2.50365e-13      0.00000  1.89422e-13
      1.00000      1170.43  7.08659e-14      0.00000  1.92172e-13
      1.00000      1162.20  2.85611e-14      0.00000  1.94921e-13
      1.00000      1154.09  3.96441e-13      0.00000  1.87686e-13
      1.00000      1146.09  3.45007e-13      0.00000  1.85660e-13
      1.00000      1138.20  5.30388e-13      0.00000  1.81898e-13
      1.00000      1130.42  7.60116e-13      0.00000  1.81029e-13
      1.00000      1122.74  1.27300e-12      0.00000  1.88988e-13
      1.00000      1115.17  2.29944e-12      0.00000  2.07655e-13
      1.00000      1107.70  3.55913e-12      0.00000  2.25165e-13
      1.00000      1100.33  5.13517e-12      0.00000  2.35295e-13
      1.00000      1093.05  5.95098e-12      0.00000  2.49621e-13
      1.00000      1085.87  6.47944e-12      0.00000  2.60619e-13
      1.00000      1078.79  7.51740e-12      0.00000  2.67275e-13
      1.00000      1071.79  7.11981e-12      0.00000  2.81312e-13
      1.00000      1064.89  7.36737e-12      0.00000  2.86666e-13
      1.00000      1058.08  7.43133e-12      0.00000  3.01426e-13
      1.00000      1051.35  6.53500e-12      0.00000  2.95493e-13
      1.00000      1044.71  6.40442e-12      0.00000  2.90428e-13
      1.00000      1038.15  9.19780e-12      0.00000  2.88692e-13
      1.00000      1031.67  9.72850e-12      0.00000  2.84929e-13
      1.00000      1025.27  5.30866e-12     -15872.0          NaN
      1.00000      1018.95  3.93073e-12     -15872.0          NaN
      1.00000      1012.71  3.27289e-12      0.00000  2.34426e-13
      1.00000      1006.54  3.34947e-12      0.00000  2.23429e-13
      1.00000      1000.45  2.90797e-12      0.00000  2.17061e-13
      1.00000      994.436  2.49993e-12      0.00000  2.15036e-13
      1.00000      988.491  2.48005e-12      0.00000  2.03748e-13
      1.00000      982.616  2.27590e-12      0.00000  2.01867e-13
      1.00000      976.810  1.66588e-12      0.00000  1.98249e-13
      1.00000      971.074  1.45944e-12      0.00000  2.02446e-13
      1.00000      965.403  1.18023e-12      0.00000  2.04472e-13
      1.00000      959.799  1.44871e-12      2.00000  2.04038e-13
      1.00000      954.259  1.37835e-12      2.00000  2.04183e-13
      1.00000      948.783  1.35962e-12      0.00000  2.07221e-13
      1.00000      943.370  1.31494e-12      0.00000  2.06932e-13
      1.00000      938.017  1.53174e-12      0.00000  2.04906e-13
      1.00000      932.725  1.45680e-12      0.00000  2.03170e-13
      1.00000      927.493  1.48692e-12      0.00000  2.05774e-13
      1.00000      922.319  2.02056e-12      0.00000  2.12431e-13
      1.00000      917.202  2.12094e-12      0.00000  2.18074e-13
      1.00000      912.142  2.56787e-12      0.00000  2.23863e-13
      1.00000      907.137  3.20949e-12      0.00000  2.29796e-13
      1.00000      902.188  3.58804e-12      0.00000  2.31388e-13
      1.00000      897.292  3.43965e-12      0.00000  2.39491e-13
      1.00000      892.448  3.62097e-12      0.00000  2.47450e-13
      1.00000      887.656  3.26643e-12      0.00000  2.58158e-13
      1.00000      882.916  2.89934e-12      0.00000  2.59027e-13
      1.00000      878.226  3.53725e-12      0.00000  2.65683e-13
      1.00000      873.586  3.56893e-12      0.00000  2.75813e-13
      1.00000      868.994  4.01065e-12      0.00000  2.94914e-13
      1.00000      864.451  4.12534e-12      0.00000  3.04031e-13
      1.00000      859.955  4.31629e-12      0.00000  3.17054e-13
      1.00000      855.504  3.75764e-12      0.00000  3.30223e-13
      1.00000      851.101  5.57561e-12      0.00000  3.38761e-13
      1.00000      846.742  6.39765e-12      0.00000  3.46864e-13
      1.00000      842.427  5.82811e-12      0.00000  3.49180e-13
      1.00000      838.157  7.05347e-12      0.00000  3.51929e-13
      1.00000      833.929  7.92398e-12      0.00000  3.58586e-13
      1.00000      829.744  8.19275e-12      0.00000  3.63650e-13
      1.00000      825.601  1.05911e-11      2.00000  3.69149e-13
      1.00000      821.498  1.05172e-11      2.00000  3.70741e-13
      1.00000      817.437  1.28111e-11      0.00000  3.74938e-13
      1.00000      813.415  1.36911e-11      0.00000  3.70886e-13
      1.00000      809.433  1.07455e-11      0.00000  3.54100e-13
      1.00000      805.490  8.56759e-12      0.00000  3.74069e-13
      1.00000      801.585  7.92733e-12      0.00000  3.55981e-13
      1.00000      797.717  6.25207e-12      0.00000  3.25013e-13
      1.00000      793.886  7.10805e-12      0.00000  3.16186e-13
      1.00000      790.092  6.96134e-12      0.00000  3.10543e-13
      1.00000      786.335  6.83988e-12      0.00000  3.08951e-13
      1.00000      782.613  8.42855e-12      0.00000  3.14739e-13
      1.00000      778.925  1.11563e-11      0.00000  3.23277e-13
      1.00000      775.273  1.63746e-11      0.00000  3.41365e-13
      1.00000      771.655  2.48915e-11      0.00000  3.71754e-13
      1.00000      768.070  3.47629e-11      0.00000  4.01274e-13
      1.00000      764.518  4.39501e-11      0.00000  4.27177e-13
      1.00000      761.000  5.80363e-11      0.00000  4.67840e-13
      1.00000      757.513  7.21113e-11      0.00000  5.12265e-13
      1.00000      754.058  8.08575e-11      0.00000  5.41207e-13
      1.00000      750.635  9.40210e-11      0.00000  5.77094e-13
      1.00000      747.242  1.08564e-10      256.000  6.22243e-13
      1.00000      743.880  1.15546e-10      0.00000  6.53500e-13
      1.00000      740.548  1.21159e-10      0.00000  6.79981e-13
      1.00000      737.246  1.34819e-10      0.00000  7.12106e-13
      1.00000      733.973  2.28358e-10      0.00000  8.34674e-13
      1.00000      730.729  4.78194e-10      0.00000  1.25462e-12
      1.00000      727.513  5.38875e-10      0.00000  1.45619e-12
      1.00000      724.326  1.73848e-10      0.00000  9.08764e-13
      1.00000      721.167  9.94706e-11      0.00000  7.49296e-13
      1.00000      718.035  1.04240e-10      0.00000  7.92419e-13
      1.00000      714.930  1.09593e-10      0.00000  8.38726e-13
      1.00000      711.852  1.09498e-10      0.00000  8.73745e-13
      1.00000      708.800  1.01478e-10      10.0000  8.90097e-13
      1.00000      705.774  1.01126e-10      10.0000  9.55071e-13
