      1.00000      1319.94  1.42038e-12      2.00000  5.70148e-14
      1.00000      1309.48  2.73900e-12      0.00000  5.70148e-14
      1.00000      1299.19  2.66768e-12      2.00000  5.10818e-14
      1.00000      1289.06  1.68080e-12      2.00000  4.44253e-14
      1.00000      1279.09  1.39265e-12      0.00000  4.28335e-14
      1.00000      1269.27  1.23023e-12      0.00000  4.23993e-14
      1.00000      1259.60  9.85397e-13      0.00000  4.35570e-14
      1.00000      1250.08  9.54879e-13      0.00000  4.26888e-14
      1.00000      1240.70  7.41793e-13      0.00000  3.74793e-14
      1.00000      1231.46  3.81364e-13      0.00000  3.57428e-14
      1.00000      1222.35  3.51938e-13      0.00000  3.31380e-14
      1.00000      1213.38  3.54932e-13      0.00000  3.11121e-14
      1.00000      1204.54  2.31343e-13      2.00000  3.14016e-14
      1.00000      1195.83  2.21210e-13      2.00000  2.98098e-14
      1.00000      1187.24  2.39521e-13      0.00000  2.87968e-14
      1.00000      1178.78  2.00262e-13      0.00000  2.83627e-14
      1.00000      1170.43  2.22875e-13      0.00000  2.86521e-14
      1.00000      1162.20  3.06801e-13      0.00000  2.89415e-14
      1.00000      1154.09  3.79532e-13      0.00000  2.79286e-14
      1.00000      1146.09  5.24435e-13      0.00000  2.86521e-14
      1.00000      1138.20  7.54529e-13      0.00000  2.83627e-14
      1.00000      1130.42  1.03924e-12      0.00000  3.11121e-14
      1.00000      1122.74  1.54934e-12      2.00000  3.44404e-14
      1.00000      1115.17  2.41102e-12      2.00000  3.51640e-14
      1.00000      1107.70  3.74755e-12      0.00000  4.13864e-14
      1.00000      1100.33  5.15576e-12      0.00000  4.35570e-14
      1.00000      1093.05  6.48103e-12      0.00000  4.63065e-14
      1.00000      1085.87  7.30768e-12      0.00000  4.94900e-14
      1.00000      1078.79  7.82996e-12      0.00000  5.29630e-14
      1.00000      1071.79  7.75516e-12      0.00000  5.35418e-14
      1.00000      1064.89  7.60102e-12      0.00000  5.52783e-14
      1.00000      1058.08  7.17784e-12      0.00000  5.57124e-14
      1.00000      1051.35  6.72840e-12      0.00000  5.49889e-14
      1.00000      1044.71  6.54120e-12      0.00000  5.49889e-14
      1.00000      1038.15  9.13038e-12      0.00000  5.75937e-14
      1.00000      1031.67  9.00249e-12      0.00000  5.75937e-14
      1.00000      1025.27  5.19408e-12     -15872.0          NaN
      1.00000      1018.95  4.05525e-12     -15872.0          NaN
      1.00000      1012.71  3.77856e-12      0.00000  4.80429e-14
      1.00000      1006.54  3.18371e-12      0.00000  4.29782e-14
      1.00000      1000.45  3.06429e-12      2.00000  4.38464e-14
      1.00000      994.436  2.66717e-12      2.00000  4.05181e-14
      1.00000      988.491  2.33720e-12      2.00000  3.97946e-14
      1.00000      982.616  2.06307e-12      2.00000  3.77687e-14
      1.00000      976.810  1.88355e-12      2.00000  3.61769e-14
      1.00000      971.074  1.78778e-12      2.00000  3.61769e-14
      1.00000      965.403  1.60112e-12      0.00000  3.76240e-14
      1.00000      959.799  1.49563e-12      2.00000  3.76240e-14
      1.00000      954.259  1.68301e-12      2.00000  3.64663e-14
      1.00000      948.783  1.74653e-12      0.00000  3.60322e-14
      1.00000      943.370  1.72819e-12      0.00000  3.61769e-14
      1.00000      938.017  1.81471e-12      0.00000  3.67557e-14
      1.00000      932.725  1.99079e-12      2.00000  3.74793e-14
      1.00000      927.493  2.27056e-12      2.00000  3.89264e-14
      1.00000      922.319  2.43086e-12      0.00000  3.99393e-14
      1.00000      917.202  2.56538e-12      2.00000  4.02287e-14
      1.00000      912.142  2.91071e-12      2.00000  4.23993e-14
      1.00000      907.137  3.14213e-12      2.00000  4.41358e-14
      1.00000      902.188  3.19928e-12      2.00000  4.54382e-14
      1.00000      897.292  3.31641e-12      0.00000  4.41358e-14
      1.00000      892.448  3.34389e-12      0.00000  4.58723e-14
      1.00000      887.656  3.37485e-12      2.00000  4.73194e-14
      1.00000      882.916  3.47313e-12      2.00000  4.83324e-14
      1.00000      878.226  3.56227e-12      0.00000  5.06477e-14
      1.00000      873.586  3.57780e-12      0.00000  5.16606e-14
      1.00000      868.994  3.72480e-12      2.00000  5.55677e-14
      1.00000      864.451  4.01678e-12      2.00000  6.32372e-14
      1.00000      859.955  4.47178e-12      2.00000  6.22243e-14
      1.00000      855.504  5.01363e-12      0.00000  6.41055e-14
      1.00000      851.101  5.58544e-12      0.00000  6.91703e-14
      1.00000      846.742  6.28284e-12      0.00000  6.98938e-14
      1.00000      842.427  6.85421e-12      0.00000  7.06173e-14
      1.00000      838.157  7.67651e-12      0.00000  7.84315e-14
      1.00000      833.929  8.44464e-12      2.00000  7.52480e-14
      1.00000      829.744  9.37198e-12      2.00000  8.06022e-14
      1.00000      825.601  1.04746e-11      2.00000  7.90104e-14
      1.00000      821.498  1.09729e-11      2.00000  7.79974e-14
      1.00000      817.437  1.31145e-11      0.00000  7.91551e-14
      1.00000      813.415  1.36899e-11      0.00000  7.64056e-14
      1.00000      809.433  1.01823e-11      0.00000  7.17750e-14
      1.00000      805.490  8.63012e-12      0.00000  7.59715e-14
      1.00000      801.585  7.55009e-12      2.00000  6.75785e-14
      1.00000      797.717  6.83705e-12      2.00000  6.54079e-14
      1.00000      793.886  6.53039e-12      0.00000  6.23690e-14
      1.00000      790.092  6.33419e-12      0.00000  6.43949e-14
      1.00000      786.335  7.23803e-12      2.00000  6.29478e-14
      1.00000      782.613  8.97759e-12      2.00000  6.46843e-14
      1.00000      778.925  1.19431e-11      0.00000  6.78679e-14
      1.00000      775.273  1.78457e-11      0.00000  7.75633e-14
      1.00000      771.655  2.73280e-11      0.00000  8.62458e-14
      1.00000      768.070  3.68209e-11      0.00000  8.95740e-14
      1.00000      764.518  4.60337e-11      0.00000  9.62306e-14
      1.00000      761.000  6.01792e-11      2.00000  1.06939e-13
      1.00000      757.513  7.37149e-11      2.00000  1.17792e-13
      1.00000      754.058  8.22653e-11      0.00000  1.24883e-13
      1.00000      750.635  9.54991e-11      0.00000  1.34289e-13
      1.00000      747.242  1.09128e-10      0.00000  1.44418e-13
      1.00000      743.880  1.16114e-10      0.00000  1.51943e-13
      1.00000      740.548  1.23047e-10      8.00000  1.59034e-13
      1.00000      737.246  1.39665e-10      8.00000  1.68729e-13
      1.00000      733.973  2.45340e-10      8.00000  2.06353e-13
      1.00000      730.729  5.02819e-10      0.00000  3.17633e-13
      1.00000      727.513  5.21771e-10      0.00000  3.55836e-13
      1.00000      724.326  1.64474e-10      0.00000  2.10694e-13
      1.00000      721.167  9.96392e-11      0.00000  1.72781e-13
      1.00000      718.035  1.05490e-10      0.00000  1.86673e-13
      1.00000      714.930  1.10757e-10      0.00000  1.95211e-13
      1.00000      711.852  1.10423e-10      0.00000  2.03604e-13
      1.00000      708.800  1.03578e-10      8.00000  2.05774e-13
      1.00000      705.774  1.01061e-10      8.00000  2.14457e-13
