      1.00000      1319.94  1.50070e-12      0.00000  6.48290e-14
      1.00000      1309.48  2.71698e-12      0.00000  6.10666e-14
      1.00000      1299.19  2.55593e-12      2.00000  5.15159e-14
      1.00000      1289.06  1.62577e-12      2.00000  4.57276e-14
      1.00000      1279.09  1.35920e-12      0.00000  4.38464e-14
      1.00000      1269.27  1.24462e-12      2.00000  4.18205e-14
      1.00000      1259.60  8.97428e-13      2.00000  3.96499e-14
      1.00000      1250.08  9.62471e-13      0.00000  3.76240e-14
      1.00000      1240.70  7.06679e-13      0.00000  3.55981e-14
      1.00000      1231.46  3.53363e-13      0.00000  3.35722e-14
      1.00000      1222.35  2.73475e-13      0.00000  3.24145e-14
      1.00000      1213.38  2.20250e-13      0.00000  3.16910e-14
      1.00000      1204.54  1.68277e-13      2.00000  3.16910e-14
      1.00000      1195.83  1.84214e-13      2.00000  2.93757e-14
      1.00000      1187.24  2.02024e-13      0.00000  2.80733e-14
      1.00000      1178.78  1.92754e-13      0.00000  2.80733e-14
      1.00000      1170.43  2.25943e-13      0.00000  2.82180e-14
      1.00000      1162.20  2.64727e-13      0.00000  2.93757e-14
      1.00000      1154.09  2.88684e-13      0.00000  2.85074e-14
      1.00000      1146.09  4.40569e-13      0.00000  2.82180e-14
      1.00000      1138.20  6.90599e-13      0.00000  2.82180e-14
      1.00000      1130.42  1.07764e-12      0.00000  3.00992e-14
      1.00000      1122.74  1.63841e-12      0.00000  3.28486e-14
      1.00000      1115.17  2.58812e-12      0.00000  3.50193e-14
      1.00000      1107.70  3.87873e-12      0.00000  4.00840e-14
      1.00000      1100.33  5.33847e-12      0.00000  4.28335e-14
      1.00000      1093.05  6.58983e-12      0.00000  4.61617e-14
      1.00000      1085.87  7.48422e-12      0.00000  4.89112e-14
      1.00000      1078.79  8.00775e-12      0.00000  5.35418e-14
      1.00000      1071.79  7.99217e-12      0.00000  5.48442e-14
      1.00000      1064.89  7.83545e-12      0.00000  5.57124e-14
      1.00000      1058.08  7.35472e-12      0.00000  5.60019e-14
      1.00000      1051.35  6.93303e-12      0.00000  5.46995e-14
      1.00000      1044.71  6.80260e-12      0.00000  5.42654e-14
      1.00000      1038.15  9.68259e-12      0.00000  5.90407e-14
      1.00000      1031.67  9.44281e-12      0.00000  5.71595e-14
      1.00000      1025.27  5.43325e-12     -15872.0          NaN
      1.00000      1018.95  4.29397e-12     -15872.0          NaN
      1.00000      1012.71  3.84948e-12      0.00000  4.77535e-14
      1.00000      1006.54  3.35245e-12      0.00000  4.18205e-14
      1.00000      1000.45  2.91299e-12      0.00000  4.03734e-14
      1.00000      994.436  2.67925e-12      0.00000  3.92158e-14
      1.00000      988.491  2.40972e-12      0.00000  3.74793e-14
      1.00000      982.616  2.13627e-12      0.00000  3.64663e-14
      1.00000      976.810  1.87475e-12      0.00000  3.51640e-14
      1.00000      971.074  1.78951e-12      0.00000  3.51640e-14
      1.00000      965.403  1.69946e-12      0.00000  3.55981e-14
      1.00000      959.799  1.67998e-12      2.00000  3.57428e-14
      1.00000      954.259  1.75973e-12      2.00000  3.55981e-14
      1.00000      948.783  1.74890e-12      0.00000  3.53087e-14
      1.00000      943.370  1.79472e-12      0.00000  3.54534e-14
      1.00000      938.017  1.92639e-12      0.00000  3.60322e-14
      1.00000      932.725  2.06416e-12      0.00000  3.63216e-14
      1.00000      927.493  2.27467e-12      0.00000  3.76240e-14
      1.00000      922.319  2.50414e-12      0.00000  3.90711e-14
      1.00000      917.202  2.75434e-12      0.00000  3.97946e-14
      1.00000      912.142  3.03352e-12      0.00000  4.15311e-14
      1.00000      907.137  3.25487e-12      0.00000  4.28335e-14
      1.00000      902.188  3.32992e-12      0.00000  4.35570e-14
      1.00000      897.292  3.37463e-12      0.00000  4.41358e-14
      1.00000      892.448  3.46257e-12      0.00000  4.60170e-14
      1.00000      887.656  3.42820e-12      0.00000  5.16606e-14
      1.00000      882.916  3.48817e-12      0.00000  4.96347e-14
      1.00000      878.226  3.63782e-12      0.00000  5.00688e-14
      1.00000      873.586  3.72845e-12      0.00000  5.28183e-14
      1.00000      868.994  3.87184e-12      0.00000  5.62913e-14
      1.00000      864.451  3.95671e-12      0.00000  5.81725e-14
      1.00000      859.955  4.34561e-12      0.00000  6.06325e-14
      1.00000      855.504  4.92945e-12      0.00000  6.45396e-14
      1.00000      851.101  5.51679e-12      0.00000  6.64208e-14
      1.00000      846.742  6.29616e-12      0.00000  6.81573e-14
      1.00000      842.427  6.70418e-12      0.00000  6.88808e-14
      1.00000      838.157  7.42954e-12      0.00000  6.96044e-14
      1.00000      833.929  8.15877e-12      0.00000  7.30774e-14
      1.00000      829.744  9.05326e-12      0.00000  7.38009e-14
      1.00000      825.601  9.86601e-12      2.00000  7.56821e-14
      1.00000      821.498  1.05535e-11      2.00000  7.88657e-14
      1.00000      817.437  1.25503e-11      0.00000  8.03127e-14
      1.00000      813.415  1.31694e-11      0.00000  7.55374e-14
      1.00000      809.433  9.76685e-12      0.00000  7.23538e-14
      1.00000      805.490  8.08230e-12      0.00000  6.55526e-14
      1.00000      801.585  7.39330e-12      0.00000  6.45396e-14
      1.00000      797.717  6.87625e-12      0.00000  6.17902e-14
      1.00000      793.886  6.47088e-12      0.00000  5.94748e-14
      1.00000      790.092  6.36371e-12      0.00000  5.91854e-14
      1.00000      786.335  7.03206e-12      0.00000  6.03431e-14
      1.00000      782.613  8.58818e-12      0.00000  6.22243e-14
      1.00000      778.925  1.15009e-11      0.00000  6.52632e-14
      1.00000      775.273  1.76903e-11      0.00000  7.36562e-14
      1.00000      771.655  2.67893e-11      0.00000  8.29175e-14
      1.00000      768.070  3.59179e-11      8.00000  8.84164e-14
      1.00000      764.518  4.63202e-11      8.00000  9.81118e-14
      1.00000      761.000  6.14547e-11      0.00000  1.07952e-13
      1.00000      757.513  7.46324e-11      0.00000  1.17792e-13
      1.00000      754.058  8.39939e-11      0.00000  1.24738e-13
      1.00000      750.635  9.94936e-11      0.00000  1.35157e-13
      1.00000      747.242  1.12939e-10      0.00000  1.46878e-13
      1.00000      743.880  1.17815e-10      8.00000  1.54403e-13
      1.00000      740.548  1.25643e-10      8.00000  1.61783e-13
      1.00000      737.246  1.44316e-10      8.00000  1.69887e-13
      1.00000      733.973  2.56060e-10      10.0000  2.09537e-13
      1.00000      730.729  5.21930e-10      10.0000  3.24579e-13
      1.00000      727.513  5.33938e-10      0.00000  3.60611e-13
      1.00000      724.326  1.67345e-10      0.00000  2.13010e-13
      1.00000      721.167  1.02330e-10      8.00000  1.75530e-13
      1.00000      718.035  1.07265e-10      8.00000  1.86239e-13
      1.00000      714.930  1.14551e-10      8.00000  1.96368e-13
      1.00000      711.852  1.13524e-10      8.00000  2.04183e-13
      1.00000      708.800  1.08046e-10      8.00000  2.09826e-13
      1.00000      705.774  1.04756e-10      8.00000  2.13010e-13
