      1.00000      1319.94  1.01066e-12      0.00000  3.75951e-13
      1.00000      1309.48  2.46973e-12      0.00000  3.62782e-13
      1.00000      1299.19  2.35477e-12      0.00000  3.28921e-13
      1.00000      1289.06  1.37754e-12      0.00000  2.96651e-13
      1.00000      1279.09  5.00942e-13      0.00000  2.85942e-13
      1.00000      1269.27  6.98745e-13      2.00000  2.74221e-13
      1.00000      1259.60  7.31350e-13      2.00000  2.62210e-13
      1.00000      1250.08  7.68124e-13      0.00000  2.49331e-13
      1.00000      1240.70  4.73045e-13      0.00000  2.33848e-13
      1.00000      1231.46  3.77560e-13      256.000  2.27191e-13
      1.00000      1222.35  8.21188e-14      256.000  2.22416e-13
      1.00000      1213.38  5.50625e-14      0.00000  2.13444e-13
      1.00000      1204.54  4.50927e-13      0.00000  2.16917e-13
      1.00000      1195.83  4.82015e-13      0.00000  2.03314e-13
      1.00000      1187.24  6.67292e-14      0.00000  1.90001e-13
      1.00000      1178.78 -3.64516e-13      0.00000  1.89278e-13
      1.00000      1170.43 -2.13211e-13      0.00000  1.92027e-13
      1.00000      1162.20  2.46762e-13      0.00000  1.95066e-13
      1.00000      1154.09  4.29029e-13      0.00000  1.89422e-13
      1.00000      1146.09  1.45728e-13      0.00000  1.84647e-13
      1.00000      1138.20 -5.66898e-14      0.00000  1.80885e-13
      1.00000      1130.42  6.62345e-13      0.00000  1.81753e-13
      1.00000      1122.74  1.45084e-12      0.00000  1.90146e-13
      1.00000      1115.17  2.56479e-12      0.00000  2.03459e-13
      1.00000      1107.70  3.73966e-12      0.00000  2.16338e-13
      1.00000      1100.33  5.13764e-12      0.00000  2.35439e-13
      1.00000      1093.05  6.14874e-12      0.00000  2.43543e-13
      1.00000      1085.87  6.87425e-12      0.00000  2.51791e-13
      1.00000      1078.79  7.80450e-12      0.00000  2.65249e-13
      1.00000      1071.79  7.66828e-12      0.00000  2.76536e-13
      1.00000      1064.89  7.74834e-12      0.00000  2.92165e-13
      1.00000      1058.08  7.57224e-12      0.00000  2.95638e-13
      1.00000      1051.35  7.05053e-12      0.00000  2.88258e-13
      1.00000      1044.71  6.41550e-12      0.00000  2.78562e-13
      1.00000      1038.15  8.83773e-12      0.00000  2.90139e-13
      1.00000      1031.67  8.93564e-12      0.00000  2.83048e-13
      1.00000      1025.27  4.90224e-12     -15872.0          NaN
      1.00000      1018.95  3.91665e-12     -15872.0          NaN
      1.00000      1012.71  3.64142e-12      0.00000  2.35584e-13
      1.00000      1006.54  2.73422e-12      0.00000  2.25310e-13
      1.00000      1000.45  2.72421e-12      0.00000  2.18943e-13
      1.00000      994.436  2.68160e-12      0.00000  2.11128e-13
      1.00000      988.491  1.69486e-12      0.00000  2.01867e-13
      1.00000      982.616  1.42868e-12      0.00000  1.97671e-13
      1.00000      976.810  1.40688e-12      0.00000  1.95789e-13
      1.00000      971.074  1.51857e-12      0.00000  1.93040e-13
      1.00000      965.403  1.65336e-12      0.00000  1.96224e-13
      1.00000      959.799  1.56474e-12      2.00000  1.96513e-13
      1.00000      954.259  1.72728e-12      2.00000  2.01578e-13
      1.00000      948.783  1.73582e-12      0.00000  1.98684e-13
      1.00000      943.370  1.49673e-12      0.00000  1.98394e-13
      1.00000      938.017  1.46045e-12      0.00000  2.04327e-13
      1.00000      932.725  1.82888e-12      0.00000  2.05919e-13
      1.00000      927.493  2.21926e-12      0.00000  2.08813e-13
      1.00000      922.319  2.51598e-12      0.00000  2.15180e-13
      1.00000      917.202  2.95500e-12      256.000  2.22126e-13
      1.00000      912.142  2.95196e-12      256.000  2.29072e-13
      1.00000      907.137  3.13881e-12      0.00000  2.29362e-13
      1.00000      902.188  3.06784e-12      256.000  2.31966e-13
      1.00000      897.292  3.32290e-12      256.000  2.37465e-13
      1.00000      892.448  3.49295e-12      256.000  2.44556e-13
      1.00000      887.656  3.92728e-12      0.00000  2.44267e-13
      1.00000      882.916  3.66376e-12      0.00000  2.50778e-13
      1.00000      878.226  4.00793e-12      0.00000  2.60908e-13
      1.00000      873.586  3.65115e-12      0.00000  2.68433e-13
      1.00000      868.994  4.22282e-12      0.00000  2.85942e-13
      1.00000      864.451  4.60251e-12      0.00000  3.02873e-13
      1.00000      859.955  4.05873e-12      0.00000  3.17344e-13
      1.00000      855.504  5.35239e-12      0.00000  3.22409e-13
      1.00000      851.101  6.42240e-12      0.00000  3.35432e-13
      1.00000      846.742  6.84893e-12      0.00000  3.48456e-13
      1.00000      842.427  7.07053e-12      0.00000  3.42089e-13
      1.00000      838.157  6.74829e-12      0.00000  3.51929e-13
      1.00000      833.929  8.07691e-12      0.00000  3.49903e-13
      1.00000      829.744  8.63300e-12      0.00000  3.61190e-13
      1.00000      825.601  9.46049e-12      0.00000  3.70307e-13
      1.00000      821.498  1.05575e-11      0.00000  3.67123e-13
      1.00000      817.437  1.23132e-11      0.00000  3.70741e-13
      1.00000      813.415  1.37183e-11      0.00000  3.63940e-13
      1.00000      809.433  9.72829e-12      0.00000  3.51061e-13
      1.00000      805.490  8.15451e-12      0.00000  3.36156e-13
      1.00000      801.585  7.89892e-12      0.00000  3.31815e-13
      1.00000      797.717  7.01273e-12      0.00000  3.25303e-13
      1.00000      793.886  6.21569e-12      0.00000  3.12713e-13
      1.00000      790.092  6.63365e-12      0.00000  3.06925e-13
      1.00000      786.335  6.79212e-12      0.00000  3.06925e-13
      1.00000      782.613  8.40078e-12      0.00000  3.12713e-13
      1.00000      778.925  1.13444e-11      0.00000  3.21106e-13
      1.00000      775.273  1.59216e-11      0.00000  3.38471e-13
      1.00000      771.655  2.42574e-11      0.00000  3.66834e-13
      1.00000      768.070  3.33467e-11      0.00000  3.94184e-13
      1.00000      764.518  4.20997e-11      0.00000  4.20231e-13
      1.00000      761.000  5.57054e-11      0.00000  4.60749e-13
      1.00000      757.513  6.94229e-11      0.00000  5.02280e-13
      1.00000      754.058  7.88960e-11      0.00000  5.29919e-13
      1.00000      750.635  9.16695e-11      0.00000  5.66096e-13
      1.00000      747.242  1.04486e-10      0.00000  6.09219e-13
      1.00000      743.880  1.10451e-10      0.00000  6.38595e-13
      1.00000      740.548  1.16583e-10      0.00000  6.65366e-13
      1.00000      737.246  1.30803e-10      0.00000  6.99806e-13
      1.00000      733.973  2.24448e-10      0.00000  8.28162e-13
      1.00000      730.729  4.65582e-10      0.00000  1.23812e-12
      1.00000      727.513  5.06408e-10      0.00000  1.41379e-12
      1.00000      724.326  1.61174e-10      0.00000  8.79823e-13
      1.00000      721.167  9.51336e-11      0.00000  7.40324e-13
      1.00000      718.035  9.95563e-11      0.00000  7.82868e-13
      1.00000      714.930  1.05250e-10      0.00000  8.24255e-13
      1.00000      711.852  1.05903e-10      0.00000  8.54643e-13
      1.00000      708.800  9.87040e-11      0.00000  8.71285e-13
      1.00000      705.774  9.62460e-11      0.00000  8.93425e-13
