      1.00000      1319.94  1.22961e-12      0.00000  5.83172e-14
      1.00000      1309.48  2.41588e-12      0.00000  6.13560e-14
      1.00000      1299.19  2.33650e-12      2.00000  5.15159e-14
      1.00000      1289.06  1.58163e-12      2.00000  4.50041e-14
      1.00000      1279.09  1.28565e-12      0.00000  4.39911e-14
      1.00000      1269.27  1.13932e-12      2.00000  4.16758e-14
      1.00000      1259.60  9.68410e-13      2.00000  4.21099e-14
      1.00000      1250.08  9.72036e-13      0.00000  3.84922e-14
      1.00000      1240.70  7.12456e-13      0.00000  3.53087e-14
      1.00000      1231.46  4.40562e-13      0.00000  3.28486e-14
      1.00000      1222.35  2.98157e-13      0.00000  3.34275e-14
      1.00000      1213.38  3.41662e-13      0.00000  3.21251e-14
      1.00000      1204.54  3.68316e-13      2.00000  3.19804e-14
      1.00000      1195.83  3.11712e-13      2.00000  3.03886e-14
      1.00000      1187.24  2.51765e-13      0.00000  2.87968e-14
      1.00000      1178.78  1.99802e-13      0.00000  2.85074e-14
      1.00000      1170.43  2.48644e-13      0.00000  2.86521e-14
      1.00000      1162.20  2.94056e-13      0.00000  2.90862e-14
      1.00000      1154.09  3.39719e-13      0.00000  2.86521e-14
      1.00000      1146.09  5.13817e-13      0.00000  2.82180e-14
      1.00000      1138.20  7.58072e-13      0.00000  2.85074e-14
      1.00000      1130.42  1.16415e-12      0.00000  3.00992e-14
      1.00000      1122.74  1.63085e-12      0.00000  3.45851e-14
      1.00000      1115.17  2.44981e-12      0.00000  3.73346e-14
      1.00000      1107.70  3.85027e-12      0.00000  3.96499e-14
      1.00000      1100.33  5.35334e-12      0.00000  4.38464e-14
      1.00000      1093.05  6.62361e-12      0.00000  4.60170e-14
      1.00000      1085.87  7.51043e-12      0.00000  4.87665e-14
      1.00000      1078.79  7.97406e-12      0.00000  5.42654e-14
      1.00000      1071.79  7.98114e-12      0.00000  5.38312e-14
      1.00000      1064.89  7.73154e-12      0.00000  5.61466e-14
      1.00000      1058.08  7.30988e-12      0.00000  5.64360e-14
      1.00000      1051.35  6.81225e-12      0.00000  5.87513e-14
      1.00000      1044.71  6.84517e-12      0.00000  6.36714e-14
      1.00000      1038.15  9.54258e-12      0.00000  6.35267e-14
      1.00000      1031.67  9.43625e-12      0.00000  5.96196e-14
      1.00000      1025.27  5.38260e-12     -15872.0          NaN
      1.00000      1018.95  4.22577e-12     -15872.0          NaN
      1.00000      1012.71  3.65410e-12      0.00000  4.54382e-14
      1.00000      1006.54  3.26048e-12      0.00000  4.16758e-14
      1.00000      1000.45  2.91440e-12      0.00000  4.12417e-14
      1.00000      994.436  2.60551e-12      0.00000  3.95052e-14
      1.00000      988.491  2.35400e-12      0.00000  3.82028e-14
      1.00000      982.616  2.05443e-12      0.00000  3.67557e-14
      1.00000      976.810  1.76898e-12      0.00000  3.50193e-14
      1.00000      971.074  1.66041e-12      0.00000  3.57428e-14
      1.00000      965.403  1.58255e-12      0.00000  3.61769e-14
      1.00000      959.799  1.57324e-12      2.00000  3.55981e-14
      1.00000      954.259  1.67261e-12      2.00000  3.60322e-14
      1.00000      948.783  1.71454e-12      0.00000  3.57428e-14
      1.00000      943.370  1.69177e-12      0.00000  3.54534e-14
      1.00000      938.017  1.88128e-12      0.00000  3.64663e-14
      1.00000      932.725  2.07600e-12      0.00000  3.69005e-14
      1.00000      927.493  2.22162e-12      0.00000  3.82028e-14
      1.00000      922.319  2.43449e-12      0.00000  4.03734e-14
      1.00000      917.202  2.66002e-12      0.00000  4.10970e-14
      1.00000      912.142  2.93584e-12      0.00000  4.26888e-14
      1.00000      907.137  3.19146e-12      0.00000  4.37017e-14
      1.00000      902.188  3.27978e-12      0.00000  4.54382e-14
      1.00000      897.292  3.37795e-12      0.00000  4.52935e-14
      1.00000      892.448  3.46479e-12      0.00000  4.60170e-14
      1.00000      887.656  3.52523e-12      0.00000  4.74641e-14
      1.00000      882.916  3.58618e-12      0.00000  4.76088e-14
      1.00000      878.226  3.62483e-12      0.00000  4.86218e-14
      1.00000      873.586  3.63800e-12      0.00000  5.31077e-14
      1.00000      868.994  3.82510e-12      0.00000  5.49889e-14
      1.00000      864.451  4.10822e-12      0.00000  5.77384e-14
      1.00000      859.955  4.34007e-12      0.00000  5.99090e-14
      1.00000      855.504  4.83814e-12      0.00000  6.19349e-14
      1.00000      851.101  5.23267e-12      0.00000  6.49737e-14
      1.00000      846.742  5.93954e-12      0.00000  6.77232e-14
      1.00000      842.427  6.57699e-12      0.00000  6.74338e-14
      1.00000      838.157  7.14245e-12      0.00000  7.03279e-14
      1.00000      833.929  7.80770e-12      0.00000  7.04726e-14
      1.00000      829.744  8.44167e-12      0.00000  7.27879e-14
      1.00000      825.601  9.42749e-12      2.00000  7.40903e-14
      1.00000      821.498  1.01951e-11      2.00000  7.36562e-14
      1.00000      817.437  1.22343e-11      0.00000  7.46691e-14
      1.00000      813.415  1.28046e-11      0.00000  7.46691e-14
      1.00000      809.433  9.37299e-12      0.00000  6.84467e-14
      1.00000      805.490  7.96677e-12      0.00000  6.48290e-14
      1.00000      801.585  7.17381e-12      0.00000  6.42502e-14
      1.00000      797.717  6.62344e-12      0.00000  6.28031e-14
      1.00000      793.886  6.34313e-12      0.00000  5.97643e-14
      1.00000      790.092  6.14821e-12      0.00000  5.80278e-14
      1.00000      786.335  6.59186e-12      0.00000  5.99090e-14
      1.00000      782.613  8.02915e-12      0.00000  6.15008e-14
      1.00000      778.925  1.06791e-11      0.00000  6.48290e-14
      1.00000      775.273  1.60068e-11      0.00000  7.22091e-14
      1.00000      771.655  2.41762e-11      0.00000  8.07469e-14
      1.00000      768.070  3.26306e-11      8.00000  8.74034e-14
      1.00000      764.518  4.21731e-11      8.00000  9.47835e-14
      1.00000      761.000  5.62464e-11      0.00000  1.04768e-13
      1.00000      757.513  6.86778e-11      0.00000  1.14319e-13
      1.00000      754.058  7.78953e-11      8.00000  1.20976e-13
      1.00000      750.635  9.28158e-11      8.00000  1.31973e-13
      1.00000      747.242  1.05554e-10      0.00000  1.42248e-13
      1.00000      743.880  1.10008e-10      0.00000  1.48470e-13
      1.00000      740.548  1.17702e-10      0.00000  1.55561e-13
      1.00000      737.246  1.34841e-10      0.00000  1.66269e-13
      1.00000      733.973  2.36826e-10      2.00000  2.02735e-13
      1.00000      730.729  4.82747e-10      2.00000  3.13726e-13
      1.00000      727.513  4.97065e-10      0.00000  3.48745e-13
      1.00000      724.326  1.56202e-10      0.00000  2.07366e-13
      1.00000      721.167  9.54799e-11      0.00000  1.70466e-13
      1.00000      718.035  1.00413e-10      8.00000  1.78714e-13
      1.00000      714.930  1.07023e-10      8.00000  1.92751e-13
      1.00000      711.852  1.06103e-10      0.00000  1.98973e-13
      1.00000      708.800  1.00999e-10      0.00000  2.02880e-13
      1.00000      705.774  9.73550e-11      0.00000  2.09103e-13
