      1.00000      1319.94  7.20738e-13      0.00000  3.86225e-13
      1.00000      1309.48  2.74368e-12      0.00000  3.66400e-13
      1.00000      1299.19  2.30992e-12      0.00000  3.36011e-13
      1.00000      1289.06  1.32296e-12      0.00000  3.01281e-13
      1.00000      1279.09  3.58681e-13      0.00000  2.94191e-13
      1.00000      1269.27  1.32689e-12      2.00000  2.77694e-13
      1.00000      1259.60  1.29207e-12      2.00000  2.67130e-13
      1.00000      1250.08  1.12615e-12      0.00000  2.52949e-13
      1.00000      1240.70  1.19645e-12      0.00000  2.37610e-13
      1.00000      1231.46 -1.03330e-13      0.00000  2.30375e-13
      1.00000      1222.35  4.73669e-13      0.00000  2.24876e-13
      1.00000      1213.38  3.42425e-13      0.00000  2.17930e-13
      1.00000      1204.54 -1.56672e-13      0.00000  2.21547e-13
      1.00000      1195.83 -6.89466e-14      0.00000  2.10115e-13
      1.00000      1187.24 -3.04261e-13      0.00000  2.00131e-13
      1.00000      1178.78 -1.44182e-13      0.00000  1.98394e-13
      1.00000      1170.43  1.15349e-13      0.00000  1.99407e-13
      1.00000      1162.20  3.62695e-13      0.00000  2.02591e-13
      1.00000      1154.09  5.99657e-13      0.00000  1.96658e-13
      1.00000      1146.09  9.54694e-13      0.00000  1.97092e-13
      1.00000      1138.20  9.59259e-13      0.00000  1.91448e-13
      1.00000      1130.42  8.35526e-13      0.00000  1.91448e-13
      1.00000      1122.74  1.32780e-12      0.00000  1.99262e-13
      1.00000      1115.17  2.38629e-12      0.00000  2.11273e-13
      1.00000      1107.70  3.89312e-12      0.00000  2.33124e-13
      1.00000      1100.33  5.07865e-12      0.00000  2.43688e-13
      1.00000      1093.05  6.65926e-12      0.00000  2.56567e-13
      1.00000      1085.87  7.86196e-12      0.00000  2.67709e-13
      1.00000      1078.79  8.00511e-12      0.00000  2.73787e-13
      1.00000      1071.79  8.22032e-12      0.00000  2.88113e-13
      1.00000      1064.89  7.82752e-12      0.00000  2.98821e-13
      1.00000      1058.08  6.52435e-12      0.00000  3.01715e-13
      1.00000      1051.35  7.07001e-12      0.00000  2.98821e-13
      1.00000      1044.71  6.66348e-12      0.00000  2.97808e-13
      1.00000      1038.15  9.40789e-12      0.00000  2.98821e-13
      1.00000      1031.67  9.81175e-12      256.000  2.92744e-13
      1.00000      1025.27  5.74995e-12     -15616.0          NaN
      1.00000      1018.95  4.16898e-12     -15616.0          NaN
      1.00000      1012.71  3.49582e-12      256.000  2.41806e-13
      1.00000      1006.54  3.57210e-12      0.00000  2.30809e-13
      1.00000      1000.45  3.10395e-12      0.00000  2.25744e-13
      1.00000      994.436  2.31167e-12      0.00000  2.22850e-13
      1.00000      988.491  2.14647e-12      0.00000  2.07655e-13
      1.00000      982.616  1.70433e-12      0.00000  2.06643e-13
      1.00000      976.810  2.02593e-12      0.00000  2.02880e-13
      1.00000      971.074  1.82914e-12      0.00000  2.07366e-13
      1.00000      965.403  1.50954e-12      0.00000  2.08234e-13
      1.00000      959.799  2.43992e-12      2.00000  2.10694e-13
      1.00000      954.259  2.38479e-12      2.00000  2.08379e-13
      1.00000      948.783  2.49136e-12      0.00000  2.10260e-13
      1.00000      943.370  1.84029e-12      0.00000  2.12720e-13
      1.00000      938.017  1.39546e-12      0.00000  2.11418e-13
      1.00000      932.725  1.66730e-12      0.00000  2.10550e-13
      1.00000      927.493  1.66515e-12      256.000  2.17496e-13
      1.00000      922.319  2.24292e-12      256.000  2.24731e-13
      1.00000      917.202  2.62700e-12      0.00000  2.27191e-13
      1.00000      912.142  3.32767e-12      0.00000  2.32400e-13
      1.00000      907.137  3.67752e-12      0.00000  2.41083e-13
      1.00000      902.188  3.21351e-12      0.00000  2.39202e-13
      1.00000      897.292  3.33904e-12      0.00000  2.47161e-13
      1.00000      892.448  3.49453e-12      0.00000  2.51212e-13
      1.00000      887.656  4.27615e-12      0.00000  2.63223e-13
      1.00000      882.916  3.71601e-12      0.00000  2.64526e-13
      1.00000      878.226  3.89280e-12      0.00000  2.73787e-13
      1.00000      873.586  4.09297e-12      0.00000  2.87968e-13
      1.00000      868.994  4.17386e-12      0.00000  3.01860e-13
      1.00000      864.451  4.35814e-12      0.00000  3.14739e-13
      1.00000      859.955  4.69749e-12      0.00000  3.30368e-13
      1.00000      855.504  5.11017e-12      0.00000  3.42668e-13
      1.00000      851.101  4.75640e-12      0.00000  3.57138e-13
      1.00000      846.742  7.27818e-12      0.00000  3.60756e-13
      1.00000      842.427  6.33751e-12      0.00000  3.56415e-13
      1.00000      838.157  7.67286e-12      0.00000  3.63506e-13
      1.00000      833.929  8.01250e-12      0.00000  3.67123e-13
      1.00000      829.744  9.50271e-12      0.00000  3.76529e-13
      1.00000      825.601  1.03006e-11      2.00000  3.79858e-13
      1.00000      821.498  1.06154e-11      2.00000  3.81305e-13
      1.00000      817.437  1.22905e-11      0.00000  3.83475e-13
      1.00000      813.415  1.25066e-11      0.00000  3.79858e-13
      1.00000      809.433  9.25429e-12      0.00000  3.58007e-13
      1.00000      805.490  8.69566e-12      0.00000  3.47443e-13
      1.00000      801.585  7.57882e-12      0.00000  3.43247e-13
      1.00000      797.717  6.26826e-12      0.00000  3.33551e-13
      1.00000      793.886  6.19490e-12      0.00000  3.23566e-13
      1.00000      790.092  5.29698e-12      0.00000  3.20093e-13
      1.00000      786.335  5.87951e-12      0.00000  3.18212e-13
      1.00000      782.613  7.01961e-12      0.00000  3.25882e-13
      1.00000      778.925  9.57393e-12      0.00000  3.31091e-13
      1.00000      775.273  1.44183e-11      0.00000  3.46575e-13
      1.00000      771.655  2.30492e-11      0.00000  3.73201e-13
      1.00000      768.070  3.17995e-11      0.00000  4.00117e-13
      1.00000      764.518  4.02352e-11      256.000  4.25151e-13
      1.00000      761.000  5.41777e-11      256.000  4.65959e-13
      1.00000      757.513  6.78148e-11      256.000  5.10529e-13
      1.00000      754.058  7.66142e-11      0.00000  5.35418e-13
      1.00000      750.635  8.94984e-11      256.000  5.70438e-13
      1.00000      747.242  1.03595e-10      256.000  6.16165e-13
      1.00000      743.880  1.10342e-10      0.00000  6.44673e-13
      1.00000      740.548  1.16059e-10      0.00000  6.72167e-13
      1.00000      737.246  1.29472e-10      0.00000  7.06752e-13
      1.00000      733.973  2.19261e-10      0.00000  8.25413e-13
      1.00000      730.729  4.58115e-10      0.00000  1.23392e-12
      1.00000      727.513  5.00313e-10      0.00000  1.41032e-12
      1.00000      724.326  1.56605e-10      0.00000  8.78810e-13
      1.00000      721.167  9.26389e-11      0.00000  7.42929e-13
      1.00000      718.035  9.74915e-11      0.00000  7.89959e-13
      1.00000      714.930  1.02081e-10      0.00000  8.48710e-13
      1.00000      711.852  1.03254e-10      0.00000  8.69404e-13
      1.00000      708.800  9.55783e-11      0.00000  8.81848e-13
      1.00000      705.774  9.41363e-11      0.00000  8.95740e-13
