      1.00000      1319.94  1.59894e-12      2.00000  6.17902e-14
      1.00000      1309.48  2.95925e-12      0.00000  5.80278e-14
      1.00000      1299.19  2.76342e-12      2.00000  5.16606e-14
      1.00000      1289.06  1.71860e-12      2.00000  4.55829e-14
      1.00000      1279.09  1.53083e-12      0.00000  4.26888e-14
      1.00000      1269.27  1.41370e-12      0.00000  4.42805e-14
      1.00000      1259.60  1.06563e-12      0.00000  3.90711e-14
      1.00000      1250.08  1.03459e-12      0.00000  4.09523e-14
      1.00000      1240.70  6.76734e-13      0.00000  3.53087e-14
      1.00000      1231.46  2.94621e-13      0.00000  3.27039e-14
      1.00000      1222.35  2.57174e-13      0.00000  3.21251e-14
      1.00000      1213.38  3.15885e-13      0.00000  3.12569e-14
      1.00000      1204.54  2.15767e-13      2.00000  3.18357e-14
      1.00000      1195.83  2.10203e-13      2.00000  2.99545e-14
      1.00000      1187.24  2.54061e-13      0.00000  2.79286e-14
      1.00000      1178.78  2.32438e-13      0.00000  2.77839e-14
      1.00000      1170.43  1.97719e-13      0.00000  2.83627e-14
      1.00000      1162.20  2.36473e-13      0.00000  2.93757e-14
      1.00000      1154.09  3.89063e-13      0.00000  2.80733e-14
      1.00000      1146.09  5.25205e-13      0.00000  2.93757e-14
      1.00000      1138.20  7.27262e-13      0.00000  3.21251e-14
      1.00000      1130.42  1.02598e-12      0.00000  3.35722e-14
      1.00000      1122.74  1.55505e-12      2.00000  3.15463e-14
      1.00000      1115.17  2.47191e-12      2.00000  3.41510e-14
      1.00000      1107.70  3.76611e-12      0.00000  4.00840e-14
      1.00000      1100.33  5.13099e-12      0.00000  4.26888e-14
      1.00000      1093.05  6.52721e-12      0.00000  4.60170e-14
      1.00000      1085.87  7.39377e-12      0.00000  4.89112e-14
      1.00000      1078.79  7.88244e-12      0.00000  5.35418e-14
      1.00000      1071.79  7.89286e-12      0.00000  5.54230e-14
      1.00000      1064.89  7.61098e-12      0.00000  5.71595e-14
      1.00000      1058.08  7.18454e-12      0.00000  5.73042e-14
      1.00000      1051.35  6.91916e-12      0.00000  5.64360e-14
      1.00000      1044.71  6.51407e-12      0.00000  5.51336e-14
      1.00000      1038.15  9.16378e-12      0.00000  5.90407e-14
      1.00000      1031.67  8.94845e-12      0.00000  5.75937e-14
      1.00000      1025.27  5.18517e-12     -15872.0          NaN
      1.00000      1018.95  4.05901e-12     -15872.0          NaN
      1.00000      1012.71  3.62717e-12      0.00000  4.70300e-14
      1.00000      1006.54  3.23259e-12      0.00000  4.25441e-14
      1.00000      1000.45  3.01521e-12      2.00000  4.31229e-14
      1.00000      994.436  2.59532e-12      2.00000  4.05181e-14
      1.00000      988.491  2.24600e-12      2.00000  3.90711e-14
      1.00000      982.616  2.13846e-12      2.00000  3.83475e-14
      1.00000      976.810  1.89816e-12      2.00000  3.66110e-14
      1.00000      971.074  1.72048e-12      2.00000  3.69005e-14
      1.00000      965.403  1.63605e-12      0.00000  3.70452e-14
      1.00000      959.799  1.62346e-12      2.00000  3.73346e-14
      1.00000      954.259  1.68506e-12      2.00000  3.70452e-14
      1.00000      948.783  1.76876e-12      0.00000  3.77687e-14
      1.00000      943.370  1.79677e-12      0.00000  3.70452e-14
      1.00000      938.017  1.82986e-12      0.00000  3.71899e-14
      1.00000      932.725  2.01367e-12      2.00000  3.77687e-14
      1.00000      927.493  2.20647e-12      2.00000  3.87817e-14
      1.00000      922.319  2.34811e-12      0.00000  3.99393e-14
      1.00000      917.202  2.57059e-12      2.00000  4.15311e-14
      1.00000      912.142  2.79627e-12      2.00000  4.26888e-14
      1.00000      907.137  3.02022e-12      2.00000  4.37017e-14
      1.00000      902.188  3.15515e-12      2.00000  4.52935e-14
      1.00000      897.292  3.33904e-12      0.00000  4.58723e-14
      1.00000      892.448  3.39104e-12      0.00000  5.33971e-14
      1.00000      887.656  3.36219e-12      2.00000  7.49586e-14
      1.00000      882.916  3.37402e-12      2.00000  5.38312e-14
      1.00000      878.226  3.51714e-12      0.00000  5.00688e-14
      1.00000      873.586  3.66826e-12      0.00000  5.15159e-14
      1.00000      868.994  3.73811e-12      2.00000  5.52783e-14
      1.00000      864.451  4.09079e-12      2.00000  5.81725e-14
      1.00000      859.955  4.48192e-12      2.00000  6.13560e-14
      1.00000      855.504  4.94673e-12      0.00000  6.30925e-14
      1.00000      851.101  5.69975e-12      0.00000  6.67102e-14
      1.00000      846.742  6.41160e-12      0.00000  6.97491e-14
      1.00000      842.427  6.89179e-12      0.00000  6.96044e-14
      1.00000      838.157  7.78690e-12      0.00000  7.30774e-14
      1.00000      833.929  8.62961e-12      0.00000  7.69845e-14
      1.00000      829.744  9.51239e-12      0.00000  8.06022e-14
      1.00000      825.601  1.08116e-11      2.00000  8.04575e-14
      1.00000      821.498  1.11712e-11      2.00000  7.94445e-14
      1.00000      817.437  1.33842e-11      0.00000  7.97339e-14
      1.00000      813.415  1.38489e-11      0.00000  8.07469e-14
      1.00000      809.433  1.00782e-11      0.00000  7.39456e-14
      1.00000      805.490  8.79341e-12      0.00000  7.74186e-14
      1.00000      801.585  7.62818e-12      2.00000  7.01832e-14
      1.00000      797.717  6.90958e-12      2.00000  6.48290e-14
      1.00000      793.886  6.48310e-12      0.00000  6.23690e-14
      1.00000      790.092  6.44893e-12      0.00000  6.23690e-14
      1.00000      786.335  7.52541e-12      2.00000  6.26584e-14
      1.00000      782.613  9.36747e-12      2.00000  6.56973e-14
      1.00000      778.925  1.26035e-11      0.00000  6.91703e-14
      1.00000      775.273  1.87555e-11      0.00000  8.00233e-14
      1.00000      771.655  2.88704e-11      8.00000  9.31917e-14
      1.00000      768.070  3.93906e-11      8.00000  9.68094e-14
      1.00000      764.518  4.92449e-11      8.00000  1.02308e-13
      1.00000      761.000  6.42342e-11      10.0000  1.11714e-13
      1.00000      757.513  7.84230e-11      10.0000  1.20541e-13
      1.00000      754.058  8.69006e-11      8.00000  1.27343e-13
      1.00000      750.635  1.00364e-10      8.00000  1.37038e-13
      1.00000      747.242  1.14373e-10      0.00000  1.48036e-13
      1.00000      743.880  1.21284e-10      0.00000  1.55127e-13
      1.00000      740.548  1.28683e-10      8.00000  1.61783e-13
      1.00000      737.246  1.46980e-10      8.00000  1.73070e-13
      1.00000      733.973  2.61021e-10      8.00000  2.10839e-13
      1.00000      730.729  5.33390e-10      0.00000  3.26316e-13
      1.00000      727.513  5.47588e-10      0.00000  3.64229e-13
      1.00000      724.326  1.71723e-10      0.00000  2.16483e-13
      1.00000      721.167  1.04578e-10      0.00000  1.75530e-13
      1.00000      718.035  1.11200e-10      0.00000  1.86528e-13
      1.00000      714.930  1.16372e-10      8.00000  1.98539e-13
      1.00000      711.852  1.15804e-10      8.00000  2.08958e-13
      1.00000      708.800  1.08965e-10      0.00000  2.09537e-13
      1.00000      705.774  1.06334e-10      0.00000  2.14891e-13
