      11.0000      516.799  1.82555e-10      259.000  7.70279e-13
      11.0000      517.196  1.83664e-10      259.000  7.23828e-13
      11.0000      517.594  1.83754e-10      256.000  7.29761e-13
      11.0000      517.992  1.77169e-10      256.000  6.55236e-13
      11.0000      518.391  1.90258e-10      0.00000  8.56091e-13
      11.0000      518.790  1.76104e-10      0.00000  6.38450e-13
      11.0000      519.189  1.82119e-10      256.000  8.64628e-13
      11.0000      519.589  1.73931e-10      256.000  1.11656e-12
      11.0000      519.989  1.69666e-10      256.000  7.68687e-13
      11.0000      520.389  1.71669e-10      256.000  8.32793e-13
      11.0000      520.789  1.72428e-10      256.000  8.55946e-13
      11.0000      521.190  1.68616e-10      256.000  9.04568e-13
      11.0000      521.591  1.69509e-10      256.000  6.94597e-13
      11.0000      521.992  1.68143e-10      258.000  5.76515e-13
      11.0000      522.394  1.66433e-10      258.000  6.04733e-13
      11.0000      522.796  1.71144e-10      256.000  1.57731e-12
      11.0000      523.198  1.67155e-10      256.000  1.09399e-12
      11.0000      523.601  1.60940e-10      0.00000  1.64171e-12
      11.0000      524.004  1.61467e-10     -15614.0          NaN
      11.0000      524.407  1.65940e-10     -15614.0          NaN
      11.0000      524.811  1.61914e-10      256.000  5.15883e-13
      11.0000      525.214  1.59728e-10      256.000  4.17916e-13
      11.0000      525.619  1.56320e-10      0.00000  3.68570e-13
      11.0000      526.023  1.54786e-10      256.000  3.89553e-13
      11.0000      526.428  1.56601e-10      768.000  6.37003e-13
      11.0000      526.833  1.52862e-10      768.000  5.01412e-13
      11.0000      527.238  1.50369e-10      0.00000  4.00406e-13
      11.0000      527.644  1.52325e-10      256.000  3.85356e-13
      11.0000      528.050  1.48966e-10      256.000  3.69728e-13
      11.0000      528.457  1.45665e-10      256.000  3.74793e-13
      11.0000      528.863  1.46501e-10      256.000  4.88533e-13
      11.0000      529.270  1.44719e-10      256.000  5.37300e-13
      11.0000      529.678  1.38715e-10      256.000  4.99531e-13
      11.0000      530.085  1.40482e-10      256.000  4.08076e-13
      11.0000      530.493  1.41090e-10      0.00000  3.82752e-13
      11.0000      530.901  1.41006e-10      0.00000  4.76378e-13
      11.0000      531.310  1.40022e-10      0.00000  4.35859e-13
      11.0000      531.719  1.36730e-10      256.000  4.14877e-13
      11.0000      532.128  1.32833e-10      256.000  3.91000e-13
      11.0000      532.537  1.36224e-10      512.000  4.43095e-13
      11.0000      532.947  1.38003e-10      768.000  3.98525e-13
      11.0000      533.357  1.33008e-10      256.000  3.65676e-13
      11.0000      533.768  1.30825e-10      0.00000  3.59309e-13
      11.0000      534.179  1.32239e-10      0.00000  3.40497e-13
      11.0000      534.590  1.30655e-10      0.00000  3.91434e-13
      11.0000      535.001  1.26147e-10      0.00000  4.66972e-13
      11.0000      535.413  1.25139e-10      2.00000  3.78121e-13
      11.0000      535.825  1.25685e-10      2.00000  3.67123e-13
      11.0000      536.237  1.25846e-10      0.00000  3.45707e-13
      11.0000      536.650  1.24216e-10      256.000  3.52363e-13
      11.0000      537.063  1.21869e-10      256.000  3.63940e-13
      11.0000      537.476  1.18234e-10      256.000  3.58296e-13
      11.0000      537.889  1.22284e-10     -15616.0          NaN
      11.0000      538.304  1.21146e-10     -15870.0          NaN
      11.0000      538.718  1.17379e-10      258.000  3.47877e-13
      11.0000      539.132  1.15920e-10      256.000  3.41365e-13
      11.0000      539.547  1.12982e-10      256.000  3.15029e-13
      11.0000      539.962  1.07403e-10     -15616.0          NaN
      11.0000      540.378  1.07888e-10     -15616.0          NaN
      11.0000      540.794  1.09026e-10      256.000  3.22553e-13
      11.0000      541.210  1.07553e-10      256.000  4.02432e-13
      11.0000      541.626  1.10004e-10      256.000  3.33841e-13
      11.0000      542.043  1.07448e-10      0.00000  2.94769e-13
      11.0000      542.460  1.04100e-10      1.00000  2.99545e-13
      11.0000      542.878  1.03424e-10      257.000  2.94914e-13
      11.0000      543.295  1.03010e-10      256.000  3.34998e-13
      11.0000      543.713  1.02025e-10      256.000  3.32828e-13
      11.0000      544.132  1.03825e-10      256.000  3.39918e-13
      11.0000      544.550  1.03704e-10      256.000  3.56994e-13
      11.0000      544.970  1.03652e-10      256.000  2.98098e-13
      11.0000      545.389  1.02105e-10      2.00000  2.68577e-13
      11.0000      545.809  1.00003e-10      2.00000  2.80154e-13
      11.0000      546.229  9.97685e-11      0.00000  3.05044e-13
      11.0000      546.649  1.00322e-10      256.000  3.02728e-13
      11.0000      547.070  1.00391e-10      258.000  2.67709e-13
      11.0000      547.491  1.00358e-10      258.000  2.63513e-13
      11.0000      547.912  9.97093e-11      256.000  2.62644e-13
      11.0000      548.334  9.69390e-11      256.000  2.66552e-13
      11.0000      548.756  9.38037e-11      0.00000  2.66841e-13
      11.0000      549.178  9.48345e-11      0.00000  2.81022e-13
      11.0000      549.600  9.69056e-11      0.00000  3.14016e-13
      11.0000      550.024  9.65538e-11      0.00000  2.98098e-13
      11.0000      550.447  9.61137e-11      256.000  2.81891e-13
      11.0000      550.870  9.22215e-11      256.000  2.59027e-13
      11.0000      551.294  9.21367e-11      0.00000  2.82759e-13
      11.0000      551.718  9.12215e-11      0.00000  3.46575e-13
      11.0000      552.143  9.26083e-11      0.00000  3.31091e-13
      11.0000      552.568  9.11660e-11      0.00000  3.44549e-13
      11.0000      552.993  8.95746e-11      256.000  3.21975e-13
      11.0000      553.418  8.92928e-11      256.000  3.56415e-13
      11.0000      553.844  8.82302e-11      256.000  3.91000e-13
      11.0000      554.271  8.82876e-11      256.000  3.70886e-13
      11.0000      554.697  8.65161e-11      258.000  4.28913e-13
      11.0000      555.124  8.83508e-11      258.000  4.09378e-13
      11.0000      555.551  8.61698e-11      258.000  3.44694e-13
      11.0000      555.979  8.62502e-11      0.00000  3.10832e-13
      11.0000      556.407  8.66865e-11      0.00000  3.26895e-13
      11.0000      556.835  8.39055e-11      0.00000  2.95927e-13
      11.0000      557.263  8.29089e-11      0.00000  2.90718e-13
      11.0000      557.692  8.34893e-11      0.00000  3.00413e-13
      11.0000      558.121  8.38067e-11      0.00000  3.01137e-13
      11.0000      558.551  8.27354e-11      0.00000  2.80443e-13
      12.0000      561.999  8.18406e-11      0.00000  6.03576e-13
      12.0000      562.431  8.08275e-11      0.00000  6.04010e-13
      12.0000      562.864  7.75115e-11      0.00000  4.77825e-13
      12.0000      563.297  8.01321e-11      0.00000  5.65517e-13
      12.0000      563.731  7.64305e-11      0.00000  7.44810e-13
      12.0000      564.164  7.58158e-11      768.000  7.38733e-13
      12.0000      564.599  7.09559e-11      768.000  6.07627e-13
      12.0000      565.033  6.72004e-11      256.000  5.98800e-13
      12.0000      565.468  7.78650e-11      257.000  8.20203e-13
      12.0000      565.903  7.64242e-11      257.000  1.04175e-12
      12.0000      566.338  7.27251e-11      256.000  8.98924e-13
      12.0000      566.774  7.32391e-11      256.000  6.00247e-13
      12.0000      567.210  7.35361e-11      256.000  2.79083e-12
      12.0000      567.647  7.17071e-11      256.000  4.88996e-12
      12.0000      568.084  7.25253e-11      256.000  4.07063e-13
      12.0000      568.521  7.15981e-11      257.000  6.33096e-13
      12.0000      568.958  7.14731e-11      257.000  6.05602e-13
      12.0000      569.396  7.05333e-11      256.000  3.90855e-13
      12.0000      569.834  6.92869e-11     -15616.0          NaN
      12.0000      570.273  7.06792e-11     -15616.0          NaN
      12.0000      570.711  7.26764e-11      256.000  3.73346e-13
      12.0000      571.151  6.99139e-11      258.000  3.31525e-13
      12.0000      571.590  6.87655e-11      258.000  3.15897e-13
      12.0000      572.030  6.80826e-11      256.000  3.67702e-13
      12.0000      572.470  6.69518e-11      258.000  3.74793e-13
      12.0000      572.911  6.79372e-11      258.000  3.52797e-13
      12.0000      573.352  6.79174e-11      256.000  3.72912e-13
      12.0000      573.793  6.84401e-11      0.00000  3.73490e-13
      12.0000      574.234  6.63044e-11      0.00000  3.52653e-13
      12.0000      574.676  6.58629e-11      256.000  3.24435e-13
      12.0000      575.119  6.61638e-11      256.000  3.09096e-13
      12.0000      575.561  6.75748e-11      256.000  3.21975e-13
      12.0000      576.004  6.57108e-11      0.00000  3.06491e-13
      12.0000      576.447  6.54721e-11      2.00000  2.99255e-13
      12.0000      576.891  6.17106e-11      258.000  2.99255e-13
      12.0000      577.335  6.17279e-11      256.000  2.87100e-13
      12.0000      577.779  6.38345e-11      0.00000  3.20383e-13
      12.0000      578.224  6.35390e-11      0.00000  3.10687e-13
      12.0000      578.669  6.20225e-11      0.00000  3.04031e-13
      12.0000      579.114  6.19587e-11     -15872.0          NaN
      12.0000      579.560  6.23698e-11     -15872.0          NaN
      12.0000      580.006  6.17521e-11      0.00000  2.72774e-13
      12.0000      580.452  6.10384e-11      256.000  3.80871e-13
      12.0000      580.899  6.19327e-11      256.000  2.87824e-13
      12.0000      581.346  6.06594e-11      256.000  3.04175e-13
      12.0000      581.793  6.04906e-11      0.00000  4.90848e-13
      12.0000      582.241  5.86343e-11     -15872.0          NaN
      12.0000      582.689  5.85209e-11     -15870.0          NaN
      12.0000      583.137  6.00524e-11      2.00000  4.92006e-13
      12.0000      583.586  6.01829e-11      0.00000  3.09530e-13
      12.0000      584.035  6.13821e-11      0.00000  2.77405e-13
      12.0000      584.484  6.24712e-11      0.00000  2.64236e-13
      12.0000      584.934  5.74194e-11      2.00000  2.72485e-13
      12.0000      585.384  5.18906e-11      3.00000  2.79431e-13
      12.0000      585.835  5.61066e-11      1.00000  2.36742e-13
      12.0000      586.286  8.29097e-11      256.000  3.69439e-13
      12.0000      586.737  2.48004e-10      256.000  4.50185e-13
      12.0000      587.188  2.26055e-10      0.00000  3.71609e-13
      12.0000      587.640  7.53655e-11      1.00000  2.52370e-13
      12.0000      588.092  5.62545e-11      1.00000  2.35439e-13
      12.0000      588.545  5.24096e-11      1.00000  2.29217e-13
      12.0000      588.998  5.09138e-11      1.00000  2.91441e-13
      12.0000      589.451  5.20575e-11      257.000  2.30085e-13
      12.0000      589.905  5.12012e-11      256.000  2.30230e-13
      12.0000      590.359  5.03405e-11      0.00000  2.36742e-13
      12.0000      590.813  4.98634e-11      0.00000  2.29072e-13
      12.0000      591.267  4.77831e-11      0.00000  2.33992e-13
      12.0000      591.723  4.81104e-11      257.000  2.45714e-13
      12.0000      592.178  4.83748e-11      257.000  2.40215e-13
      12.0000      592.634  4.83410e-11      1.00000  2.17206e-13
      12.0000      593.090  4.83775e-11      1.00000  1.99986e-13
      12.0000      593.546  4.95173e-11      1.00000  1.96368e-13
      12.0000      594.003  4.76074e-11      257.000  2.12576e-13
      12.0000      594.460  4.60902e-11      258.000  2.22560e-13
      12.0000      594.917  4.67427e-11      2.00000  2.11707e-13
      12.0000      595.375  4.65472e-11      1.00000  2.07511e-13
      12.0000      595.833  4.70555e-11      1.00000  2.01433e-13
      12.0000      596.292  4.69216e-11      1.00000  1.86094e-13
      12.0000      596.751  4.54202e-11      2.00000  1.76833e-13
      12.0000      597.210  4.49327e-11      2.00000  1.80595e-13
      12.0000      597.669  4.48561e-11      0.00000  2.20100e-13
      12.0000      598.129  4.42811e-11      2.00000  2.29506e-13
      12.0000      598.589  4.42413e-11      2.00000  1.77412e-13
      12.0000      599.050  4.37579e-11      0.00000  2.22994e-13
      12.0000      599.511  4.34195e-11      0.00000  2.22850e-13
      12.0000      599.972  4.33745e-11      0.00000  1.87686e-13
      12.0000      600.434  4.21632e-11      0.00000  2.05051e-13
      12.0000      600.896  4.17679e-11      0.00000  2.15470e-13
      12.0000      601.359  4.17759e-11      0.00000  2.01867e-13
      12.0000      601.822  4.11806e-11      0.00000  1.91882e-13
      12.0000      602.284  4.18725e-11      0.00000  1.99986e-13
      12.0000      602.748  4.06708e-11      0.00000  2.13878e-13
      12.0000      603.212  4.08846e-11      0.00000  2.38912e-13
      12.0000      603.676  4.06904e-11      2.00000  3.29210e-13
      12.0000      604.141  3.91624e-11      2.00000  3.19949e-13
      12.0000      604.606  4.02526e-11      256.000  2.44556e-13
      12.0000      605.071  3.96550e-11      256.000  2.54251e-13
      12.0000      605.537  3.97099e-11     -15616.0          NaN
      12.0000      606.002  4.22369e-11     -15616.0          NaN
      12.0000      606.469  4.02963e-11     -15616.0          NaN
      12.0000      606.935  3.97817e-11      0.00000  2.63947e-13
      12.0000      607.402  3.97671e-11      256.000  2.46871e-13
      13.0000      607.402  4.02131e-11     -15872.0          NaN
      13.0000      607.870  3.97801e-11     -15872.0          NaN
      13.0000      608.338  4.01577e-11      0.00000  6.57696e-13
      13.0000      608.806  4.04980e-11      2.00000  4.31808e-13
      13.0000      609.274  3.86646e-11      2.00000  3.96933e-13
      13.0000      609.743  3.86511e-11      0.00000  4.22980e-13
      13.0000      610.212  3.85819e-11      256.000  4.95190e-13
      13.0000      610.682  3.93078e-11      257.000  6.40910e-13
      13.0000      611.152  4.87713e-11      257.000  6.01984e-13
      13.0000      611.622  4.20657e-11      257.000  4.79561e-13
      13.0000      612.093  3.67116e-11      1.00000  5.35563e-13
      13.0000      612.564  3.75517e-11      1.00000  5.84619e-13
      13.0000      613.035  3.61568e-11      1.00000  4.95334e-13
      13.0000      613.507  3.59673e-11      258.000  5.20369e-13
      13.0000      613.979  3.55764e-11      258.000  3.85212e-13
      13.0000      614.451  3.75111e-11      256.000  3.61335e-13
      13.0000      614.924  3.61677e-11      258.000  3.74938e-13
      13.0000      615.397  3.66737e-11      258.000  3.42234e-13
      13.0000      615.871  3.65246e-11      256.000  3.77253e-13
      13.0000      616.345  3.76601e-11      256.000  5.46416e-13
      13.0000      616.819  3.58820e-11      256.000  3.15029e-13
      13.0000      617.294  3.53344e-11      0.00000  3.45128e-13
      13.0000      617.769  3.46790e-11      2.00000  2.52660e-13
      13.0000      618.245  3.47527e-11      258.000  3.22409e-13
      13.0000      618.720  3.31619e-11      256.000  4.51922e-13
      13.0000      619.196  3.31454e-11      0.00000  3.59599e-13
      13.0000      619.673  3.38197e-11      0.00000  4.20665e-13
      13.0000      620.150  3.40195e-11      256.000  4.52790e-13
      13.0000      620.627  3.33593e-11     -15616.0          NaN
      13.0000      621.105  3.31699e-11     -15872.0          NaN
      13.0000      621.582  3.37164e-11      256.000  3.61046e-13
      13.0000      622.061  3.32024e-11      258.000  2.35729e-13
      13.0000      622.539  3.25078e-11      258.000  2.17785e-13
      13.0000      623.018  3.17250e-11      256.000  2.01578e-13
      13.0000      623.498  3.16917e-11      256.000  2.01144e-13
      13.0000      623.978  3.19243e-11      0.00000  1.96079e-13
      13.0000      624.458  3.22053e-11      0.00000  2.24876e-13
      13.0000      624.938  3.13792e-11      256.000  1.84502e-13
      13.0000      625.419  3.04322e-11      0.00000  1.76254e-13
      13.0000      625.901  2.96672e-11      0.00000  1.76833e-13
      13.0000      626.382  2.89439e-11      256.000  1.90146e-13
      13.0000      626.864  2.94911e-11      256.000  2.58158e-13
      13.0000      627.347  3.96018e-11      256.000  2.41951e-13
      13.0000      627.830  4.96301e-11      0.00000  1.94053e-13
      13.0000      628.312  3.93729e-11      0.00000  1.84068e-13
      13.0000      628.796  3.04158e-11      256.000  1.71913e-13
      13.0000      629.280  2.88356e-11      256.000  1.68874e-13
      13.0000      629.764  2.84280e-11      256.000  1.97815e-13
      13.0000      630.249  2.90371e-11      256.000  1.95934e-13
      13.0000      630.734  3.01150e-11      256.000  1.64388e-13
      13.0000      631.219  3.12097e-11      256.000  1.61494e-13
      13.0000      631.705  3.13621e-11      256.000  1.59902e-13
      13.0000      632.191  3.18948e-11      0.00000  2.02301e-13
      13.0000      632.678  3.47676e-11      0.00000  2.35873e-13
      13.0000      633.164  3.56391e-11      0.00000  1.89567e-13
      13.0000      633.652  3.37825e-11      0.00000  1.72057e-13
      13.0000      634.139  3.16622e-11      0.00000  1.62073e-13
      13.0000      634.627  2.91351e-11      0.00000  1.93040e-13
      13.0000      635.115  2.67278e-11      256.000  1.56284e-13
      13.0000      635.604  2.49005e-11      256.000  1.45431e-13
      13.0000      636.094  2.36919e-11      0.00000  1.47602e-13
      13.0000      636.583  2.27102e-11      0.00000  1.54403e-13
      13.0000      637.073  2.16976e-11      0.00000  1.29369e-13
      13.0000      637.563  2.15444e-11      0.00000  1.40077e-13
      13.0000      638.054  2.14023e-11      0.00000  1.42682e-13
      13.0000      638.545  2.10009e-11      0.00000  1.47023e-13
      13.0000      639.036  2.11075e-11      256.000  1.40366e-13
      13.0000      639.528  2.15226e-11      258.000  2.00275e-13
      13.0000      640.020  2.13709e-11      2.00000  2.35584e-13
      13.0000      640.512  2.01368e-11      0.00000  1.48181e-13
      13.0000      641.005  1.97709e-11      0.00000  1.57731e-13
      13.0000      641.499  1.92647e-11      256.000  1.42682e-13
      13.0000      641.992  1.91941e-11      258.000  1.40945e-13
      13.0000      642.486  1.86537e-11      2.00000  1.36170e-13
      13.0000      642.981  1.84113e-11      2.00000  1.53535e-13
      13.0000      643.475  1.79989e-11      0.00000  1.66993e-13
      13.0000      643.971  1.75921e-11      0.00000  1.59468e-13
      13.0000      644.466  1.81157e-11      0.00000  1.63086e-13
      13.0000      644.962  1.72479e-11      0.00000  1.53969e-13
      13.0000      645.459  1.71962e-11      0.00000  1.75530e-13
      13.0000      645.955  1.66574e-11      0.00000  1.94776e-13
      13.0000      646.452  1.68283e-11      0.00000  1.89712e-13
      13.0000      646.950  1.68085e-11      0.00000  2.13444e-13
      13.0000      647.447  1.65446e-11      0.00000  1.75096e-13
      13.0000      647.946  1.57439e-11      0.00000  1.81463e-13
      13.0000      648.445  1.59559e-11      0.00000  3.81160e-13
      13.0000      648.943  1.53749e-11      0.00000  3.03886e-13
      13.0000      649.443  1.55863e-11      0.00000  1.90291e-13
      13.0000      649.942  1.54905e-11      0.00000  1.64822e-13
      13.0000      650.442  1.56122e-11      0.00000  1.50785e-13
      13.0000      650.943  1.50782e-11      0.00000  1.49049e-13
      13.0000      651.444  1.44909e-11      1.00000  2.48174e-13
      13.0000      651.945  1.45209e-11      257.000  3.03597e-13
      13.0000      652.447  1.44313e-11      256.000  3.29065e-13
      13.0000      652.949  1.46910e-11      0.00000  2.54396e-13
      14.0000      652.949  1.51582e-11      256.000  5.88816e-13
      13.0000      653.452  1.51147e-11      257.000  1.58310e-13
      14.0000      653.452  1.57950e-11      256.000  3.78121e-13
      13.0000      653.955  1.45096e-11     -15615.0          NaN
      14.0000      653.955  1.56720e-11      256.000  4.73628e-13
      13.0000      654.458  1.40324e-11     -15872.0          NaN
      14.0000      654.458  1.53256e-11      256.000  3.66400e-13
      13.0000      654.961  1.40586e-11      0.00000  1.68729e-13
      14.0000      654.961  1.50484e-11      256.000  3.91434e-13
      13.0000      655.465  1.36659e-11      0.00000  1.60336e-13
      14.0000      655.465  1.54242e-11      256.000  5.69714e-13
      13.0000      655.970  1.34322e-11      0.00000  1.54692e-13
      14.0000      655.970  1.45509e-11      256.000  5.46706e-13
      13.0000      656.475  1.29423e-11      0.00000  1.69163e-13
      14.0000      656.475  1.48786e-11      256.000  3.67123e-13
      13.0000      656.980  1.27629e-11      0.00000  1.70755e-13
      14.0000      656.980  1.50152e-11      256.000  3.13726e-13
      14.0000      657.485  1.50774e-11      256.000  5.35563e-13
      14.0000      657.991  1.51773e-11      256.000  3.87961e-13
      14.0000      658.497  1.48360e-11      256.000  4.02287e-13
      14.0000      659.004  1.56933e-11      257.000  7.47849e-13
      14.0000      659.511  1.57747e-11      257.000  4.74641e-13
      14.0000      660.019  1.32793e-11      257.000  4.06050e-13
      14.0000      660.527  1.35752e-11      257.000  3.52508e-13
      14.0000      661.035  1.58922e-11      256.000  2.85653e-13
      14.0000      661.544  1.46993e-11      256.000  4.37307e-13
      14.0000      662.053  1.42107e-11      256.000  3.13437e-13
      14.0000      662.562  1.33506e-11      256.000  3.09819e-13
      14.0000      663.072  1.34433e-11      256.000  2.29217e-13
      14.0000      663.582  1.31922e-11      256.000  2.40938e-13
      14.0000      664.093  1.36414e-11      256.000  2.23284e-13
      14.0000      664.604  1.32299e-11      256.000  2.41951e-13
      14.0000      665.116  1.32598e-11      256.000  2.26612e-13
      14.0000      665.627  1.37904e-11      256.000  2.65683e-13
      14.0000      666.140  1.32944e-11      256.000  2.65973e-13
      14.0000      666.652  1.45999e-11      256.000  2.33992e-13
      14.0000      667.165  2.04824e-11      0.00000  2.92888e-13
      14.0000      667.678  2.28011e-11      258.000  2.65539e-13
      14.0000      668.192  1.65510e-11      258.000  2.04038e-13
      14.0000      668.707  1.33646e-11      0.00000  1.68729e-13
      14.0000      669.221  1.24781e-11      256.000  1.74517e-13
      14.0000      669.736  1.38671e-11      256.000  1.74517e-13
      14.0000      670.252  1.49065e-11      256.000  1.85081e-13
      14.0000      670.767  1.32410e-11      0.00000  2.73932e-13
      14.0000      671.283  1.22156e-11      0.00000  4.55684e-13
      14.0000      671.800  1.14863e-11      0.00000  1.43405e-13
      14.0000      672.317  1.25990e-11      0.00000  1.50351e-13
      14.0000      672.834  1.35299e-11      0.00000  1.63086e-13
      14.0000      673.352  1.22901e-11      0.00000  1.58744e-13
      14.0000      673.870  1.23365e-11      0.00000  1.76688e-13
      14.0000      674.389  1.58390e-11      0.00000  1.93764e-13
      14.0000      674.908  1.96837e-11      256.000  1.60915e-13
      14.0000      675.427  1.60472e-11      258.000  1.41669e-13
      14.0000      675.947  1.18831e-11      2.00000  1.47312e-13
      14.0000      676.467  1.19728e-11      0.00000  1.48036e-13
      14.0000      676.988  1.47785e-11      0.00000  1.49483e-13
      14.0000      677.509  1.68308e-11      0.00000  1.93185e-13
      14.0000      678.030  1.36293e-11      257.000  2.18653e-13
      14.0000      678.552  1.24636e-11      257.000  1.60625e-13
      14.0000      679.074  2.09186e-11      0.00000  1.36459e-13
      14.0000      679.597  3.20221e-11      0.00000  1.37906e-13
      14.0000      680.119  2.40991e-11      256.000  1.32552e-13
      14.0000      680.643  1.34844e-11      256.000  1.33131e-13
      14.0000      681.166  1.44730e-11      0.00000  1.40366e-13
      14.0000      681.691  2.09870e-11      0.00000  1.39209e-13
      14.0000      682.215  2.16622e-11      0.00000  1.37472e-13
      14.0000      682.740  1.09208e-11      0.00000  1.21410e-13
      14.0000      683.266  1.04912e-11     -15872.0          NaN
      14.0000      683.792  3.18685e-11     -15872.0          NaN
      14.0000      684.318  6.11248e-11      0.00000  1.71913e-13
      14.0000      684.844  3.59365e-11     -15872.0          NaN
      14.0000      685.371  1.12494e-11     -15870.0          NaN
      14.0000      685.899  1.53560e-11      2.00000  1.37183e-13
      14.0000      686.427  3.51308e-11     -15872.0          NaN
      14.0000      686.955  3.92209e-11     -15870.0          NaN
      14.0000      687.484  1.40013e-11      2.00000  1.89856e-13
      14.0000      688.012  1.44371e-11      0.00000  1.46734e-13
      14.0000      688.542  5.61757e-11      256.000  1.86239e-13
      14.0000      689.072  1.32377e-10     -15615.0          NaN
      14.0000      689.602  4.97302e-11     -15615.0          NaN
      14.0000      690.133  1.55244e-11     -15616.0          NaN
      14.0000      690.664  2.12161e-11     -15616.0          NaN
      14.0000      691.195  7.50150e-11      256.000  2.08524e-13
      14.0000      691.727  6.41736e-11      256.000  2.02301e-13
      14.0000      692.260  1.47354e-11      258.000  1.83634e-13
      14.0000      692.792  1.39409e-11      258.000  1.44129e-13
      14.0000      693.326  1.10325e-10      256.000  2.27625e-13
      14.0000      693.859  1.65809e-10      264.000  2.65973e-13
      14.0000      694.393  4.93051e-11      8.00000  2.14312e-13
      14.0000      694.927  1.63574e-11      256.000  1.63375e-13
      14.0000      695.462  4.62727e-11      258.000  2.16483e-13
      14.0000      695.997  1.13059e-10      2.00000  2.36018e-13
      14.0000      696.533  6.43170e-11      256.000  1.61349e-13
      14.0000      697.069  3.41337e-11      257.000  1.81608e-13
      14.0000      697.605  4.54382e-11      1.00000  2.04617e-13
      14.0000      698.142  1.68646e-10      8.00000  2.57290e-13
      14.0000      698.679  1.57604e-10      8.00000  2.54396e-13
      15.0000      698.679  1.55851e-10      1.00000  1.61928e-12
      14.0000      699.217  5.55418e-11      256.000  1.87831e-13
      15.0000      699.217  4.57990e-11      1.00000  8.31056e-13
      14.0000      699.755  2.52185e-11      256.000  1.57731e-13
      15.0000      699.755  2.56188e-11      0.00000  6.26005e-13
      14.0000      700.293  9.17771e-11      0.00000  1.89422e-13
      15.0000      700.293  9.71146e-11      256.000  6.51763e-13
      14.0000      700.832  1.41162e-10      0.00000  2.25744e-13
      15.0000      700.832  1.52414e-10      258.000  6.52921e-13
      14.0000      701.371  7.44608e-11      0.00000  1.83200e-13
      15.0000      701.371  7.44983e-11      2.00000  6.02852e-13
      14.0000      701.911  2.03551e-11      0.00000  1.37038e-13
      15.0000      701.911  2.75613e-11      0.00000  5.70872e-13
      14.0000      702.451  8.35854e-11      0.00000  1.82187e-13
      15.0000      702.451  1.00463e-10      0.00000  1.48745e-12
      14.0000      702.992  2.30168e-10      2.00000  3.15029e-13
      15.0000      702.992  3.13758e-10      2.00000  7.88946e-13
      14.0000      703.533  1.82672e-10      2.00000  3.05188e-13
      15.0000      703.533  1.86410e-10      2.00000  6.26150e-13
      14.0000      704.074  3.01626e-11      1.00000  1.68006e-13
      15.0000      704.074  4.92255e-11      2.00000  4.90848e-13
      14.0000      704.616  3.44078e-11      1.00000  1.60915e-13
      15.0000      704.616  4.03931e-11      2.00000  4.99965e-13
      14.0000      705.158  1.45114e-10      0.00000  2.94769e-13
      15.0000      705.158  1.88995e-10      0.00000  6.29334e-13
      14.0000      705.701  1.91900e-10      1.00000  4.34702e-13
      15.0000      705.701  1.92151e-10      256.000  6.17757e-13
      14.0000      706.244  3.70920e-11      1.00000  4.03734e-13
      15.0000      706.244  4.34086e-11      256.000  3.98670e-13
      15.0000      706.788  2.98115e-11      0.00000  4.16035e-13
      15.0000      707.332  1.44428e-10      0.00000  5.10529e-13
      15.0000      707.876  3.14957e-10      256.000  8.16151e-13
      15.0000      708.421  1.01071e-10      256.000  4.24717e-13
      15.0000      708.965  3.09425e-11      0.00000  3.60033e-13
      15.0000      709.511  7.20819e-11      0.00000  3.77687e-13
      15.0000      710.057  1.81411e-10     -15872.0          NaN
      15.0000      710.604  1.20204e-10     -15872.0          NaN
      15.0000      711.151  3.10634e-11      0.00000  2.48897e-13
      15.0000      711.698  6.48866e-11      0.00000  2.67999e-13
      15.0000      712.245  1.97332e-10      8.00000  3.63216e-13
      15.0000      712.793  2.38781e-10      8.00000  4.38030e-13
      15.0000      713.342  6.11581e-11      0.00000  2.59750e-13
      15.0000      713.891  4.49713e-11      0.00000  2.39057e-13
      15.0000      714.440  1.22110e-10      0.00000  2.68722e-13
      15.0000      714.990  1.83953e-10      256.000  3.36011e-13
      15.0000      715.540  8.82060e-11      256.000  2.76536e-13
      15.0000      716.091  4.56310e-11      0.00000  2.12576e-13
      15.0000      716.642  1.35594e-10      0.00000  2.72195e-13
      15.0000      717.193  2.58913e-10      0.00000  4.01708e-13
      15.0000      717.745  1.78681e-10      256.000  2.97519e-13
      15.0000      718.297  4.20898e-11      256.000  1.96079e-13
      15.0000      718.850  7.15187e-11      256.000  2.15904e-13
      15.0000      719.403  1.68125e-10      0.00000  2.56567e-13
      15.0000      719.957  1.53833e-10      0.00000  2.58303e-13
      15.0000      720.511  4.38988e-11      0.00000  1.89567e-13
      15.0000      721.066  5.91310e-11     -15872.0          NaN
      15.0000      721.620  1.86578e-10     -15872.0          NaN
      15.0000      722.175  2.25548e-10      256.000  2.58448e-13
      15.0000      722.731  1.00983e-10      256.000  2.03459e-13
      15.0000      723.288  5.61205e-11      256.000  1.95645e-13
      15.0000      723.844  8.95480e-11      256.000  2.20100e-13
      15.0000      724.401  1.08315e-10      1.00000  2.20100e-13
      15.0000      724.959  5.28710e-11      1.00000  1.54692e-13
      15.0000      725.517  1.75166e-11      0.00000  1.29803e-13
      15.0000      726.075  1.55882e-11      0.00000  1.56718e-13
      15.0000      726.634  1.47500e-11      256.000  1.43550e-13
      15.0000      727.193  3.61607e-11      256.000  1.42103e-13
      15.0000      727.752  2.10426e-10      264.000  2.26902e-13
      15.0000      728.312  7.34929e-10      284.000  4.50764e-13
      15.0000      728.873  1.98773e-09      28.0000  1.73562e-12
      15.0000      729.434  2.80919e-09      28.0000  2.62326e-12
      15.0000      729.995  1.73692e-09      30.0000  1.30266e-12
      15.0000      730.557  7.39426e-10      30.0000  4.72036e-13
      15.0000      731.119  3.90434e-10     -15864.0          NaN
      15.0000      731.681  2.26533e-10     -15872.0          NaN
      15.0000      732.245  7.15491e-11      0.00000  2.14023e-13
      15.0000      732.808  6.82927e-11      0.00000  1.89278e-13
      15.0000      733.372  1.69114e-10      0.00000  2.35729e-13
      15.0000      733.936  2.48343e-10      0.00000  2.73642e-13
      15.0000      734.501  8.99657e-11      0.00000  2.18509e-13
      15.0000      735.067  7.48596e-11      0.00000  2.18074e-13
      15.0000      735.632  1.55584e-10      0.00000  2.41806e-13
      15.0000      736.198  2.42968e-10      256.000  3.14016e-13
      15.0000      736.764  1.00222e-10      258.000  2.35005e-13
      15.0000      737.332  6.11843e-11      258.000  2.24007e-13
      15.0000      737.899  1.32345e-10      264.000  2.19956e-13
      15.0000      738.467  3.18048e-10      264.000  3.35866e-13
      15.0000      739.035  1.18331e-10      256.000  2.23863e-13
      15.0000      739.604  5.24695e-11      0.00000  2.07077e-13
      15.0000      740.173  6.83727e-11      8.00000  2.05485e-13
      15.0000      740.742  2.09821e-10      8.00000  3.01715e-13
      15.0000      741.312  9.21290e-11      8.00000  2.53383e-13
      15.0000      741.883  4.87262e-11      0.00000  2.12286e-13
      15.0000      742.454  6.73885e-11      0.00000  2.20534e-13
      15.0000      743.025  2.49952e-10      0.00000  3.73056e-13
      15.0000      743.597  1.36385e-10      0.00000  2.68577e-13
      15.0000      744.169  5.72788e-11      0.00000  1.80161e-13
      15.0000      744.742  5.16176e-11      0.00000  1.78714e-13
      16.0000      744.742  5.30109e-11      257.000  1.22090e-12
      15.0000      745.315  1.62085e-10     -15872.0          NaN
      16.0000      745.315  1.72697e-10      256.000  1.21062e-12
      15.0000      745.888  1.17859e-10     -15872.0          NaN
      16.0000      745.888  1.26168e-10      256.000  1.04667e-12
      15.0000      746.463  5.56418e-11      0.00000  1.51943e-13
      16.0000      746.463  5.74639e-11      256.000  9.07606e-13
      15.0000      747.037  6.78236e-11      0.00000  1.59178e-13
      16.0000      747.037  8.19130e-11      256.000  8.86913e-13
      15.0000      747.612  2.05897e-10      8.00000  2.59750e-13
      16.0000      747.612  2.12998e-10      256.000  1.15361e-12
      15.0000      748.187  1.86106e-10      8.00000  2.37899e-13
      16.0000      748.187  1.97926e-10      256.000  7.90827e-13
      15.0000      748.763  7.42790e-11      256.000  1.66848e-13
      16.0000      748.763  6.26459e-11      256.000  5.73332e-13
      15.0000      749.339  6.70422e-11      256.000  1.52088e-13
      16.0000      749.339  6.05494e-11      256.000  5.24276e-13
      15.0000      749.916  1.45396e-10      256.000  1.89422e-13
      16.0000      749.916  1.43496e-10      256.000  5.86645e-13
      15.0000      750.493  1.55293e-10      256.000  2.18219e-13
      16.0000      750.493  1.49763e-10      256.000  6.20651e-13
      15.0000      751.070  5.39271e-11      256.000  1.88409e-13
      16.0000      751.070  5.49739e-11      256.000  4.93308e-13
      15.0000      751.649  5.98043e-11      256.000  2.16917e-13
      16.0000      751.649  5.85245e-11      256.000  5.68412e-13
      15.0000      752.227  1.67900e-10      256.000  2.81891e-13
      16.0000      752.227  1.86418e-10      256.000  6.80850e-13
      15.0000      752.806  2.18294e-10      0.00000  2.97085e-13
      16.0000      752.806  1.88398e-10      256.000  5.30788e-13
      15.0000      753.385  5.67926e-11      0.00000  1.81174e-13
      16.0000      753.385  6.68558e-11     -15616.0          NaN
      15.0000      753.965  2.90976e-11      0.00000  1.76109e-13
      16.0000      753.965  3.52292e-11     -15616.0          NaN
      15.0000      754.545  1.01474e-10      0.00000  2.83482e-13
      16.0000      754.545  1.12197e-10     -15616.0  4.18784e-13
      15.0000      755.126  1.36308e-10      0.00000  3.38327e-13
      16.0000      755.126  1.17844e-10      256.000  3.65242e-13
      15.0000      755.707  3.70675e-11      0.00000  1.98684e-13
      16.0000      755.707  5.06990e-11      256.000  3.06636e-13
      16.0000      756.288  3.40717e-11      256.000  2.84351e-13
      16.0000      756.870  1.41267e-10      256.000  3.65097e-13
      16.0000      757.452  1.50262e-10      256.000  4.72470e-13
      16.0000      758.035  5.63911e-11      256.000  3.08951e-13
      16.0000      758.619  2.44792e-11      256.000  4.20231e-13
      16.0000      759.202  8.48118e-11     -15616.0          NaN
      16.0000      759.787  9.68141e-11     -15616.0          NaN
      16.0000      760.371  3.59705e-11      256.000  2.84785e-13
      16.0000      760.956  2.04329e-11      258.000  3.65387e-13
      16.0000      761.542  1.09929e-10      258.000  4.05616e-13
      16.0000      762.128  1.34037e-10      256.000  3.25448e-13
      16.0000      762.715  3.70660e-11      256.000  2.96651e-13
      16.0000      763.302  1.49687e-11      256.000  2.23139e-13
      16.0000      763.889  6.25669e-11      256.000  3.36156e-13
      16.0000      764.477  7.90181e-11      257.000  2.99400e-13
      16.0000      765.065  1.96161e-11      257.000  2.25599e-13
      16.0000      765.654  1.23956e-11      257.000  2.12431e-13
      16.0000      766.243  9.22208e-11      257.000  2.84640e-13
      16.0000      766.832  1.09935e-10      257.000  3.77398e-13
      16.0000      767.423  2.28138e-11      256.000  4.65525e-13
      16.0000      768.013  1.10054e-11      256.000  4.76088e-13
      16.0000      768.604  4.03988e-11      256.000  2.91007e-13
      16.0000      769.196  4.72350e-11      256.000  2.50055e-13
      16.0000      769.787  1.19958e-11      256.000  2.20100e-13
      16.0000      770.380  1.12428e-11      0.00000  2.88981e-13
      16.0000      770.973  5.94231e-11      0.00000  2.10839e-13
      16.0000      771.566  6.54879e-11      0.00000  2.30809e-13
      16.0000      772.160  1.32133e-11      0.00000  1.69453e-13
      16.0000      772.754  1.30101e-12      2.00000  2.50489e-13
      16.0000      773.349  2.32566e-11      2.00000  1.73939e-13
      16.0000      773.944  2.28050e-11      0.00000  1.60481e-13
      16.0000      774.539  7.02525e-12      256.000  3.85646e-13
      16.0000      775.135  9.16528e-12      257.000  1.62362e-13
      16.0000      775.732  3.87234e-11      257.000  3.85791e-13
      16.0000      776.329  2.94751e-11      256.000  1.58021e-13
      16.0000      776.927  7.57146e-12      258.000  1.21844e-13
      16.0000      777.524  5.48193e-12      258.000  1.25896e-13
      16.0000      778.122  1.32554e-11      258.000  1.52667e-13
      16.0000      778.721  8.92828e-12      256.000  1.27487e-13
      16.0000      779.321  3.93343e-12      0.00000  1.14174e-13
      16.0000      779.920  6.18344e-12      0.00000  1.24593e-13
      16.0000      780.520  1.79668e-11      0.00000  1.36604e-13
      16.0000      781.121  1.02347e-11      0.00000  1.86673e-13
      16.0000      781.722  4.82908e-12     -15872.0          NaN
      16.0000      782.324  4.70550e-12     -15872.0          NaN
      16.0000      782.926  6.99889e-12      2.00000  1.07084e-13
      16.0000      783.528  4.93212e-12      2.00000  1.01440e-13
      16.0000      784.131  3.68133e-12      1.00000  9.56518e-14
      16.0000      784.735  6.43825e-12      3.00000  1.20107e-13
      16.0000      785.339  8.56133e-12     -15869.0          NaN
      16.0000      785.943  5.72028e-12     -15616.0          NaN
      16.0000      786.548  4.57208e-12      256.000  1.01006e-13
      16.0000      787.153  4.82965e-12      256.000  1.08241e-13
      16.0000      787.758  4.71001e-12      0.00000  1.22567e-13
      16.0000      788.365  4.05029e-12      0.00000  1.03032e-13
      16.0000      788.971  4.21615e-12      0.00000  8.89952e-14
      16.0000      789.579  5.02500e-12      0.00000  9.11658e-14
      16.0000      790.186  5.37300e-12      0.00000  9.08764e-14
      16.0000      790.794  5.01425e-12      0.00000  9.29023e-14
      16.0000      791.403  4.84395e-12      0.00000  1.00138e-13
      16.0000      792.011  5.00177e-12     -15872.0          NaN
      16.0000      792.621  4.96925e-12     -15872.0          NaN
      16.0000      793.231  5.16100e-12      0.00000  1.07084e-13
      17.0000      793.231  8.26492e-12     -15616.0          NaN
      16.0000      793.842  5.36316e-12      1.00000  1.26040e-13
      17.0000      793.842  7.85204e-12      256.000  6.47277e-13
      16.0000      794.452  5.49478e-12      1.00000  1.25896e-13
      17.0000      794.452  8.52499e-12     -15616.0  6.06325e-13
      16.0000      795.064  5.72014e-12      1.00000  1.47602e-13
      17.0000      795.064  9.16195e-12     -15616.0  1.34998e-12
      16.0000      795.675  5.67594e-12      257.000  1.47312e-13
      17.0000      795.675  7.88230e-12      256.000  6.00826e-13
      16.0000      796.288  5.09593e-12     -15615.0          NaN
      17.0000      796.288  7.99971e-12      256.000  5.39904e-13
      16.0000      796.900  6.22057e-12     -15872.0          NaN
      17.0000      796.900  8.01169e-12     -15616.0  5.55388e-13
      16.0000      797.514  6.09130e-12      0.00000  1.38051e-13
      17.0000      797.514  8.90132e-12     -15616.0  4.99676e-13
      16.0000      798.128  6.31461e-12      0.00000  1.42248e-13
      17.0000      798.128  8.72755e-12      256.000  7.53782e-13
      16.0000      798.742  7.79907e-12      256.000  3.37169e-13
      17.0000      798.742  9.41658e-12      256.000  5.16606e-13
      16.0000      799.357  7.03725e-12      256.000  3.57862e-13
      17.0000      799.357  9.71659e-12      256.000  4.19508e-13
      16.0000      799.972  5.97716e-12      256.000  1.47891e-13
      17.0000      799.972  7.78153e-12      256.000  3.51495e-13
      16.0000      800.587  6.44674e-12      0.00000  1.33565e-13
      17.0000      800.587  8.03850e-12      256.000  6.77087e-13
      16.0000      801.203  6.77063e-12      0.00000  1.43550e-13
      17.0000      801.203  1.00202e-11      256.000  6.05312e-13
      16.0000      801.820  6.78394e-12      0.00000  1.25606e-13
      17.0000      801.820  9.65078e-12      256.000  4.86073e-13
      16.0000      802.437  7.23959e-12      0.00000  1.24159e-13
      17.0000      802.437  8.77841e-12      0.00000  3.83186e-13
      16.0000      803.054  6.94880e-12      1.00000  1.34144e-13
      17.0000      803.054  7.41749e-12      0.00000  3.41221e-13
      16.0000      803.672 -6.75316e-12      3.00000  1.91159e-13
      17.0000      803.672  1.02730e-11      0.00000  4.04169e-13
      16.0000      804.291 -4.61008e-12      3.00000  1.69887e-13
      17.0000      804.291  9.52268e-12      0.00000  3.57862e-13
      16.0000      804.910  6.66143e-12      0.00000  1.26909e-13
      17.0000      804.910  8.86718e-12      256.000  3.48311e-13
      16.0000      805.529  7.03973e-12      0.00000  1.22712e-13
      17.0000      805.529  1.04859e-11      256.000  4.63643e-13
      17.0000      806.149  1.13746e-11      0.00000  3.40497e-13
      17.0000      806.769  1.20591e-11      256.000  5.77528e-13
      17.0000      807.390  9.47980e-12      256.000  3.07070e-13
      17.0000      808.012  9.45630e-12      256.000  2.47016e-13
      17.0000      808.633  1.06014e-11      0.00000  2.45279e-13
      17.0000      809.255  1.24531e-11      256.000  2.35729e-13
      17.0000      809.878  9.15860e-12      256.000  2.33848e-13
      17.0000      810.501  9.16761e-12      0.00000  2.81456e-13
      17.0000      811.125  1.01722e-11     -15872.0          NaN
      17.0000      811.750  1.24154e-11     -15872.0          NaN
      17.0000      812.374  8.99727e-12     -15616.0          NaN
      17.0000      812.999  8.88858e-12     -15616.0          NaN
      17.0000      813.625  2.35389e-11      0.00000  1.80885e-13
      17.0000      814.251  4.26774e-11      0.00000  1.94198e-13
      17.0000      814.878  2.79555e-11      1.00000  1.93040e-13
      17.0000      815.504  1.12609e-11      1.00000  1.74228e-13
      17.0000      816.132  1.47707e-11      257.000  1.93764e-13
      17.0000      816.760  1.59640e-11      256.000  1.61060e-13
      17.0000      817.389  1.29029e-11      0.00000  1.99986e-13
      17.0000      818.017  7.11579e-12      0.00000  1.85805e-13
      17.0000      818.647  9.98543e-12      0.00000  1.33420e-13
      17.0000      819.277  1.57121e-11      0.00000  1.37038e-13
      17.0000      819.907  1.42120e-11      0.00000  1.67427e-13
      17.0000      820.538  6.85856e-12      256.000  1.97671e-13
      17.0000      821.170  8.19370e-12      256.000  1.16200e-13
      17.0000      821.802  1.46544e-11     -15870.0          NaN
      17.0000      822.434  1.76103e-11     -15870.0          NaN
      17.0000      823.067  1.03241e-11      0.00000  1.24593e-13
      17.0000      823.700  8.80645e-12      0.00000  1.08531e-13
      17.0000      824.334  1.43029e-11      0.00000  1.13161e-13
      17.0000      824.969  1.57194e-11      256.000  1.17358e-13
      17.0000      825.604  6.61104e-12      256.000  1.31973e-13
      17.0000      826.239  4.84433e-12      256.000  1.44852e-13
      17.0000      826.875  9.81690e-12      256.000  1.02164e-13
      17.0000      827.511  1.59503e-11      256.000  1.11714e-13
      17.0000      828.148  8.46139e-12      256.000  1.42103e-13
      17.0000      828.785  5.32143e-12      256.000  1.57153e-13
      17.0000      829.423  7.98596e-12      256.000  1.12438e-13
      17.0000      830.061  1.56791e-11      0.00000  1.33276e-13
      17.0000      830.700  1.01248e-11      0.00000  1.07228e-13
      17.0000      831.339  5.90648e-12      0.00000  1.30237e-13
      17.0000      831.979  7.16687e-12      0.00000  1.18805e-13
      17.0000      832.619  1.25060e-11      0.00000  1.28645e-13
      17.0000      833.260  9.64227e-12      256.000  1.19673e-13
      17.0000      833.901  6.05064e-12      256.000  1.24738e-13
      17.0000      834.543  4.94667e-12      256.000  1.92461e-13
      17.0000      835.185  1.03892e-11      2.00000  1.39643e-13
      17.0000      835.828  9.29198e-12      2.00000  1.37038e-13
      17.0000      836.471  6.17364e-12      2.00000  1.18660e-13
      17.0000      837.114  6.18354e-12      0.00000  1.52232e-13
      17.0000      837.759  8.45330e-12      0.00000  1.23725e-13
      17.0000      838.404  7.85411e-12      2.00000  1.10701e-13
      17.0000      839.049  6.39058e-12     -15614.0          NaN
      17.0000      839.694  6.10536e-12     -15616.0          NaN
      17.0000      840.340  7.02562e-12      0.00000  1.23725e-13
      17.0000      840.987  6.64046e-12      0.00000  1.33565e-13
      17.0000      841.634  5.83729e-12      0.00000  9.75330e-14
      17.0000      842.282  4.77551e-12      0.00000  1.08097e-13
      17.0000      842.930  5.64747e-12      256.000  1.18805e-13
      18.0000      842.930  6.96311e-12      256.000  5.84185e-13
      17.0000      843.579  6.19657e-12      256.000  9.81118e-14
      18.0000      843.579  7.98296e-12      256.000  5.83461e-13
      17.0000      844.228  5.74971e-12      0.00000  9.59412e-14
      18.0000      844.228  8.86611e-12      256.000  5.53652e-13
      17.0000      844.877  5.48665e-12      0.00000  1.29947e-13
      18.0000      844.877  2.95191e-13      256.000  6.33096e-13
      17.0000      845.528  5.91862e-12      1.00000  1.59468e-13
      18.0000      845.528  3.39987e-12      256.000  6.57986e-13
      17.0000      846.178  5.66991e-12      1.00000  1.32552e-13
      18.0000      846.178  6.17783e-12      256.000  5.95906e-13
      17.0000      846.830  5.27339e-12     -15872.0          NaN
      18.0000      846.830  6.20096e-12      256.000  4.94032e-13
      17.0000      847.481  5.34398e-12     -15872.0          NaN
      18.0000      847.481  7.94758e-12      256.000  3.70017e-13
      17.0000      848.133  5.33310e-12      0.00000  1.57297e-13
      18.0000      848.133  5.66370e-12      256.000  3.42234e-13
      17.0000      848.786  5.25478e-12      256.000  1.19094e-13
      18.0000      848.786  6.98904e-12      256.000  3.85791e-13
      17.0000      849.439  4.78443e-12      256.000  1.10846e-13
      18.0000      849.439  9.92134e-12     -15616.0          NaN
      17.0000      850.093  4.82730e-12      0.00000  1.29513e-13
      18.0000      850.093  1.21953e-11     -15616.0          NaN
      17.0000      850.747  4.37668e-12     -15872.0          NaN
      18.0000      850.747  9.98564e-12      256.000  3.93171e-13
      17.0000      851.401  4.76586e-12     -15616.0          NaN
      18.0000      851.401  7.78240e-12      256.000  8.83006e-13
      17.0000      852.057  4.42982e-12      256.000  1.50930e-13
      18.0000      852.057  8.26253e-12      256.000  1.01729e-12
      17.0000      852.713  4.64331e-12      256.000  1.82910e-13
      18.0000      852.713  7.68960e-12      256.000  4.82600e-13
      17.0000      853.368  3.55205e-12      257.000  1.90001e-13
      18.0000      853.368  6.32570e-12      256.000  5.13133e-13
      17.0000      854.026  4.44075e-12      257.000  2.56856e-13
      18.0000      854.026  7.69983e-12      0.00000  4.18784e-13
      17.0000      854.683  2.68857e-12      257.000  1.51364e-13
      18.0000      854.683  7.17849e-12      0.00000  4.15022e-13
      18.0000      855.341  7.76820e-12     -15872.0          NaN
      18.0000      855.999  5.70287e-12     -15616.0          NaN
      18.0000      856.657  6.50712e-12      257.000  3.12279e-13
      18.0000      857.316  5.59415e-12      257.000  2.66117e-13
      18.0000      857.976 -5.74581e-13      258.000  3.64374e-13
      18.0000      858.637  5.72295e-12      258.000  2.63947e-13
      18.0000      859.297  5.88925e-12      0.00000  2.35150e-13
      18.0000      859.958  5.71378e-12      0.00000  2.61487e-13
      18.0000      860.620  5.33186e-12      0.00000  2.63657e-13
      18.0000      861.283  5.73390e-12      0.00000  3.08517e-13
      18.0000      861.945  5.18539e-12      256.000  2.06208e-13
      18.0000      862.608  4.97139e-12      258.000  2.32256e-13
      18.0000      863.272  4.93502e-12      258.000  2.35729e-13
      18.0000      863.937  5.18696e-12      0.00000  1.90869e-13
      18.0000      864.602  4.91267e-12      256.000  2.38044e-13
      18.0000      865.267  4.60155e-12      256.000  1.76833e-13
      18.0000      865.933  4.99692e-12      0.00000  2.24586e-13
      18.0000      866.599  4.72943e-12      2.00000  4.02143e-13
      18.0000      867.266  4.41992e-12      2.00000  1.50641e-13
      18.0000      867.934  4.78188e-12      0.00000  1.80306e-13
      18.0000      868.601  4.37888e-12      0.00000  1.77990e-13
      18.0000      869.270  4.50578e-12      0.00000  1.79148e-13
      18.0000      869.938  4.17038e-12      0.00000  1.51654e-13
      18.0000      870.608  4.37297e-12      0.00000  1.55561e-13
      18.0000      871.277  4.15742e-12      256.000  1.55850e-13
      18.0000      871.948  3.96387e-12      256.000  1.58165e-13
      18.0000      872.619  1.26318e-12      0.00000  1.39353e-13
      18.0000      873.291  4.30067e-13      0.00000  1.40366e-13
      18.0000      873.962  1.96032e-13      0.00000  1.63520e-13
      18.0000      874.635  6.19855e-13      256.000  1.49194e-13
      18.0000      875.308  7.85895e-13      256.000  1.63230e-13
      18.0000      875.982  1.51613e-12      256.000  1.38051e-13
      18.0000      876.656  1.09269e-12      0.00000  1.59902e-13
      18.0000      877.331  1.07140e-12      0.00000  1.78859e-13
      18.0000      878.005  1.48585e-12      0.00000  1.62217e-13
      18.0000      878.681  1.40291e-12      0.00000  1.44129e-13
      18.0000      879.357  6.80322e-13      2.00000  1.60191e-13
      18.0000      880.035  1.61606e-12      2.00000  1.65980e-13
      18.0000      880.711  1.69502e-12      0.00000  1.32263e-13
      18.0000      881.389  1.62964e-12      0.00000  1.76833e-13
      18.0000      882.068  1.33595e-12      0.00000  1.10846e-13
      18.0000      882.747  1.38912e-12      0.00000  1.13740e-13
      18.0000      883.426  1.78936e-12      0.00000  1.32118e-13
      18.0000      884.105  1.79823e-12      256.000  1.04479e-13
      18.0000      884.786  1.66918e-12      256.000  1.26619e-13
      18.0000      885.467  1.65617e-12      256.000  9.86906e-14
      18.0000      886.148  1.88549e-12      0.00000  8.72587e-14
      18.0000      886.830  1.91133e-12      0.00000  8.66799e-14
      18.0000      887.512  1.71808e-12      0.00000  8.46540e-14
      18.0000      888.195  1.69100e-12      0.00000  8.61010e-14
      18.0000      888.879  2.02289e-12      0.00000  9.10211e-14
      18.0000      889.563  2.26335e-12      0.00000  9.68094e-14
      18.0000      890.248  2.03901e-12      0.00000  9.63753e-14
      18.0000      890.932  2.04244e-12      0.00000  1.14174e-13
      18.0000      891.618  2.30249e-12      0.00000  1.32263e-13
      18.0000      892.304  2.21812e-12      258.000  9.40600e-14
      19.0000      892.304 -8.00823e-15      257.000  1.16084e-12
      18.0000      892.991  1.95692e-12      258.000  9.33364e-14
      19.0000      892.991 -1.10697e-12      256.000  1.15303e-12
      18.0000      893.678  1.78026e-12      256.000  9.27576e-14
      19.0000      893.678  1.09727e-12      257.000  8.32358e-13
      18.0000      894.366  1.92022e-12      256.000  1.00861e-13
      19.0000      894.366  1.81708e-12      257.000  8.38291e-13
      18.0000      895.054  1.94992e-12      256.000  1.01006e-13
      19.0000      895.054  3.61962e-12      256.000  7.76501e-13
      18.0000      895.743  1.65898e-12      256.000  1.06939e-13
      19.0000      895.743  4.15580e-12      256.000  6.31649e-13
      18.0000      896.432  1.71347e-12      256.000  1.13740e-13
      19.0000      896.432  4.03097e-12      256.000  6.29044e-13
      18.0000      897.122  1.62287e-12      0.00000  1.20976e-13
      19.0000      897.122  3.37625e-12      256.000  6.15152e-13
      18.0000      897.812  2.09179e-12      0.00000  1.28356e-13
      19.0000      897.812  2.81350e-12      256.000  4.11693e-13
      18.0000      898.503  1.91795e-12      0.00000  1.35591e-13
      19.0000      898.503  2.71966e-12      256.000  4.08510e-13
      18.0000      899.194  1.36308e-12      0.00000  1.72347e-13
      19.0000      899.194  4.03725e-12      256.000  4.80719e-13
      18.0000      899.887  1.86414e-12      0.00000  2.08090e-13
      19.0000      899.887  2.27697e-11      258.000  7.43797e-13
      18.0000      900.579  2.27546e-12      0.00000  1.25317e-13
      19.0000      900.579  1.45080e-11      258.000  5.02136e-13
      18.0000      901.272  1.64481e-12      256.000  1.46155e-13
      19.0000      901.272  3.29945e-12      256.000  2.81022e-13
      18.0000      901.965  1.69659e-12      256.000  1.41669e-13
      19.0000      901.965  3.12931e-12      256.000  2.40215e-13
      18.0000      902.660  1.43585e-12      256.000  1.12004e-13
      19.0000      902.660  2.95691e-12      256.000  3.03741e-13
      18.0000      903.354  1.06475e-12      256.000  1.61494e-13
      19.0000      903.354  4.32260e-12      256.000  4.73773e-13
      18.0000      904.050  1.05704e-12      256.000  1.54403e-13
      19.0000      904.050  4.18001e-12      258.000  3.69583e-13
      18.0000      904.745  8.35993e-13      256.000  1.31105e-13
      19.0000      904.745  3.90265e-12      258.000  2.29362e-13
      19.0000      905.441  4.88261e-12      0.00000  3.03163e-13
      19.0000      906.138  5.27940e-12      256.000  3.32538e-13
      19.0000      906.835  4.45431e-12      256.000  3.10832e-13
      19.0000      907.533  5.44634e-12      256.000  2.47305e-13
      19.0000      908.231  3.26762e-12      258.000  2.45858e-13
      19.0000      908.931  5.42882e-12      258.000  4.79561e-13
      19.0000      909.630  3.37801e-12      258.000  3.83331e-13
      19.0000      910.330  2.81143e-12      0.00000  5.31801e-13
      19.0000      911.031  4.28097e-12      0.00000  3.78845e-13
      19.0000      911.732  4.27071e-12      256.000  2.32111e-13
      19.0000      912.433  4.13046e-12      256.000  1.72202e-13
      19.0000      913.135  4.10367e-12      256.000  1.99262e-13
      19.0000      913.838  3.83666e-12      256.000  1.68295e-13
      19.0000      914.541  4.07165e-12      256.000  1.60047e-13
      19.0000      915.245  4.34310e-12      2.00000  1.54258e-13
      19.0000      915.949  3.91985e-12      2.00000  1.39353e-13
      19.0000      916.654  4.43750e-12      0.00000  1.51075e-13
      19.0000      917.360  4.16985e-12      2.00000  1.76109e-13
      19.0000      918.065  3.85878e-12      258.000  1.59902e-13
      19.0000      918.771  3.35597e-12      256.000  1.33999e-13
      19.0000      919.479  3.09710e-12      256.000  1.61204e-13
      19.0000      920.187  1.64505e-13      0.00000  1.71334e-13
      19.0000      920.894 -7.56877e-13      0.00000  1.78714e-13
      19.0000      921.603 -5.17977e-13      0.00000  1.35736e-13
      19.0000      922.313 -8.30440e-13      0.00000  1.07952e-13
      19.0000      923.022 -8.20869e-13      258.000  1.07228e-13
      19.0000      923.732 -4.09701e-13      258.000  1.07373e-13
      19.0000      924.443 -1.70167e-13      0.00000  1.28500e-13
      19.0000      925.155 -6.44519e-13      0.00000  1.46299e-13
      19.0000      925.867 -5.57486e-13      0.00000  1.29658e-13
      19.0000      926.579 -4.42419e-14      0.00000  1.01729e-13
      19.0000      927.292 -1.19436e-13      258.000  9.97036e-14
      19.0000      928.005 -1.14573e-13      258.000  1.56718e-13
      19.0000      928.720  3.29616e-13      256.000  1.75096e-13
      19.0000      929.435  7.73147e-13      0.00000  1.07518e-13
      19.0000      930.149  5.89050e-13      0.00000  1.11714e-13
      19.0000      930.866  1.22508e-13      0.00000  1.04913e-13
      19.0000      931.582  5.93089e-14      0.00000  1.30816e-13
      19.0000      932.298  4.15644e-13      0.00000  9.43494e-14
      19.0000      933.016  3.51147e-13      0.00000  9.89800e-14
      19.0000      933.734  2.40955e-13      0.00000  9.94142e-14
      19.0000      934.453  3.96672e-13      0.00000  1.03032e-13
      19.0000      935.172  3.57779e-13      0.00000  1.01440e-13
      19.0000      935.891  8.68512e-14      0.00000  1.01729e-13
      19.0000      936.611  1.59766e-13      0.00000  1.13740e-13
      19.0000      937.332  8.40948e-14      256.000  1.16200e-13
      19.0000      938.054  2.33810e-13      256.000  1.16200e-13
      19.0000      938.775  2.39641e-13      0.00000  1.02887e-13
      19.0000      939.498  3.13037e-13      0.00000  1.36604e-13
      19.0000      940.221  8.61490e-13      256.000  1.08097e-13
      19.0000      940.944  6.08076e-13      256.000  1.17503e-13
      19.0000      941.668  7.35257e-13      0.00000  1.13740e-13
      20.0000      941.668  1.96452e-12      256.000  5.50323e-13
      19.0000      942.393  6.63636e-13      0.00000  1.22133e-13
      20.0000      942.393  2.10886e-12      256.000  4.22836e-13
      19.0000      943.118  5.42925e-13      258.000  1.32263e-13
      20.0000      943.118  2.99832e-12      256.000  6.48724e-13
      19.0000      943.844  3.84953e-13      258.000  1.15187e-13
      20.0000      943.844  3.49520e-12     -15616.0          NaN
      19.0000      944.570  8.18178e-14      256.000  1.55705e-13
      20.0000      944.570  2.79639e-12     -15616.0          NaN
      19.0000      945.298  8.68393e-14      256.000  1.04479e-13
      20.0000      945.298  1.54431e-12      257.000  4.76233e-13
      19.0000      946.025  6.21802e-13     -15614.0          NaN
      20.0000      946.025 -1.01144e-11      1.00000  5.48587e-13
      19.0000      946.753  6.69913e-13     -15870.0          NaN
      20.0000      946.753 -4.78838e-12      1.00000  4.24428e-13
      19.0000      947.481  5.22640e-13      1.00000  9.29023e-14
      20.0000      947.481  1.71600e-12      769.000  3.76819e-13
      19.0000      948.211  4.31911e-13      1.00000  9.23235e-14
      20.0000      948.211  2.63699e-12      769.000  3.56994e-13
      19.0000      948.939  6.34899e-13      0.00000  8.82717e-14
      20.0000      948.939  4.55964e-12      256.000  3.70596e-13
      19.0000      949.670  8.30430e-13      0.00000  9.23235e-14
      20.0000      949.670  3.48940e-12      256.000  4.96203e-13
      19.0000      950.401  4.17479e-13      0.00000  1.73649e-13
      20.0000      950.401  2.64484e-12      256.000  3.10109e-13
      19.0000      951.133  9.91441e-14     -15616.0          NaN
      20.0000      951.133  2.88684e-12      256.000  3.38182e-13
      19.0000      951.864  5.54521e-13     -15616.0          NaN
      20.0000      951.864  3.69114e-12      0.00000  2.73497e-13
      19.0000      952.597  7.83088e-13      0.00000  1.10846e-13
      20.0000      952.597  2.72347e-12      0.00000  2.42530e-13
      19.0000      953.330  8.88194e-13      0.00000  1.37617e-13
      20.0000      953.330  2.36911e-12      0.00000  3.66110e-13
      19.0000      954.064  5.38439e-13      0.00000  1.41524e-13
      20.0000      954.064  2.54398e-12      0.00000  2.29796e-13
      20.0000      954.798  2.48721e-12      0.00000  2.24152e-13
      20.0000      955.532  2.49976e-12      0.00000  1.90580e-13
      20.0000      956.268  1.79997e-12      0.00000  4.68853e-13
      20.0000      957.004  2.31804e-12      256.000  5.09371e-13
      20.0000      957.740  2.18921e-12      257.000  1.98539e-13
      20.0000      958.477  2.17148e-12      257.000  2.18798e-13
      20.0000      959.214  2.13319e-12      1.00000  1.56718e-13
      20.0000      959.953  2.61620e-12      256.000  1.46589e-13
      20.0000      960.691  2.52479e-12      256.000  1.47312e-13
      20.0000      961.430  1.82127e-12      256.000  1.30816e-13
      20.0000      962.170  1.08524e-12      258.000  1.77267e-13
      20.0000      962.911  8.87015e-13      258.000  1.74083e-13
      20.0000      963.652  8.06514e-13      256.000  1.45865e-13
      20.0000      964.394  2.05273e-12      256.000  1.25317e-13
      20.0000      965.135  2.43849e-12      0.00000  1.37038e-13
      20.0000      965.878  1.89297e-12      0.00000  1.90869e-13
      20.0000      966.622  2.48950e-12      0.00000  1.35157e-13
      20.0000      967.365  2.58720e-12      258.000  1.78280e-13
      20.0000      968.110  2.99653e-13      258.000  2.13299e-13
      20.0000      968.855 -1.24746e-12      256.000  1.93764e-13
      20.0000      969.600 -1.72917e-12      256.000  1.77556e-13
      20.0000      970.346 -1.91300e-12      258.000  1.26040e-13
      20.0000      971.093 -1.90371e-12      2.00000  1.09544e-13
      20.0000      971.840 -1.67106e-12      2.00000  2.95927e-13
      20.0000      972.589 -1.38760e-12      2.00000  2.17930e-13
      20.0000      973.336 -1.13652e-12      256.000  2.08234e-13
      20.0000      974.085 -8.69439e-13      256.000  2.07511e-13
      20.0000      974.836 -5.20643e-13      256.000  1.43984e-13
      20.0000      975.585 -2.21084e-12      1.00000  1.24738e-13
      20.0000      976.337 -3.20523e-12      257.000  1.22133e-13
      20.0000      977.087 -1.55596e-12      257.000  1.16056e-13
      20.0000      977.839 -5.29154e-14      256.000  9.88353e-14
      20.0000      978.592  1.49356e-13      0.00000  8.69693e-14
      20.0000      979.345  2.89641e-14      0.00000  9.98483e-14
      20.0000      980.098  2.59698e-13      256.000  9.55071e-14
      20.0000      980.853  3.10819e-13     -15616.0          NaN
      20.0000      981.608  1.61472e-13     -15616.0          NaN
      20.0000      982.363  3.93798e-13      0.00000  9.40600e-14
      20.0000      983.119  5.75794e-13      0.00000  8.75481e-14
      20.0000      983.875  3.94906e-13      0.00000  1.04334e-13
      20.0000      984.633  5.08136e-13      0.00000  1.07952e-13
      20.0000      985.391  7.70512e-13      0.00000  1.31684e-13
      20.0000      986.149  9.67518e-13      256.000  9.49282e-14
      20.0000      986.908  6.37982e-13      256.000  9.46388e-14
      20.0000      987.667  6.05935e-13      256.000  1.05492e-13
      20.0000      988.427  7.84327e-13      256.000  1.06215e-13
      20.0000      989.187  9.52679e-13      256.000  1.22278e-13
      20.0000      989.949  1.06894e-12      258.000  3.44260e-13
      20.0000      990.710  8.39567e-13      258.000  1.54258e-13
      20.0000      991.473  1.46447e-12      258.000  1.40656e-13
      20.0000      992.236  1.49014e-12      0.00000  1.04190e-13
      20.0000      992.999  1.29150e-12      0.00000  1.15911e-13
      20.0000      993.763  1.18472e-12      0.00000  1.08531e-13
      20.0000      994.528  1.55905e-12      0.00000  1.02164e-13
      20.0000      995.293  1.63063e-12      0.00000  1.07228e-13
      20.0000      996.060  1.57997e-12      0.00000  1.38485e-13
      20.0000      996.826  1.68438e-12      0.00000  1.11135e-13
      20.0000      997.593  1.52619e-12      0.00000  9.81118e-14
      20.0000      998.361  1.59551e-12      256.000  9.27576e-14
      20.0000      999.129  2.00855e-12      256.000  1.14753e-13
      20.0000      999.898  1.84633e-12      256.000  1.20107e-13
      20.0000      1000.67  1.51970e-12      0.00000  1.05202e-13
      20.0000      1001.44  1.73192e-12      0.00000  1.01440e-13
      20.0000      1002.21  1.69776e-12      0.00000  1.21120e-13
      20.0000      1002.98  1.96331e-12      1.00000  1.02598e-13
      20.0000      1003.75  2.18212e-12      1.00000  1.18371e-13
