      11.0000      516.799  1.85506e-10      259.000  8.30333e-13
      11.0000      517.196  1.86537e-10      259.000  7.85328e-13
      11.0000      517.594  1.90350e-10      256.000  7.22959e-13
      11.0000      517.992  1.80856e-10      256.000  7.13119e-13
      11.0000      518.391  1.95094e-10      256.000  8.59274e-13
      11.0000      518.790  1.77922e-10      256.000  7.50743e-13
      11.0000      519.189  1.84155e-10      0.00000  7.60149e-13
      11.0000      519.589  1.79743e-10      0.00000  8.58840e-13
      11.0000      519.989  1.71879e-10      256.000  6.52342e-13
      11.0000      520.389  1.72565e-10      256.000  5.80422e-13
      11.0000      520.789  1.74399e-10      256.000  6.38740e-13
      11.0000      521.190  1.70438e-10      256.000  6.65366e-13
      11.0000      521.591  1.70582e-10      256.000  7.43942e-13
      11.0000      521.992  1.70323e-10      258.000  6.31070e-13
      11.0000      522.394  1.67664e-10      258.000  6.29768e-13
      11.0000      522.796  1.72981e-10      256.000  1.58021e-12
      11.0000      523.198  1.68159e-10      256.000  1.05984e-12
      11.0000      523.601  1.60134e-10      256.000  1.65271e-12
      11.0000      524.004  1.63367e-10     -15614.0          NaN
      11.0000      524.407  1.67141e-10     -15614.0          NaN
      11.0000      524.811  1.62893e-10      256.000  4.51922e-13
      11.0000      525.214  1.60855e-10      256.000  3.91145e-13
      11.0000      525.619  1.58515e-10      0.00000  3.82752e-13
      11.0000      526.023  1.57072e-10      256.000  4.02287e-13
      11.0000      526.428  1.57191e-10      256.000  6.42791e-13
      11.0000      526.833  1.54654e-10      256.000  5.53217e-13
      11.0000      527.238  1.51503e-10      0.00000  4.21968e-13
      11.0000      527.644  1.53734e-10      0.00000  3.88974e-13
      11.0000      528.050  1.51133e-10      0.00000  3.79568e-13
      11.0000      528.457  1.47934e-10      256.000  3.82462e-13
      11.0000      528.863  1.48305e-10      256.000  5.20513e-13
      11.0000      529.270  1.47406e-10      256.000  6.03286e-13
      11.0000      529.678  1.41351e-10      256.000  5.22395e-13
      11.0000      530.085  1.41439e-10      256.000  4.59157e-13
      11.0000      530.493  1.41193e-10      257.000  3.69439e-13
      11.0000      530.901  1.42576e-10      257.000  4.72326e-13
      11.0000      531.310  1.40515e-10      257.000  4.21533e-13
      11.0000      531.719  1.38959e-10      256.000  4.36438e-13
      11.0000      532.128  1.34658e-10      256.000  3.86948e-13
      11.0000      532.537  1.36904e-10      256.000  4.56842e-13
      11.0000      532.947  1.38878e-10      256.000  3.93894e-13
      11.0000      533.357  1.33953e-10      256.000  3.68570e-13
      11.0000      533.768  1.31501e-10      0.00000  3.56270e-13
      11.0000      534.179  1.33816e-10      0.00000  3.60467e-13
      11.0000      534.590  1.32240e-10      0.00000  3.83186e-13
      11.0000      535.001  1.27522e-10      0.00000  5.17909e-13
      11.0000      535.413  1.25993e-10      2.00000  5.49310e-13
      11.0000      535.825  1.26986e-10      2.00000  4.67116e-13
      11.0000      536.237  1.27237e-10      0.00000  3.55113e-13
      11.0000      536.650  1.25360e-10      0.00000  3.27184e-13
      11.0000      537.063  1.24067e-10      0.00000  3.63361e-13
      11.0000      537.476  1.20154e-10      256.000  3.86659e-13
      11.0000      537.889  1.23670e-10     -15616.0          NaN
      11.0000      538.304  1.22570e-10     -15614.0          NaN
      11.0000      538.718  1.18238e-10      259.000  3.46575e-13
      11.0000      539.132  1.17573e-10      1.00000  3.91868e-13
      11.0000      539.547  1.13523e-10      1.00000  3.11121e-13
      11.0000      539.962  1.09045e-10     -15872.0          NaN
      11.0000      540.378  1.09497e-10     -15616.0          NaN
      11.0000      540.794  1.11321e-10      256.000  4.06050e-13
      11.0000      541.210  1.09155e-10      256.000  3.69439e-13
      11.0000      541.626  1.10940e-10      256.000  3.34130e-13
      11.0000      542.043  1.08705e-10      256.000  2.97953e-13
      11.0000      542.460  1.04317e-10      257.000  3.04175e-13
      11.0000      542.878  1.05378e-10      257.000  2.97230e-13
      11.0000      543.295  1.05033e-10      0.00000  3.07070e-13
      11.0000      543.713  1.03352e-10      0.00000  2.96940e-13
      11.0000      544.132  1.05478e-10      0.00000  3.00992e-13
      11.0000      544.550  1.04222e-10      0.00000  2.73353e-13
      11.0000      544.970  1.04386e-10      0.00000  2.59895e-13
      11.0000      545.389  1.03429e-10      2.00000  2.63657e-13
      11.0000      545.809  1.02031e-10      2.00000  3.17923e-13
      11.0000      546.229  1.01680e-10      0.00000  3.24869e-13
      11.0000      546.649  1.01437e-10      256.000  2.91731e-13
      11.0000      547.070  1.01454e-10      258.000  2.75089e-13
      11.0000      547.491  1.01565e-10      258.000  2.79141e-13
      11.0000      547.912  1.01516e-10      256.000  2.73787e-13
      11.0000      548.334  9.84296e-11      256.000  2.58593e-13
      11.0000      548.756  9.51165e-11      0.00000  2.69012e-13
      11.0000      549.178  9.58760e-11      0.00000  2.76681e-13
      11.0000      549.600  9.74870e-11      0.00000  3.09674e-13
      11.0000      550.024  9.74064e-11      0.00000  2.90428e-13
      11.0000      550.447  9.72452e-11      0.00000  2.77115e-13
      11.0000      550.870  9.43292e-11      1.00000  2.63947e-13
      11.0000      551.294  9.42789e-11      1.00000  3.00268e-13
      11.0000      551.718  9.22135e-11      0.00000  3.38905e-13
      11.0000      552.143  9.34499e-11      0.00000  3.96210e-13
      11.0000      552.568  9.09999e-11      0.00000  4.02143e-13
      11.0000      552.993  9.03617e-11      256.000  3.30078e-13
      11.0000      553.418  9.06123e-11      256.000  3.32249e-13
      11.0000      553.844  8.97631e-11      256.000  3.58730e-13
      11.0000      554.271  9.00997e-11      0.00000  3.72622e-13
      11.0000      554.697  8.74184e-11      258.000  4.27032e-13
      11.0000      555.124  8.77461e-11      258.000  3.70596e-13
      11.0000      555.551  8.68131e-11      258.000  3.34419e-13
      11.0000      555.979  8.71672e-11      0.00000  3.06491e-13
      11.0000      556.407  8.70428e-11      256.000  3.08227e-13
      11.0000      556.835  8.49923e-11      256.000  2.98532e-13
      11.0000      557.263  8.18474e-11      256.000  2.99979e-13
      11.0000      557.692  8.33679e-11      256.000  3.06201e-13
      11.0000      558.121  8.67778e-11      256.000  3.10109e-13
      11.0000      558.551  8.48789e-11      256.000  2.95493e-13
      12.0000      561.999  8.17091e-11      0.00000  6.77666e-13
      12.0000      562.431  8.18011e-11      0.00000  6.27163e-13
      12.0000      562.864  7.78993e-11      0.00000  5.69280e-13
      12.0000      563.297  8.00349e-11      0.00000  5.76949e-13
      12.0000      563.731  7.61905e-11      0.00000  5.26881e-13
      12.0000      564.164  7.48991e-11      256.000  5.08937e-13
      12.0000      564.599  7.55155e-11      256.000  7.31787e-13
      12.0000      565.033  7.58166e-11      256.000  4.91138e-13
      12.0000      565.468  7.66716e-11      256.000  4.63354e-13
      12.0000      565.903  7.47039e-11      256.000  5.47574e-13
      12.0000      566.338  7.19064e-11      256.000  5.82014e-13
      12.0000      566.774  7.34446e-11      256.000  5.34695e-13
      12.0000      567.210  7.45597e-11      256.000  2.79561e-12
      12.0000      567.647  7.29851e-11      768.000  4.79388e-12
      12.0000      568.084  7.24448e-11      768.000  3.70741e-13
      12.0000      568.521  7.17601e-11      257.000  6.70720e-13
      12.0000      568.958  7.19027e-11      1.00000  6.30347e-13
      12.0000      569.396  7.09652e-11      768.000  3.93315e-13
      12.0000      569.834  7.01105e-11     -15616.0          NaN
      12.0000      570.273  7.20999e-11     -15616.0          NaN
      12.0000      570.711  7.28115e-11      256.000  3.62782e-13
      12.0000      571.151  6.99082e-11      258.000  3.29499e-13
      12.0000      571.590  6.87216e-11      258.000  3.21396e-13
      12.0000      572.030  6.83563e-11      256.000  3.74793e-13
      12.0000      572.470  6.66406e-11      258.000  3.69873e-13
      12.0000      572.911  6.81972e-11      258.000  3.53810e-13
      12.0000      573.352  6.72297e-11      256.000  3.17633e-13
      12.0000      573.793  6.74976e-11      256.000  3.44404e-13
      12.0000      574.234  6.59509e-11      0.00000  4.12851e-13
      12.0000      574.676  6.64902e-11      0.00000  3.49758e-13
      12.0000      575.119  6.58699e-11      0.00000  3.11121e-13
      12.0000      575.561  6.73981e-11      256.000  3.21830e-13
      12.0000      576.004  6.57885e-11      256.000  3.11411e-13
      12.0000      576.447  6.59577e-11      2.00000  2.88981e-13
      12.0000      576.891  6.34883e-11      2.00000  3.27329e-13
      12.0000      577.335  6.21382e-11      0.00000  2.93612e-13
      12.0000      577.779  6.38549e-11      0.00000  3.44260e-13
      12.0000      578.224  6.27030e-11      0.00000  3.42523e-13
      12.0000      578.669  6.15799e-11      0.00000  3.02150e-13
      12.0000      579.114  6.13836e-11     -15872.0          NaN
      12.0000      579.560  6.21169e-11     -15872.0          NaN
      12.0000      580.006  6.17358e-11      0.00000  2.77115e-13
      12.0000      580.452  6.06470e-11      256.000  3.81305e-13
      12.0000      580.899  6.14431e-11      256.000  2.67275e-13
      12.0000      581.346  6.06993e-11      256.000  3.26750e-13
      12.0000      581.793  6.02349e-11      0.00000  4.99820e-13
      12.0000      582.241  5.92572e-11     -15872.0          NaN
      12.0000      582.689  5.88383e-11     -15870.0          NaN
      12.0000      583.137  5.94532e-11      2.00000  4.91427e-13
      12.0000      583.586  5.97380e-11      0.00000  2.81167e-13
      12.0000      584.035  6.09330e-11      256.000  2.70024e-13
      12.0000      584.484  6.20385e-11      256.000  2.60474e-13
      12.0000      584.934  5.74071e-11      2.00000  2.48463e-13
      12.0000      585.384  5.20050e-11      3.00000  2.62644e-13
      12.0000      585.835  5.67164e-11      257.000  2.42964e-13
      12.0000      586.286  8.30678e-11      256.000  3.73346e-13
      12.0000      586.737  2.34564e-10      0.00000  4.45410e-13
      12.0000      587.188  2.27480e-10      0.00000  3.73346e-13
      12.0000      587.640  7.55239e-11      0.00000  2.44411e-13
      12.0000      588.092  5.67132e-11      0.00000  2.81456e-13
      12.0000      588.545  5.22471e-11      1.00000  2.88402e-13
      12.0000      588.998  5.09498e-11      257.000  3.00268e-13
      12.0000      589.451  5.16242e-11      257.000  2.37610e-13
      12.0000      589.905  5.11343e-11      256.000  3.07793e-13
      12.0000      590.359  5.02393e-11      256.000  2.49476e-13
      12.0000      590.813  5.00565e-11      256.000  2.41806e-13
      12.0000      591.267  4.80366e-11      256.000  2.06932e-13
      12.0000      591.723  4.78682e-11      0.00000  2.33124e-13
      12.0000      592.178  4.64025e-11      256.000  2.49187e-13
      12.0000      592.634  4.79309e-11      256.000  2.30375e-13
      12.0000      593.090  4.78458e-11      0.00000  2.24876e-13
      12.0000      593.546  5.03863e-11      256.000  2.05195e-13
      12.0000      594.003  4.81014e-11      256.000  2.16772e-13
      12.0000      594.460  4.65126e-11      258.000  2.23284e-13
      12.0000      594.917  4.69453e-11      258.000  2.12431e-13
      12.0000      595.375  4.66351e-11      256.000  2.17061e-13
      12.0000      595.833  4.64264e-11      256.000  2.22560e-13
      12.0000      596.292  4.64492e-11      256.000  1.98684e-13
      12.0000      596.751  4.57635e-11      258.000  1.92027e-13
      12.0000      597.210  4.52637e-11      2.00000  1.90291e-13
      12.0000      597.669  4.50573e-11      0.00000  2.24442e-13
      12.0000      598.129  4.44292e-11      2.00000  2.41517e-13
      12.0000      598.589  4.41432e-11      258.000  2.00999e-13
      12.0000      599.050  4.36971e-11      256.000  1.96947e-13
      12.0000      599.511  4.35386e-11      0.00000  1.94198e-13
      12.0000      599.972  4.34698e-11      256.000  1.99262e-13
      12.0000      600.434  4.23391e-11      256.000  1.96368e-13
      12.0000      600.896  4.20541e-11      0.00000  2.16483e-13
      12.0000      601.359  4.18398e-11      0.00000  2.03314e-13
      12.0000      601.822  4.13207e-11      256.000  1.94487e-13
      12.0000      602.284  4.15981e-11      256.000  2.07366e-13
      12.0000      602.748  4.06649e-11      256.000  2.13010e-13
      12.0000      603.212  4.03186e-11      256.000  2.41083e-13
      12.0000      603.676  4.08802e-11      258.000  3.34854e-13
      12.0000      604.141  3.89614e-11      258.000  3.19515e-13
      12.0000      604.606  4.03706e-11      256.000  2.52081e-13
      12.0000      605.071  3.94641e-11      256.000  2.28928e-13
      12.0000      605.537  3.97385e-11     -15616.0          NaN
      12.0000      606.002  4.17738e-11     -15616.0          NaN
      12.0000      606.469  3.99454e-11     -15616.0          NaN
      12.0000      606.935  3.94374e-11      0.00000  2.37610e-13
      12.0000      607.402  3.97001e-11      768.000  2.25310e-13
      13.0000      607.402  4.14743e-11     -15872.0          NaN
      13.0000      607.870  3.93974e-11     -15872.0          NaN
      13.0000      608.338  3.99160e-11      0.00000  6.77377e-13
      13.0000      608.806  4.01899e-11      2.00000  4.36149e-13
      13.0000      609.274  3.80888e-11      2.00000  5.22105e-13
      13.0000      609.743  3.91250e-11      256.000  5.27025e-13
      13.0000      610.212  3.93192e-11      256.000  5.04885e-13
      13.0000      610.682  3.82142e-11      257.000  7.44666e-13
      13.0000      611.152  3.66988e-11      3.00000  7.34102e-13
      13.0000      611.622  3.94608e-11      3.00000  4.62341e-13
      13.0000      612.093  3.84296e-11      1.00000  5.73766e-13
      13.0000      612.564  3.61164e-11      1.00000  5.07779e-13
      13.0000      613.035  3.55103e-11      1.00000  4.43674e-13
      13.0000      613.507  3.55197e-11      258.000  4.96926e-13
      13.0000      613.979  3.54485e-11      258.000  3.94039e-13
      13.0000      614.451  3.68322e-11      256.000  6.02563e-13
      13.0000      614.924  3.44431e-11      258.000  3.84633e-13
      13.0000      615.397  3.49141e-11      258.000  3.98525e-13
      13.0000      615.871  3.46982e-11      256.000  3.83620e-13
      13.0000      616.345  3.58688e-11      256.000  7.68253e-13
      13.0000      616.819  3.50383e-11      256.000  4.83613e-13
      13.0000      617.294  3.51609e-11      0.00000  3.53521e-13
      13.0000      617.769  3.39721e-11      2.00000  2.56711e-13
      13.0000      618.245  3.40374e-11      258.000  3.45417e-13
      13.0000      618.720  3.27135e-11      256.000  4.90125e-13
      13.0000      619.196  3.26276e-11      0.00000  3.90421e-13
      13.0000      619.673  3.29028e-11      0.00000  4.21678e-13
      13.0000      620.150  3.35509e-11      256.000  4.64512e-13
      13.0000      620.627  3.26647e-11     -15616.0          NaN
      13.0000      621.105  3.31979e-11     -15616.0          NaN
      13.0000      621.582  3.35975e-11      256.000  2.96651e-13
      13.0000      622.061  3.29379e-11      259.000  2.40215e-13
      13.0000      622.539  3.21041e-11      259.000  2.18943e-13
      13.0000      623.018  3.09282e-11      256.000  1.99697e-13
      13.0000      623.498  3.11072e-11      256.000  2.01433e-13
      13.0000      623.978  3.10015e-11      256.000  2.02446e-13
      13.0000      624.458  3.13132e-11      256.000  2.26467e-13
      13.0000      624.938  3.06020e-11      256.000  1.90001e-13
      13.0000      625.419  2.98546e-11      0.00000  2.14601e-13
      13.0000      625.901  2.91278e-11      0.00000  2.08813e-13
      13.0000      626.382  2.85869e-11      256.000  1.85370e-13
      13.0000      626.864  2.92551e-11      256.000  2.25165e-13
      13.0000      627.347  3.80411e-11      0.00000  2.38189e-13
      13.0000      627.830  4.75577e-11      0.00000  2.20390e-13
      13.0000      628.312  3.83507e-11      0.00000  1.88409e-13
      13.0000      628.796  2.99781e-11      0.00000  1.76109e-13
      13.0000      629.280  2.82694e-11      0.00000  1.74373e-13
      13.0000      629.764  2.75434e-11      0.00000  1.69453e-13
      13.0000      630.249  2.78011e-11      0.00000  1.66993e-13
      13.0000      630.734  2.90026e-11      0.00000  1.64533e-13
      13.0000      631.219  3.00975e-11      0.00000  1.63086e-13
      13.0000      631.705  3.02982e-11      0.00000  1.60047e-13
      13.0000      632.191  3.07093e-11      0.00000  2.19232e-13
      13.0000      632.678  3.33696e-11      0.00000  2.75089e-13
      13.0000      633.164  3.43080e-11      0.00000  2.29506e-13
      13.0000      633.652  3.27441e-11      0.00000  1.94776e-13
      13.0000      634.139  3.07751e-11      0.00000  1.68729e-13
      13.0000      634.627  2.81750e-11      0.00000  2.00565e-13
      13.0000      635.115  2.58402e-11      256.000  1.59323e-13
      13.0000      635.604  2.42391e-11      256.000  1.42826e-13
      13.0000      636.094  2.34401e-11      0.00000  1.33131e-13
      13.0000      636.583  2.24704e-11      0.00000  1.31684e-13
      13.0000      637.073  2.14878e-11      0.00000  1.26764e-13
      13.0000      637.563  2.12231e-11      256.000  1.35302e-13
      13.0000      638.054  2.07803e-11      256.000  1.38775e-13
      13.0000      638.545  2.11236e-11      0.00000  1.43405e-13
      13.0000      639.036  2.12582e-11      0.00000  1.40656e-13
      13.0000      639.528  2.14672e-11      2.00000  2.02012e-13
      13.0000      640.020  2.17782e-11      258.000  2.39202e-13
      13.0000      640.512  1.93750e-11      256.000  1.48470e-13
      13.0000      641.005  1.84469e-11      256.000  1.46589e-13
      13.0000      641.499  1.87286e-11      0.00000  1.40511e-13
      13.0000      641.992  1.88596e-11      2.00000  1.41524e-13
      13.0000      642.486  1.82426e-11      2.00000  1.34868e-13
      13.0000      642.981  1.80707e-11      2.00000  1.47891e-13
      13.0000      643.475  1.78130e-11      1.00000  1.73070e-13
      13.0000      643.971  1.75752e-11      1.00000  1.72636e-13
      13.0000      644.466  1.79392e-11      1.00000  1.68150e-13
      13.0000      644.962  1.69848e-11      0.00000  1.56863e-13
      13.0000      645.459  1.66499e-11      0.00000  1.60915e-13
      13.0000      645.955  1.68691e-11      0.00000  1.92316e-13
      13.0000      646.452  1.66125e-11      0.00000  1.81029e-13
      13.0000      646.950  1.64033e-11      0.00000  1.89567e-13
      13.0000      647.447  1.63621e-11      0.00000  1.72781e-13
      13.0000      647.946  1.55887e-11      0.00000  1.81463e-13
      13.0000      648.445  1.59284e-11      0.00000  3.73490e-13
      13.0000      648.943  1.59801e-11      0.00000  3.04899e-13
      13.0000      649.443  1.56152e-11      0.00000  1.96947e-13
      13.0000      649.942  1.52302e-11      0.00000  1.63664e-13
      13.0000      650.442  1.53594e-11      0.00000  1.64533e-13
      13.0000      650.943  1.48844e-11      0.00000  1.55561e-13
      13.0000      651.444  1.42280e-11      1.00000  2.56133e-13
      13.0000      651.945  1.41018e-11      1.00000  3.05478e-13
      13.0000      652.447  1.39727e-11      0.00000  3.28486e-13
      13.0000      652.949  1.41432e-11      256.000  2.54685e-13
      14.0000      652.949  1.51855e-11      256.000  5.95472e-13
      13.0000      653.452  1.41512e-11      256.000  1.45142e-13
      14.0000      653.452  1.54789e-11      256.000  3.57428e-13
      13.0000      653.955  1.37494e-11     -15616.0          NaN
      14.0000      653.955  1.49195e-11      256.000  4.62920e-13
      13.0000      654.458  1.38592e-11     -15872.0          NaN
      14.0000      654.458  1.46377e-11      256.000  3.71754e-13
      13.0000      654.961  1.39644e-11      0.00000  1.61783e-13
      14.0000      654.961  1.46187e-11      256.000  3.96933e-13
      13.0000      655.465  1.37196e-11      0.00000  1.77556e-13
      14.0000      655.465  1.48853e-11      256.000  4.28913e-13
      13.0000      655.970  1.37345e-11      256.000  1.52088e-13
      14.0000      655.970  1.38013e-11      256.000  4.15311e-13
      13.0000      656.475  1.31582e-11      256.000  1.46155e-13
      14.0000      656.475  1.41117e-11      256.000  3.64229e-13
      13.0000      656.980  1.29166e-11      256.000  1.80016e-13
      14.0000      656.980  1.42447e-11      256.000  3.12424e-13
      14.0000      657.485  1.43312e-11      256.000  3.07793e-13
      14.0000      657.991  1.42439e-11      256.000  3.45851e-13
      14.0000      658.497  1.43525e-11      256.000  3.74938e-13
      14.0000      659.004  1.41713e-11      256.000  7.49296e-13
      14.0000      659.511  1.46903e-11      256.000  2.97085e-13
      14.0000      660.019  1.29980e-11      257.000  4.26453e-13
      14.0000      660.527  1.26838e-11      257.000  3.55113e-13
      14.0000      661.035  1.48874e-11      256.000  3.16042e-13
      14.0000      661.544  1.36844e-11      256.000  4.48015e-13
      14.0000      662.053  1.37242e-11      256.000  2.95782e-13
      14.0000      662.562  1.30573e-11      256.000  2.85942e-13
      14.0000      663.072  1.33545e-11      256.000  3.44838e-13
      14.0000      663.582  1.31263e-11      256.000  2.38478e-13
      14.0000      664.093  1.29691e-11      256.000  2.26033e-13
      14.0000      664.604  1.25046e-11      256.000  2.81891e-13
      14.0000      665.116  1.26070e-11      256.000  2.27625e-13
      14.0000      665.627  1.27670e-11      256.000  2.35150e-13
      14.0000      666.140  1.28588e-11      256.000  2.54541e-13
      14.0000      666.652  1.38431e-11      256.000  2.39781e-13
      14.0000      667.165  1.88748e-11      0.00000  3.10253e-13
      14.0000      667.678  2.17123e-11      258.000  2.67564e-13
      14.0000      668.192  1.55587e-11      258.000  2.06932e-13
      14.0000      668.707  1.28222e-11      0.00000  1.81174e-13
      14.0000      669.221  1.19882e-11      256.000  1.89133e-13
      14.0000      669.736  1.29404e-11      256.000  1.85660e-13
      14.0000      670.252  1.36237e-11      256.000  1.72057e-13
      14.0000      670.767  1.25286e-11      0.00000  2.71761e-13
      14.0000      671.283  1.15993e-11      0.00000  4.62052e-13
      14.0000      671.800  1.11757e-11      0.00000  1.45576e-13
      14.0000      672.317  1.18190e-11      256.000  1.49917e-13
      14.0000      672.834  1.24233e-11      256.000  1.58310e-13
      14.0000      673.352  1.19359e-11      256.000  1.57731e-13
      14.0000      673.870  1.21758e-11      0.00000  1.93474e-13
      14.0000      674.389  1.43328e-11      0.00000  1.94342e-13
      14.0000      674.908  1.72563e-11      256.000  1.61928e-13
      14.0000      675.427  1.41553e-11      259.000  1.41235e-13
      14.0000      675.947  1.07535e-11      259.000  1.47891e-13
      14.0000      676.467  1.14588e-11      0.00000  1.52811e-13
      14.0000      676.988  1.36981e-11      0.00000  1.56429e-13
      14.0000      677.509  1.51784e-11      0.00000  2.04327e-13
      14.0000      678.030  1.26246e-11      1.00000  1.47168e-13
      14.0000      678.552  1.15651e-11      1.00000  1.37472e-13
      14.0000      679.074  1.83303e-11      0.00000  1.30092e-13
      14.0000      679.597  2.73563e-11      0.00000  1.36604e-13
      14.0000      680.119  2.13920e-11      0.00000  1.32842e-13
      14.0000      680.643  1.27182e-11      0.00000  1.35736e-13
      14.0000      681.166  1.33176e-11      0.00000  1.47168e-13
      14.0000      681.691  1.85533e-11      0.00000  1.36459e-13
      14.0000      682.215  1.93478e-11      256.000  1.31539e-13
      14.0000      682.740  1.05995e-11      256.000  1.25606e-13
      14.0000      683.266  9.61422e-12     -15872.0          NaN
      14.0000      683.792  2.66921e-11     -15872.0          NaN
      14.0000      684.318  5.10656e-11      0.00000  1.69742e-13
      14.0000      684.844  3.13604e-11     -15872.0          NaN
      14.0000      685.371  1.06433e-11     -15870.0          NaN
      14.0000      685.899  1.36591e-11      2.00000  1.31539e-13
      14.0000      686.427  2.95937e-11     -15871.0          NaN
      14.0000      686.955  3.44146e-11     -15869.0          NaN
      14.0000      687.484  1.28951e-11      2.00000  2.29940e-13
      14.0000      688.012  1.28293e-11      0.00000  1.78425e-13
      14.0000      688.542  4.65824e-11      0.00000  1.74083e-13
      14.0000      689.072  1.12970e-10     -15872.0          NaN
      14.0000      689.602  4.30798e-11     -15616.0          NaN
      14.0000      690.133  1.40599e-11     -15616.0          NaN
      14.0000      690.664  1.76284e-11     -15616.0          NaN
      14.0000      691.195  6.19081e-11      256.000  2.00131e-13
      14.0000      691.727  5.26666e-11      256.000  1.92172e-13
      14.0000      692.260  1.36587e-11      2.00000  1.59034e-13
      14.0000      692.792  1.25644e-11      2.00000  1.33131e-13
      14.0000      693.326  8.45902e-11      0.00000  2.25599e-13
      14.0000      693.859  1.44733e-10      8.00000  2.69880e-13
      14.0000      694.393  4.47038e-11      8.00000  2.10260e-13
      14.0000      694.927  1.50192e-11      256.000  1.48615e-13
      14.0000      695.462  3.82438e-11      258.000  1.64677e-13
      14.0000      695.997  9.65769e-11      2.00000  2.04761e-13
      14.0000      696.533  5.68756e-11      0.00000  1.51075e-13
      14.0000      697.069  3.61954e-11      1.00000  1.82766e-13
      14.0000      697.605  4.09832e-11      1.00000  1.96513e-13
      14.0000      698.142  1.74404e-10      256.000  2.25455e-13
      14.0000      698.679  1.50037e-10      256.000  2.19522e-13
      15.0000      698.679  1.39085e-10      257.000  1.63274e-12
      14.0000      699.217  5.08807e-11      256.000  1.70900e-13
      15.0000      699.217  4.28958e-11      1.00000  8.15717e-13
      14.0000      699.755  2.21368e-11      0.00000  1.55416e-13
      15.0000      699.755  2.26266e-11      0.00000  6.20072e-13
      14.0000      700.293  7.78023e-11      0.00000  1.81029e-13
      15.0000      700.293  8.26705e-11      256.000  6.31215e-13
      14.0000      700.832  1.25274e-10      256.000  2.14601e-13
      15.0000      700.832  1.33031e-10      258.000  6.06470e-13
      14.0000      701.371  7.21769e-11      256.000  1.79003e-13
      15.0000      701.371  6.64118e-11      2.00000  5.99524e-13
      14.0000      701.911  1.98007e-11      256.000  1.38196e-13
      15.0000      701.911  2.36668e-11      0.00000  6.31794e-13
      14.0000      702.451  7.19805e-11      8.00000  1.78569e-13
      15.0000      702.451  8.36082e-11      0.00000  1.32465e-12
      14.0000      702.992  2.01631e-10      10.0000  3.06491e-13
      15.0000      702.992  2.76400e-10      2.00000  7.01977e-13
      14.0000      703.533  1.68400e-10      2.00000  2.96506e-13
      15.0000      703.533  1.72142e-10      2.00000  5.84908e-13
      14.0000      704.074  2.81239e-11      1.00000  1.70610e-13
      15.0000      704.074  4.37104e-11      2.00000  4.75654e-13
      14.0000      704.616  3.02314e-11      1.00000  1.59902e-13
      15.0000      704.616  3.45693e-11      258.000  4.34991e-13
      14.0000      705.158  1.23617e-10      0.00000  2.83627e-13
      15.0000      705.158  1.59259e-10      256.000  6.10811e-13
      14.0000      705.701  1.73037e-10      1.00000  3.93894e-13
      15.0000      705.701  1.69308e-10      256.000  5.88381e-13
      14.0000      706.244  3.44209e-11      257.000  4.02721e-13
      15.0000      706.244  4.02219e-11      256.000  4.78838e-13
      15.0000      706.788  2.53581e-11      256.000  6.15586e-13
      15.0000      707.332  1.05989e-10      256.000  5.97932e-13
      15.0000      707.876  2.65502e-10      256.000  6.39608e-13
      15.0000      708.421  9.56973e-11      0.00000  4.24717e-13
      15.0000      708.965  2.93569e-11      0.00000  3.55836e-13
      15.0000      709.511  6.17579e-11      0.00000  3.65966e-13
      15.0000      710.057  1.57330e-10     -15872.0          NaN
      15.0000      710.604  1.10260e-10     -15872.0          NaN
      15.0000      711.151  2.81026e-11      0.00000  2.46727e-13
      15.0000      711.698  5.59860e-11      0.00000  2.76536e-13
      15.0000      712.245  1.74728e-10      8.00000  3.62059e-13
      15.0000      712.793  2.22280e-10      8.00000  4.16179e-13
      15.0000      713.342  5.84844e-11      0.00000  2.89126e-13
      15.0000      713.891  3.93750e-11      0.00000  2.35150e-13
      15.0000      714.440  1.05902e-10      0.00000  2.54541e-13
      15.0000      714.990  1.66054e-10      256.000  3.12569e-13
      15.0000      715.540  8.73573e-11      256.000  2.61776e-13
      15.0000      716.091  3.95142e-11      0.00000  2.07945e-13
      15.0000      716.642  1.16918e-10      0.00000  2.37899e-13
      15.0000      717.193  2.38827e-10      256.000  3.21685e-13
      15.0000      717.745  1.77372e-10      256.000  2.99111e-13
      15.0000      718.297  3.83837e-11      0.00000  1.86239e-13
      15.0000      718.850  6.30825e-11      0.00000  2.12720e-13
      15.0000      719.403  1.46576e-10      0.00000  2.41662e-13
      15.0000      719.957  1.38415e-10      0.00000  2.49187e-13
      15.0000      720.511  3.99977e-11      0.00000  2.10984e-13
      15.0000      721.066  5.11052e-11     -15872.0          NaN
      15.0000      721.620  1.64272e-10     -15872.0          NaN
      15.0000      722.175  2.02179e-10      0.00000  2.55264e-13
      15.0000      722.731  9.08748e-11      0.00000  2.22126e-13
      15.0000      723.288  5.06723e-11      0.00000  2.11997e-13
      15.0000      723.844  7.75079e-11      0.00000  2.20100e-13
      15.0000      724.401  9.71116e-11      257.000  2.15470e-13
      15.0000      724.959  5.28010e-11      257.000  1.64533e-13
      15.0000      725.517  1.50277e-11      256.000  1.88844e-13
      15.0000      726.075  1.10725e-11      256.000  2.18219e-13
      15.0000      726.634  1.38369e-11      0.00000  1.57153e-13
      15.0000      727.193  2.99684e-11      256.000  1.83200e-13
      15.0000      727.752  1.76102e-10      256.000  2.17061e-13
      15.0000      728.312  6.36314e-10      28.0000  4.07641e-13
      15.0000      728.873  1.77747e-09      28.0000  1.42798e-12
      15.0000      729.434  2.57826e-09      284.000  2.22257e-12
      15.0000      729.995  1.62421e-09      286.000  1.19905e-12
      15.0000      730.557  6.56447e-10      286.000  4.22980e-13
      15.0000      731.119  3.24582e-10     -15608.0          NaN
      15.0000      731.681  2.07229e-10     -15608.0          NaN
      15.0000      732.245  6.03038e-11      256.000  1.86673e-13
      15.0000      732.808  5.96936e-11      0.00000  2.06498e-13
      15.0000      733.372  1.50069e-10      8.00000  1.94632e-13
      15.0000      733.936  2.27996e-10      264.000  2.66262e-13
      15.0000      734.501  8.11720e-11      256.000  2.21113e-13
      15.0000      735.067  6.62343e-11      0.00000  2.41083e-13
      15.0000      735.632  1.36384e-10      0.00000  2.38333e-13
      15.0000      736.198  2.18976e-10      0.00000  2.99545e-13
      15.0000      736.764  9.15701e-11      2.00000  2.51936e-13
      15.0000      737.332  5.39028e-11      2.00000  2.44701e-13
      15.0000      737.899  1.14378e-10      264.000  2.42530e-13
      15.0000      738.467  2.79083e-10      264.000  4.05616e-13
      15.0000      739.035  1.07318e-10      256.000  2.60763e-13
      15.0000      739.604  4.69844e-11      256.000  1.91882e-13
      15.0000      740.173  5.90043e-11      8.00000  2.00565e-13
      15.0000      740.742  1.86338e-10      8.00000  2.88113e-13
      15.0000      741.312  8.66291e-11      8.00000  2.27336e-13
      15.0000      741.883  4.36028e-11      0.00000  2.09971e-13
      15.0000      742.454  5.80687e-11      0.00000  2.09537e-13
      15.0000      743.025  2.28686e-10      8.00000  3.65532e-13
      15.0000      743.597  1.32547e-10      8.00000  2.88981e-13
      15.0000      744.169  5.35736e-11      0.00000  1.63954e-13
      15.0000      744.742  4.79573e-11      256.000  1.51654e-13
      16.0000      744.742  4.49455e-11      256.000  1.20874e-12
      15.0000      745.315  1.43697e-10     -15608.0          NaN
      16.0000      745.315  1.48308e-10      256.000  1.16229e-12
      15.0000      745.888  1.07182e-10     -15864.0          NaN
      16.0000      745.888  1.16377e-10      256.000  9.89511e-13
      15.0000      746.463  5.08637e-11      0.00000  1.46155e-13
      16.0000      746.463  5.05234e-11      256.000  8.95596e-13
      15.0000      747.037  5.80493e-11      0.00000  1.56140e-13
      16.0000      747.037  6.95229e-11      256.000  7.86920e-13
      15.0000      747.612  1.85759e-10      0.00000  2.58014e-13
      16.0000      747.612  1.87721e-10      256.000  9.42915e-13
      15.0000      748.187  1.73794e-10      0.00000  2.39781e-13
      16.0000      748.187  1.85836e-10      256.000  7.77225e-13
      15.0000      748.763  7.06347e-11      256.000  1.63664e-13
      16.0000      748.763  5.78383e-11      256.000  5.62623e-13
      15.0000      749.339  5.95267e-11      256.000  1.45721e-13
      16.0000      749.339  5.22259e-11      256.000  5.16606e-13
      15.0000      749.916  1.31618e-10      264.000  1.84213e-13
      16.0000      749.916  1.23549e-10      256.000  5.77818e-13
      15.0000      750.493  1.44889e-10      264.000  2.18943e-13
      16.0000      750.493  1.33627e-10      256.000  6.06904e-13
      15.0000      751.070  5.15898e-11      0.00000  1.97815e-13
      16.0000      751.070  4.91592e-11      256.000  4.76812e-13
      15.0000      751.649  5.44368e-11      256.000  2.38478e-13
      16.0000      751.649  4.77699e-11      256.000  5.41641e-13
      15.0000      752.227  1.52197e-10      264.000  2.75523e-13
      16.0000      752.227  1.58892e-10      256.000  6.35556e-13
      15.0000      752.806  2.03978e-10      8.00000  2.95059e-13
      16.0000      752.806  1.70955e-10      256.000  4.82455e-13
      15.0000      753.385  5.34678e-11      0.00000  1.88409e-13
      16.0000      753.385  6.33941e-11     -15616.0          NaN
      15.0000      753.965  2.59551e-11      0.00000  1.53245e-13
      16.0000      753.965  3.07404e-11     -15616.0          NaN
      15.0000      754.545  8.57305e-11      0.00000  2.48318e-13
      16.0000      754.545  9.28981e-11     -15616.0  3.77253e-13
      15.0000      755.126  1.22003e-10      0.00000  3.30078e-13
      16.0000      755.126  1.02990e-10      256.000  3.51350e-13
      15.0000      755.707  3.32962e-11      0.00000  1.82910e-13
      16.0000      755.707  4.60528e-11      256.000  2.99545e-13
      16.0000      756.288  2.85107e-11      256.000  3.40063e-13
      16.0000      756.870  1.21334e-10      256.000  3.71465e-13
      16.0000      757.452  1.37228e-10      256.000  4.82889e-13
      16.0000      758.035  5.22852e-11      256.000  3.11266e-13
      16.0000      758.619  2.15623e-11      256.000  3.44115e-13
      16.0000      759.202  6.88691e-11     -15616.0          NaN
      16.0000      759.787  8.39599e-11     -15616.0          NaN
      16.0000      760.371  3.19253e-11      256.000  2.46582e-13
      16.0000      760.956  1.73901e-11      258.000  3.57862e-13
      16.0000      761.542  9.57247e-11      258.000  3.75661e-13
      16.0000      762.128  1.06836e-10      257.000  3.02150e-13
      16.0000      762.715  3.03805e-11      257.000  2.46871e-13
      16.0000      763.302  1.41221e-11      257.000  2.26902e-13
      16.0000      763.889  5.10749e-11      256.000  3.24724e-13
      16.0000      764.477  6.71838e-11      256.000  2.98677e-13
      16.0000      765.065  1.87209e-11      256.000  1.94053e-13
      16.0000      765.654  1.19584e-11      256.000  1.92461e-13
      16.0000      766.243  7.23982e-11      256.000  2.96940e-13
      16.0000      766.832  9.57587e-11      256.000  3.82752e-13
      16.0000      767.423  2.01408e-11      256.000  4.63065e-13
      16.0000      768.013  9.72287e-12      256.000  4.77391e-13
      16.0000      768.604  3.24030e-11      256.000  2.81167e-13
      16.0000      769.196  3.90115e-11      256.000  2.07366e-13
      16.0000      769.787  1.05689e-11      256.000  1.77990e-13
      16.0000      770.380  9.99970e-12      256.000  2.35005e-13
      16.0000      770.973  4.81605e-11      256.000  1.97960e-13
      16.0000      771.566  5.50247e-11      256.000  2.13444e-13
      16.0000      772.160  1.17881e-11      256.000  1.70466e-13
      16.0000      772.754  2.96394e-12      258.000  2.62500e-13
      16.0000      773.349  1.82797e-11      258.000  1.63809e-13
      16.0000      773.944  1.79760e-11      256.000  1.56574e-13
      16.0000      774.539  6.13950e-12      256.000  3.89698e-13
      16.0000      775.135  7.78693e-12      1.00000  1.68295e-13
      16.0000      775.732  2.99707e-11      257.000  3.68570e-13
      16.0000      776.329  2.42106e-11      256.000  1.56284e-13
      16.0000      776.927  7.10649e-12      258.000  1.23580e-13
      16.0000      777.524  7.21775e-12      258.000  1.40077e-13
      16.0000      778.122  1.10573e-11      258.000  1.40077e-13
      16.0000      778.721  7.36356e-12      0.00000  1.22133e-13
      16.0000      779.321  3.72983e-12      0.00000  1.16345e-13
      16.0000      779.920  3.88324e-12      256.000  1.28066e-13
      16.0000      780.520  1.43105e-11      256.000  1.33565e-13
      16.0000      781.121  8.77308e-12      256.000  1.86239e-13
      16.0000      781.722  4.49685e-12     -15616.0          NaN
      16.0000      782.324  4.45060e-12     -15616.0          NaN
      16.0000      782.926  6.23658e-12      258.000  1.09544e-13
      16.0000      783.528  4.56391e-12      2.00000  1.04334e-13
      16.0000      784.131  3.88982e-12      256.000  9.84012e-14
      16.0000      784.735  5.39060e-12      258.000  1.15477e-13
      16.0000      785.339  7.25989e-12     -15870.0          NaN
      16.0000      785.943  5.16694e-12     -15616.0          NaN
      16.0000      786.548  4.04289e-12      256.000  1.02453e-13
      16.0000      787.153  4.52299e-12      256.000  9.66647e-14
      16.0000      787.758  4.47642e-12      256.000  9.97036e-14
      16.0000      788.365  4.01762e-12      256.000  9.52176e-14
      16.0000      788.971  4.08453e-12      256.000  1.07518e-13
      16.0000      789.579  4.89669e-12      0.00000  1.04913e-13
      16.0000      790.186  5.19781e-12      0.00000  9.75330e-14
      16.0000      790.794  4.90425e-12      0.00000  9.89800e-14
      16.0000      791.403  4.83527e-12      256.000  1.10701e-13
      16.0000      792.011  4.91134e-12     -15616.0          NaN
      16.0000      792.621  4.78665e-12     -15872.0          NaN
      16.0000      793.231  4.87565e-12      0.00000  1.01440e-13
      17.0000      793.231  7.34102e-12     -15616.0          NaN
      16.0000      793.842  4.93278e-12      1.00000  1.20397e-13
      17.0000      793.842  6.51527e-12      256.000  5.83317e-13
      16.0000      794.452  5.00395e-12      257.000  1.28645e-13
      17.0000      794.452  7.26366e-12     -15616.0  5.93880e-13
      16.0000      795.064  5.56058e-12      257.000  1.13740e-13
      17.0000      795.064  8.35058e-12     -15616.0  1.21222e-12
      16.0000      795.675  5.40228e-12      1.00000  1.23146e-13
      17.0000      795.675  7.22466e-12      256.000  9.05870e-13
      16.0000      796.288  5.23624e-12     -15871.0          NaN
      17.0000      796.288  7.29377e-12      256.000  5.58282e-13
      16.0000      796.900  6.01540e-12     -15871.0          NaN
      17.0000      796.900  7.54343e-12     -15616.0  5.69135e-13
      16.0000      797.514  5.70590e-12      0.00000  1.76109e-13
      17.0000      797.514  7.40343e-12     -15616.0  5.20658e-13
      16.0000      798.128  5.93789e-12      0.00000  1.58165e-13
      17.0000      798.128  7.15391e-12      256.000  7.25709e-13
      16.0000      798.742  7.00538e-12      256.000  3.34854e-13
      17.0000      798.742  7.47364e-12      256.000  4.61473e-13
      16.0000      799.357  6.44148e-12      256.000  3.58296e-13
      17.0000      799.357  8.56623e-12      256.000  4.30650e-13
      16.0000      799.972  5.82754e-12      256.000  1.51220e-13
      17.0000      799.972  7.21353e-12      256.000  3.35577e-13
      16.0000      800.587  5.99490e-12      0.00000  1.37906e-13
      17.0000      800.587  7.10658e-12      256.000  6.87361e-13
      16.0000      801.203  6.26546e-12      0.00000  1.44418e-13
      17.0000      801.203  8.78168e-12      256.000  5.99234e-13
      16.0000      801.820  6.39509e-12      0.00000  1.27198e-13
      17.0000      801.820  7.89952e-12      256.000  4.85349e-13
      16.0000      802.437  6.60188e-12      0.00000  1.18226e-13
      17.0000      802.437  7.89846e-12      0.00000  3.88540e-13
      16.0000      803.054  6.27921e-12      0.00000  1.27922e-13
      17.0000      803.054  7.14953e-12      0.00000  5.56980e-13
      16.0000      803.672 -7.08393e-12      3.00000  2.12286e-13
      17.0000      803.672  9.94653e-12      0.00000  4.05181e-13
      16.0000      804.291 -4.85799e-12      3.00000  1.80161e-13
      17.0000      804.291  8.91434e-12      0.00000  3.85356e-13
      16.0000      804.910  6.28050e-12      0.00000  1.29513e-13
      17.0000      804.910  8.30178e-12      0.00000  3.52363e-13
      16.0000      805.529  6.55118e-12      256.000  1.27777e-13
      17.0000      805.529  9.00622e-12      0.00000  4.62052e-13
      17.0000      806.149  9.76713e-12      0.00000  2.96361e-13
      17.0000      806.769  1.04046e-11      0.00000  4.04313e-13
      17.0000      807.390  8.47309e-12      0.00000  3.11700e-13
      17.0000      808.012  8.33505e-12      0.00000  3.90711e-13
      17.0000      808.633  1.10018e-11      0.00000  2.47161e-13
      17.0000      809.255  1.31073e-11      0.00000  2.46437e-13
      17.0000      809.878  9.00634e-12      0.00000  2.36742e-13
      17.0000      810.501  8.28152e-12      0.00000  2.93322e-13
      17.0000      811.125  8.92607e-12     -15872.0          NaN
      17.0000      811.750  1.11132e-11     -15872.0          NaN
      17.0000      812.374  8.58122e-12     -15872.0          NaN
      17.0000      812.999  8.05477e-12     -15872.0          NaN
      17.0000      813.625  2.15311e-11      256.000  1.86962e-13
      17.0000      814.251  4.06202e-11      256.000  2.10694e-13
      17.0000      814.878  2.81954e-11      256.000  2.30085e-13
      17.0000      815.504  9.71170e-12      256.000  1.98394e-13
      17.0000      816.132  1.12505e-11      256.000  2.06643e-13
      17.0000      816.760  1.40770e-11      256.000  1.78135e-13
      17.0000      817.389  1.22750e-11      256.000  2.16917e-13
      17.0000      818.017  7.26171e-12      256.000  2.05919e-13
      17.0000      818.647  8.64710e-12      0.00000  1.36315e-13
      17.0000      819.277  1.40403e-11      256.000  1.39064e-13
      17.0000      819.907  1.32569e-11      256.000  1.72781e-13
      17.0000      820.538  6.75066e-12      256.000  1.89422e-13
      17.0000      821.170  8.04937e-12      256.000  1.11859e-13
      17.0000      821.802  1.30566e-11     -15614.0          NaN
      17.0000      822.434  1.64894e-11     -15869.0          NaN
      17.0000      823.067  1.11582e-11      257.000  1.37328e-13
      17.0000      823.700  8.07175e-12      257.000  1.18805e-13
      17.0000      824.334  1.31861e-11      256.000  1.19529e-13
      17.0000      824.969  1.50905e-11      256.000  1.18226e-13
      17.0000      825.604  6.29954e-12      256.000  1.34144e-13
      17.0000      826.239  3.53558e-12      256.000  1.44708e-13
      17.0000      826.875  7.26568e-12      256.000  1.08386e-13
      17.0000      827.511  1.43460e-11      256.000  1.23146e-13
      17.0000      828.148  9.39504e-12      256.000  1.44563e-13
      17.0000      828.785  6.32256e-12      256.000  1.42826e-13
      17.0000      829.423  7.83929e-12      256.000  1.12438e-13
      17.0000      830.061  1.37413e-11      0.00000  1.33855e-13
      17.0000      830.700  9.76097e-12      0.00000  1.07807e-13
      17.0000      831.339  5.75888e-12      0.00000  1.31395e-13
      17.0000      831.979  6.32477e-12      0.00000  1.16490e-13
      17.0000      832.619  1.06078e-11      0.00000  1.23725e-13
      17.0000      833.260  8.54016e-12      256.000  1.16200e-13
      17.0000      833.901  5.31818e-12      256.000  1.23002e-13
      17.0000      834.543  4.50610e-12      256.000  1.36459e-13
      17.0000      835.185  9.35282e-12      258.000  1.36604e-13
      17.0000      835.828  9.15859e-12      2.00000  1.31539e-13
      17.0000      836.471  5.57892e-12      258.000  1.30382e-13
      17.0000      837.114  5.59057e-12      256.000  1.76109e-13
      17.0000      837.759  7.42269e-12      256.000  1.40366e-13
      17.0000      838.404  7.44958e-12      2.00000  1.10557e-13
      17.0000      839.049  6.05778e-12     -15614.0          NaN
      17.0000      839.694  5.79622e-12     -15616.0          NaN
      17.0000      840.340  6.29260e-12      0.00000  1.10701e-13
      17.0000      840.987  6.05311e-12      0.00000  1.10412e-13
      17.0000      841.634  5.43203e-12      0.00000  1.17647e-13
      17.0000      842.282  4.58085e-12      256.000  1.04624e-13
      17.0000      842.930  5.30780e-12      256.000  1.05058e-13
      18.0000      842.930  6.16004e-12      256.000  5.75502e-13
      17.0000      843.579  5.78725e-12      256.000  1.02742e-13
      18.0000      843.579  7.51832e-12      256.000  5.76515e-13
      17.0000      844.228  5.27752e-12      256.000  9.72435e-14
      18.0000      844.228  7.40728e-12      256.000  5.21092e-13
      17.0000      844.877  5.00454e-12      0.00000  1.30816e-13
      18.0000      844.877  3.16389e-12      256.000  5.91565e-13
      17.0000      845.528  5.50886e-12      257.000  1.60481e-13
      18.0000      845.528  5.33897e-12      256.000  6.97925e-13
      17.0000      846.178  5.38671e-12      257.000  1.33276e-13
      18.0000      846.178  6.74454e-12      256.000  5.42364e-13
      17.0000      846.830  5.10209e-12     -15616.0          NaN
      18.0000      846.830  6.61668e-12      256.000  3.77687e-13
      17.0000      847.481  5.13298e-12     -15872.0          NaN
      18.0000      847.481  6.98916e-12      256.000  4.65669e-13
      17.0000      848.133  4.73020e-12      0.00000  1.37038e-13
      18.0000      848.133  5.56553e-12      256.000  3.53521e-13
      17.0000      848.786  4.36338e-12      0.00000  1.01585e-13
      18.0000      848.786  6.95075e-12      256.000  3.80292e-13
      17.0000      849.439  3.97043e-12      256.000  1.10846e-13
      18.0000      849.439  8.44177e-12     -15616.0          NaN
      17.0000      850.093  4.64941e-12      256.000  1.43550e-13
      18.0000      850.093  9.79451e-12     -15616.0          NaN
      17.0000      850.747  4.22149e-12     -15872.0          NaN
      18.0000      850.747  8.08925e-12      256.000  4.25151e-13
      17.0000      851.401  4.29399e-12     -15616.0          NaN
      18.0000      851.401  7.42901e-12      256.000  8.86769e-13
      17.0000      852.057  3.80845e-12      256.000  1.51798e-13
      18.0000      852.057  7.36402e-12      256.000  1.01078e-12
      17.0000      852.713  4.07474e-12      256.000  1.54114e-13
      18.0000      852.713  7.52622e-12      256.000  4.79995e-13
      17.0000      853.368  3.28959e-12      1.00000  1.59323e-13
      18.0000      853.368  6.13129e-12      256.000  5.26157e-13
      17.0000      854.026  4.68367e-12      1.00000  1.95789e-13
      18.0000      854.026  6.83670e-12      256.000  4.61328e-13
      17.0000      854.683  2.82247e-12      257.000  1.50785e-13
      18.0000      854.683  6.65690e-12      0.00000  6.45830e-13
      18.0000      855.341  6.88637e-12     -15872.0          NaN
      18.0000      855.999  5.78682e-12     -15872.0          NaN
      18.0000      856.657  5.44688e-12      1.00000  2.99834e-13
      18.0000      857.316  5.14272e-12      1.00000  3.49324e-13
      18.0000      857.976 -1.28698e-12      2.00000  3.77108e-13
      18.0000      858.637  5.51615e-12      2.00000  2.77694e-13
      18.0000      859.297  5.09106e-12      256.000  2.36018e-13
      18.0000      859.958  4.81136e-12      256.000  2.61631e-13
      18.0000      860.620  4.69073e-12      0.00000  2.65249e-13
      18.0000      861.283  5.14350e-12      0.00000  2.59461e-13
      18.0000      861.945  5.02697e-12      0.00000  2.37176e-13
      18.0000      862.608  4.56936e-12      2.00000  2.41806e-13
      18.0000      863.272  4.53363e-12      2.00000  2.19377e-13
      18.0000      863.937  4.58892e-12      0.00000  3.43247e-13
      18.0000      864.602  4.71979e-12      0.00000  2.59316e-13
      18.0000      865.267  4.62123e-12      256.000  1.75096e-13
      18.0000      865.933  4.58913e-12      256.000  2.04327e-13
      18.0000      866.599  4.02220e-12      258.000  4.10391e-13
      18.0000      867.266  4.06033e-12      2.00000  1.53680e-13
      18.0000      867.934  4.69151e-12      0.00000  1.80740e-13
      18.0000      868.601  4.40847e-12      0.00000  1.89567e-13
      18.0000      869.270  4.42880e-12      256.000  1.65835e-13
      18.0000      869.938  4.35698e-12      256.000  1.75530e-13
      18.0000      870.608  4.53809e-12      256.000  1.62796e-13
      18.0000      871.277  4.16924e-12      256.000  1.51509e-13
      18.0000      871.948  4.20376e-12      256.000  1.45721e-13
      18.0000      872.619  1.41845e-12      256.000  1.34868e-13
      18.0000      873.291  1.14306e-12      256.000  1.66124e-13
      18.0000      873.962  1.17240e-12      256.000  1.72202e-13
      18.0000      874.635 -2.90804e-14      768.000  5.35418e-15
      18.0000      875.308  1.18027e-12      768.000  1.60625e-13
      18.0000      875.982 -1.31314e-14      768.000  6.22243e-15
      18.0000      876.656  1.36400e-12      256.000  1.74373e-13
      18.0000      877.331  1.02247e-12      256.000  1.82187e-13
      18.0000      878.005  1.47380e-12      256.000  1.58455e-13
      18.0000      878.681  1.65720e-12      256.000  1.42392e-13
      18.0000      879.357  1.28752e-12      2.00000  1.69597e-13
      18.0000      880.035  2.12915e-12      2.00000  1.69597e-13
      18.0000      880.711  2.04196e-12      256.000  1.32552e-13
      18.0000      881.389  1.81695e-12      256.000  1.75675e-13
      18.0000      882.068  1.79738e-12      256.000  1.13017e-13
      18.0000      882.747  1.63927e-12      256.000  1.13017e-13
      18.0000      883.426  2.06716e-12      256.000  1.31973e-13
      18.0000      884.105  2.07300e-12      256.000  1.04624e-13
      18.0000      884.786  1.72541e-12      256.000  1.11859e-13
      18.0000      885.467  1.88230e-12      256.000  1.19384e-13
      18.0000      886.148  2.03026e-12      256.000  1.17792e-13
      18.0000      886.830  2.07053e-12      256.000  1.00138e-13
      18.0000      887.512  1.99290e-12      0.00000  1.07952e-13
      18.0000      888.195  1.93260e-12      0.00000  1.04479e-13
      18.0000      888.879  2.15245e-12      0.00000  9.07317e-14
      18.0000      889.563  2.40545e-12      0.00000  8.56669e-14
      18.0000      890.248  2.12457e-12      0.00000  8.74034e-14
      18.0000      890.932  1.91092e-12      0.00000  1.07518e-13
      18.0000      891.618  2.19859e-12      0.00000  1.21844e-13
      18.0000      892.304  2.29500e-12      258.000  9.39153e-14
      19.0000      892.304 -2.09191e-12      257.000  1.02250e-12
      18.0000      892.991  2.21635e-12      258.000  9.43494e-14
      19.0000      892.991  7.20944e-13      256.000  1.06461e-12
      18.0000      893.678  2.15318e-12      0.00000  9.36259e-14
      19.0000      893.678  4.91142e-12      257.000  8.33227e-13
      18.0000      894.366  2.21168e-12      0.00000  1.06215e-13
      19.0000      894.366  1.80746e-12      257.000  8.22952e-13
      18.0000      895.054  2.26784e-12      0.00000  1.04045e-13
      19.0000      895.054  2.48145e-12      256.000  7.65648e-13
      18.0000      895.743  2.10905e-12      256.000  1.28935e-13
      19.0000      895.743  2.85890e-12      256.000  6.53645e-13
      18.0000      896.432  1.92392e-12      256.000  1.17213e-13
      19.0000      896.432  2.99013e-12      256.000  5.94893e-13
      18.0000      897.122  2.59093e-12      0.00000  1.30237e-13
      19.0000      897.122  1.82330e-12      256.000  5.48297e-13
      18.0000      897.812  2.32496e-12      0.00000  1.31250e-13
      19.0000      897.812  3.24704e-12      256.000  3.87238e-13
      18.0000      898.503  2.15896e-12      0.00000  1.18371e-13
      19.0000      898.503  2.95198e-12      256.000  3.83620e-13
      18.0000      899.194  1.40091e-12      0.00000  1.52232e-13
      19.0000      899.194  3.17317e-12      256.000  4.69866e-13
      18.0000      899.887  1.90037e-12      0.00000  2.08090e-13
      19.0000      899.887  2.35984e-11      258.000  7.52625e-13
      18.0000      900.579  2.24114e-12      0.00000  1.21265e-13
      19.0000      900.579  1.48277e-11      258.000  5.48008e-13
      18.0000      901.272  1.95804e-12      256.000  1.34289e-13
      19.0000      901.272  2.85855e-12      256.000  2.99111e-13
      18.0000      901.965  1.99820e-12      256.000  1.26619e-13
      19.0000      901.965  2.85157e-12      256.000  2.36163e-13
      18.0000      902.660  1.92851e-12      256.000  1.07228e-13
      19.0000      902.660  2.57398e-12      256.000  2.67420e-13
      18.0000      903.354  2.08623e-12      256.000  1.42248e-13
      19.0000      903.354  3.24962e-12      256.000  5.60163e-13
      18.0000      904.050  1.66422e-12      0.00000  1.43405e-13
      19.0000      904.050  3.68735e-12      258.000  4.99241e-13
      18.0000      904.745  1.27896e-12      0.00000  1.21699e-13
      19.0000      904.745  3.50186e-12      258.000  2.77405e-13
      19.0000      905.441  4.33514e-12      0.00000  4.76812e-13
      19.0000      906.138  4.84344e-12      0.00000  3.76529e-13
      19.0000      906.835  4.02170e-12      0.00000  2.85219e-13
      19.0000      907.533  6.00806e-12      0.00000  2.47884e-13
      19.0000      908.231  3.00064e-12      258.000  2.45424e-13
      19.0000      908.931  8.71214e-12      258.000  4.81153e-13
      19.0000      909.630  4.44560e-12      2.00000  4.73194e-13
      19.0000      910.330  2.69716e-12      0.00000  5.51481e-13
      19.0000      911.031  3.46773e-12      0.00000  3.71609e-13
      19.0000      911.732  3.81296e-12      0.00000  2.26033e-13
      19.0000      912.433  3.61062e-12      0.00000  1.69163e-13
      19.0000      913.135  4.13463e-12      0.00000  1.83489e-13
      19.0000      913.838  3.78593e-12      512.000  2.52949e-13
      19.0000      914.541  3.45458e-12      768.000  1.85949e-13
      19.0000      915.245  4.40518e-12      258.000  1.52667e-13
      19.0000      915.949  3.33083e-12      258.000  1.41813e-13
      19.0000      916.654  3.98577e-12      256.000  1.53680e-13
      19.0000      917.360  4.06013e-12      2.00000  1.48615e-13
      19.0000      918.065  3.46995e-12      258.000  1.46878e-13
      19.0000      918.771  3.44998e-12      256.000  1.44418e-13
      19.0000      919.479  3.31153e-12      256.000  1.68006e-13
      19.0000      920.187  1.31442e-12      256.000  1.86094e-13
      19.0000      920.894  3.45214e-13      256.000  1.53535e-13
      19.0000      921.603  1.83464e-13      256.000  1.40945e-13
      19.0000      922.313  6.78419e-13      256.000  1.09399e-13
      19.0000      923.022  1.15829e-12      258.000  8.71140e-14
      19.0000      923.732  6.85860e-13      258.000  1.00427e-13
      19.0000      924.443  1.04207e-13      256.000  6.64208e-14
      19.0000      925.155 -8.75133e-15      256.000  7.64056e-14
      19.0000      925.867 -1.34510e-14      256.000  1.03611e-13
      19.0000      926.579 -1.32888e-14      256.000  1.16779e-13
      19.0000      927.292 -1.26404e-13      770.000  1.19239e-13
      19.0000      928.005 -1.37909e-13      770.000  1.63664e-13
      19.0000      928.720  1.46820e-13      256.000  1.76977e-13
      19.0000      929.435  4.65736e-13      0.00000  1.08675e-13
      19.0000      930.149  4.71889e-13      0.00000  1.08675e-13
      19.0000      930.866  3.68983e-13      0.00000  9.46388e-14
      19.0000      931.582  5.11904e-13      0.00000  1.03900e-13
      19.0000      932.298  6.04588e-13      256.000  1.00861e-13
      19.0000      933.016  3.24248e-13      256.000  1.25172e-13
      19.0000      933.734  1.50050e-13      0.00000  9.34811e-14
      19.0000      934.453  4.05422e-13      0.00000  1.09688e-13
      19.0000      935.172  2.94584e-13      0.00000  9.99930e-14
      19.0000      935.891  2.20531e-13      0.00000  9.31917e-14
      19.0000      936.611  4.09298e-13      0.00000  1.32842e-13
      19.0000      937.332  9.06896e-13      0.00000  1.28935e-13
      19.0000      938.054  1.64477e-12      256.000  1.16634e-13
      19.0000      938.775  5.29673e-13      256.000  1.03321e-13
      19.0000      939.498  6.62530e-13      256.000  1.25606e-13
      19.0000      940.221  8.54037e-13      256.000  1.07662e-13
      19.0000      940.944  5.43590e-13      0.00000  9.91247e-14
      19.0000      941.668  6.69638e-13      0.00000  1.17647e-13
      20.0000      941.668  2.93973e-12      256.000  6.52631e-13
      19.0000      942.393  7.72676e-13      0.00000  1.22857e-13
      20.0000      942.393  2.63040e-12      256.000  5.62479e-13
      19.0000      943.118  6.80479e-13      2.00000  1.02164e-13
      20.0000      943.118  1.88914e-12      256.000  6.78534e-13
      19.0000      943.844  3.83657e-13      2.00000  1.13306e-13
      20.0000      943.844  1.36370e-12     -15616.0          NaN
      19.0000      944.570  1.98469e-13      0.00000  1.32552e-13
      20.0000      944.570  1.17445e-12     -15615.0          NaN
      19.0000      945.298  3.36016e-13      0.00000  1.00427e-13
      20.0000      945.298  1.19096e-12      1.00000  5.11831e-13
      19.0000      946.025  6.27473e-13     -15870.0          NaN
      20.0000      946.025 -1.07579e-11      1.00000  5.40338e-13
      19.0000      946.753  7.12845e-13     -15870.0          NaN
      20.0000      946.753 -5.73727e-12      1.00000  6.20941e-13
      19.0000      947.481  6.22761e-13      1.00000  9.66647e-14
      20.0000      947.481  1.82859e-12      257.000  6.49159e-13
      19.0000      948.211  8.84720e-13      1.00000  1.05637e-13
      20.0000      948.211  2.45165e-12      257.000  4.31808e-13
      19.0000      948.939  1.07685e-12      0.00000  9.88353e-14
      20.0000      948.939  4.06617e-12      0.00000  4.33544e-13
      19.0000      949.670  9.90328e-13      256.000  9.01529e-14
      20.0000      949.670  3.62175e-12      0.00000  5.04161e-13
      19.0000      950.401  7.14914e-13      256.000  1.70900e-13
      20.0000      950.401  2.77752e-12      256.000  3.07504e-13
      19.0000      951.133  3.38256e-13     -15872.0          NaN
      20.0000      951.133  2.18927e-12      256.000  4.65090e-13
      19.0000      951.864  6.56580e-13     -15872.0          NaN
      20.0000      951.864  3.06388e-12      0.00000  3.05044e-13
      19.0000      952.597  1.45343e-12      0.00000  1.18516e-13
      20.0000      952.597  2.43447e-12      256.000  2.49331e-13
      19.0000      953.330  1.68341e-12      0.00000  1.80161e-13
      20.0000      953.330  1.79324e-12      256.000  3.65676e-13
      19.0000      954.064  6.84712e-13      0.00000  1.50641e-13
      20.0000      954.064  2.12492e-12      0.00000  2.30953e-13
      20.0000      954.798  2.78800e-12      0.00000  2.27336e-13
      20.0000      955.532  2.58285e-12      0.00000  1.91738e-13
      20.0000      956.268  1.26693e-12      0.00000  4.63788e-13
      20.0000      957.004  2.59127e-12      256.000  5.00110e-13
      20.0000      957.740  2.37951e-12      257.000  2.15759e-13
      20.0000      958.477  1.91106e-12      1.00000  2.15614e-13
      20.0000      959.214  1.66565e-12      1.00000  1.72202e-13
      20.0000      959.953  2.29798e-12      0.00000  2.40215e-13
      20.0000      960.691  2.52705e-12      0.00000  1.75241e-13
      20.0000      961.430  1.33109e-12      0.00000  1.74373e-13
      20.0000      962.170  8.15309e-13      258.000  1.92172e-13
      20.0000      962.911  1.11306e-12      258.000  1.56574e-13
      20.0000      963.652  1.13262e-12      256.000  1.28211e-13
      20.0000      964.394  1.63581e-12      256.000  1.13451e-13
      20.0000      965.135  2.15224e-12      256.000  1.50496e-13
      20.0000      965.878  2.41397e-13      256.000  1.89133e-13
      20.0000      966.622  1.19772e-12      256.000  1.19094e-13
      20.0000      967.365  2.27394e-12      258.000  1.77846e-13
      20.0000      968.110  8.42299e-13      258.000  2.15614e-13
      20.0000      968.855  7.99698e-14      256.000  1.23002e-13
      20.0000      969.600 -1.27656e-12      256.000  1.65546e-13
      20.0000      970.346 -1.71147e-12      258.000  1.33276e-13
      20.0000      971.093 -1.83007e-12      258.000  1.12438e-13
      20.0000      971.840 -1.22707e-12      258.000  2.97953e-13
      20.0000      972.589 -9.56896e-13      258.000  2.11273e-13
      20.0000      973.336 -9.00865e-13      256.000  2.05919e-13
      20.0000      974.085 -7.94180e-13      256.000  2.06353e-13
      20.0000      974.836 -6.75525e-13      256.000  1.47023e-13
      20.0000      975.585 -3.22539e-13      256.000  1.10123e-13
      20.0000      976.337 -2.94533e-13      256.000  1.09254e-13
      20.0000      977.087 -1.83187e-13      256.000  1.30960e-13
      20.0000      977.839  2.80274e-13      0.00000  1.17792e-13
      20.0000      978.592  1.60198e-13      0.00000  8.00233e-14
      20.0000      979.345 -1.33979e-13      0.00000  9.43494e-14
      20.0000      980.098  1.74750e-13      0.00000  1.04768e-13
      20.0000      980.853  5.06274e-13     -15872.0          NaN
      20.0000      981.608  4.35715e-13     -15872.0          NaN
      20.0000      982.363  4.06418e-13      0.00000  9.63753e-14
      20.0000      983.119  6.48112e-13      0.00000  8.53775e-14
      20.0000      983.875  5.96646e-13      0.00000  9.88353e-14
      20.0000      984.633  7.69080e-13      0.00000  1.43550e-13
      20.0000      985.391  7.04348e-13      0.00000  1.30526e-13
      20.0000      986.149  1.05714e-12      256.000  9.57965e-14
      20.0000      986.908  8.67035e-13      256.000  9.39153e-14
      20.0000      987.667  8.26731e-13      0.00000  1.06794e-13
      20.0000      988.427  8.96258e-13      0.00000  1.12004e-13
      20.0000      989.187  1.24204e-12      0.00000  1.23580e-13
      20.0000      989.949  1.45518e-12      2.00000  3.49758e-13
      20.0000      990.710  1.10093e-12      2.00000  1.65980e-13
      20.0000      991.473  1.28883e-12      2.00000  1.34723e-13
      20.0000      992.236  1.46361e-12      0.00000  1.08097e-13
      20.0000      992.999  1.23473e-12      0.00000  1.19818e-13
      20.0000      993.763  1.50524e-12      0.00000  1.04624e-13
      20.0000      994.528  1.49760e-12      0.00000  9.60859e-14
      20.0000      995.293  1.67834e-12      0.00000  1.02164e-13
      20.0000      996.060  1.81913e-12      0.00000  1.07662e-13
      20.0000      996.826  1.92256e-12      0.00000  1.15043e-13
      20.0000      997.593  1.70842e-12      256.000  9.91247e-14
      20.0000      998.361  1.73149e-12      256.000  9.76777e-14
      20.0000      999.129  2.09635e-12      256.000  1.07662e-13
      20.0000      999.898  2.74961e-12      256.000  1.10846e-13
      20.0000      1000.67  2.71364e-12      0.00000  1.07518e-13
      20.0000      1001.44  2.11879e-12      0.00000  1.13740e-13
      20.0000      1002.21  1.98988e-12      257.000  1.43695e-13
      20.0000      1002.98  1.97430e-12      257.000  1.03900e-13
      20.0000      1003.75  2.46388e-12      1.00000  1.22567e-13
