      11.0000      516.799  1.88644e-10      259.000  8.18032e-13
      11.0000      517.196  1.94623e-10      259.000  7.43942e-13
      11.0000      517.594  1.97937e-10      256.000  1.01455e-12
      11.0000      517.992  1.88201e-10      256.000  8.09495e-13
      11.0000      518.391  2.05205e-10      0.00000  9.31483e-13
      11.0000      518.790  1.86954e-10      0.00000  6.80705e-13
      11.0000      519.189  1.93063e-10      0.00000  7.81855e-13
      11.0000      519.589  1.87681e-10      256.000  7.30918e-13
      11.0000      519.989  1.77799e-10      256.000  5.90263e-13
      11.0000      520.389  1.79299e-10      256.000  6.13560e-13
      11.0000      520.789  1.81857e-10      256.000  6.82875e-13
      11.0000      521.190  1.77796e-10      256.000  7.04437e-13
      11.0000      521.591  1.79048e-10      256.000  7.08055e-13
      11.0000      521.992  1.78294e-10      258.000  6.25137e-13
      11.0000      522.394  1.74688e-10      258.000  6.22677e-13
      11.0000      522.796  1.81150e-10      256.000  1.59540e-12
      11.0000      523.198  1.77475e-10      256.000  1.24912e-12
      11.0000      523.601  1.68833e-10      0.00000  1.67456e-12
      11.0000      524.004  1.70961e-10     -15614.0          NaN
      11.0000      524.407  1.76683e-10     -15614.0          NaN
      11.0000      524.811  1.71752e-10      256.000  5.16606e-13
      11.0000      525.214  1.69422e-10      256.000  4.05760e-13
      11.0000      525.619  1.65819e-10      0.00000  4.67985e-13
      11.0000      526.023  1.64039e-10      256.000  4.32386e-13
      11.0000      526.428  1.64648e-10      256.000  6.66089e-13
      11.0000      526.833  1.61718e-10      256.000  5.38168e-13
      11.0000      527.238  1.58785e-10      0.00000  4.33544e-13
      11.0000      527.644  1.62314e-10      0.00000  4.23415e-13
      11.0000      528.050  1.58446e-10      0.00000  4.00695e-13
      11.0000      528.457  1.54711e-10      256.000  3.94328e-13
      11.0000      528.863  1.55524e-10      256.000  5.14725e-13
      11.0000      529.270  1.53845e-10      256.000  5.58572e-13
      11.0000      529.678  1.47930e-10      256.000  5.41496e-13
      11.0000      530.085  1.49454e-10      256.000  4.31952e-13
      11.0000      530.493  1.50249e-10      256.000  3.84488e-13
      11.0000      530.901  1.49549e-10      256.000  4.13140e-13
      11.0000      531.310  1.48483e-10      0.00000  4.23125e-13
      11.0000      531.719  1.45322e-10      0.00000  4.10102e-13
      11.0000      532.128  1.40714e-10      0.00000  3.96788e-13
      11.0000      532.537  1.42911e-10      256.000  4.06050e-13
      11.0000      532.947  1.45087e-10      256.000  4.64801e-13
      11.0000      533.357  1.40265e-10      256.000  4.47726e-13
      11.0000      533.768  1.37971e-10      0.00000  3.83041e-13
      11.0000      534.179  1.41037e-10      0.00000  3.59743e-13
      11.0000      534.590  1.38530e-10      0.00000  3.82462e-13
      11.0000      535.001  1.33600e-10      0.00000  4.87809e-13
      11.0000      535.413  1.32275e-10      2.00000  3.77108e-13
      11.0000      535.825  1.32635e-10      2.00000  4.22112e-13
      11.0000      536.237  1.33566e-10      0.00000  3.64808e-13
      11.0000      536.650  1.31506e-10      0.00000  3.49324e-13
      11.0000      537.063  1.30101e-10      0.00000  3.73201e-13
      11.0000      537.476  1.25887e-10      0.00000  4.10680e-13
      11.0000      537.889  1.29460e-10     -15872.0          NaN
      11.0000      538.304  1.28441e-10     -15870.0          NaN
      11.0000      538.718  1.24466e-10      258.000  3.58586e-13
      11.0000      539.132  1.24378e-10      256.000  3.52653e-13
      11.0000      539.547  1.19780e-10      256.000  3.22843e-13
      11.0000      539.962  1.14511e-10     -15871.0          NaN
      11.0000      540.378  1.15210e-10     -15871.0          NaN
      11.0000      540.794  1.16601e-10      1.00000  3.41221e-13
      11.0000      541.210  1.15552e-10      256.000  4.72326e-13
      11.0000      541.626  1.17882e-10      256.000  4.29058e-13
      11.0000      542.043  1.14808e-10      0.00000  3.30802e-13
      11.0000      542.460  1.11272e-10      1.00000  3.16765e-13
      11.0000      542.878  1.11177e-10      1.00000  3.10832e-13
      11.0000      543.295  1.09803e-10      0.00000  3.13726e-13
      11.0000      543.713  1.08313e-10      0.00000  3.04320e-13
      11.0000      544.132  1.11646e-10      0.00000  3.13871e-13
      11.0000      544.550  1.10233e-10      0.00000  2.92165e-13
      11.0000      544.970  1.10658e-10      256.000  3.36445e-13
      11.0000      545.389  1.09200e-10      258.000  3.59454e-13
      11.0000      545.809  1.06839e-10      258.000  3.23132e-13
      11.0000      546.229  1.06191e-10      256.000  2.95927e-13
      11.0000      546.649  1.07001e-10      256.000  2.93757e-13
      11.0000      547.070  1.07555e-10      258.000  2.81312e-13
      11.0000      547.491  1.06475e-10      770.000  2.93322e-13
      11.0000      547.912  1.05695e-10      768.000  3.10253e-13
      11.0000      548.334  1.02842e-10      256.000  2.81456e-13
      11.0000      548.756  9.94028e-11      0.00000  2.86087e-13
      11.0000      549.178  1.00684e-10      0.00000  3.51061e-13
      11.0000      549.600  1.02177e-10      0.00000  3.58875e-13
      11.0000      550.024  1.02035e-10      0.00000  3.35722e-13
      11.0000      550.447  1.02477e-10      256.000  3.52074e-13
      11.0000      550.870  9.84550e-11      256.000  2.82325e-13
      11.0000      551.294  9.75369e-11      0.00000  3.05767e-13
      11.0000      551.718  9.69759e-11      0.00000  3.66689e-13
      11.0000      552.143  9.81986e-11      0.00000  3.62059e-13
      11.0000      552.568  9.63677e-11      0.00000  3.80436e-13
      11.0000      552.993  9.48880e-11      256.000  3.59454e-13
      11.0000      553.418  9.46098e-11      256.000  3.30657e-13
      11.0000      553.844  9.36573e-11      256.000  3.45417e-13
      11.0000      554.271  9.40516e-11      256.000  3.83765e-13
      11.0000      554.697  9.16933e-11      258.000  4.32242e-13
      11.0000      555.124  9.13645e-11      258.000  3.62203e-13
      11.0000      555.551  8.83958e-11      258.000  3.39484e-13
      11.0000      555.979  8.91929e-11      256.000  3.12569e-13
      11.0000      556.407  9.09793e-11      256.000  3.00413e-13
      11.0000      556.835  8.83021e-11      256.000  2.96506e-13
      11.0000      557.263  8.68687e-11      256.000  3.04610e-13
      11.0000      557.692  8.76164e-11      256.000  3.08661e-13
      11.0000      558.121  8.84540e-11      256.000  3.11121e-13
      11.0000      558.551  8.72271e-11      256.000  2.98966e-13
      12.0000      561.999  8.58204e-11      0.00000  7.06897e-13
      12.0000      562.431  8.79859e-11      0.00000  6.48580e-13
      12.0000      562.864  8.17786e-11      0.00000  7.98063e-13
      12.0000      563.297  8.43117e-11      0.00000  7.01253e-13
      12.0000      563.731  8.12391e-11      0.00000  4.89546e-13
      12.0000      564.164  8.03180e-11      256.000  6.15586e-13
      12.0000      564.599  8.09085e-11      256.000  5.68122e-13
      12.0000      565.033  7.97231e-11      256.000  5.22395e-13
      12.0000      565.468  8.08954e-11      256.000  7.36851e-13
      12.0000      565.903  7.97633e-11      256.000  9.40889e-13
      12.0000      566.338  7.70968e-11      256.000  7.27156e-13
      12.0000      566.774  7.84660e-11      256.000  4.95190e-13
      12.0000      567.210  7.82004e-11      256.000  2.70951e-12
      12.0000      567.647  7.59497e-11      256.000  4.69779e-12
      12.0000      568.084  7.56433e-11      256.000  3.54534e-13
      12.0000      568.521  7.61210e-11      257.000  6.38884e-13
      12.0000      568.958  7.63898e-11      1.00000  6.17902e-13
      12.0000      569.396  7.54509e-11      256.000  3.78989e-13
      12.0000      569.834  7.46448e-11     -15616.0          NaN
      12.0000      570.273  7.55002e-11     -15616.0          NaN
      12.0000      570.711  7.73318e-11      256.000  3.88685e-13
      12.0000      571.151  7.43715e-11      258.000  3.54678e-13
      12.0000      571.590  7.21281e-11      258.000  3.65242e-13
      12.0000      572.030  7.19248e-11      256.000  4.14877e-13
      12.0000      572.470  7.03966e-11      258.000  3.76963e-13
      12.0000      572.911  7.32568e-11      258.000  3.75372e-13
      12.0000      573.352  7.04846e-11      256.000  3.89408e-13
      12.0000      573.793  7.16848e-11      256.000  3.63071e-13
      12.0000      574.234  7.01380e-11      0.00000  3.77976e-13
      12.0000      574.676  7.05188e-11      0.00000  3.47877e-13
      12.0000      575.119  6.94392e-11      256.000  3.14450e-13
      12.0000      575.561  7.09474e-11      256.000  3.45851e-13
      12.0000      576.004  7.02337e-11      0.00000  3.44404e-13
      12.0000      576.447  6.98170e-11      2.00000  2.93757e-13
      12.0000      576.891  6.72456e-11      2.00000  3.03018e-13
      12.0000      577.335  6.55276e-11      0.00000  2.94480e-13
      12.0000      577.779  6.76608e-11      0.00000  3.54534e-13
      12.0000      578.224  6.65259e-11      0.00000  3.55836e-13
      12.0000      578.669  6.50485e-11      0.00000  2.82035e-13
      12.0000      579.114  6.54551e-11     -15872.0          NaN
      12.0000      579.560  6.60990e-11     -15872.0          NaN
      12.0000      580.006  6.56725e-11      0.00000  2.89705e-13
      12.0000      580.452  6.42821e-11      256.000  3.98380e-13
      12.0000      580.899  6.46673e-11      256.000  2.92599e-13
      12.0000      581.346  6.39780e-11      256.000  3.00703e-13
      12.0000      581.793  6.40132e-11      0.00000  5.07345e-13
      12.0000      582.241  6.28997e-11     -15616.0          NaN
      12.0000      582.689  6.24612e-11     -15614.0          NaN
      12.0000      583.137  6.30745e-11      2.00000  5.06766e-13
      12.0000      583.586  6.35221e-11      0.00000  3.08517e-13
      12.0000      584.035  6.54538e-11      256.000  3.19370e-13
      12.0000      584.484  6.59582e-11      256.000  3.06491e-13
      12.0000      584.934  6.14553e-11      258.000  2.48318e-13
      12.0000      585.384  5.57377e-11      259.000  2.67275e-13
      12.0000      585.835  6.01359e-11      1.00000  2.45714e-13
      12.0000      586.286  8.80853e-11      264.000  3.81449e-13
      12.0000      586.737  2.61775e-10      264.000  4.93742e-13
      12.0000      587.188  2.28864e-10      8.00000  5.31077e-13
      12.0000      587.640  7.88575e-11      8.00000  2.91731e-13
      12.0000      588.092  6.00572e-11      0.00000  2.41951e-13
      12.0000      588.545  5.62911e-11      1.00000  2.98821e-13
      12.0000      588.998  5.46028e-11      1.00000  3.01571e-13
      12.0000      589.451  5.49611e-11      1.00000  2.36597e-13
      12.0000      589.905  5.50378e-11      0.00000  2.38623e-13
      12.0000      590.359  5.39616e-11      256.000  2.49042e-13
      12.0000      590.813  5.33199e-11      256.000  2.54685e-13
      12.0000      591.267  5.12381e-11      256.000  2.61342e-13
      12.0000      591.723  5.12594e-11      0.00000  2.48174e-13
      12.0000      592.178  5.08098e-11      0.00000  2.54541e-13
      12.0000      592.634  5.13925e-11      0.00000  2.38768e-13
      12.0000      593.090  5.15055e-11      0.00000  2.10115e-13
      12.0000      593.546  5.21536e-11      256.000  2.06643e-13
      12.0000      594.003  5.10898e-11      256.000  2.21982e-13
      12.0000      594.460  4.94177e-11      2.00000  2.51502e-13
      12.0000      594.917  5.01228e-11      2.00000  2.25310e-13
      12.0000      595.375  4.94526e-11      0.00000  2.20534e-13
      12.0000      595.833  4.97231e-11      0.00000  2.28493e-13
      12.0000      596.292  4.96098e-11      0.00000  2.02446e-13
      12.0000      596.751  4.85059e-11      2.00000  1.85805e-13
      12.0000      597.210  4.79633e-11      2.00000  1.88844e-13
      12.0000      597.669  4.79836e-11      0.00000  2.29940e-13
      12.0000      598.129  4.75312e-11      2.00000  2.39057e-13
      12.0000      598.589  4.73886e-11      2.00000  1.84792e-13
      12.0000      599.050  4.67936e-11      0.00000  1.90146e-13
      12.0000      599.511  4.64011e-11      0.00000  1.91593e-13
      12.0000      599.972  4.60232e-11      0.00000  1.99697e-13
      12.0000      600.434  4.47125e-11      0.00000  2.00710e-13
      12.0000      600.896  4.47099e-11      0.00000  2.21403e-13
      12.0000      601.359  4.44964e-11      0.00000  2.11563e-13
      12.0000      601.822  4.38965e-11      0.00000  2.11707e-13
      12.0000      602.284  4.41880e-11      0.00000  2.14312e-13
      12.0000      602.748  4.29001e-11      0.00000  2.09971e-13
      12.0000      603.212  4.31837e-11      256.000  2.48318e-13
      12.0000      603.676  4.32324e-11      258.000  3.37458e-13
      12.0000      604.141  4.15033e-11      2.00000  3.25448e-13
      12.0000      604.606  4.30805e-11      256.000  2.51357e-13
      12.0000      605.071  4.19658e-11      256.000  2.32111e-13
      12.0000      605.537  4.22700e-11     -15616.0          NaN
      12.0000      606.002  4.44531e-11     -15616.0          NaN
      12.0000      606.469  4.25619e-11     -15616.0          NaN
      12.0000      606.935  4.23405e-11      0.00000  2.50923e-13
      12.0000      607.402  4.24495e-11      256.000  2.31532e-13
      13.0000      607.402  4.35007e-11     -15872.0          NaN
      13.0000      607.870  4.25807e-11     -15872.0          NaN
      13.0000      608.338  4.27939e-11      0.00000  6.91558e-13
      13.0000      608.806  4.24143e-11      258.000  6.37871e-13
      13.0000      609.274  4.09765e-11      258.000  6.60301e-13
      13.0000      609.743  4.05133e-11      256.000  5.14436e-13
      13.0000      610.212  4.26627e-11      256.000  6.72167e-13
      13.0000      610.682  4.14195e-11      257.000  6.38595e-13
      13.0000      611.152  4.58421e-11      1.00000  6.08206e-13
      13.0000      611.622  4.38216e-11      1.00000  4.63499e-13
      13.0000      612.093  4.28813e-11      257.000  5.33248e-13
      13.0000      612.564  3.95413e-11      257.000  4.92585e-13
      13.0000      613.035  3.88641e-11      1.00000  4.58434e-13
      13.0000      613.507  3.79803e-11      258.000  4.96926e-13
      13.0000      613.979  3.65322e-11      258.000  3.99972e-13
      13.0000      614.451  3.89776e-11      256.000  4.13285e-13
      13.0000      614.924  3.71751e-11      258.000  3.84344e-13
      13.0000      615.397  3.83769e-11      258.000  3.60756e-13
      13.0000      615.871  3.79933e-11      256.000  4.24572e-13
      13.0000      616.345  3.90664e-11      256.000  5.62045e-13
      13.0000      616.819  3.71803e-11      256.000  3.55113e-13
      13.0000      617.294  3.69526e-11      256.000  3.60177e-13
      13.0000      617.769  3.64858e-11      258.000  2.53383e-13
      13.0000      618.245  3.58090e-11      258.000  3.32828e-13
      13.0000      618.720  3.53153e-11      256.000  4.63643e-13
      13.0000      619.196  3.48064e-11      256.000  3.71899e-13
      13.0000      619.673  3.52475e-11      256.000  4.21099e-13
      13.0000      620.150  3.58332e-11      256.000  4.49028e-13
      13.0000      620.627  3.45925e-11     -15616.0          NaN
      13.0000      621.105  3.43412e-11     -15616.0          NaN
      13.0000      621.582  3.52010e-11      256.000  3.03886e-13
      13.0000      622.061  3.45301e-11      258.000  2.38478e-13
      13.0000      622.539  3.43188e-11      258.000  2.21113e-13
      13.0000      623.018  3.35560e-11      256.000  2.04617e-13
      13.0000      623.498  3.34364e-11      256.000  2.07945e-13
      13.0000      623.978  3.35354e-11      0.00000  2.02446e-13
      13.0000      624.458  3.37152e-11      0.00000  2.31532e-13
      13.0000      624.938  3.29526e-11      256.000  1.93474e-13
      13.0000      625.419  3.19836e-11      0.00000  1.85805e-13
      13.0000      625.901  3.10433e-11      0.00000  2.15904e-13
      13.0000      626.382  3.04258e-11      0.00000  2.18509e-13
      13.0000      626.864  3.12092e-11      0.00000  2.34282e-13
      13.0000      627.347  4.14414e-11      0.00000  2.50344e-13
      13.0000      627.830  5.07951e-11      0.00000  2.14167e-13
      13.0000      628.312  4.02724e-11      0.00000  1.87686e-13
      13.0000      628.796  3.16097e-11      0.00000  1.74228e-13
      13.0000      629.280  3.00030e-11      256.000  1.88409e-13
      13.0000      629.764  2.93808e-11      256.000  1.85370e-13
      13.0000      630.249  2.98391e-11      0.00000  1.75241e-13
      13.0000      630.734  3.11406e-11      256.000  1.68584e-13
      13.0000      631.219  3.21233e-11      256.000  1.92895e-13
      13.0000      631.705  3.22555e-11      0.00000  1.67571e-13
      13.0000      632.191  3.27517e-11      0.00000  2.03314e-13
      13.0000      632.678  3.54041e-11      0.00000  2.34861e-13
      13.0000      633.164  3.62708e-11      0.00000  1.80740e-13
      13.0000      633.652  3.45741e-11      0.00000  1.53680e-13
      13.0000      634.139  3.28279e-11      0.00000  1.50930e-13
      13.0000      634.627  3.01491e-11      0.00000  2.07366e-13
      13.0000      635.115  2.78760e-11      256.000  2.14601e-13
      13.0000      635.604  2.63944e-11      256.000  1.95645e-13
      13.0000      636.094  2.52637e-11      256.000  1.38919e-13
      13.0000      636.583  2.43626e-11      0.00000  1.35736e-13
      13.0000      637.073  2.34648e-11      0.00000  1.30671e-13
      13.0000      637.563  2.29230e-11      0.00000  1.37762e-13
      13.0000      638.054  2.25969e-11      0.00000  1.42826e-13
      13.0000      638.545  2.27174e-11      0.00000  1.47023e-13
      13.0000      639.036  2.28229e-11      0.00000  1.54114e-13
      13.0000      639.528  2.30110e-11      2.00000  2.29217e-13
      13.0000      640.020  2.29961e-11      2.00000  2.45569e-13
      13.0000      640.512  2.12565e-11      0.00000  1.50351e-13
      13.0000      641.005  2.08478e-11      256.000  1.50785e-13
      13.0000      641.499  2.05782e-11      256.000  1.44129e-13
      13.0000      641.992  2.05916e-11      2.00000  1.43695e-13
      13.0000      642.486  1.96419e-11      2.00000  1.40366e-13
      13.0000      642.981  1.94397e-11      2.00000  1.65256e-13
      13.0000      643.475  1.91020e-11      0.00000  1.71623e-13
      13.0000      643.971  1.89425e-11      0.00000  1.65401e-13
      13.0000      644.466  1.93505e-11      0.00000  1.68006e-13
      13.0000      644.962  1.83336e-11      0.00000  1.68729e-13
      13.0000      645.459  1.82229e-11      0.00000  1.81608e-13
      13.0000      645.955  1.79391e-11      0.00000  1.98973e-13
      13.0000      646.452  1.78963e-11      256.000  1.86962e-13
      13.0000      646.950  1.78012e-11      256.000  2.49187e-13
      13.0000      647.447  1.77725e-11      256.000  1.77701e-13
      13.0000      647.946  1.68663e-11      0.00000  1.94487e-13
      13.0000      648.445  1.70473e-11      0.00000  3.80292e-13
      13.0000      648.943  1.67509e-11      0.00000  3.11411e-13
      13.0000      649.443  1.66039e-11      0.00000  2.06932e-13
      13.0000      649.942  1.64683e-11      0.00000  1.65690e-13
      13.0000      650.442  1.67455e-11      256.000  1.81029e-13
      13.0000      650.943  1.60286e-11      256.000  1.54548e-13
      13.0000      651.444  1.54632e-11      1.00000  2.50778e-13
      13.0000      651.945  1.54061e-11      1.00000  3.08806e-13
      13.0000      652.447  1.51464e-11      256.000  3.33117e-13
      13.0000      652.949  1.54721e-11      256.000  2.58593e-13
      14.0000      652.949  1.58709e-11      256.000  3.48745e-13
      13.0000      653.452  1.54059e-11      256.000  1.47312e-13
      14.0000      653.452  1.60600e-11      256.000  3.87527e-13
      13.0000      653.955  1.47755e-11     -15616.0          NaN
      14.0000      653.955  1.57213e-11      256.000  4.70445e-13
      13.0000      654.458  1.47082e-11     -15872.0          NaN
      14.0000      654.458  1.56267e-11      256.000  3.74069e-13
      13.0000      654.961  1.47843e-11      0.00000  1.73939e-13
      14.0000      654.961  1.51694e-11      256.000  4.19073e-13
      13.0000      655.465  1.47892e-11      0.00000  1.57876e-13
      14.0000      655.465  1.54492e-11      256.000  4.35859e-13
      13.0000      655.970  1.48702e-11      0.00000  1.59034e-13
      14.0000      655.970  1.47928e-11      256.000  4.18205e-13
      13.0000      656.475  1.42902e-11      0.00000  1.48470e-13
      14.0000      656.475  1.42939e-11      256.000  3.66110e-13
      13.0000      656.980  1.39015e-11      0.00000  1.76543e-13
      14.0000      656.980  1.51372e-11      256.000  3.17054e-13
      14.0000      657.485  1.56568e-11      256.000  3.21251e-13
      14.0000      657.991  1.55251e-11      256.000  3.62782e-13
      14.0000      658.497  1.52418e-11      257.000  3.86659e-13
      14.0000      659.004  1.64231e-11      257.000  7.50743e-13
      14.0000      659.511  1.64603e-11      257.000  3.13437e-13
      14.0000      660.019  1.40379e-11      257.000  3.92302e-13
      14.0000      660.527  1.42219e-11      257.000  4.36728e-13
      14.0000      661.035  1.58423e-11      256.000  3.93894e-13
      14.0000      661.544  1.42748e-11      256.000  4.40345e-13
      14.0000      662.053  1.42561e-11      256.000  3.12713e-13
      14.0000      662.562  1.38593e-11      256.000  2.82469e-13
      14.0000      663.072  1.47588e-11      256.000  2.42819e-13
      14.0000      663.582  1.54885e-11      256.000  2.65539e-13
      14.0000      664.093  1.47277e-11      256.000  2.39346e-13
      14.0000      664.604  1.39474e-11      256.000  2.48463e-13
      14.0000      665.116  1.36853e-11      256.000  3.16765e-13
      14.0000      665.627  1.43410e-11      256.000  2.36742e-13
      14.0000      666.140  1.35397e-11      256.000  2.59027e-13
      14.0000      666.652  1.45608e-11      256.000  2.71761e-13
      14.0000      667.165  2.05272e-11      0.00000  3.07938e-13
      14.0000      667.678  2.29274e-11      258.000  2.84640e-13
      14.0000      668.192  1.63805e-11      258.000  2.07655e-13
      14.0000      668.707  1.37276e-11      0.00000  1.71044e-13
      14.0000      669.221  1.28123e-11      256.000  1.79872e-13
      14.0000      669.736  1.37123e-11      256.000  1.76688e-13
      14.0000      670.252  1.47268e-11      256.000  1.78280e-13
      14.0000      670.767  1.34683e-11      0.00000  2.77549e-13
      14.0000      671.283  1.26020e-11      0.00000  4.78982e-13
      14.0000      671.800  1.19796e-11      0.00000  1.45286e-13
      14.0000      672.317  1.30295e-11      0.00000  1.53535e-13
      14.0000      672.834  1.38465e-11      256.000  1.61349e-13
      14.0000      673.352  1.28877e-11      256.000  1.56863e-13
      14.0000      673.870  1.30581e-11      256.000  1.78569e-13
      14.0000      674.389  1.58003e-11      0.00000  1.95355e-13
      14.0000      674.908  1.89552e-11      256.000  1.73360e-13
      14.0000      675.427  1.56763e-11      258.000  2.06353e-13
      14.0000      675.947  1.23748e-11      258.000  2.05051e-13
      14.0000      676.467  1.25372e-11      0.00000  1.52232e-13
      14.0000      676.988  1.48943e-11      0.00000  1.50930e-13
      14.0000      677.509  1.62898e-11      0.00000  1.70321e-13
      14.0000      678.030  1.32342e-11      1.00000  1.60336e-13
      14.0000      678.552  1.23214e-11      1.00000  1.91304e-13
      14.0000      679.074  2.05235e-11      0.00000  1.47023e-13
      14.0000      679.597  3.00389e-11      0.00000  1.42826e-13
      14.0000      680.119  2.23847e-11      0.00000  1.39788e-13
      14.0000      680.643  1.36145e-11      0.00000  1.53969e-13
      14.0000      681.166  1.47134e-11      0.00000  1.63809e-13
      14.0000      681.691  2.07521e-11      0.00000  1.52667e-13
      14.0000      682.215  2.09663e-11      0.00000  1.39788e-13
      14.0000      682.740  1.12724e-11      0.00000  1.25606e-13
      14.0000      683.266  9.97246e-12     -15616.0          NaN
      14.0000      683.792  2.80677e-11     -15616.0          NaN
      14.0000      684.318  5.57398e-11      256.000  1.72347e-13
      14.0000      684.844  3.22534e-11     -15872.0          NaN
      14.0000      685.371  1.16883e-11     -15870.0          NaN
      14.0000      685.899  1.55892e-11      2.00000  1.34868e-13
      14.0000      686.427  3.37942e-11     -15872.0          NaN
      14.0000      686.955  3.56086e-11     -15870.0          NaN
      14.0000      687.484  1.34257e-11      2.00000  1.85370e-13
      14.0000      688.012  1.50415e-11      256.000  1.45721e-13
      14.0000      688.542  5.46585e-11      256.000  1.81608e-13
      14.0000      689.072  1.20579e-10     -15616.0          NaN
      14.0000      689.602  4.04164e-11     -15616.0          NaN
      14.0000      690.133  1.48830e-11     -15616.0          NaN
      14.0000      690.664  1.98707e-11     -15616.0          NaN
      14.0000      691.195  7.04424e-11      256.000  2.10839e-13
      14.0000      691.727  5.33913e-11      0.00000  2.16049e-13
      14.0000      692.260  1.46234e-11      2.00000  1.61928e-13
      14.0000      692.792  1.47240e-11      2.00000  1.38051e-13
      14.0000      693.326  9.71602e-11      0.00000  2.24876e-13
      14.0000      693.859  1.49933e-10      0.00000  2.63513e-13
      14.0000      694.393  4.52564e-11      0.00000  1.87686e-13
      14.0000      694.927  1.59330e-11      256.000  1.52232e-13
      14.0000      695.462  4.48577e-11      258.000  1.72057e-13
      14.0000      695.997  1.03018e-10      2.00000  2.03459e-13
      14.0000      696.533  5.79370e-11      256.000  1.52522e-13
      14.0000      697.069  6.09474e-11      257.000  1.83345e-13
      14.0000      697.605  5.79595e-11      257.000  2.01867e-13
      14.0000      698.142  1.58536e-10      0.00000  2.34426e-13
      14.0000      698.679  1.46646e-10      0.00000  2.34716e-13
      15.0000      698.679  1.46565e-10      1.00000  1.64041e-12
      14.0000      699.217  5.10530e-11      0.00000  1.76543e-13
      15.0000      699.217  4.18823e-11      1.00000  8.24110e-13
      14.0000      699.755  2.55025e-11      256.000  1.59178e-13
      15.0000      699.755  2.58261e-11      256.000  6.36714e-13
      14.0000      700.293  8.71396e-11      256.000  1.92316e-13
      15.0000      700.293  9.72817e-11      256.000  6.31359e-13
      14.0000      700.832  1.30755e-10      0.00000  2.25599e-13
      15.0000      700.832  1.42203e-10      258.000  6.03431e-13
      14.0000      701.371  6.73954e-11      0.00000  1.78714e-13
      15.0000      701.371  6.76077e-11      2.00000  5.70438e-13
      14.0000      701.911  2.00448e-11      0.00000  1.39788e-13
      15.0000      701.911  2.55018e-11      0.00000  5.18053e-13
      14.0000      702.451  8.04503e-11      8.00000  1.86383e-13
      15.0000      702.451  9.68072e-11      0.00000  1.33203e-12
      14.0000      702.992  2.14583e-10      266.000  3.23132e-13
      15.0000      702.992  2.96527e-10      2.00000  7.64780e-13
      14.0000      703.533  1.54558e-10      258.000  2.99690e-13
      15.0000      703.533  1.75187e-10      2.00000  5.98945e-13
      14.0000      704.074  2.81754e-11      2.00000  1.84647e-13
      15.0000      704.074  4.45785e-11      2.00000  4.61617e-13
      14.0000      704.616  3.17111e-11      258.000  2.29651e-13
      15.0000      704.616  3.88057e-11      2.00000  4.42805e-13
      14.0000      705.158  1.41237e-10      256.000  3.66979e-13
      15.0000      705.158  1.79463e-10      0.00000  6.22966e-13
      14.0000      705.701  1.73428e-10      257.000  4.45700e-13
      15.0000      705.701  1.76205e-10      0.00000  5.94893e-13
      14.0000      706.244  3.45784e-11      1.00000  4.04313e-13
      15.0000      706.244  4.02229e-11      0.00000  3.93171e-13
      15.0000      706.788  2.69768e-11      0.00000  3.62203e-13
      15.0000      707.332  1.38271e-10      0.00000  5.42075e-13
      15.0000      707.876  2.99281e-10      0.00000  7.73752e-13
      15.0000      708.421  9.28439e-11      0.00000  4.27032e-13
      15.0000      708.965  2.95101e-11      0.00000  3.85646e-13
      15.0000      709.511  6.81667e-11      0.00000  3.83331e-13
      15.0000      710.057  1.69319e-10     -15616.0          NaN
      15.0000      710.604  1.06368e-10     -15616.0          NaN
      15.0000      711.151  2.93648e-11      0.00000  2.51357e-13
      15.0000      711.698  6.22922e-11      0.00000  2.85653e-13
      15.0000      712.245  1.88844e-10      0.00000  4.05471e-13
      15.0000      712.793  2.28576e-10      0.00000  5.18922e-13
      15.0000      713.342  5.77467e-11      0.00000  2.68722e-13
      15.0000      713.891  4.37943e-11      256.000  2.47595e-13
      15.0000      714.440  1.17609e-10      256.000  2.65828e-13
      15.0000      714.990  1.73711e-10      256.000  3.32104e-13
      15.0000      715.540  7.85222e-11      256.000  2.67709e-13
      15.0000      716.091  4.12316e-11      256.000  2.18653e-13
      15.0000      716.642  1.29126e-10      0.00000  2.53383e-13
      15.0000      717.193  2.49086e-10      0.00000  3.34275e-13
      15.0000      717.745  1.71214e-10      0.00000  3.00992e-13
      15.0000      718.297  3.93445e-11      0.00000  1.90001e-13
      15.0000      718.850  6.96099e-11      0.00000  2.14601e-13
      15.0000      719.403  1.57755e-10      0.00000  2.48608e-13
      15.0000      719.957  1.43164e-10      0.00000  2.47305e-13
      15.0000      720.511  4.03412e-11      0.00000  1.81463e-13
      15.0000      721.066  5.72691e-11     -15872.0          NaN
      15.0000      721.620  1.77740e-10     -15864.0          NaN
      15.0000      722.175  2.11235e-10      8.00000  2.60474e-13
      15.0000      722.731  9.00317e-11      0.00000  1.98973e-13
      15.0000      723.288  5.29764e-11      0.00000  1.80016e-13
      15.0000      723.844  8.38621e-11      0.00000  1.91159e-13
      15.0000      724.401  1.00263e-10      1.00000  2.11418e-13
      15.0000      724.959  4.81165e-11      1.00000  1.69163e-13
      15.0000      725.517  1.74944e-11      256.000  1.31250e-13
      15.0000      726.075  1.62219e-11      256.000  1.58889e-13
      15.0000      726.634  1.47952e-11      0.00000  1.45865e-13
      15.0000      727.193  3.57217e-11      0.00000  1.44997e-13
      15.0000      727.752  2.00680e-10      0.00000  2.30519e-13
      15.0000      728.312  7.06999e-10      28.0000  4.40201e-13
      15.0000      728.873  1.90709e-09      28.0000  1.46589e-12
      15.0000      729.434  2.69731e-09      28.0000  2.27437e-12
      15.0000      729.995  1.65355e-09      30.0000  1.21916e-12
      15.0000      730.557  6.80482e-10      31.0000  4.36438e-13
      15.0000      731.119  3.47440e-10     -15863.0          NaN
      15.0000      731.681  2.04270e-10     -15872.0          NaN
      15.0000      732.245  6.49403e-11      0.00000  2.07366e-13
      15.0000      732.808  6.54124e-11      0.00000  2.21547e-13
      15.0000      733.372  1.62939e-10      8.00000  2.05485e-13
      15.0000      733.936  2.39396e-10      8.00000  2.78852e-13
      15.0000      734.501  8.49879e-11      0.00000  2.28783e-13
      15.0000      735.067  7.19854e-11      0.00000  2.51791e-13
      15.0000      735.632  1.49336e-10      8.00000  2.42530e-13
      15.0000      736.198  2.31029e-10      8.00000  3.19659e-13
      15.0000      736.764  9.09324e-11      2.00000  2.69301e-13
      15.0000      737.332  5.80192e-11      2.00000  2.24442e-13
      15.0000      737.899  1.27537e-10      0.00000  2.43977e-13
      15.0000      738.467  3.03551e-10      0.00000  3.38905e-13
      15.0000      739.035  1.15605e-10      0.00000  2.37610e-13
      15.0000      739.604  5.06417e-11      0.00000  2.15180e-13
      15.0000      740.173  6.60859e-11      0.00000  2.07800e-13
      15.0000      740.742  1.99216e-10      256.000  3.17923e-13
      15.0000      741.312  8.56222e-11      256.000  2.17351e-13
      15.0000      741.883  4.92081e-11      256.000  1.91448e-13
      15.0000      742.454  6.58932e-11      256.000  2.18653e-13
      15.0000      743.025  2.41345e-10      8.00000  3.65387e-13
      15.0000      743.597  1.31002e-10      8.00000  2.67130e-13
      15.0000      744.169  5.46311e-11      0.00000  1.72492e-13
      15.0000      744.742  4.99467e-11      0.00000  1.65546e-13
      16.0000      744.742  5.09548e-11      256.000  1.29947e-12
      15.0000      745.315  1.53114e-10     -15872.0          NaN
      16.0000      745.315  1.61316e-10      256.000  1.19977e-12
      15.0000      745.888  1.10741e-10     -15616.0          NaN
      16.0000      745.888  1.15761e-10      256.000  1.01136e-12
      15.0000      746.463  5.16167e-11      256.000  1.43550e-13
      16.0000      746.463  5.31814e-11      256.000  9.09343e-13
      15.0000      747.037  6.56263e-11      0.00000  1.80306e-13
      16.0000      747.037  7.60142e-11      256.000  7.68687e-13
      15.0000      747.612  1.98022e-10      0.00000  2.65249e-13
      16.0000      747.612  2.09447e-10      256.000  8.44224e-13
      15.0000      748.187  1.76653e-10      256.000  2.38189e-13
      16.0000      748.187  2.02386e-10      256.000  7.97629e-13
      15.0000      748.763  6.61283e-11      256.000  1.65980e-13
      16.0000      748.763  5.53007e-11      256.000  6.55381e-13
      15.0000      749.339  6.34470e-11      256.000  1.55416e-13
      16.0000      749.339  5.61806e-11      256.000  6.50461e-13
      15.0000      749.916  1.38540e-10      264.000  1.97960e-13
      16.0000      749.916  1.34915e-10      256.000  6.34254e-13
      15.0000      750.493  1.47420e-10      8.00000  2.25020e-13
      16.0000      750.493  1.39163e-10      257.000  6.95610e-13
      15.0000      751.070  5.18923e-11      0.00000  1.92895e-13
      16.0000      751.070  4.88430e-11      257.000  5.17909e-13
      15.0000      751.649  5.67674e-11      0.00000  2.28783e-13
      16.0000      751.649  5.32542e-11      256.000  5.46995e-13
      15.0000      752.227  1.61170e-10      8.00000  2.89415e-13
      16.0000      752.227  1.71904e-10      256.000  6.32662e-13
      15.0000      752.806  2.09609e-10      8.00000  3.01281e-13
      16.0000      752.806  1.77478e-10      256.000  4.88967e-13
      15.0000      753.385  5.27506e-11      0.00000  1.86239e-13
      16.0000      753.385  6.31847e-11     -15616.0          NaN
      15.0000      753.965  2.74665e-11      256.000  1.59178e-13
      16.0000      753.965  3.32779e-11     -15616.0          NaN
      15.0000      754.545  9.92302e-11      256.000  2.65394e-13
      16.0000      754.545  1.04068e-10     -15616.0  3.87527e-13
      15.0000      755.126  1.24975e-10      0.00000  3.33551e-13
      16.0000      755.126  1.09375e-10      256.000  4.47870e-13
      15.0000      755.707  3.34258e-11      0.00000  1.85370e-13
      16.0000      755.707  4.67586e-11      256.000  3.74793e-13
      16.0000      756.288  3.17894e-11      256.000  3.23132e-13
      16.0000      756.870  1.34405e-10      256.000  3.82173e-13
      16.0000      757.452  1.37102e-10      256.000  4.84047e-13
      16.0000      758.035  5.18501e-11      256.000  3.10253e-13
      16.0000      758.619  2.30032e-11      256.000  3.52942e-13
      16.0000      759.202  7.79703e-11     -15616.0          NaN
      16.0000      759.787  8.75293e-11     -15616.0          NaN
      16.0000      760.371  3.26208e-11      256.000  2.58158e-13
      16.0000      760.956  1.91896e-11      258.000  3.63506e-13
      16.0000      761.542  1.07220e-10      258.000  3.89842e-13
      16.0000      762.128  1.23847e-10      256.000  3.64808e-13
      16.0000      762.715  3.39897e-11      256.000  2.45858e-13
      16.0000      763.302  1.49365e-11      256.000  2.38333e-13
      16.0000      763.889  5.79137e-11      256.000  3.74938e-13
      16.0000      764.477  6.94517e-11      256.000  3.36011e-13
      16.0000      765.065  1.88965e-11      256.000  1.93329e-13
      16.0000      765.654  1.30087e-11      256.000  1.94342e-13
      16.0000      766.243  7.17057e-11      256.000  3.18791e-13
      16.0000      766.832  5.84258e-11      256.000  3.70452e-13
      16.0000      767.423  2.31624e-11      256.000  4.74786e-13
      16.0000      768.013  1.06683e-11      256.000  4.76522e-13
      16.0000      768.604  3.76819e-11      256.000  2.87534e-13
      16.0000      769.196  3.97532e-11      256.000  2.17061e-13
      16.0000      769.787  1.37961e-11      256.000  1.76399e-13
      16.0000      770.380  1.03739e-11      256.000  2.37321e-13
      16.0000      770.973  5.53045e-11      256.000  2.12141e-13
      16.0000      771.566  5.69495e-11      256.000  2.23718e-13
      16.0000      772.160  1.20966e-11      0.00000  1.81029e-13
      16.0000      772.754  4.09402e-12      2.00000  2.57724e-13
      16.0000      773.349  2.19070e-11      2.00000  1.72492e-13
      16.0000      773.944  1.96831e-11      0.00000  1.61204e-13
      16.0000      774.539  6.44869e-12      0.00000  3.87093e-13
      16.0000      775.135  8.72603e-12      1.00000  1.49917e-13
      16.0000      775.732  3.40767e-11      1.00000  3.70886e-13
      16.0000      776.329  2.51816e-11      0.00000  1.58889e-13
      16.0000      776.927  6.87590e-12      2.00000  1.27198e-13
      16.0000      777.524  6.62083e-12      2.00000  1.29079e-13
      16.0000      778.122  1.23736e-11      258.000  1.39788e-13
      16.0000      778.721  7.83405e-12      256.000  1.25606e-13
      16.0000      779.321  4.01614e-12      256.000  1.17358e-13
      16.0000      779.920  6.39809e-12      256.000  1.27487e-13
      16.0000      780.520  1.63945e-11      0.00000  1.33710e-13
      16.0000      781.121  9.33590e-12      0.00000  1.88120e-13
      16.0000      781.722  4.80525e-12     -15872.0          NaN
      16.0000      782.324  5.01689e-12     -15872.0          NaN
      16.0000      782.926  6.71243e-12      2.00000  1.08241e-13
      16.0000      783.528  5.26056e-12      258.000  1.04190e-13
      16.0000      784.131  4.23941e-12      256.000  9.94142e-14
      16.0000      784.735  7.24428e-12      258.000  1.19094e-13
      16.0000      785.339  7.50216e-12     -15614.0          NaN
      16.0000      785.943  5.13900e-12     -15872.0          NaN
      16.0000      786.548  4.11675e-12      256.000  1.03466e-13
      16.0000      787.153  4.62431e-12      256.000  9.56518e-14
      16.0000      787.758  4.84416e-12      0.00000  9.78224e-14
      16.0000      788.365  4.33469e-12      0.00000  9.13105e-14
      16.0000      788.971  4.48809e-12      0.00000  9.26129e-14
      16.0000      789.579  5.34775e-12      0.00000  9.55071e-14
      16.0000      790.186  5.65124e-12      256.000  9.46388e-14
      16.0000      790.794  5.22164e-12      256.000  9.56518e-14
      16.0000      791.403  5.09900e-12      0.00000  1.01585e-13
      16.0000      792.011  5.13560e-12     -15872.0          NaN
      16.0000      792.621  4.97793e-12     -15872.0          NaN
      16.0000      793.231  5.24607e-12      0.00000  1.00572e-13
      17.0000      793.231  6.36772e-12     -15616.0          NaN
      16.0000      793.842  5.27225e-12      1.00000  1.18805e-13
      17.0000      793.842  6.30426e-12      256.000  5.97064e-13
      16.0000      794.452  5.38051e-12      1.00000  1.27198e-13
      17.0000      794.452  6.78735e-12     -15616.0  6.12982e-13
      16.0000      795.064  5.53012e-12      1.00000  1.20252e-13
      17.0000      795.064  7.54442e-12     -15616.0  1.19948e-12
      16.0000      795.675  5.84134e-12      1.00000  1.28790e-13
      17.0000      795.675  7.42051e-12      256.000  5.95906e-13
      16.0000      796.288  5.55977e-12     -15871.0          NaN
      17.0000      796.288  6.47641e-12      256.000  5.62334e-13
      16.0000      796.900  6.32426e-12     -15872.0          NaN
      17.0000      796.900  7.79863e-12     -15616.0  5.69569e-13
      16.0000      797.514  6.03259e-12      0.00000  1.38051e-13
      17.0000      797.514  7.64348e-12     -15616.0  5.06766e-13
      16.0000      798.128  6.59080e-12      0.00000  1.36315e-13
      17.0000      798.128  7.78204e-12      256.000  7.05160e-13
      16.0000      798.742  7.72174e-12      256.000  3.35432e-13
      17.0000      798.742  8.47218e-12      256.000  4.44976e-13
      16.0000      799.357  6.14903e-12      256.000  3.55113e-13
      17.0000      799.357  8.26258e-12      256.000  4.22257e-13
      16.0000      799.972  6.04360e-12      256.000  1.50785e-13
      17.0000      799.972  7.08191e-12      256.000  3.42523e-13
      16.0000      800.587  6.51097e-12      256.000  1.37906e-13
      17.0000      800.587  8.40890e-12      256.000  7.65648e-13
      16.0000      801.203  6.39219e-12      256.000  1.40366e-13
      17.0000      801.203  9.15303e-12      256.000  5.89973e-13
      16.0000      801.820  6.74559e-12      256.000  1.26764e-13
      17.0000      801.820  9.34810e-12      256.000  4.85060e-13
      16.0000      802.437  6.90630e-12      0.00000  1.28935e-13
      17.0000      802.437  8.89582e-12      0.00000  3.92302e-13
      16.0000      803.054  6.92244e-12      0.00000  1.27053e-13
      17.0000      803.054  7.44163e-12      0.00000  3.46575e-13
      16.0000      803.672 -6.78267e-12      3.00000  1.93185e-13
      17.0000      803.672  1.01766e-11      256.000  4.22112e-13
      16.0000      804.291 -4.54775e-12      3.00000  1.66703e-13
      17.0000      804.291  8.90519e-12      256.000  4.64367e-13
      16.0000      804.910  6.73512e-12      0.00000  1.27487e-13
      17.0000      804.910  8.35732e-12      256.000  6.20362e-13
      16.0000      805.529  7.16991e-12      256.000  1.39932e-13
      17.0000      805.529  8.18361e-12      256.000  4.96203e-13
      17.0000      806.149  1.06827e-11      256.000  3.35866e-13
      17.0000      806.769  1.11406e-11      0.00000  4.27177e-13
      17.0000      807.390  9.26300e-12      0.00000  2.99111e-13
      17.0000      808.012  9.03611e-12      0.00000  2.55988e-13
      17.0000      808.633  1.10724e-11      256.000  2.65973e-13
      17.0000      809.255  1.24029e-11      256.000  2.55264e-13
      17.0000      809.878  8.87128e-12      256.000  2.42675e-13
      17.0000      810.501  8.44041e-12      0.00000  2.88258e-13
      17.0000      811.125  9.53304e-12     -15872.0          NaN
      17.0000      811.750  1.16756e-11     -15872.0          NaN
      17.0000      812.374  8.92721e-12     -15872.0          NaN
      17.0000      812.999  8.81901e-12     -15616.0          NaN
      17.0000      813.625  2.29796e-11      256.000  1.83489e-13
      17.0000      814.251  4.22379e-11      0.00000  2.03748e-13
      17.0000      814.878  2.75123e-11      0.00000  2.00710e-13
      17.0000      815.504  9.18856e-12      0.00000  1.73360e-13
      17.0000      816.132  1.06218e-11      256.000  1.85805e-13
      17.0000      816.760  1.50071e-11      256.000  1.73070e-13
      17.0000      817.389  1.25928e-11      256.000  2.06208e-13
      17.0000      818.017  7.37955e-12      256.000  1.87107e-13
      17.0000      818.647  9.48111e-12      256.000  1.36315e-13
      17.0000      819.277  1.49181e-11      0.00000  1.47602e-13
      17.0000      819.907  1.33146e-11      0.00000  2.05774e-13
      17.0000      820.538  6.55175e-12      256.000  2.25020e-13
      17.0000      821.170  7.93422e-12      256.000  1.24014e-13
      17.0000      821.802  1.45087e-11     -15870.0          NaN
      17.0000      822.434  1.74186e-11     -15614.0          NaN
      17.0000      823.067  9.75013e-12      256.000  1.26619e-13
      17.0000      823.700  8.27506e-12      0.00000  1.12872e-13
      17.0000      824.334  1.33536e-11      0.00000  1.25317e-13
      17.0000      824.969  1.47063e-11      0.00000  1.30382e-13
      17.0000      825.604  5.82370e-12      0.00000  1.33276e-13
      17.0000      826.239  4.66264e-12      0.00000  1.48325e-13
      17.0000      826.875  9.62118e-12      0.00000  1.19094e-13
      17.0000      827.511  1.52043e-11      0.00000  1.13306e-13
      17.0000      828.148  8.00702e-12      0.00000  1.28500e-13
      17.0000      828.785  5.37236e-12      0.00000  1.42248e-13
      17.0000      829.423  8.24081e-12      0.00000  1.31684e-13
      17.0000      830.061  1.51882e-11      0.00000  1.51075e-13
      17.0000      830.700  9.60169e-12      256.000  1.10701e-13
      17.0000      831.339  6.08610e-12      256.000  1.33855e-13
      17.0000      831.979  6.95981e-12      0.00000  1.14608e-13
      17.0000      832.619  1.20823e-11      0.00000  1.19094e-13
      17.0000      833.260  8.73696e-12      256.000  1.16634e-13
      17.0000      833.901  5.86709e-12      256.000  1.26330e-13
      17.0000      834.543  4.77070e-12      256.000  1.38775e-13
      17.0000      835.185  1.01709e-11      3.00000  1.37762e-13
      17.0000      835.828  6.37093e-12      3.00000  1.25896e-13
      17.0000      836.471  6.17301e-12      2.00000  1.67427e-13
      17.0000      837.114  5.88792e-12      256.000  1.57876e-13
      17.0000      837.759  8.18182e-12      256.000  1.26040e-13
      17.0000      838.404  7.50318e-12      2.00000  1.07952e-13
      17.0000      839.049  6.23072e-12     -15614.0          NaN
      17.0000      839.694  6.05397e-12     -15616.0          NaN
      17.0000      840.340  6.85426e-12      0.00000  1.31395e-13
      17.0000      840.987  6.39518e-12      0.00000  1.14319e-13
      17.0000      841.634  5.72411e-12      256.000  9.56518e-14
      17.0000      842.282  4.83541e-12      256.000  1.00282e-13
      17.0000      842.930  5.68939e-12      256.000  1.16779e-13
      18.0000      842.930  6.65780e-12      256.000  6.45686e-13
      17.0000      843.579  5.96756e-12      256.000  1.00427e-13
      18.0000      843.579  7.08929e-12      256.000  5.81870e-13
      17.0000      844.228  5.68746e-12      256.000  9.70988e-14
      18.0000      844.228  6.88513e-12      256.000  5.08503e-13
      17.0000      844.877  5.58090e-12      256.000  1.31250e-13
      18.0000      844.877  7.33644e-13      256.000  5.57703e-13
      17.0000      845.528  5.65164e-12      1.00000  1.58889e-13
      18.0000      845.528  3.39814e-12      256.000  6.49303e-13
      17.0000      846.178  5.29861e-12      1.00000  1.30382e-13
      18.0000      846.178  6.30848e-12      256.000  5.30932e-13
      17.0000      846.830  4.97476e-12     -15872.0          NaN
      18.0000      846.830  6.75158e-12      256.000  3.74938e-13
      17.0000      847.481  5.12778e-12     -15872.0          NaN
      18.0000      847.481  7.15510e-12      256.000  3.59164e-13
      17.0000      848.133  5.16481e-12      0.00000  1.36170e-13
      18.0000      848.133  5.76487e-12      256.000  3.47154e-13
      17.0000      848.786  4.79986e-12      0.00000  1.05492e-13
      18.0000      848.786  6.53538e-12      256.000  3.89553e-13
      17.0000      849.439  4.15415e-12      0.00000  1.25606e-13
      18.0000      849.439  9.16643e-12     -15616.0          NaN
      17.0000      850.093  4.92404e-12      0.00000  1.50641e-13
      18.0000      850.093  9.61394e-12     -15616.0          NaN
      17.0000      850.747  4.44176e-12     -15872.0          NaN
      18.0000      850.747  8.89690e-12      256.000  3.98959e-13
      17.0000      851.401  5.05655e-12     -15616.0          NaN
      18.0000      851.401  7.67211e-12      256.000  8.82572e-13
      17.0000      852.057  4.26313e-12      256.000  1.55416e-13
      18.0000      852.057  8.69626e-12      256.000  1.02164e-12
      17.0000      852.713  4.51539e-12      256.000  1.55416e-13
      18.0000      852.713  7.31007e-12      256.000  4.88244e-13
      17.0000      853.368  2.87290e-12      257.000  1.53101e-13
      18.0000      853.368  6.39643e-12      256.000  5.75358e-13
      17.0000      854.026  4.13923e-12      257.000  1.91159e-13
      18.0000      854.026  7.13696e-12      0.00000  4.65814e-13
      17.0000      854.683  3.14351e-12      257.000  1.47168e-13
      18.0000      854.683  6.40659e-12      0.00000  4.38609e-13
      18.0000      855.341  6.64063e-12     -15872.0          NaN
      18.0000      855.999  8.82460e-12     -15616.0          NaN
      18.0000      856.657 -1.03700e-10      257.000  2.95782e-13
      18.0000      857.316  2.28989e-12      257.000  2.59606e-13
      18.0000      857.976 -1.44874e-12      2.00000  3.67847e-13
      18.0000      858.637  5.57096e-12      2.00000  2.58014e-13
      18.0000      859.297  5.12256e-12      0.00000  2.32545e-13
      18.0000      859.958  4.85530e-12      0.00000  4.08076e-13
      18.0000      860.620  5.06760e-12      0.00000  2.86811e-13
      18.0000      861.283  4.97783e-12      256.000  2.23718e-13
      18.0000      861.945  5.00366e-12      256.000  2.17640e-13
      18.0000      862.608  4.51661e-12      258.000  2.17785e-13
      18.0000      863.272  4.09997e-12      258.000  2.47739e-13
      18.0000      863.937  4.75016e-12      256.000  1.93764e-13
      18.0000      864.602  4.61870e-12      256.000  2.37610e-13
      18.0000      865.267  4.18651e-12      256.000  1.78280e-13
      18.0000      865.933  4.73162e-12      256.000  2.10839e-13
      18.0000      866.599  4.34810e-12      258.000  4.03156e-13
      18.0000      867.266  3.83740e-12      258.000  1.79727e-13
      18.0000      867.934  4.60225e-12      256.000  2.05630e-13
      18.0000      868.601  4.17737e-12      256.000  2.07221e-13
      18.0000      869.270  4.24572e-12      0.00000  1.70031e-13
      18.0000      869.938  3.81954e-12      0.00000  1.53535e-13
      18.0000      870.608  4.22598e-12      256.000  1.60481e-13
      18.0000      871.277  4.99776e-12      256.000  1.66124e-13
      18.0000      871.948  4.42740e-12      0.00000  1.48615e-13
      18.0000      872.619  1.67913e-12      0.00000  1.35880e-13
      18.0000      873.291  1.53176e-12      0.00000  1.40222e-13
      18.0000      873.962  1.29530e-12      0.00000  1.80595e-13
      18.0000      874.635  1.42731e-12      256.000  1.59178e-13
      18.0000      875.308  8.05187e-13      256.000  1.69742e-13
      18.0000      875.982  1.73794e-12      256.000  1.35736e-13
      18.0000      876.656  1.23088e-12      256.000  1.84647e-13
      18.0000      877.331  1.25132e-12      256.000  1.80161e-13
      18.0000      878.005  1.78406e-12      0.00000  1.61638e-13
      18.0000      878.681  1.56890e-12      0.00000  1.45431e-13
      18.0000      879.357  1.08528e-12      2.00000  1.61928e-13
      18.0000      880.035  2.06233e-12      2.00000  1.68729e-13
      18.0000      880.711  1.79855e-12      256.000  1.34144e-13
      18.0000      881.389  1.59803e-12      256.000  1.76543e-13
      18.0000      882.068  1.65401e-12      256.000  1.15477e-13
      18.0000      882.747  1.74009e-12      256.000  1.16056e-13
      18.0000      883.426  2.24441e-12      0.00000  1.33276e-13
      18.0000      884.105  2.09003e-12      0.00000  1.05492e-13
      18.0000      884.786  1.76252e-12      256.000  1.11280e-13
      18.0000      885.467  1.92708e-12      256.000  1.01874e-13
      18.0000      886.148  2.16913e-12      0.00000  9.23235e-14
      18.0000      886.830  2.27790e-12      0.00000  9.47835e-14
      18.0000      887.512  1.99865e-12      0.00000  1.15187e-13
      18.0000      888.195  1.90801e-12      256.000  1.06939e-13
      18.0000      888.879  2.16124e-12      256.000  8.81270e-14
      18.0000      889.563  2.22675e-12      0.00000  8.40751e-14
      18.0000      890.248  2.07403e-12      0.00000  8.69693e-14
      18.0000      890.932  2.02324e-12      0.00000  1.07952e-13
      18.0000      891.618  2.16625e-12      0.00000  1.28645e-13
      18.0000      892.304  2.36851e-12      258.000  1.21120e-13
      19.0000      892.304 -1.64553e-12      257.000  1.02265e-12
      18.0000      892.991  2.20738e-12      258.000  9.42047e-14
      19.0000      892.991 -3.14129e-12      256.000  1.10426e-12
      18.0000      893.678  2.08472e-12      256.000  9.37706e-14
      19.0000      893.678  9.64841e-13      257.000  8.54643e-13
      18.0000      894.366  2.10918e-12      0.00000  1.00138e-13
      19.0000      894.366  1.31629e-12      257.000  8.64628e-13
      18.0000      895.054  2.15566e-12      256.000  1.03321e-13
      19.0000      895.054  3.09547e-12      256.000  7.89525e-13
      18.0000      895.743  1.87254e-12      256.000  1.09688e-13
      19.0000      895.743  3.45830e-12      256.000  6.06180e-13
      18.0000      896.432  1.85676e-12      256.000  1.12872e-13
      19.0000      896.432  3.03576e-12      256.000  5.71451e-13
      18.0000      897.122  2.17159e-12      256.000  1.22567e-13
      19.0000      897.122  2.33345e-12      256.000  5.45693e-13
      18.0000      897.812  2.31644e-12      0.00000  1.27922e-13
      19.0000      897.812  2.75786e-12      256.000  3.65097e-13
      18.0000      898.503  2.56987e-12      0.00000  1.19239e-13
      19.0000      898.503  2.91031e-12      256.000  3.63650e-13
      18.0000      899.194  1.60534e-12      0.00000  1.52522e-13
      19.0000      899.194  3.24738e-12      256.000  4.59881e-13
      18.0000      899.887  2.11441e-12      0.00000  2.15904e-13
      19.0000      899.887  2.33193e-11      258.000  7.44521e-13
      18.0000      900.579  2.12818e-12      256.000  1.27198e-13
      19.0000      900.579  1.42135e-11      258.000  5.38312e-13
      18.0000      901.272  1.58290e-12      768.000  1.35591e-13
      19.0000      901.272  2.99831e-12      256.000  3.11700e-13
      18.0000      901.965  1.50837e-12      768.000  1.51509e-13
      19.0000      901.965  3.56269e-12      256.000  2.42964e-13
      18.0000      902.660  1.95255e-12      256.000  1.37328e-13
      19.0000      902.660  2.73131e-12      256.000  2.65249e-13
      18.0000      903.354  2.03037e-12      0.00000  1.76109e-13
      19.0000      903.354  3.30580e-12      256.000  5.19211e-13
      18.0000      904.050  1.63563e-12      0.00000  1.59034e-13
      19.0000      904.050  3.40710e-12      258.000  3.93750e-13
      18.0000      904.745  1.49018e-12      0.00000  1.25317e-13
      19.0000      904.745  3.41459e-12      258.000  2.30230e-13
      19.0000      905.441  3.80303e-12      0.00000  3.38616e-13
      19.0000      906.138  4.13361e-12      0.00000  3.21540e-13
      19.0000      906.835  4.10116e-12      0.00000  2.83772e-13
      19.0000      907.533  6.15687e-12      0.00000  2.86232e-13
      19.0000      908.231  3.43886e-12      258.000  2.59750e-13
      19.0000      908.931  9.23535e-12      258.000  4.82889e-13
      19.0000      909.630  5.40085e-12      2.00000  3.81449e-13
      19.0000      910.330  2.78777e-12      0.00000  5.31801e-13
      19.0000      911.031  3.38701e-12      0.00000  4.45844e-13
      19.0000      911.732  3.54161e-12      0.00000  3.51495e-13
      19.0000      912.433  3.48841e-12      0.00000  2.94914e-13
      19.0000      913.135  4.18342e-12      0.00000  2.07366e-13
      19.0000      913.838  3.31684e-12      256.000  1.64822e-13
      19.0000      914.541  3.37856e-12      256.000  1.59323e-13
      19.0000      915.245  3.99964e-12      258.000  1.52811e-13
      19.0000      915.949  3.37606e-12      2.00000  1.35446e-13
      19.0000      916.654  3.75367e-12      0.00000  1.75675e-13
      19.0000      917.360  3.52510e-12      2.00000  1.52232e-13
      19.0000      918.065  3.20398e-12      258.000  1.94053e-13
      19.0000      918.771  3.20330e-12      256.000  2.09392e-13
      19.0000      919.479  3.02952e-12      256.000  1.93185e-13
      19.0000      920.187  1.37422e-12      0.00000  1.77990e-13
      19.0000      920.894  2.79574e-13      0.00000  1.43695e-13
      19.0000      921.603  9.96733e-14      0.00000  1.13161e-13
      19.0000      922.313 -1.36624e-13      0.00000  1.07952e-13
      19.0000      923.022 -1.70494e-13      258.000  1.09544e-13
      19.0000      923.732  1.52017e-13      258.000  1.08675e-13
      19.0000      924.443  1.26247e-13      256.000  1.26909e-13
      19.0000      925.155  1.49907e-13      256.000  1.47168e-13
      19.0000      925.867  1.32565e-13      256.000  1.19094e-13
      19.0000      926.579  4.60245e-14      0.00000  1.01585e-13
      19.0000      927.292  4.01900e-14      258.000  1.08531e-13
      19.0000      928.005  2.55398e-13      258.000  1.68006e-13
      19.0000      928.720  6.26821e-13      256.000  1.80595e-13
      19.0000      929.435  6.34107e-13      256.000  1.05637e-13
      19.0000      930.149  4.28297e-13      256.000  1.09399e-13
      19.0000      930.866  4.77555e-13      256.000  9.73882e-14
      19.0000      931.582  6.18206e-13      0.00000  1.19818e-13
      19.0000      932.298  6.07991e-13      256.000  1.40511e-13
      19.0000      933.016  4.73975e-13      257.000  1.06939e-13
      19.0000      933.734  2.97669e-13      1.00000  9.72435e-14
      19.0000      934.453  5.94360e-13      1.00000  1.01585e-13
      19.0000      935.172  6.84447e-13      0.00000  1.10991e-13
      19.0000      935.891  6.54949e-13      0.00000  1.36170e-13
      19.0000      936.611  4.07354e-13      256.000  1.59468e-13
      19.0000      937.332  4.30844e-13      256.000  1.16490e-13
      19.0000      938.054  9.37996e-13      256.000  1.15477e-13
      19.0000      938.775  5.21085e-13      0.00000  1.03321e-13
      19.0000      939.498  6.30934e-13      0.00000  1.24159e-13
      19.0000      940.221  8.97784e-13      0.00000  1.08675e-13
      19.0000      940.944  9.70847e-13      256.000  1.00282e-13
      19.0000      941.668  9.53663e-13      256.000  1.21844e-13
      20.0000      941.668  1.87346e-12      256.000  5.78686e-13
      19.0000      942.393  7.22774e-13      0.00000  1.20397e-13
      20.0000      942.393  9.99829e-13      256.000  4.26888e-13
      19.0000      943.118  5.67714e-13      2.00000  9.95589e-14
      20.0000      943.118  7.64729e-13      256.000  6.61893e-13
      19.0000      943.844  2.18885e-13      2.00000  1.10123e-13
      20.0000      943.844  5.58797e-13     -15616.0          NaN
      19.0000      944.570  2.47560e-13      0.00000  1.32263e-13
      20.0000      944.570  3.76686e-13     -15616.0          NaN
      19.0000      945.298  2.89032e-13      256.000  1.00282e-13
      20.0000      945.298  1.82427e-13      1.00000  4.74931e-13
      19.0000      946.025  6.06735e-13     -15614.0          NaN
      20.0000      946.025 -1.14948e-11      1.00000  5.29775e-13
      19.0000      946.753  6.00572e-13     -15870.0          NaN
      20.0000      946.753 -5.01746e-12      1.00000  4.15600e-13
      19.0000      947.481  6.64883e-13      1.00000  9.43494e-14
      20.0000      947.481  2.21061e-12      257.000  3.83041e-13
      19.0000      948.211  7.88812e-13      1.00000  9.20341e-14
      20.0000      948.211  2.45829e-12      257.000  3.58875e-13
      19.0000      948.939  9.64903e-13      0.00000  9.07317e-14
      20.0000      948.939  3.94467e-12      0.00000  3.69439e-13
      19.0000      949.670  1.03083e-12      0.00000  8.81270e-14
      20.0000      949.670  3.38247e-12      0.00000  6.44817e-13
      19.0000      950.401  6.03619e-13      256.000  1.66559e-13
      20.0000      950.401  2.47604e-12      0.00000  5.93301e-13
      19.0000      951.133  2.44134e-13     -15616.0          NaN
      20.0000      951.133  2.15671e-12      0.00000  5.01412e-13
      19.0000      951.864  6.74238e-13     -15872.0          NaN
      20.0000      951.864  2.88050e-12      0.00000  3.08083e-13
      19.0000      952.597  1.00032e-12      0.00000  1.08675e-13
      20.0000      952.597  1.79961e-12      0.00000  2.47161e-13
      19.0000      953.330  9.62710e-13      0.00000  1.37906e-13
      20.0000      953.330  1.59771e-12      256.000  3.68426e-13
      19.0000      954.064  9.01449e-13      0.00000  1.46010e-13
      20.0000      954.064  2.29857e-12      256.000  2.33992e-13
      20.0000      954.798  2.29639e-12      0.00000  2.27191e-13
      20.0000      955.532  2.36273e-12      0.00000  2.04472e-13
      20.0000      956.268  9.26791e-13      0.00000  4.66972e-13
      20.0000      957.004  2.11639e-12      256.000  5.00688e-13
      20.0000      957.740  1.71369e-12      257.000  1.99986e-13
      20.0000      958.477  2.00062e-12      257.000  1.79148e-13
      20.0000      959.214  1.81156e-12      257.000  1.72492e-13
      20.0000      959.953  1.67563e-12      256.000  1.85660e-13
      20.0000      960.691  2.07848e-12      0.00000  1.54258e-13
      20.0000      961.430  1.51149e-12      0.00000  1.31539e-13
      20.0000      962.170  6.57429e-13      258.000  1.77412e-13
      20.0000      962.911  9.17457e-13      258.000  1.72057e-13
      20.0000      963.652  1.01701e-12      256.000  1.32842e-13
      20.0000      964.394  1.82783e-12      256.000  1.18516e-13
      20.0000      965.135  1.94257e-12      0.00000  1.25751e-13
      20.0000      965.878  1.98622e-12      256.000  1.89567e-13
      20.0000      966.622  1.79577e-12      256.000  1.16924e-13
      20.0000      967.365  1.55983e-12      258.000  1.77122e-13
      20.0000      968.110  5.97364e-14      258.000  2.16483e-13
      20.0000      968.855 -7.54371e-13      256.000  1.95645e-13
      20.0000      969.600 -1.15434e-12      256.000  1.69019e-13
      20.0000      970.346 -1.42415e-12      258.000  1.22712e-13
      20.0000      971.093 -1.51103e-12      258.000  1.07518e-13
      20.0000      971.840 -1.25135e-12      258.000  2.96940e-13
      20.0000      972.589 -9.85221e-13      258.000  2.13154e-13
      20.0000      973.336 -7.81257e-13      256.000  2.06208e-13
      20.0000      974.085 -4.79551e-13      256.000  2.05919e-13
      20.0000      974.836 -5.06239e-13      256.000  1.40656e-13
      20.0000      975.585 -3.02795e-13      256.000  1.05347e-13
      20.0000      976.337 -1.33381e-12      256.000  1.07228e-13
      20.0000      977.087 -8.64636e-13      256.000  1.18371e-13
      20.0000      977.839  3.95814e-13      0.00000  1.01874e-13
      20.0000      978.592  3.20881e-13      0.00000  8.39304e-14
      20.0000      979.345  7.31385e-14      256.000  9.14552e-14
      20.0000      980.098  2.35427e-13      256.000  9.63753e-14
      20.0000      980.853  4.20682e-13     -15616.0          NaN
      20.0000      981.608  3.87500e-13     -15616.0          NaN
      20.0000      982.363  5.87623e-13      256.000  1.06650e-13
      20.0000      983.119  7.49390e-13      0.00000  1.19384e-13
      20.0000      983.875  7.36101e-13      0.00000  9.56518e-14
      20.0000      984.633  6.36101e-13      0.00000  1.05202e-13
      20.0000      985.391  9.12708e-13      0.00000  1.37038e-13
      20.0000      986.149  1.11295e-12      256.000  9.79671e-14
      20.0000      986.908  9.59724e-13      256.000  1.05781e-13
      20.0000      987.667  6.34727e-13      0.00000  1.15043e-13
      20.0000      988.427  9.76163e-13      0.00000  1.11425e-13
      20.0000      989.187  1.06542e-12      0.00000  1.19529e-13
      20.0000      989.949  1.33419e-12      2.00000  3.44260e-13
      20.0000      990.710  1.07619e-12      2.00000  1.54837e-13
      20.0000      991.473  1.38118e-12      2.00000  1.34868e-13
      20.0000      992.236  1.50372e-12      0.00000  1.13885e-13
      20.0000      992.999  1.26303e-12      0.00000  1.31250e-13
      20.0000      993.763  1.57721e-12      0.00000  1.26185e-13
      20.0000      994.528  1.68567e-12      256.000  1.26474e-13
      20.0000      995.293  1.73639e-12      256.000  1.05926e-13
      20.0000      996.060  1.65775e-12      0.00000  9.76777e-14
      20.0000      996.826  1.77444e-12      0.00000  1.01151e-13
      20.0000      997.593  1.47542e-12      0.00000  8.97187e-14
      20.0000      998.361  1.54393e-12      256.000  9.26129e-14
      20.0000      999.129  2.10572e-12      256.000  1.25317e-13
      20.0000      999.898  2.66134e-12      256.000  1.31973e-13
      20.0000      1000.67  2.51688e-12      0.00000  1.05202e-13
      20.0000      1001.44  2.06317e-12      0.00000  1.04045e-13
      20.0000      1002.21  1.98697e-12      0.00000  1.29369e-13
      20.0000      1002.98  2.14290e-12      1.00000  1.16924e-13
      20.0000      1003.75  2.41781e-12      1.00000  1.21410e-13
