      11.0000      516.799  1.81568e-10      259.000  8.41041e-13
      11.0000      517.196  1.84344e-10      259.000  7.94011e-13
      11.0000      517.594  1.88891e-10      256.000  7.95892e-13
      11.0000      517.992  1.79689e-10      256.000  7.70568e-13
      11.0000      518.391  1.94231e-10      0.00000  8.82572e-13
      11.0000      518.790  1.78254e-10      0.00000  6.47277e-13
      11.0000      519.189  1.83249e-10      0.00000  7.75488e-13
      11.0000      519.589  1.77989e-10      0.00000  9.55215e-13
      11.0000      519.989  1.70344e-10      256.000  5.93735e-13
      11.0000      520.389  1.72659e-10      256.000  6.71154e-13
      11.0000      520.789  1.73963e-10      256.000  6.62906e-13
      11.0000      521.190  1.70845e-10      256.000  6.87796e-13
      11.0000      521.591  1.72786e-10      256.000  7.41771e-13
      11.0000      521.992  1.69279e-10      258.000  5.75936e-13
      11.0000      522.394  1.67872e-10      258.000  6.43949e-13
      11.0000      522.796  1.73487e-10      256.000  1.57746e-12
      11.0000      523.198  1.69428e-10      256.000  1.04653e-12
      11.0000      523.601  1.62796e-10      0.00000  1.66385e-12
      11.0000      524.004  1.63486e-10     -15614.0          NaN
      11.0000      524.407  1.67793e-10     -15614.0          NaN
      11.0000      524.811  1.63457e-10      256.000  4.83613e-13
      11.0000      525.214  1.61265e-10      256.000  3.90566e-13
      11.0000      525.619  1.58324e-10      256.000  4.75509e-13
      11.0000      526.023  1.56852e-10      256.000  4.05326e-13
      11.0000      526.428  1.57380e-10      256.000  6.38740e-13
      11.0000      526.833  1.54226e-10      256.000  5.36576e-13
      11.0000      527.238  1.51130e-10      0.00000  4.66248e-13
      11.0000      527.644  1.53516e-10      0.00000  4.43963e-13
      11.0000      528.050  1.51031e-10      0.00000  3.78555e-13
      11.0000      528.457  1.47409e-10      256.000  3.78989e-13
      11.0000      528.863  1.47341e-10      256.000  4.84915e-13
      11.0000      529.270  1.46633e-10      256.000  5.72753e-13
      11.0000      529.678  1.41724e-10      256.000  5.46127e-13
      11.0000      530.085  1.44009e-10      256.000  4.38609e-13
      11.0000      530.493  1.43123e-10      256.000  3.82752e-13
      11.0000      530.901  1.41797e-10      256.000  3.98670e-13
      11.0000      531.310  1.40737e-10      256.000  4.04458e-13
      11.0000      531.719  1.37701e-10      256.000  4.12706e-13
      11.0000      532.128  1.33866e-10      256.000  4.39332e-13
      11.0000      532.537  1.36911e-10      256.000  4.76956e-13
      11.0000      532.947  1.39103e-10      256.000  4.05471e-13
      11.0000      533.357  1.34106e-10      256.000  3.69149e-13
      11.0000      533.768  1.31345e-10      0.00000  3.71754e-13
      11.0000      534.179  1.33343e-10      0.00000  3.44260e-13
      11.0000      534.590  1.32419e-10      0.00000  3.71899e-13
      11.0000      535.001  1.27221e-10      256.000  4.94321e-13
      11.0000      535.413  1.26165e-10      258.000  4.12562e-13
      11.0000      535.825  1.26356e-10      258.000  4.34557e-13
      11.0000      536.237  1.27991e-10      256.000  4.14298e-13
      11.0000      536.650  1.26714e-10      256.000  3.27618e-13
      11.0000      537.063  1.24411e-10      256.000  3.49180e-13
      11.0000      537.476  1.20753e-10      0.00000  3.55691e-13
      11.0000      537.889  1.23566e-10     -15872.0          NaN
      11.0000      538.304  1.22324e-10     -15614.0          NaN
      11.0000      538.718  1.17908e-10      258.000  3.47733e-13
      11.0000      539.132  1.16983e-10      256.000  3.42523e-13
      11.0000      539.547  1.12668e-10      256.000  3.05188e-13
      11.0000      539.962  1.07820e-10     -15872.0          NaN
      11.0000      540.378  1.09273e-10     -15872.0          NaN
      11.0000      540.794  1.10820e-10      0.00000  3.61190e-13
      11.0000      541.210  1.08887e-10      256.000  3.72043e-13
      11.0000      541.626  1.11596e-10      256.000  3.33696e-13
      11.0000      542.043  1.08946e-10      256.000  3.09530e-13
      11.0000      542.460  1.05118e-10      1.00000  3.01571e-13
      11.0000      542.878  1.05277e-10      1.00000  2.95638e-13
      11.0000      543.295  1.04506e-10      0.00000  3.13871e-13
      11.0000      543.713  1.02940e-10      0.00000  3.02294e-13
      11.0000      544.132  1.05163e-10      0.00000  3.00413e-13
      11.0000      544.550  1.04450e-10      0.00000  2.80878e-13
      11.0000      544.970  1.04465e-10      0.00000  2.90139e-13
      11.0000      545.389  1.03024e-10      2.00000  2.78562e-13
      11.0000      545.809  1.02242e-10      258.000  2.86666e-13
      11.0000      546.229  1.02171e-10      256.000  2.86811e-13
      11.0000      546.649  1.01598e-10      256.000  3.07214e-13
      11.0000      547.070  1.01692e-10      258.000  3.13437e-13
      11.0000      547.491  1.02748e-10      258.000  2.92309e-13
      11.0000      547.912  1.02632e-10      256.000  2.58737e-13
      11.0000      548.334  9.86010e-11      256.000  2.53528e-13
      11.0000      548.756  9.47420e-11      0.00000  2.87679e-13
      11.0000      549.178  9.56216e-11      0.00000  3.25013e-13
      11.0000      549.600  9.73804e-11      0.00000  2.77405e-13
      11.0000      550.024  9.71278e-11      0.00000  2.75523e-13
      11.0000      550.447  9.70544e-11      0.00000  2.76826e-13
      11.0000      550.870  9.41828e-11      0.00000  2.61921e-13
      11.0000      551.294  9.29447e-11      0.00000  2.83338e-13
      11.0000      551.718  9.23949e-11      0.00000  3.47154e-13
      11.0000      552.143  9.31515e-11      0.00000  3.17489e-13
      11.0000      552.568  9.18032e-11      0.00000  3.21106e-13
      11.0000      552.993  9.00949e-11      256.000  3.54678e-13
      11.0000      553.418  9.05008e-11      256.000  3.18646e-13
      11.0000      553.844  8.91240e-11      256.000  3.27039e-13
      11.0000      554.271  8.97328e-11      0.00000  3.77832e-13
      11.0000      554.697  8.71938e-11      2.00000  4.18929e-13
      11.0000      555.124  8.78122e-11      2.00000  3.72767e-13
      11.0000      555.551  8.71586e-11      2.00000  3.40208e-13
      11.0000      555.979  8.74994e-11      0.00000  3.11845e-13
      11.0000      556.407  8.67702e-11      0.00000  2.95493e-13
      11.0000      556.835  8.44723e-11      0.00000  3.38905e-13
      11.0000      557.263  8.38415e-11      0.00000  3.05333e-13
      11.0000      557.692  8.40298e-11      0.00000  3.02728e-13
      11.0000      558.121  8.36898e-11      0.00000  3.06201e-13
      11.0000      558.551  8.34935e-11      256.000  2.85074e-13
      12.0000      561.999  8.20368e-11      256.000  6.12548e-13
      12.0000      562.431  8.45030e-11      256.000  6.16889e-13
      12.0000      562.864  7.90922e-11      0.00000  4.95768e-13
      12.0000      563.297  8.02064e-11      0.00000  6.37582e-13
      12.0000      563.731  7.67073e-11      256.000  4.81732e-13
      12.0000      564.164  7.57240e-11      256.000  5.23842e-13
      12.0000      564.599  7.71478e-11      256.000  6.02997e-13
      12.0000      565.033  7.69504e-11      0.00000  5.20658e-13
      12.0000      565.468  7.80803e-11      256.000  4.35136e-13
      12.0000      565.903  7.59895e-11      256.000  5.31801e-13
      12.0000      566.338  7.26850e-11      256.000  5.58137e-13
      12.0000      566.774  7.38662e-11      256.000  4.93308e-13
      12.0000      567.210  7.54474e-11      256.000  2.71472e-12
      12.0000      567.647  7.33744e-11      256.000  4.73903e-12
      12.0000      568.084  7.28821e-11      256.000  3.44838e-13
      12.0000      568.521  7.22269e-11      257.000  6.34688e-13
      12.0000      568.958  7.20842e-11      1.00000  6.11100e-13
      12.0000      569.396  7.13869e-11      256.000  3.98091e-13
      12.0000      569.834  7.08978e-11     -15616.0          NaN
      12.0000      570.273  7.21791e-11     -15616.0          NaN
      12.0000      570.711  7.31151e-11      256.000  3.30657e-13
      12.0000      571.151  6.97328e-11      258.000  2.88402e-13
      12.0000      571.590  6.92850e-11      258.000  3.15607e-13
      12.0000      572.030  6.88195e-11      256.000  3.94618e-13
      12.0000      572.470  6.72507e-11      258.000  3.65387e-13
      12.0000      572.911  6.84008e-11      258.000  3.49903e-13
      12.0000      573.352  6.80161e-11      256.000  3.10543e-13
      12.0000      573.793  6.87705e-11      0.00000  4.05905e-13
      12.0000      574.234  6.68750e-11      0.00000  4.06484e-13
      12.0000      574.676  6.74041e-11      0.00000  3.73056e-13
      12.0000      575.119  6.65566e-11      0.00000  2.97519e-13
      12.0000      575.561  6.79260e-11      256.000  3.30078e-13
      12.0000      576.004  6.95332e-11      256.000  3.16186e-13
      12.0000      576.447  6.68700e-11      258.000  3.11556e-13
      12.0000      576.891  6.39412e-11      2.00000  2.94769e-13
      12.0000      577.335  6.29293e-11      0.00000  2.86811e-13
      12.0000      577.779  6.44682e-11      0.00000  3.25448e-13
      12.0000      578.224  6.34184e-11      256.000  3.21685e-13
      12.0000      578.669  6.23874e-11      0.00000  2.87968e-13
      12.0000      579.114  6.21057e-11     -15872.0          NaN
      12.0000      579.560  6.31418e-11     -15872.0          NaN
      12.0000      580.006  6.30194e-11      256.000  3.06057e-13
      12.0000      580.452  6.12417e-11      256.000  4.06194e-13
      12.0000      580.899  6.24505e-11      256.000  2.76681e-13
      12.0000      581.346  6.17361e-11      256.000  3.29644e-13
      12.0000      581.793  6.11791e-11      0.00000  5.00254e-13
      12.0000      582.241  6.03567e-11     -15872.0          NaN
      12.0000      582.689  5.92152e-11     -15870.0          NaN
      12.0000      583.137  6.08681e-11      258.000  4.86941e-13
      12.0000      583.586  6.02347e-11      256.000  2.81167e-13
      12.0000      584.035  6.18576e-11      0.00000  2.61631e-13
      12.0000      584.484  6.28117e-11      256.000  3.24724e-13
      12.0000      584.934  5.83534e-11      258.000  2.47305e-13
      12.0000      585.384  5.27248e-11      3.00000  2.52081e-13
      12.0000      585.835  5.77952e-11      1.00000  2.37610e-13
      12.0000      586.286  8.45090e-11      8.00000  3.73490e-13
      12.0000      586.737  2.45259e-10      8.00000  4.56553e-13
      12.0000      587.188  2.32295e-10      8.00000  3.80726e-13
      12.0000      587.640  7.63611e-11      0.00000  2.44267e-13
      12.0000      588.092  5.71755e-11      0.00000  2.33848e-13
      12.0000      588.545  5.30481e-11      1.00000  2.44122e-13
      12.0000      588.998  5.16245e-11      1.00000  2.98098e-13
      12.0000      589.451  5.19729e-11      1.00000  2.28349e-13
      12.0000      589.905  5.17433e-11      256.000  2.26757e-13
      12.0000      590.359  5.11393e-11      256.000  2.38623e-13
      12.0000      590.813  5.06907e-11      256.000  2.29072e-13
      12.0000      591.267  4.87559e-11      256.000  2.07077e-13
      12.0000      591.723  4.90984e-11      256.000  2.37610e-13
      12.0000      592.178  4.80416e-11      256.000  2.40794e-13
      12.0000      592.634  4.89833e-11      256.000  2.27770e-13
      12.0000      593.090  4.88896e-11      256.000  2.06208e-13
      12.0000      593.546  4.99349e-11      0.00000  1.97526e-13
      12.0000      594.003  4.85549e-11      0.00000  2.25310e-13
      12.0000      594.460  4.69322e-11      2.00000  2.22850e-13
      12.0000      594.917  4.74628e-11      2.00000  2.17785e-13
      12.0000      595.375  4.69250e-11      256.000  2.37321e-13
      12.0000      595.833  4.68629e-11      256.000  2.27915e-13
      12.0000      596.292  4.66733e-11      0.00000  1.90435e-13
      12.0000      596.751  4.59170e-11      258.000  1.80016e-13
      12.0000      597.210  4.55219e-11      258.000  1.82621e-13
      12.0000      597.669  4.57672e-11      256.000  2.30953e-13
      12.0000      598.129  4.50686e-11      2.00000  2.33269e-13
      12.0000      598.589  4.50749e-11      2.00000  1.81319e-13
      12.0000      599.050  4.44925e-11      0.00000  1.83634e-13
      12.0000      599.511  4.38539e-11      0.00000  1.86673e-13
      12.0000      599.972  4.38763e-11      0.00000  1.93619e-13
      12.0000      600.434  4.28780e-11      0.00000  1.93040e-13
      12.0000      600.896  4.26402e-11      0.00000  2.12576e-13
      12.0000      601.359  4.26769e-11      0.00000  2.10405e-13
      12.0000      601.822  4.18585e-11      0.00000  1.93185e-13
      12.0000      602.284  4.21055e-11      0.00000  1.98394e-13
      12.0000      602.748  4.12026e-11      0.00000  2.01288e-13
      12.0000      603.212  4.14844e-11      0.00000  2.57869e-13
      12.0000      603.676  4.10189e-11      258.000  3.34709e-13
      12.0000      604.141  3.98121e-11      258.000  3.26316e-13
      12.0000      604.606  4.02406e-11      256.000  2.43977e-13
      12.0000      605.071  3.97745e-11      768.000  2.27915e-13
      12.0000      605.537  4.00742e-11     -15616.0          NaN
      12.0000      606.002  4.20065e-11     -15616.0          NaN
      12.0000      606.469  4.05563e-11     -15616.0          NaN
      12.0000      606.935  4.04301e-11      256.000  2.39057e-13
      12.0000      607.402  4.02978e-11      256.000  2.23863e-13
      13.0000      607.402  4.28864e-11     -15872.0          NaN
      13.0000      607.870  4.06369e-11     -15872.0          NaN
      13.0000      608.338  3.97940e-11      0.00000  6.60880e-13
      13.0000      608.806  4.11121e-11      2.00000  4.27611e-13
      13.0000      609.274  3.93800e-11      2.00000  3.99393e-13
      13.0000      609.743  4.11427e-11      0.00000  4.83758e-13
      13.0000      610.212  4.07718e-11      0.00000  4.96203e-13
      13.0000      610.682  4.00364e-11      1.00000  6.11100e-13
      13.0000      611.152  4.49137e-11      1.00000  5.99669e-13
      13.0000      611.622  4.29232e-11      1.00000  4.50909e-13
      13.0000      612.093  4.18907e-11      257.000  5.32090e-13
      13.0000      612.564  3.78812e-11      257.000  6.04589e-13
      13.0000      613.035  3.69029e-11      257.000  4.69142e-13
      13.0000      613.507  3.59017e-11      258.000  5.18198e-13
      13.0000      613.979  3.73500e-11      258.000  4.03445e-13
      13.0000      614.451  3.79065e-11      256.000  3.79279e-13
      13.0000      614.924  3.62420e-11      258.000  5.62479e-13
      13.0000      615.397  3.69945e-11      258.000  3.52653e-13
      13.0000      615.871  3.65900e-11      256.000  3.69149e-13
      13.0000      616.345  3.77043e-11      256.000  5.63202e-13
      13.0000      616.819  3.64163e-11      256.000  3.43247e-13
      13.0000      617.294  2.44662e-11      256.000  3.61190e-13
      13.0000      617.769  1.21266e-11      258.000  1.46589e-13
      13.0000      618.245  3.54500e-11      258.000  3.47154e-13
      13.0000      618.720  3.42965e-11      256.000  4.76378e-13
      13.0000      619.196  3.38378e-11      0.00000  3.62927e-13
      13.0000      619.673  3.45424e-11      0.00000  4.12272e-13
      13.0000      620.150  3.53694e-11      256.000  4.59013e-13
      13.0000      620.627  3.53377e-11     -15616.0          NaN
      13.0000      621.105  3.46647e-11     -15616.0          NaN
      13.0000      621.582  3.43423e-11      256.000  3.07793e-13
      13.0000      622.061  3.38247e-11      258.000  2.41083e-13
      13.0000      622.539  3.33290e-11      258.000  2.16049e-13
      13.0000      623.018  3.26809e-11      256.000  2.10984e-13
      13.0000      623.498  3.25994e-11      256.000  2.20245e-13
      13.0000      623.978  3.25051e-11      0.00000  1.96947e-13
      13.0000      624.458  3.20807e-11      256.000  2.27046e-13
      13.0000      624.938  3.15136e-11      256.000  1.85949e-13
      13.0000      625.419  3.08337e-11      0.00000  1.79437e-13
      13.0000      625.901  3.01286e-11      0.00000  1.83200e-13
      13.0000      626.382  2.97814e-11      0.00000  1.87396e-13
      13.0000      626.864  3.00056e-11      256.000  2.23863e-13
      13.0000      627.347  4.03229e-11      257.000  2.16917e-13
      13.0000      627.830  5.07028e-11      257.000  2.13588e-13
      13.0000      628.312  4.00513e-11      0.00000  1.90435e-13
      13.0000      628.796  3.10330e-11      0.00000  1.71913e-13
      13.0000      629.280  2.94148e-11      0.00000  1.82332e-13
      13.0000      629.764  2.90147e-11      256.000  2.07077e-13
      13.0000      630.249  2.92633e-11      256.000  1.94342e-13
      13.0000      630.734  3.04401e-11      256.000  1.63230e-13
      13.0000      631.219  3.15446e-11      0.00000  1.60481e-13
      13.0000      631.705  3.17379e-11      0.00000  1.59757e-13
      13.0000      632.191  3.22554e-11      0.00000  2.00420e-13
      13.0000      632.678  3.51458e-11      0.00000  2.30519e-13
      13.0000      633.164  3.61146e-11      256.000  1.93908e-13
      13.0000      633.652  3.43332e-11      256.000  1.75675e-13
      13.0000      634.139  3.23590e-11      0.00000  1.64967e-13
      13.0000      634.627  2.96891e-11      0.00000  1.96658e-13
      13.0000      635.115  2.69128e-11      256.000  1.56140e-13
      13.0000      635.604  2.51937e-11      256.000  1.41379e-13
      13.0000      636.094  2.40853e-11      0.00000  1.41235e-13
      13.0000      636.583  2.31413e-11      0.00000  1.49772e-13
      13.0000      637.073  2.21892e-11      0.00000  1.44274e-13
      13.0000      637.563  2.15772e-11      0.00000  1.45721e-13
      13.0000      638.054  2.13565e-11      0.00000  1.38775e-13
      13.0000      638.545  2.20596e-11      0.00000  1.43695e-13
      13.0000      639.036  2.23377e-11      256.000  1.39788e-13
      13.0000      639.528  2.24342e-11      258.000  1.98684e-13
      13.0000      640.020  2.24865e-11      2.00000  2.43398e-13
      13.0000      640.512  2.06549e-11      0.00000  1.83055e-13
      13.0000      641.005  2.00633e-11      256.000  1.70610e-13
      13.0000      641.499  1.95620e-11      256.000  1.51798e-13
      13.0000      641.992  1.95469e-11      2.00000  1.48325e-13
      13.0000      642.486  1.90774e-11      2.00000  1.35446e-13
      13.0000      642.981  1.89228e-11      258.000  1.49483e-13
      13.0000      643.475  1.82279e-11      256.000  1.68729e-13
      13.0000      643.971  1.81512e-11      256.000  1.62217e-13
      13.0000      644.466  1.84984e-11      256.000  1.61638e-13
      13.0000      644.962  1.76450e-11      0.00000  1.55705e-13
      13.0000      645.459  1.75948e-11      0.00000  1.61783e-13
      13.0000      645.955  1.72191e-11      0.00000  1.97237e-13
      13.0000      646.452  1.74908e-11      0.00000  1.87396e-13
      13.0000      646.950  1.67010e-11      0.00000  1.96802e-13
      13.0000      647.447  1.69260e-11      256.000  1.71913e-13
      13.0000      647.946  1.62539e-11      256.000  1.81463e-13
      13.0000      648.445  1.65035e-11      0.00000  3.73635e-13
      13.0000      648.943  1.70248e-11      0.00000  3.06346e-13
      13.0000      649.443  1.59030e-11      0.00000  2.15470e-13
      13.0000      649.942  1.55963e-11      0.00000  1.61783e-13
      13.0000      650.442  1.57354e-11      0.00000  1.48470e-13
      13.0000      650.943  1.51193e-11      0.00000  1.46878e-13
      13.0000      651.444  1.44688e-11      1.00000  2.46582e-13
      13.0000      651.945  1.45896e-11      1.00000  3.02873e-13
      13.0000      652.447  1.47279e-11      0.00000  3.42234e-13
      13.0000      652.949  1.50877e-11      0.00000  2.59316e-13
      14.0000      652.949  1.85033e-11      256.000  6.67247e-13
      13.0000      653.452  1.46953e-11      256.000  1.46010e-13
      14.0000      653.452  1.93562e-11      256.000  4.52501e-13
      13.0000      653.955  1.41084e-11     -15616.0          NaN
      14.0000      653.955  1.56032e-11      256.000  4.54382e-13
      13.0000      654.458  1.42123e-11     -15872.0          NaN
      14.0000      654.458  1.56598e-11      256.000  3.66689e-13
      13.0000      654.961  1.43849e-11      0.00000  1.70755e-13
      14.0000      654.961  1.54691e-11      256.000  3.92447e-13
      13.0000      655.465  1.47678e-11      0.00000  1.69597e-13
      14.0000      655.465  1.53169e-11      256.000  4.26019e-13
      13.0000      655.970  1.48388e-11      256.000  1.63230e-13
      14.0000      655.970  1.53822e-11      256.000  4.40635e-13
      13.0000      656.475  1.34595e-11      256.000  1.57297e-13
      14.0000      656.475  1.47853e-11      256.000  3.74359e-13
      13.0000      656.980  1.32848e-11      256.000  1.80595e-13
      14.0000      656.980  1.51364e-11      256.000  3.14884e-13
      14.0000      657.485  1.50832e-11      256.000  3.25448e-13
      14.0000      657.991  1.50716e-11      256.000  3.52218e-13
      14.0000      658.497  1.47538e-11      256.000  3.75227e-13
      14.0000      659.004  1.54422e-11      256.000  7.50020e-13
      14.0000      659.511  1.62874e-11      256.000  3.05623e-13
      14.0000      660.019  1.35804e-11      257.000  3.99393e-13
      14.0000      660.527  1.43273e-11      257.000  3.83475e-13
      14.0000      661.035  1.54127e-11      256.000  3.35722e-13
      14.0000      661.544  1.42620e-11      256.000  4.26453e-13
      14.0000      662.053  1.36027e-11      256.000  3.72043e-13
      14.0000      662.562  1.37024e-11      256.000  2.75379e-13
      14.0000      663.072  1.38973e-11      256.000  2.27770e-13
      14.0000      663.582  1.40939e-11      256.000  2.37321e-13
      14.0000      664.093  1.38716e-11      256.000  2.29506e-13
      14.0000      664.604  1.31102e-11      256.000  2.45858e-13
      14.0000      665.116  1.28306e-11      256.000  2.26612e-13
      14.0000      665.627  1.38867e-11      256.000  2.31388e-13
      14.0000      666.140  1.32388e-11      256.000  2.52804e-13
      14.0000      666.652  1.46670e-11      256.000  2.32835e-13
      14.0000      667.165  2.03000e-11      0.00000  2.98387e-13
      14.0000      667.678  2.31863e-11      258.000  3.33117e-13
      14.0000      668.192  1.68391e-11      258.000  2.36886e-13
      14.0000      668.707  1.39065e-11      0.00000  2.00131e-13
      14.0000      669.221  1.28099e-11      256.000  1.83779e-13
      14.0000      669.736  1.39655e-11      256.000  1.70321e-13
      14.0000      670.252  1.49823e-11      256.000  1.78714e-13
      14.0000      670.767  1.13467e-11      1.00000  2.76536e-13
      14.0000      671.283  9.93406e-12      1.00000  4.58000e-13
      14.0000      671.800  1.21925e-11      1.00000  1.58021e-13
      14.0000      672.317  1.32288e-11      1.00000  1.67282e-13
      14.0000      672.834  1.35860e-11      0.00000  1.57587e-13
      14.0000      673.352  1.26674e-11      0.00000  1.65256e-13
      14.0000      673.870  1.29124e-11      0.00000  2.20969e-13
      14.0000      674.389  1.62391e-11      0.00000  1.97671e-13
      14.0000      674.908  2.02611e-11      256.000  1.62941e-13
      14.0000      675.427  1.65965e-11      258.000  1.45431e-13
      14.0000      675.947  1.22304e-11      258.000  1.59902e-13
      14.0000      676.467  1.23259e-11      256.000  1.52377e-13
      14.0000      676.988  1.52558e-11      256.000  1.47023e-13
      14.0000      677.509  1.68745e-11      256.000  1.68729e-13
      14.0000      678.030  1.36178e-11      257.000  1.72636e-13
      14.0000      678.552  1.27060e-11      1.00000  1.55850e-13
      14.0000      679.074  2.18747e-11      0.00000  1.34578e-13
      14.0000      679.597  3.33905e-11      0.00000  1.39788e-13
      14.0000      680.119  2.51305e-11      0.00000  1.41090e-13
      14.0000      680.643  1.49996e-11      256.000  1.38341e-13
      14.0000      681.166  1.66045e-11      256.000  1.47747e-13
      14.0000      681.691  2.17251e-11      0.00000  1.38196e-13
      14.0000      682.215  2.24165e-11      0.00000  1.36459e-13
      14.0000      682.740  1.13133e-11      0.00000  1.36025e-13
      14.0000      683.266  1.04972e-11     -15872.0          NaN
      14.0000      683.792  3.30500e-11     -15872.0          NaN
      14.0000      684.318  6.39213e-11      0.00000  1.96658e-13
      14.0000      684.844  3.79578e-11     -15872.0          NaN
      14.0000      685.371  1.18858e-11     -15870.0          NaN
      14.0000      685.899  1.56825e-11      2.00000  1.33999e-13
      14.0000      686.427  3.63705e-11     -15872.0          NaN
      14.0000      686.955  4.02208e-11     -15870.0          NaN
      14.0000      687.484  1.47520e-11      2.00000  1.90146e-13
      14.0000      688.012  1.51562e-11      0.00000  1.42971e-13
      14.0000      688.542  5.86020e-11      8.00000  1.82187e-13
      14.0000      689.072  1.41797e-10     -15608.0          NaN
      14.0000      689.602  6.18461e-11     -15615.0          NaN
      14.0000      690.133  1.66541e-11     -15615.0          NaN
      14.0000      690.664  2.06574e-11     -15615.0          NaN
      14.0000      691.195  7.79666e-11      1.00000  2.12865e-13
      14.0000      691.727  6.32475e-11      0.00000  2.01722e-13
      14.0000      692.260  1.53761e-11      2.00000  1.70900e-13
      14.0000      692.792  1.45478e-11      2.00000  1.40801e-13
      14.0000      693.326  1.05087e-10      0.00000  2.24442e-13
      14.0000      693.859  1.76441e-10      8.00000  3.08517e-13
      14.0000      694.393  5.20956e-11      8.00000  1.88844e-13
      14.0000      694.927  1.69207e-11      256.000  1.50351e-13
      14.0000      695.462  4.75964e-11      258.000  1.75530e-13
      14.0000      695.997  1.19912e-10      258.000  2.12720e-13
      14.0000      696.533  6.50795e-11      256.000  1.59323e-13
      14.0000      697.069  3.92790e-11      257.000  1.90580e-13
      14.0000      697.605  4.64311e-11      257.000  2.15759e-13
      14.0000      698.142  1.74724e-10      264.000  2.49331e-13
      14.0000      698.679  1.66901e-10      8.00000  2.33558e-13
      15.0000      698.679  1.67660e-10      1.00000  1.63925e-12
      14.0000      699.217  5.94464e-11      256.000  1.75241e-13
      15.0000      699.217  5.09160e-11      1.00000  8.85755e-13
      14.0000      699.755  2.58050e-11      256.000  1.70900e-13
      15.0000      699.755  2.72761e-11      0.00000  6.61169e-13
      14.0000      700.293  9.56663e-11      0.00000  1.95211e-13
      15.0000      700.293  1.01573e-10      256.000  6.42502e-13
      14.0000      700.832  1.49018e-10      0.00000  2.26902e-13
      15.0000      700.832  1.61165e-10      258.000  6.08496e-13
      14.0000      701.371  8.00737e-11      0.00000  1.86239e-13
      15.0000      701.371  7.89555e-11      2.00000  5.60887e-13
      14.0000      701.911  2.12140e-11      0.00000  1.38775e-13
      15.0000      701.911  2.80198e-11      256.000  5.28906e-13
      14.0000      702.451  8.60871e-11      8.00000  1.84647e-13
      15.0000      702.451  1.07269e-10      256.000  1.34130e-12
      14.0000      702.992  2.38654e-10      10.0000  3.21251e-13
      15.0000      702.992  3.28273e-10      258.000  7.40903e-13
      14.0000      703.533  1.96766e-10      2.00000  3.22264e-13
      15.0000      703.533  1.98510e-10      2.00000  5.89684e-13
      14.0000      704.074  3.13116e-11      257.000  1.69597e-13
      15.0000      704.074  5.06387e-11      2.00000  4.43095e-13
      14.0000      704.616  3.23276e-11      257.000  1.67137e-13
      15.0000      704.616  4.17408e-11      2.00000  4.36294e-13
      14.0000      705.158  1.49382e-10      256.000  3.03597e-13
      15.0000      705.158  1.94981e-10      256.000  6.69128e-13
      14.0000      705.701  2.01236e-10      257.000  4.15600e-13
      15.0000      705.701  2.07384e-10      256.000  6.96333e-13
      14.0000      706.244  3.56713e-11      257.000  4.07063e-13
      15.0000      706.244  4.23702e-11      256.000  3.99972e-13
      15.0000      706.788  2.96604e-11      256.000  3.55402e-13
      15.0000      707.332  1.45420e-10      0.00000  5.01846e-13
      15.0000      707.876  3.27489e-10      0.00000  6.38161e-13
      15.0000      708.421  1.06816e-10      0.00000  4.22257e-13
      15.0000      708.965  3.22352e-11      0.00000  3.56994e-13
      15.0000      709.511  7.45365e-11      0.00000  3.79423e-13
      15.0000      710.057  1.88395e-10     -15872.0          NaN
      15.0000      710.604  1.29376e-10     -15872.0          NaN
      15.0000      711.151  3.27143e-11      0.00000  2.69446e-13
      15.0000      711.698  6.61223e-11      256.000  4.03734e-13
      15.0000      712.245  2.03221e-10      256.000  3.52797e-13
      15.0000      712.793  2.50691e-10      0.00000  4.22546e-13
      15.0000      713.342  6.52263e-11      0.00000  2.61342e-13
      15.0000      713.891  4.60626e-11      0.00000  2.36886e-13
      15.0000      714.440  1.26239e-10      0.00000  2.72050e-13
      15.0000      714.990  1.93812e-10      256.000  3.63071e-13
      15.0000      715.540  9.54777e-11      256.000  2.98532e-13
      15.0000      716.091  4.64737e-11      1.00000  2.12576e-13
      15.0000      716.642  1.43576e-10      1.00000  2.47450e-13
      15.0000      717.193  2.81743e-10      9.00000  3.28197e-13
      15.0000      717.745  1.92832e-10      8.00000  3.04175e-13
      15.0000      718.297  4.33897e-11      0.00000  1.88988e-13
      15.0000      718.850  7.49846e-11      0.00000  2.15325e-13
      15.0000      719.403  1.75224e-10      8.00000  2.68143e-13
      15.0000      719.957  1.62757e-10      8.00000  2.69156e-13
      15.0000      720.511  4.66568e-11      0.00000  1.95934e-13
      15.0000      721.066  6.06391e-11     -15872.0          NaN
      15.0000      721.620  1.93508e-10     -15872.0          NaN
      15.0000      722.175  2.34068e-10      0.00000  2.82325e-13
      15.0000      722.731  1.03703e-10      0.00000  2.14312e-13
      15.0000      723.288  5.91475e-11      0.00000  1.83779e-13
      15.0000      723.844  9.33597e-11      0.00000  1.94198e-13
      15.0000      724.401  1.10204e-10      257.000  2.02157e-13
      15.0000      724.959  5.25118e-11      257.000  1.52377e-13
      15.0000      725.517  1.81364e-11      0.00000  1.28645e-13
      15.0000      726.075  1.61936e-11      0.00000  1.55705e-13
      15.0000      726.634  1.59968e-11      0.00000  1.46589e-13
      15.0000      727.193  3.75035e-11      0.00000  1.49049e-13
      15.0000      727.752  2.16717e-10      0.00000  2.29796e-13
      15.0000      728.312  7.63325e-10      28.0000  4.66393e-13
      15.0000      728.873  2.06769e-09      28.0000  1.78251e-12
      15.0000      729.434  2.95739e-09      28.0000  2.69938e-12
      15.0000      729.995  1.88041e-09      30.0000  1.40699e-12
      15.0000      730.557  7.97818e-10      30.0000  5.12120e-13
      15.0000      731.119  4.18283e-10     -15872.0          NaN
      15.0000      731.681  2.47902e-10     -15616.0          NaN
      15.0000      732.245  8.30331e-11      256.000  1.90001e-13
      15.0000      732.808  6.86345e-11      256.000  1.87396e-13
      15.0000      733.372  1.75901e-10      264.000  2.08090e-13
      15.0000      733.936  2.63805e-10      264.000  2.96361e-13
      15.0000      734.501  9.65625e-11      0.00000  2.57290e-13
      15.0000      735.067  7.73099e-11      0.00000  2.20679e-13
      15.0000      735.632  1.60645e-10      8.00000  2.65249e-13
      15.0000      736.198  2.55429e-10      8.00000  3.05188e-13
      15.0000      736.764  1.05316e-10      2.00000  2.46292e-13
      15.0000      737.332  6.43391e-11      2.00000  2.46727e-13
      15.0000      737.899  1.34337e-10      8.00000  2.19232e-13
      15.0000      738.467  3.23720e-10      8.00000  3.35288e-13
      15.0000      739.035  1.30936e-10      0.00000  2.32256e-13
      15.0000      739.604  5.48473e-11      0.00000  1.86094e-13
      15.0000      740.173  7.04173e-11      0.00000  2.18943e-13
      15.0000      740.742  2.19163e-10      0.00000  3.04610e-13
      15.0000      741.312  9.89413e-11      1.00000  2.25020e-13
      15.0000      741.883  5.09773e-11      1.00000  1.91882e-13
      15.0000      742.454  7.09608e-11      1.00000  2.20390e-13
      15.0000      743.025  2.58973e-10      1.00000  3.80871e-13
      15.0000      743.597  1.46633e-10      0.00000  2.81022e-13
      15.0000      744.169  6.04648e-11      0.00000  1.65546e-13
      15.0000      744.742  5.25355e-11      0.00000  1.93040e-13
      16.0000      744.742  5.60210e-11      256.000  1.22871e-12
      15.0000      745.315  1.68876e-10     -15864.0          NaN
      16.0000      745.315  1.78066e-10      256.000  1.17329e-12
      15.0000      745.888  1.24885e-10     -15864.0          NaN
      16.0000      745.888  1.35395e-10      256.000  1.02337e-12
      15.0000      746.463  5.89229e-11      0.00000  1.47457e-13
      16.0000      746.463  5.99850e-11      256.000  9.58978e-13
      15.0000      747.037  6.78921e-11      0.00000  1.56140e-13
      16.0000      747.037  8.22957e-11      256.000  7.81132e-13
      15.0000      747.612  2.12735e-10      0.00000  2.76392e-13
      16.0000      747.612  2.18575e-10      256.000  9.33943e-13
      15.0000      748.187  1.95696e-10      0.00000  2.45424e-13
      16.0000      748.187  2.10947e-10      256.000  1.08473e-12
      15.0000      748.763  7.89284e-11      256.000  1.68584e-13
      16.0000      748.763  6.60374e-11      256.000  5.75358e-13
      15.0000      749.339  6.95521e-11      256.000  1.53824e-13
      16.0000      749.339  6.25318e-11      256.000  5.34550e-13
      15.0000      749.916  1.52981e-10      264.000  2.02157e-13
      16.0000      749.916  1.49054e-10      256.000  6.95754e-13
      15.0000      750.493  1.66775e-10      8.00000  2.38912e-13
      16.0000      750.493  1.58128e-10      256.000  9.35680e-13
      15.0000      751.070  6.02634e-11      0.00000  1.91159e-13
      16.0000      751.070  5.71425e-11      256.000  6.86638e-13
      15.0000      751.649  5.69475e-11      1.00000  2.22560e-13
      16.0000      751.649  5.58618e-11      256.000  6.16744e-13
      15.0000      752.227  1.60469e-10      257.000  2.74655e-13
      16.0000      752.227  1.86061e-10      256.000  6.28899e-13
      15.0000      752.806  2.30819e-10      256.000  3.04031e-13
      16.0000      752.806  1.95965e-10      256.000  5.00978e-13
      15.0000      753.385  6.02248e-11      0.00000  1.85515e-13
      16.0000      753.385  7.15348e-11     -15616.0          NaN
      15.0000      753.965  3.04068e-11      0.00000  1.57008e-13
      16.0000      753.965  3.69309e-11     -15616.0          NaN
      15.0000      754.545  1.05141e-10      0.00000  2.90428e-13
      16.0000      754.545  1.17239e-10     -15616.0  3.98814e-13
      15.0000      755.126  1.45704e-10      0.00000  3.71899e-13
      16.0000      755.126  1.26011e-10      256.000  3.72333e-13
      15.0000      755.707  3.87392e-11      0.00000  1.93619e-13
      16.0000      755.707  5.49942e-11      256.000  3.12858e-13
      16.0000      756.288  3.46457e-11      256.000  2.74800e-13
      16.0000      756.870  1.45262e-10      256.000  3.70307e-13
      16.0000      757.452  1.59895e-10      256.000  4.83324e-13
      16.0000      758.035  5.99981e-11      256.000  3.76963e-13
      16.0000      758.619  2.60917e-11      256.000  3.54244e-13
      16.0000      759.202  8.68303e-11     -15616.0          NaN
      16.0000      759.787  1.03076e-10     -15616.0          NaN
      16.0000      760.371  3.83604e-11      256.000  2.47739e-13
      16.0000      760.956  2.13245e-11      258.000  3.69728e-13
      16.0000      761.542  1.19225e-10      258.000  3.95341e-13
      16.0000      762.128  1.43929e-10      256.000  3.93026e-13
      16.0000      762.715  3.96233e-11      256.000  2.49331e-13
      16.0000      763.302  1.71141e-11      256.000  2.28638e-13
      16.0000      763.889  6.52369e-11      256.000  3.36156e-13
      16.0000      764.477  8.35810e-11      256.000  3.79713e-13
      16.0000      765.065  2.23317e-11      256.000  1.93329e-13
      16.0000      765.654  1.44991e-11      256.000  1.91304e-13
      16.0000      766.243  9.20326e-11      256.000  3.06636e-13
      16.0000      766.832  1.18514e-10      256.000  3.66689e-13
      16.0000      767.423  2.41246e-11      256.000  4.64801e-13
      16.0000      768.013  1.18419e-11      256.000  4.75654e-13
      16.0000      768.604  3.87165e-11      256.000  3.06057e-13
      16.0000      769.196  5.05093e-11      256.000  2.46148e-13
      16.0000      769.787  1.25183e-11      256.000  1.75675e-13
      16.0000      770.380  1.15211e-11      0.00000  2.31822e-13
      16.0000      770.973  5.45698e-11      256.000  2.12720e-13
      16.0000      771.566  3.94564e-11      256.000  2.22126e-13
      16.0000      772.160  1.16430e-11      256.000  1.67427e-13
      16.0000      772.754  3.96081e-12      259.000  2.59171e-13
      16.0000      773.349  2.46288e-11      259.000  1.68295e-13
      16.0000      773.944  2.36005e-11      1.00000  1.62796e-13
      16.0000      774.539  7.23390e-12      0.00000  3.90711e-13
      16.0000      775.135  9.73820e-12      1.00000  1.47457e-13
      16.0000      775.732  3.94078e-11      1.00000  3.86659e-13
      16.0000      776.329  2.74749e-11      1.00000  1.64098e-13
      16.0000      776.927  7.34102e-12      3.00000  1.32408e-13
      16.0000      777.524  6.60931e-12      2.00000  1.32263e-13
      16.0000      778.122  1.38951e-11      2.00000  1.37472e-13
      16.0000      778.721  9.08974e-12      0.00000  1.32842e-13
      16.0000      779.321  4.10973e-12      0.00000  1.49338e-13
      16.0000      779.920  7.15409e-12      256.000  1.31105e-13
      16.0000      780.520  1.91601e-11      256.000  1.35880e-13
      16.0000      781.121  1.07040e-11      0.00000  1.87686e-13
      16.0000      781.722  5.31898e-12     -15872.0          NaN
      16.0000      782.324  5.19319e-12     -15872.0          NaN
      16.0000      782.926  7.41698e-12      2.00000  1.15332e-13
      16.0000      783.528  5.22884e-12      2.00000  1.31829e-13
      16.0000      784.131  4.19932e-12      0.00000  1.24159e-13
      16.0000      784.735  6.45230e-12      2.00000  1.20252e-13
      16.0000      785.339  8.93601e-12     -15870.0          NaN
      16.0000      785.943  6.06150e-12     -15872.0          NaN
      16.0000      786.548  4.58234e-12      0.00000  1.15187e-13
      16.0000      787.153  5.02062e-12      0.00000  9.68094e-14
      16.0000      787.758  5.02108e-12      0.00000  9.68094e-14
      16.0000      788.365  4.52376e-12      0.00000  9.17447e-14
      16.0000      788.971  4.62492e-12      0.00000  9.07317e-14
      16.0000      789.579  5.45681e-12      0.00000  9.27576e-14
      16.0000      790.186  5.82596e-12      256.000  9.30470e-14
      16.0000      790.794  5.38514e-12      256.000  9.46388e-14
      16.0000      791.403  5.12867e-12      256.000  1.01295e-13
      16.0000      792.011  5.17317e-12     -15616.0          NaN
      16.0000      792.621  5.16116e-12     -15872.0          NaN
      16.0000      793.231  5.55950e-12      0.00000  9.97036e-14
      17.0000      793.231  7.86436e-12     -15616.0          NaN
      16.0000      793.842  5.61236e-12      1.00000  1.16345e-13
      17.0000      793.842  7.12731e-12      256.000  6.26150e-13
      16.0000      794.452  5.60667e-12      1.00000  1.23870e-13
      17.0000      794.452  7.78069e-12     -15616.0  6.32083e-13
      16.0000      795.064  5.84798e-12      1.00000  1.13161e-13
      17.0000      795.064  1.01223e-11     -15616.0  1.20006e-12
      16.0000      795.675  6.20023e-12      1.00000  1.26040e-13
      17.0000      795.675  8.96055e-12      256.000  6.94741e-13
      16.0000      796.288  5.87937e-12     -15871.0          NaN
      17.0000      796.288  6.76017e-12      256.000  6.19638e-13
      16.0000      796.900  6.51664e-12     -15872.0          NaN
      17.0000      796.900  9.39106e-12     -15616.0  6.84901e-13
      16.0000      797.514  6.23129e-12      1.00000  1.38196e-13
      17.0000      797.514  7.62612e-12     -15616.0  5.74200e-13
      16.0000      798.128  6.60658e-12      1.00000  1.38341e-13
      17.0000      798.128  7.58649e-12      256.000  7.12251e-13
      16.0000      798.742  7.90844e-12      256.000  3.34854e-13
      17.0000      798.742  9.66626e-12      256.000  4.52501e-13
      16.0000      799.357  7.03804e-12      256.000  3.54678e-13
      17.0000      799.357  9.98046e-12      256.000  4.23559e-13
      16.0000      799.972  6.46309e-12      256.000  1.48904e-13
      17.0000      799.972  7.40923e-12      256.000  3.39050e-13
      16.0000      800.587  6.60014e-12      256.000  1.36170e-13
      17.0000      800.587  7.74464e-12      256.000  7.07910e-13
      16.0000      801.203  7.29253e-12      256.000  1.40077e-13
      17.0000      801.203  1.00273e-11      256.000  5.93446e-13
      16.0000      801.820  7.14802e-12      256.000  1.36604e-13
      17.0000      801.820  9.67809e-12      256.000  4.89691e-13
      16.0000      802.437  6.40682e-12      256.000  1.19239e-13
      17.0000      802.437  9.70287e-12      0.00000  3.89553e-13
      16.0000      803.054  2.53709e-12      256.000  1.17358e-13
      17.0000      803.054  8.65802e-12      0.00000  3.61190e-13
      16.0000      803.672 -1.01004e-11      259.000  1.91448e-13
      17.0000      803.672  1.12601e-11      0.00000  4.14877e-13
      16.0000      804.291 -4.78698e-12      3.00000  1.70321e-13
      17.0000      804.291  1.00826e-11      256.000  3.51784e-13
      16.0000      804.910  7.33003e-12      0.00000  1.27632e-13
      17.0000      804.910  1.12744e-11      256.000  3.56994e-13
      16.0000      805.529  7.52307e-12      0.00000  1.26330e-13
      17.0000      805.529  1.03122e-11      0.00000  4.85349e-13
      17.0000      806.149  1.14964e-11      0.00000  3.08372e-13
      17.0000      806.769  1.17314e-11      256.000  4.09812e-13
      17.0000      807.390  9.31191e-12      256.000  3.10687e-13
      17.0000      808.012  9.69283e-12      257.000  2.39925e-13
      17.0000      808.633  1.35241e-11      1.00000  2.90718e-13
      17.0000      809.255  1.61334e-11      0.00000  2.71616e-13
      17.0000      809.878  9.78720e-12      0.00000  2.50778e-13
      17.0000      810.501  9.62217e-12      0.00000  2.87389e-13
      17.0000      811.125  1.03877e-11     -15872.0          NaN
      17.0000      811.750  1.25565e-11     -15872.0          NaN
      17.0000      812.374  9.70519e-12     -15872.0          NaN
      17.0000      812.999  9.49126e-12     -15872.0          NaN
      17.0000      813.625  2.38847e-11      0.00000  1.80161e-13
      17.0000      814.251  4.34071e-11      0.00000  1.97815e-13
      17.0000      814.878  2.93916e-11      0.00000  2.01722e-13
      17.0000      815.504  1.09388e-11      256.000  1.72492e-13
      17.0000      816.132  1.33845e-11      256.000  1.86528e-13
      17.0000      816.760  1.68061e-11      256.000  1.67282e-13
      17.0000      817.389  1.35153e-11      0.00000  2.03893e-13
      17.0000      818.017  7.16044e-12      256.000  1.90291e-13
      17.0000      818.647  9.90971e-12      256.000  1.40366e-13
      17.0000      819.277  1.60515e-11      0.00000  1.44852e-13
      17.0000      819.907  1.45226e-11      0.00000  1.76109e-13
      17.0000      820.538  6.92528e-12      256.000  1.94776e-13
      17.0000      821.170  8.53663e-12      256.000  1.30237e-13
      17.0000      821.802  1.48934e-11     -15870.0          NaN
      17.0000      822.434  1.79229e-11     -15614.0          NaN
      17.0000      823.067  1.08017e-11      256.000  1.52522e-13
      17.0000      823.700  8.55077e-12      256.000  1.32118e-13
      17.0000      824.334  1.40010e-11      256.000  1.35157e-13
      17.0000      824.969  1.61930e-11      256.000  1.35736e-13
      17.0000      825.604  6.76703e-12      256.000  1.50207e-13
      17.0000      826.239  4.50981e-12      256.000  1.44418e-13
      17.0000      826.875  9.27909e-12      256.000  1.07662e-13
      17.0000      827.511  1.58291e-11      256.000  1.08965e-13
      17.0000      828.148  9.19932e-12      256.000  1.22278e-13
      17.0000      828.785  6.52900e-12      256.000  1.41090e-13
      17.0000      829.423  9.12003e-12      256.000  1.18081e-13
      17.0000      830.061  1.62664e-11      0.00000  1.34578e-13
      17.0000      830.700  1.08280e-11      0.00000  1.09399e-13
      17.0000      831.339  6.96150e-12      0.00000  1.32986e-13
      17.0000      831.979  7.25723e-12      0.00000  1.14464e-13
      17.0000      832.619  1.27542e-11      0.00000  1.17069e-13
      17.0000      833.260  9.74666e-12      256.000  1.16779e-13
      17.0000      833.901  6.30042e-12      768.000  1.23002e-13
      17.0000      834.543  5.78097e-12      768.000  1.36025e-13
      17.0000      835.185  1.07082e-11      2.00000  1.39353e-13
      17.0000      835.828  1.01906e-11      2.00000  1.27487e-13
      17.0000      836.471  6.42970e-12      258.000  1.14753e-13
      17.0000      837.114  6.35035e-12      256.000  1.53969e-13
      17.0000      837.759  8.49808e-12      0.00000  1.30526e-13
      17.0000      838.404  8.00341e-12      2.00000  1.06215e-13
      17.0000      839.049  6.64203e-12     -15614.0          NaN
      17.0000      839.694  6.51507e-12     -15616.0          NaN
      17.0000      840.340  7.23559e-12      0.00000  1.11570e-13
      17.0000      840.987  6.80077e-12      0.00000  1.11280e-13
      17.0000      841.634  6.11503e-12      0.00000  9.56518e-14
      17.0000      842.282  5.09407e-12      0.00000  9.94142e-14
      17.0000      842.930  5.96696e-12      0.00000  1.04913e-13
      18.0000      842.930  7.31270e-12      256.000  6.18915e-13
      17.0000      843.579  6.53481e-12      0.00000  1.20107e-13
      18.0000      843.579  6.93846e-12      256.000  5.60163e-13
      17.0000      844.228  5.96217e-12      0.00000  1.10267e-13
      18.0000      844.228  7.99453e-12      256.000  6.53500e-13
      17.0000      844.877  5.80848e-12      0.00000  1.31684e-13
      18.0000      844.877 -5.34229e-12      257.000  6.84757e-13
      17.0000      845.528  6.27022e-12      257.000  1.58455e-13
      18.0000      845.528  8.25974e-13      257.000  6.65366e-13
      17.0000      846.178  5.82214e-12      257.000  1.30960e-13
      18.0000      846.178  5.87273e-12      256.000  5.36721e-13
      17.0000      846.830  5.50710e-12     -15872.0          NaN
      18.0000      846.830  6.96432e-12      256.000  3.77832e-13
      17.0000      847.481  5.84321e-12     -15872.0          NaN
      18.0000      847.481  7.66346e-12      256.000  4.96203e-13
      17.0000      848.133  5.59673e-12      0.00000  1.34578e-13
      18.0000      848.133  7.32837e-12      256.000  4.11549e-13
      17.0000      848.786  4.98092e-12      0.00000  1.09544e-13
      18.0000      848.786  8.18912e-12      256.000  4.77969e-13
      17.0000      849.439  4.24334e-12      0.00000  1.22712e-13
      18.0000      849.439  8.89604e-12     -15616.0          NaN
      17.0000      850.093  4.76600e-12      256.000  1.25751e-13
      18.0000      850.093  1.06400e-11     -15616.0          NaN
      17.0000      850.747  4.11498e-12     -15616.0          NaN
      18.0000      850.747  9.55267e-12      256.000  3.95052e-13
      17.0000      851.401  4.86276e-12     -15616.0          NaN
      18.0000      851.401  8.92184e-12      256.000  8.85900e-13
      17.0000      852.057  4.10212e-12      256.000  1.67282e-13
      18.0000      852.057  8.64459e-12      256.000  1.02800e-12
      17.0000      852.713  4.51728e-12      256.000  1.52667e-13
      18.0000      852.713  7.42855e-12      256.000  5.05609e-13
      17.0000      853.368  2.98286e-12      257.000  1.90001e-13
      18.0000      853.368  6.94530e-12      256.000  5.29196e-13
      17.0000      854.026  5.03277e-12      257.000  1.88554e-13
      18.0000      854.026  8.61196e-12      0.00000  4.14153e-13
      17.0000      854.683  3.02804e-12      1.00000  1.45576e-13
      18.0000      854.683  7.77033e-12      0.00000  4.20520e-13
      18.0000      855.341  8.21068e-12     -15616.0          NaN
      18.0000      855.999  6.35059e-12     -15616.0          NaN
      18.0000      856.657  6.24549e-12      257.000  2.94046e-13
      18.0000      857.316  5.32087e-12      1.00000  2.90573e-13
      18.0000      857.976 -5.71903e-13      258.000  3.84054e-13
      18.0000      858.637  5.75949e-12      258.000  2.41228e-13
      18.0000      859.297  6.07037e-12      0.00000  2.33848e-13
      18.0000      859.958  5.98010e-12      0.00000  2.68288e-13
      18.0000      860.620  5.43485e-12      256.000  2.66407e-13
      18.0000      861.283  5.83422e-12      256.000  2.19811e-13
      18.0000      861.945  4.96886e-12      256.000  2.02591e-13
      18.0000      862.608  5.27814e-12      2.00000  2.14601e-13
      18.0000      863.272  4.71598e-12      2.00000  2.21982e-13
      18.0000      863.937  5.22192e-12      0.00000  2.10839e-13
      18.0000      864.602  5.06635e-12      0.00000  2.41662e-13
      18.0000      865.267  4.72893e-12      0.00000  1.89133e-13
      18.0000      865.933  5.15846e-12      256.000  2.06353e-13
      18.0000      866.599  5.12162e-12      258.000  4.06773e-13
      18.0000      867.266  4.32278e-12      2.00000  1.58021e-13
      18.0000      867.934  4.86390e-12      0.00000  1.79872e-13
      18.0000      868.601  5.15138e-12      0.00000  1.82621e-13
      18.0000      869.270  5.10242e-12      0.00000  1.79437e-13
      18.0000      869.938  4.45823e-12      0.00000  1.64388e-13
      18.0000      870.608  4.60568e-12      0.00000  1.68006e-13
      18.0000      871.277  4.66027e-12      0.00000  1.55850e-13
      18.0000      871.948  4.67217e-12      0.00000  1.45142e-13
      18.0000      872.619  9.37165e-13      0.00000  1.39498e-13
      18.0000      873.291  4.51066e-13      0.00000  1.38775e-13
      18.0000      873.962  6.43700e-13      0.00000  1.62217e-13
      18.0000      874.635  1.13224e-12      256.000  2.24731e-13
      18.0000      875.308  7.98388e-13      256.000  1.65980e-13
      18.0000      875.982  1.48765e-12      256.000  1.38341e-13
      18.0000      876.656  1.41561e-12      0.00000  2.14891e-13
      18.0000      877.331  1.06538e-12      0.00000  1.90725e-13
      18.0000      878.005  1.40281e-12      0.00000  1.58889e-13
      18.0000      878.681  1.50960e-12      256.000  1.42537e-13
      18.0000      879.357  9.83129e-13      258.000  1.62507e-13
      18.0000      880.035  1.80413e-12      2.00000  1.66993e-13
      18.0000      880.711  1.84682e-12      0.00000  1.32118e-13
      18.0000      881.389  1.67746e-12      0.00000  1.81898e-13
      18.0000      882.068  1.64050e-12      0.00000  1.13306e-13
      18.0000      882.747  1.66662e-12      0.00000  1.16056e-13
      18.0000      883.426  2.28260e-12      0.00000  1.35446e-13
      18.0000      884.105  2.15387e-12      0.00000  1.05058e-13
      18.0000      884.786  1.78179e-12      256.000  1.10846e-13
      18.0000      885.467  1.89234e-12      256.000  9.65200e-14
      18.0000      886.148  2.10710e-12      0.00000  8.71140e-14
      18.0000      886.830  2.14981e-12      256.000  8.74034e-14
      18.0000      887.512  1.90465e-12      256.000  8.71140e-14
      18.0000      888.195  1.79751e-12      256.000  8.76928e-14
      18.0000      888.879  2.06331e-12      256.000  8.78375e-14
      18.0000      889.563  2.28557e-12      256.000  8.50881e-14
      18.0000      890.248  2.10346e-12      256.000  9.05870e-14
      18.0000      890.932  1.97828e-12      0.00000  1.10123e-13
      18.0000      891.618  2.23237e-12      0.00000  1.22133e-13
      18.0000      892.304  2.28363e-12      258.000  9.34811e-14
      19.0000      892.304 -2.66994e-12      257.000  9.93997e-13
      18.0000      892.991  2.13719e-12      258.000  9.47835e-14
      19.0000      892.991  5.75713e-12      256.000  1.04682e-12
      18.0000      893.678  2.08776e-12      0.00000  9.26129e-14
      19.0000      893.678  1.28706e-11      257.000  8.52907e-13
      18.0000      894.366  1.98487e-12      0.00000  9.99930e-14
      19.0000      894.366  2.12137e-12      257.000  8.88794e-13
      18.0000      895.054  2.13207e-12      0.00000  1.07228e-13
      19.0000      895.054  4.07364e-12      256.000  8.19335e-13
      18.0000      895.743  1.76271e-12      256.000  1.07952e-13
      19.0000      895.743  4.51178e-12      256.000  6.64353e-13
      18.0000      896.432  1.83524e-12      256.000  1.11859e-13
      19.0000      896.432 -5.53929e-12      257.000  6.11969e-13
      18.0000      897.122  2.00396e-12      256.000  1.35157e-13
      19.0000      897.122 -1.02260e-11      257.000  5.77962e-13
      18.0000      897.812  2.26386e-12      256.000  1.25462e-13
      19.0000      897.812  3.06082e-12      256.000  4.23849e-13
      18.0000      898.503  2.27432e-12      256.000  1.17358e-13
      19.0000      898.503  5.08069e-12      256.000  4.19942e-13
      18.0000      899.194  1.49330e-12      256.000  1.47747e-13
      19.0000      899.194  4.58373e-12      256.000  4.80719e-13
      18.0000      899.887  2.01198e-12      0.00000  2.08090e-13
      19.0000      899.887  2.54054e-11      258.000  7.52769e-13
      18.0000      900.579  2.15574e-12      0.00000  1.23146e-13
      19.0000      900.579  1.56465e-11      258.000  5.21526e-13
      18.0000      901.272  1.67238e-12      256.000  1.33710e-13
      19.0000      901.272  2.68509e-12      256.000  2.86087e-13
      18.0000      901.965  1.56030e-12      256.000  1.22712e-13
      19.0000      901.965  3.03335e-12      256.000  2.38912e-13
      18.0000      902.660  1.58383e-12      0.00000  1.04334e-13
      19.0000      902.660  3.24334e-12      256.000  2.67420e-13
      18.0000      903.354  1.58671e-12      0.00000  1.40945e-13
      19.0000      903.354  4.06606e-12      256.000  4.55829e-13
      18.0000      904.050  1.28640e-12      0.00000  1.43116e-13
      19.0000      904.050  4.02946e-12      258.000  3.65532e-13
      18.0000      904.745  9.92913e-13      0.00000  1.22423e-13
      19.0000      904.745  4.29115e-12      258.000  2.41951e-13
      19.0000      905.441  5.53809e-12      256.000  3.94184e-13
      19.0000      906.138  4.88873e-12      256.000  3.42668e-13
      19.0000      906.835  4.38164e-12      256.000  2.88547e-13
      19.0000      907.533  6.49351e-12      0.00000  2.47595e-13
      19.0000      908.231  3.83318e-12      258.000  3.09530e-13
      19.0000      908.931  7.98682e-12      258.000  5.11252e-13
      19.0000      909.630  5.87564e-12      258.000  3.94907e-13
      19.0000      910.330  3.72291e-12      0.00000  5.32958e-13
      19.0000      911.031  4.06668e-12      0.00000  3.72478e-13
      19.0000      911.732  4.13974e-12      256.000  2.37031e-13
      19.0000      912.433  4.15299e-12      256.000  1.89422e-13
      19.0000      913.135  4.55298e-12      0.00000  1.78569e-13
      19.0000      913.838  3.83699e-12      256.000  1.63520e-13
      19.0000      914.541  4.17295e-12      256.000  1.66703e-13
      19.0000      915.245  4.59093e-12      2.00000  1.59757e-13
      19.0000      915.949  4.06459e-12      2.00000  1.63086e-13
      19.0000      916.654  3.67166e-12      256.000  1.87686e-13
      19.0000      917.360  3.89675e-12      258.000  1.51943e-13
      19.0000      918.065  3.75716e-12      258.000  1.47457e-13
      19.0000      918.771  3.79942e-12      256.000  1.33131e-13
      19.0000      919.479  3.64184e-12      256.000  1.63086e-13
      19.0000      920.187  1.48476e-12      1.00000  1.72926e-13
      19.0000      920.894  7.59470e-13      1.00000  1.44852e-13
      19.0000      921.603  1.29656e-13      1.00000  1.17069e-13
      19.0000      922.313 -5.64809e-13      0.00000  1.08241e-13
      19.0000      923.022 -5.87168e-13      258.000  1.08965e-13
      19.0000      923.732 -2.38074e-13      258.000  1.08386e-13
      19.0000      924.443 -2.15706e-13      0.00000  1.32408e-13
      19.0000      925.155 -4.22333e-13      0.00000  1.27777e-13
      19.0000      925.867 -1.77618e-13      0.00000  1.10991e-13
      19.0000      926.579  6.35268e-14      0.00000  1.10991e-13
      19.0000      927.292 -7.63286e-14      258.000  1.04624e-13
      19.0000      928.005 -9.35056e-14      258.000  1.57008e-13
      19.0000      928.720  2.94126e-13      256.000  1.78280e-13
      19.0000      929.435  7.20804e-13      0.00000  1.11280e-13
      19.0000      930.149  5.52589e-13      0.00000  1.09544e-13
      19.0000      930.866  4.07226e-13      0.00000  9.68094e-14
      19.0000      931.582  4.68800e-13      0.00000  1.02742e-13
      19.0000      932.298  4.17751e-13      0.00000  8.85611e-14
      19.0000      933.016  3.02372e-13      0.00000  9.18894e-14
      19.0000      933.734  1.07109e-13      0.00000  8.92846e-14
      19.0000      934.453  3.24727e-13      0.00000  9.43494e-14
      19.0000      935.172  3.56645e-13      0.00000  1.00861e-13
      19.0000      935.891  2.11295e-13      0.00000  9.15999e-14
      19.0000      936.611  4.79297e-13      0.00000  1.15043e-13
      19.0000      937.332  9.66361e-13      0.00000  1.19384e-13
      19.0000      938.054  1.40497e-12      0.00000  1.17937e-13
      19.0000      938.775  4.81064e-13      0.00000  1.09978e-13
      19.0000      939.498  6.79867e-13      0.00000  1.26619e-13
      19.0000      940.221  9.25976e-13      0.00000  1.08097e-13
      19.0000      940.944  9.15435e-13      256.000  1.07807e-13
      19.0000      941.668  8.79943e-13      256.000  1.16200e-13
      20.0000      941.668  3.92045e-12      257.000  5.44101e-13
      19.0000      942.393  4.18661e-13      0.00000  1.34723e-13
      20.0000      942.393  3.03205e-12      257.000  4.23415e-13
      19.0000      943.118  6.11783e-13      258.000  1.15332e-13
      20.0000      943.118  2.00012e-12      257.000  6.55236e-13
      19.0000      943.844  2.13377e-13      258.000  1.10701e-13
      20.0000      943.844  1.53446e-12     -15616.0          NaN
      19.0000      944.570  9.89914e-14      1.00000  1.32408e-13
      20.0000      944.570  1.48033e-12     -15616.0          NaN
      19.0000      945.298  3.00049e-13      1.00000  1.03611e-13
      20.0000      945.298  1.24135e-12      257.000  6.38161e-13
      19.0000      946.025  5.55539e-13     -15614.0          NaN
      20.0000      946.025 -5.78140e-12      1.00000  6.22098e-13
      19.0000      946.753  6.80767e-13     -15614.0          NaN
      20.0000      946.753 -2.24514e-12      1.00000  4.66393e-13
      19.0000      947.481  5.63628e-13      1.00000  1.06794e-13
      20.0000      947.481  2.62956e-12      257.000  3.87961e-13
      19.0000      948.211  8.12789e-13      1.00000  1.05202e-13
      20.0000      948.211  2.36433e-12      257.000  3.60467e-13
      19.0000      948.939  1.07782e-12      0.00000  1.03900e-13
      20.0000      948.939  4.01028e-12      256.000  3.58730e-13
      19.0000      949.670  8.69473e-13      0.00000  9.42047e-14
      20.0000      949.670  4.39856e-12      0.00000  4.99241e-13
      19.0000      950.401  4.04357e-13      0.00000  1.65256e-13
      20.0000      950.401  3.48660e-12      0.00000  3.17489e-13
      19.0000      951.133  1.19880e-13     -15872.0          NaN
      20.0000      951.133  3.10149e-12      0.00000  3.69583e-13
      19.0000      951.864  5.70721e-13     -15872.0          NaN
      20.0000      951.864  3.65631e-12      0.00000  3.13726e-13
      19.0000      952.597  1.28706e-12      256.000  1.14464e-13
      20.0000      952.597  3.05232e-12      0.00000  2.88692e-13
      19.0000      953.330  1.17054e-12      256.000  1.46444e-13
      20.0000      953.330  2.50275e-12      0.00000  3.84344e-13
      19.0000      954.064  6.07607e-13      256.000  1.34289e-13
      20.0000      954.064  2.42168e-12      0.00000  2.39781e-13
      20.0000      954.798  3.56664e-12      256.000  2.49042e-13
      20.0000      955.532  2.96949e-12      256.000  1.98973e-13
      20.0000      956.268  1.49239e-12      256.000  4.62341e-13
      20.0000      957.004  2.61168e-12      256.000  4.99676e-13
      20.0000      957.740  2.81971e-12      257.000  2.26467e-13
      20.0000      958.477  2.33894e-12      1.00000  1.71334e-13
      20.0000      959.214  2.10323e-12      1.00000  1.54114e-13
      20.0000      959.953  2.15677e-12      0.00000  1.48615e-13
      20.0000      960.691  2.51863e-12      0.00000  1.48470e-13
      20.0000      961.430  1.75390e-12      0.00000  1.19384e-13
      20.0000      962.170  1.21301e-12      258.000  1.93764e-13
      20.0000      962.911  1.28389e-12      258.000  1.66269e-13
      20.0000      963.652  1.55150e-12      768.000  1.27343e-13
      20.0000      964.394  2.16170e-12      768.000  1.38051e-13
      20.0000      965.135  2.53240e-12      256.000  1.34578e-13
      20.0000      965.878  1.89135e-12      0.00000  1.88265e-13
      20.0000      966.622  2.08783e-12      0.00000  1.17503e-13
      20.0000      967.365  2.33659e-12      258.000  1.74662e-13
      20.0000      968.110 -7.36587e-14      258.000  2.14023e-13
      20.0000      968.855 -1.79220e-12      256.000  1.99986e-13
      20.0000      969.600 -1.76559e-12      0.00000  1.72926e-13
      20.0000      970.346 -1.83611e-12      2.00000  1.26619e-13
      20.0000      971.093 -1.73991e-12      2.00000  1.12583e-13
      20.0000      971.840 -7.76450e-13      258.000  2.97085e-13
      20.0000      972.589 -7.96172e-13      258.000  2.11563e-13
      20.0000      973.336 -9.95063e-13      256.000  2.06498e-13
      20.0000      974.085 -5.83942e-13      256.000  2.06787e-13
      20.0000      974.836 -1.23323e-13      256.000  1.41235e-13
      20.0000      975.585  1.22995e-14      0.00000  1.04334e-13
      20.0000      976.337 -1.37475e-12      256.000  1.06794e-13
      20.0000      977.087 -1.03067e-12      256.000  1.15043e-13
      20.0000      977.839  1.95480e-13      0.00000  9.89800e-14
      20.0000      978.592  2.02917e-13      256.000  7.88657e-14
      20.0000      979.345  1.06471e-13      256.000  8.59563e-14
      20.0000      980.098  2.18761e-13      256.000  9.00082e-14
      20.0000      980.853  2.88005e-13     -15872.0          NaN
      20.0000      981.608  2.08393e-13     -15872.0          NaN
      20.0000      982.363  2.71646e-13      0.00000  9.66647e-14
      20.0000      983.119  6.68174e-13      0.00000  9.24682e-14
      20.0000      983.875  6.36929e-13      0.00000  9.70988e-14
      20.0000      984.633  4.03144e-13      0.00000  1.01585e-13
      20.0000      985.391  6.18124e-13      0.00000  1.33420e-13
      20.0000      986.149  1.02365e-12      0.00000  9.94142e-14
      20.0000      986.908  8.59432e-13      0.00000  9.27576e-14
      20.0000      987.667  8.23819e-13      0.00000  1.04768e-13
      20.0000      988.427  9.11301e-13      0.00000  1.06071e-13
      20.0000      989.187  8.97200e-13      1.00000  1.22712e-13
      20.0000      989.949  1.60980e-12      3.00000  3.45851e-13
      20.0000      990.710  9.62971e-13      3.00000  1.88265e-13
      20.0000      991.473  1.27540e-12      2.00000  1.96079e-13
      20.0000      992.236  1.36140e-12      0.00000  1.35012e-13
      20.0000      992.999  1.21064e-12      0.00000  1.25751e-13
      20.0000      993.763  1.41501e-12      0.00000  1.15477e-13
      20.0000      994.528  1.78011e-12      0.00000  1.12872e-13
      20.0000      995.293  2.39372e-12      256.000  1.04045e-13
      20.0000      996.060  2.10356e-12      256.000  9.70988e-14
      20.0000      996.826  2.09913e-12      256.000  9.52176e-14
      20.0000      997.593  1.81934e-12      0.00000  8.72587e-14
      20.0000      998.361  1.85033e-12      256.000  1.15187e-13
      20.0000      999.129  2.27581e-12      256.000  1.44418e-13
      20.0000      999.898  3.31919e-12      256.000  1.35736e-13
      20.0000      1000.67  3.28482e-12      0.00000  1.06650e-13
      20.0000      1001.44  2.20495e-12      0.00000  1.02453e-13
      20.0000      1002.21  2.12325e-12      256.000  1.21554e-13
      20.0000      1002.98  1.99790e-12      257.000  1.06215e-13
      20.0000      1003.75  2.48117e-12      1.00000  1.19673e-13
