      11.0000      516.799  1.93998e-10      259.000  8.20203e-13
      11.0000      517.196  1.84489e-10      259.000  1.53318e-12
      11.0000      517.594  1.89003e-10      256.000  1.11656e-12
      11.0000      517.992  1.80224e-10      256.000  7.44666e-13
      11.0000      518.391  1.94164e-10      256.000  8.92412e-13
      11.0000      518.790  1.80421e-10      0.00000  7.12830e-13
      11.0000      519.189  1.85192e-10      0.00000  7.14856e-13
      11.0000      519.589  1.81953e-10      256.000  6.45975e-13
      11.0000      519.989  1.68469e-10      256.000  5.97932e-13
      11.0000      520.389  1.74623e-10      256.000  6.74193e-13
      11.0000      520.789  1.72332e-10      256.000  6.21085e-13
      11.0000      521.190  1.71501e-10      256.000  7.31642e-13
      11.0000      521.591  1.73891e-10      256.000  7.06608e-13
      11.0000      521.992  1.70304e-10      258.000  5.85198e-13
      11.0000      522.394  1.65211e-10      258.000  4.62775e-13
      11.0000      522.796  1.70841e-10      256.000  5.29630e-13
      11.0000      523.198  1.67492e-10      256.000  7.56676e-13
      11.0000      523.601  1.61944e-10      0.00000  4.74207e-13
      11.0000      524.004  1.67181e-10     -15614.0          NaN
      11.0000      524.407  1.71430e-10     -15614.0          NaN
      11.0000      524.811  1.63695e-10      256.000  5.47718e-13
      11.0000      525.214  1.61529e-10      256.000  4.16758e-13
      11.0000      525.619  1.59663e-10      0.00000  3.88685e-13
      11.0000      526.023  1.55480e-10      256.000  4.11549e-13
      11.0000      526.428  1.70621e-10      256.000  4.74352e-13
      11.0000      526.833  1.61382e-10      256.000  5.48297e-13
      11.0000      527.238  1.49807e-10      256.000  4.38464e-13
      11.0000      527.644  1.52779e-10      0.00000  4.59736e-13
      11.0000      528.050  1.58861e-10      256.000  5.22973e-13
      11.0000      528.457  1.49118e-10      256.000  7.66661e-13
      11.0000      528.863  1.48207e-10      256.000  4.62196e-13
      11.0000      529.270  1.49102e-10      256.000  4.76378e-13
      11.0000      529.678  1.44023e-10      256.000  5.52204e-13
      11.0000      530.085  1.46173e-10      256.000  5.03149e-13
      11.0000      530.493  1.43705e-10      256.000  4.25730e-13
      11.0000      530.901  1.46720e-10      0.00000  4.69287e-13
      11.0000      531.310  1.43657e-10      0.00000  4.22402e-13
      11.0000      531.719  1.40416e-10      0.00000  4.36149e-13
      11.0000      532.128  1.35026e-10      0.00000  4.17482e-13
      11.0000      532.537  1.37812e-10      0.00000  4.27756e-13
      11.0000      532.947  1.43101e-10      256.000  4.19942e-13
      11.0000      533.357  1.37222e-10      256.000  4.62920e-13
      11.0000      533.768  1.30717e-10      0.00000  4.11693e-13
      11.0000      534.179  1.32139e-10      0.00000  3.72333e-13
      11.0000      534.590  1.35585e-10      256.000  4.19508e-13
      11.0000      535.001  1.29829e-10      256.000  4.72615e-13
      11.0000      535.413  1.29429e-10      2.00000  4.33399e-13
      11.0000      535.825  1.28095e-10      2.00000  3.77687e-13
      11.0000      536.237  1.27423e-10      256.000  3.79279e-13
      11.0000      536.650  1.28207e-10      256.000  4.17192e-13
      11.0000      537.063  1.28227e-10      256.000  3.74069e-13
      11.0000      537.476  1.23019e-10      0.00000  3.68426e-13
      11.0000      537.889  1.25382e-10     -15872.0          NaN
      11.0000      538.304  1.22006e-10     -15870.0          NaN
      11.0000      538.718  1.17893e-10      2.00000  3.74793e-13
      11.0000      539.132  1.20230e-10      0.00000  3.96210e-13
      11.0000      539.547  1.17200e-10      0.00000  3.38761e-13
      11.0000      539.962  1.10621e-10     -15872.0          NaN
      11.0000      540.378  1.11675e-10     -15872.0          NaN
      11.0000      540.794  1.11660e-10      0.00000  3.91868e-13
      11.0000      541.210  1.08666e-10      256.000  3.81884e-13
      11.0000      541.626  1.10071e-10      256.000  3.66544e-13
      11.0000      542.043  1.08363e-10      256.000  3.20093e-13
      11.0000      542.460  1.07263e-10      257.000  3.55836e-13
      11.0000      542.878  1.05809e-10      257.000  3.10543e-13
      11.0000      543.295  1.05571e-10      256.000  3.12858e-13
      11.0000      543.713  1.04875e-10      0.00000  3.21251e-13
      11.0000      544.132  1.05748e-10      0.00000  3.17344e-13
      11.0000      544.550  1.04919e-10      0.00000  2.90573e-13
      11.0000      544.970  1.05899e-10      0.00000  3.60901e-13
      11.0000      545.389  1.04300e-10      2.00000  3.39484e-13
      11.0000      545.809  1.02978e-10      2.00000  2.89415e-13
      11.0000      546.229  1.01356e-10      0.00000  2.93033e-13
      11.0000      546.649  1.01923e-10      0.00000  3.59599e-13
      11.0000      547.070  1.01543e-10      2.00000  2.91586e-13
      11.0000      547.491  1.01367e-10      258.000  2.72050e-13
      11.0000      547.912  9.98368e-11      256.000  2.67130e-13
      11.0000      548.334  9.75763e-11      0.00000  2.45279e-13
      11.0000      548.756  9.48550e-11      0.00000  2.51502e-13
      11.0000      549.178  9.53398e-11      256.000  2.72340e-13
      11.0000      549.600  9.63141e-11      256.000  3.01571e-13
      11.0000      550.024  9.56607e-11      0.00000  2.83627e-13
      11.0000      550.447  9.60245e-11      0.00000  2.88981e-13
      11.0000      550.870  9.41615e-11      0.00000  2.91007e-13
      11.0000      551.294  9.25572e-11      256.000  2.89126e-13
      11.0000      551.718  9.37304e-11      256.000  3.29789e-13
      11.0000      552.143  9.41888e-11      256.000  3.33406e-13
      11.0000      552.568  9.10860e-11      0.00000  3.04320e-13
      11.0000      552.993  8.97307e-11      0.00000  3.03597e-13
      11.0000      553.418  9.01194e-11      0.00000  3.03018e-13
      11.0000      553.844  8.91840e-11      0.00000  3.73925e-13
      11.0000      554.271  8.74871e-11      256.000  4.28190e-13
      11.0000      554.697  8.93662e-11      258.000  3.47733e-13
      11.0000      555.124  8.36831e-11      258.000  4.04603e-13
      11.0000      555.551  8.49442e-11      258.000  3.53810e-13
      11.0000      555.979  8.60125e-11      0.00000  3.22553e-13
      11.0000      556.407  8.46490e-11      0.00000  3.46141e-13
      11.0000      556.835  8.28774e-11      0.00000  4.30650e-13
      11.0000      557.263  8.26632e-11      0.00000  3.09240e-13
      11.0000      557.692  8.19068e-11      0.00000  3.17199e-13
      11.0000      558.121  8.39279e-11      256.000  3.48745e-13
      11.0000      558.551  8.28853e-11      256.000  3.11121e-13
      12.0000      561.999  8.18480e-11      0.00000  5.58427e-13
      12.0000      562.431  8.41762e-11      0.00000  6.06180e-13
      12.0000      562.864  8.16053e-11      0.00000  5.37010e-13
      12.0000      563.297  8.05898e-11      0.00000  6.69273e-13
      12.0000      563.731  7.99916e-11      0.00000  7.96471e-13
      12.0000      564.164  7.92112e-11      0.00000  4.39332e-13
      12.0000      564.599  7.97442e-11      0.00000  4.10825e-13
      12.0000      565.033  8.02906e-11      0.00000  4.54961e-13
      12.0000      565.468  8.17153e-11      257.000  4.55395e-13
      12.0000      565.903  7.88020e-11      257.000  4.87809e-13
      12.0000      566.338  7.62197e-11      256.000  3.90421e-13
      12.0000      566.774  7.71547e-11      256.000  4.20086e-13
      12.0000      567.210  7.53129e-11      256.000  2.52848e-12
      12.0000      567.647  7.37953e-11      256.000  4.38768e-12
      12.0000      568.084  7.50277e-11      256.000  3.50337e-13
      12.0000      568.521  7.39722e-11      1.00000  3.49180e-13
      12.0000      568.958  7.31248e-11      1.00000  3.55257e-13
      12.0000      569.396  7.31329e-11      0.00000  3.53231e-13
      12.0000      569.834  7.36264e-11     -15616.0          NaN
      12.0000      570.273  7.46432e-11     -15616.0          NaN
      12.0000      570.711  7.80609e-11      256.000  3.87238e-13
      12.0000      571.151  6.98422e-11      258.000  3.28776e-13
      12.0000      571.590  7.09147e-11      258.000  3.06636e-13
      12.0000      572.030  7.24479e-11      256.000  3.12713e-13
      12.0000      572.470  6.73780e-11      258.000  3.02873e-13
      12.0000      572.911  6.82861e-11      258.000  3.38182e-13
      12.0000      573.352  6.98428e-11      256.000  3.32683e-13
      12.0000      573.793  6.97148e-11      0.00000  3.94039e-13
      12.0000      574.234  6.68826e-11      0.00000  3.23856e-13
      12.0000      574.676  6.57000e-11      0.00000  8.25991e-13
      12.0000      575.119  6.72360e-11      0.00000  4.23849e-13
      12.0000      575.561  6.88200e-11      0.00000  4.29637e-13
      12.0000      576.004  6.75523e-11      0.00000  3.21830e-13
      12.0000      576.447  6.81663e-11      2.00000  5.16172e-13
      12.0000      576.891  6.54703e-11      258.000  3.05478e-13
      12.0000      577.335  6.48758e-11      256.000  2.99690e-13
      12.0000      577.779  6.53548e-11      256.000  3.63361e-13
      12.0000      578.224  6.51026e-11      0.00000  3.65532e-13
      12.0000      578.669  6.37139e-11      0.00000  2.63657e-13
      12.0000      579.114  6.32727e-11     -15616.0          NaN
      12.0000      579.560  6.35479e-11     -15616.0          NaN
      12.0000      580.006  6.28460e-11      0.00000  2.95782e-13
      12.0000      580.452  6.26680e-11      256.000  2.54396e-13
      12.0000      580.899  6.30949e-11      256.000  2.70748e-13
      12.0000      581.346  6.21297e-11      0.00000  2.77694e-13
      12.0000      581.793  6.09024e-11      0.00000  2.66696e-13
      12.0000      582.241  5.82668e-11     -15616.0          NaN
      12.0000      582.689  5.94684e-11     -15614.0          NaN
      12.0000      583.137  6.21987e-11      258.000  2.51068e-13
      12.0000      583.586  6.22959e-11      256.000  2.84785e-13
      12.0000      584.035  6.28821e-11      256.000  2.56856e-13
      12.0000      584.484  6.29278e-11      256.000  2.47884e-13
      12.0000      584.934  5.88794e-11      2.00000  2.36742e-13
      12.0000      585.384  5.37385e-11      3.00000  2.32256e-13
      12.0000      585.835  5.84666e-11      1.00000  2.87968e-13
      12.0000      586.286  8.08406e-11      256.000  3.76529e-13
      12.0000      586.737  2.03635e-10      264.000  4.07497e-13
      12.0000      587.188  2.73401e-10      264.000  4.02143e-13
      12.0000      587.640  8.88054e-11      257.000  3.33696e-13
      12.0000      588.092  5.74867e-11      257.000  2.18943e-13
      12.0000      588.545  5.27712e-11      257.000  2.38912e-13
      12.0000      588.998  5.24102e-11      1.00000  2.90718e-13
      12.0000      589.451  5.34485e-11      1.00000  2.79141e-13
      12.0000      589.905  5.36125e-11      0.00000  3.69873e-13
      12.0000      590.359  5.16176e-11      0.00000  2.21837e-13
      12.0000      590.813  5.19195e-11      256.000  2.20969e-13
      12.0000      591.267  4.91920e-11      256.000  2.16338e-13
      12.0000      591.723  4.97654e-11      257.000  2.30664e-13
      12.0000      592.178  4.92588e-11      1.00000  2.30375e-13
      12.0000      592.634  4.88433e-11      1.00000  2.16049e-13
      12.0000      593.090  4.89112e-11      1.00000  2.13733e-13
      12.0000      593.546  4.99249e-11      257.000  2.00420e-13
      12.0000      594.003  4.99429e-11      257.000  2.00710e-13
      12.0000      594.460  4.79815e-11      258.000  2.20390e-13
      12.0000      594.917  4.68941e-11      258.000  2.11852e-13
      12.0000      595.375  4.61331e-11      257.000  2.25165e-13
      12.0000      595.833  4.66318e-11      1.00000  2.07077e-13
      12.0000      596.292  4.70300e-11      1.00000  1.88409e-13
      12.0000      596.751  4.59104e-11      258.000  2.24007e-13
      12.0000      597.210  4.46395e-11      258.000  2.04472e-13
      12.0000      597.669  4.39787e-11      0.00000  1.83923e-13
      12.0000      598.129  4.39881e-11      2.00000  1.86962e-13
      12.0000      598.589  4.48604e-11      2.00000  1.84792e-13
      12.0000      599.050  4.42886e-11      0.00000  1.96947e-13
      12.0000      599.511  4.40917e-11      256.000  2.97664e-13
      12.0000      599.972  4.38004e-11      256.000  2.43688e-13
      12.0000      600.434  4.28960e-11      0.00000  1.91304e-13
      12.0000      600.896  4.26239e-11      0.00000  2.00710e-13
      12.0000      601.359  4.25187e-11      256.000  2.02446e-13
      12.0000      601.822  4.20181e-11      256.000  1.93040e-13
      12.0000      602.284  4.17911e-11      0.00000  1.93764e-13
      12.0000      602.748  4.08095e-11      0.00000  1.95355e-13
      12.0000      603.212  4.04114e-11      0.00000  2.13444e-13
      12.0000      603.676  4.10345e-11      2.00000  2.77694e-13
      12.0000      604.141  4.08172e-11      2.00000  2.60619e-13
      12.0000      604.606  3.94166e-11      0.00000  2.43254e-13
      12.0000      605.071  3.96974e-11      0.00000  2.40504e-13
      12.0000      605.537  3.86994e-11     -15872.0          NaN
      12.0000      606.002  4.12066e-11     -15872.0          NaN
      12.0000      606.469  4.14319e-11     -15872.0          NaN
      12.0000      606.935  4.00012e-11      0.00000  4.02432e-13
      12.0000      607.402  3.95879e-11      0.00000  2.38044e-13
      13.0000      607.402  4.35611e-11     -15872.0          NaN
      13.0000      607.870  4.13647e-11     -15872.0          NaN
      13.0000      608.338  4.18190e-11      0.00000  6.24269e-13
      13.0000      608.806  4.12596e-11      2.00000  1.23638e-12
      13.0000      609.274  4.01781e-11      2.00000  7.41048e-13
      13.0000      609.743  3.93690e-11      256.000  4.84771e-13
      13.0000      610.212  4.08675e-11      256.000  7.14856e-13
      13.0000      610.682  3.80094e-11      257.000  6.07049e-13
      13.0000      611.152  4.43839e-11      257.000  5.05753e-13
      13.0000      611.622  4.49102e-11      257.000  4.62630e-13
      13.0000      612.093  3.92203e-11      257.000  4.82600e-13
      13.0000      612.564  3.96420e-11      257.000  4.44542e-13
      13.0000      613.035  3.92015e-11      257.000  4.31229e-13
      13.0000      613.507  3.88483e-11      258.000  5.40628e-13
      13.0000      613.979  3.75634e-11      258.000  3.51495e-13
      13.0000      614.451  3.88838e-11      256.000  3.12134e-13
      13.0000      614.924  3.84067e-11      258.000  3.61914e-13
      13.0000      615.397  3.84670e-11      258.000  3.55402e-13
      13.0000      615.871  3.73203e-11      256.000  4.33255e-13
      13.0000      616.345  3.86155e-11      256.000  4.43095e-13
      13.0000      616.819  3.74734e-11      256.000  4.01564e-13
      13.0000      617.294  3.69307e-11      256.000  1.10701e-12
      13.0000      617.769  3.71630e-11      258.000  2.43543e-13
      13.0000      618.245  3.83712e-11      258.000  2.96361e-13
      13.0000      618.720  3.74380e-11      256.000  3.21685e-13
      13.0000      619.196  3.52254e-11      256.000  2.67275e-13
      13.0000      619.673  3.67211e-11      256.000  2.55554e-13
      13.0000      620.150  3.63852e-11      256.000  3.02728e-13
      13.0000      620.627  3.36521e-11     -15616.0          NaN
      13.0000      621.105  3.39639e-11     -15616.0          NaN
      13.0000      621.582  3.47997e-11      256.000  2.31966e-13
      13.0000      622.061  3.38781e-11      258.000  2.38333e-13
      13.0000      622.539  3.43039e-11      258.000  2.17061e-13
      13.0000      623.018  3.39063e-11      256.000  1.94487e-13
      13.0000      623.498  3.38233e-11      256.000  1.93185e-13
      13.0000      623.978  3.37431e-11      0.00000  2.01578e-13
      13.0000      624.458  3.47507e-11      0.00000  2.37176e-13
      13.0000      624.938  3.39614e-11      256.000  1.98394e-13
      13.0000      625.419  3.29592e-11      0.00000  1.85081e-13
      13.0000      625.901  3.16519e-11      0.00000  1.97237e-13
      13.0000      626.382  3.10211e-11      256.000  1.83779e-13
      13.0000      626.864  3.16920e-11      256.000  2.00710e-13
      13.0000      627.347  3.97850e-11      256.000  2.01867e-13
      13.0000      627.830  5.25946e-11      256.000  2.05051e-13
      13.0000      628.312  4.31979e-11      256.000  1.99407e-13
      13.0000      628.796  3.37529e-11      256.000  2.97374e-13
      13.0000      629.280  3.10810e-11      256.000  3.10687e-13
      13.0000      629.764  3.06988e-11      256.000  2.04761e-13
      13.0000      630.249  3.07461e-11      256.000  2.13588e-13
      13.0000      630.734  3.18085e-11      512.000  2.11563e-13
      13.0000      631.219  3.33314e-11      768.000  2.06643e-13
      13.0000      631.705  3.35284e-11      256.000  1.74952e-13
      13.0000      632.191  3.39261e-11      0.00000  1.69597e-13
      13.0000      632.678  3.67435e-11      256.000  1.70610e-13
      13.0000      633.164  3.78869e-11      256.000  1.64388e-13
      13.0000      633.652  3.63142e-11      256.000  1.72781e-13
      13.0000      634.139  3.29879e-11      256.000  1.64243e-13
      13.0000      634.627  2.95082e-11      256.000  1.62217e-13
      13.0000      635.115  2.62891e-11      0.00000  1.79437e-13
      13.0000      635.604  2.45907e-11      0.00000  1.72347e-13
      13.0000      636.094  2.36093e-11      0.00000  1.43550e-13
      13.0000      636.583  2.29732e-11      0.00000  1.52377e-13
      13.0000      637.073  2.23153e-11      0.00000  1.61060e-13
      13.0000      637.563  2.16474e-11      0.00000  1.57153e-13
      13.0000      638.054  2.14086e-11      0.00000  1.48036e-13
      13.0000      638.545  2.09719e-11      0.00000  1.39788e-13
      13.0000      639.036  2.11249e-11      0.00000  1.37472e-13
      13.0000      639.528  2.22716e-11      2.00000  1.57876e-13
      13.0000      640.020  2.22457e-11      258.000  2.02301e-13
      13.0000      640.512  2.03490e-11      256.000  1.36604e-13
      13.0000      641.005  1.97052e-11      0.00000  1.48181e-13
      13.0000      641.499  1.94888e-11      0.00000  1.44129e-13
      13.0000      641.992  1.97029e-11      2.00000  1.74083e-13
      13.0000      642.486  1.94357e-11      2.00000  1.30237e-13
      13.0000      642.981  1.91824e-11      2.00000  1.44852e-13
      13.0000      643.475  1.85999e-11      0.00000  1.49049e-13
      13.0000      643.971  1.77384e-11      0.00000  1.44274e-13
      13.0000      644.466  1.85152e-11      0.00000  1.72636e-13
      13.0000      644.962  1.82182e-11      0.00000  1.87252e-13
      13.0000      645.459  1.72570e-11      256.000  2.35295e-13
      13.0000      645.955  1.70111e-11      256.000  1.74228e-13
      13.0000      646.452  1.66694e-11      256.000  1.74952e-13
      13.0000      646.950  1.69895e-11      256.000  1.70755e-13
      13.0000      647.447  1.64940e-11      0.00000  1.81174e-13
      13.0000      647.946  1.58819e-11      0.00000  1.92316e-13
      13.0000      648.445  1.61344e-11      0.00000  1.96368e-13
      13.0000      648.943  1.55733e-11      256.000  2.12865e-13
      13.0000      649.443  1.53350e-11      256.000  2.26033e-13
      13.0000      649.942  1.53077e-11      256.000  2.33992e-13
      13.0000      650.442  1.56335e-11      256.000  1.60770e-13
      13.0000      650.943  1.53362e-11      0.00000  1.72781e-13
      13.0000      651.444  1.46610e-11      257.000  1.54837e-13
      13.0000      651.945  1.47902e-11      257.000  1.42826e-13
      13.0000      652.447  1.45360e-11      0.00000  1.42103e-13
      13.0000      652.949  1.45244e-11      0.00000  1.38630e-13
      14.0000      652.949  1.49274e-11      256.000  5.89684e-13
      13.0000      653.452  1.44996e-11      1.00000  1.36893e-13
      14.0000      653.452  1.61338e-11      256.000  3.00847e-13
      13.0000      653.955  1.41054e-11     -15871.0          NaN
      14.0000      653.955  1.65627e-11      256.000  4.23559e-13
      13.0000      654.458  1.39462e-11     -15872.0          NaN
      14.0000      654.458  1.61507e-11      256.000  3.50627e-13
      13.0000      654.961  1.38857e-11      0.00000  1.74952e-13
      14.0000      654.961  1.66960e-11      256.000  4.07786e-13
      13.0000      655.465  1.40081e-11      256.000  1.55127e-13
      14.0000      655.465  1.67874e-11      256.000  3.95052e-13
      13.0000      655.970  1.40260e-11      256.000  1.75964e-13
      14.0000      655.970  1.57303e-11      256.000  3.65532e-13
      13.0000      656.475  1.29655e-11      256.000  1.63230e-13
      14.0000      656.475  1.62012e-11      256.000  3.36011e-13
      13.0000      656.980  1.24585e-11      0.00000  1.88554e-13
      14.0000      656.980  1.67317e-11      256.000  3.12858e-13
      14.0000      657.485  1.62233e-11      256.000  4.08944e-13
      14.0000      657.991  1.54255e-11      256.000  3.83909e-13
      14.0000      658.497  1.58791e-11      256.000  4.19363e-13
      14.0000      659.004  1.63328e-11      257.000  4.23125e-13
      14.0000      659.511  1.61683e-11      257.000  4.70734e-13
      14.0000      660.019  1.40316e-11      257.000  3.70596e-13
      14.0000      660.527  1.43187e-11      257.000  4.22836e-13
      14.0000      661.035  1.62918e-11      256.000  2.68577e-13
      14.0000      661.544  1.57628e-11      256.000  2.83338e-13
      14.0000      662.053  1.55621e-11      256.000  3.67847e-13
      14.0000      662.562  1.43155e-11      256.000  2.68433e-13
      14.0000      663.072  1.46944e-11      256.000  2.48897e-13
      14.0000      663.582  1.42803e-11      256.000  2.25889e-13
      14.0000      664.093  1.41030e-11      256.000  2.24876e-13
      14.0000      664.604  1.35168e-11      256.000  2.17785e-13
      14.0000      665.116  1.39834e-11      256.000  2.46727e-13
      14.0000      665.627  1.43418e-11      256.000  2.15904e-13
      14.0000      666.140  1.42402e-11      256.000  2.55988e-13
      14.0000      666.652  1.50419e-11      256.000  2.45135e-13
      14.0000      667.165  1.99076e-11      0.00000  2.03459e-13
      14.0000      667.678  2.40714e-11      2.00000  2.27770e-13
      14.0000      668.192  1.85061e-11      2.00000  2.11418e-13
      14.0000      668.707  1.42461e-11      0.00000  1.59178e-13
      14.0000      669.221  1.34514e-11      0.00000  1.88265e-13
      14.0000      669.736  1.39550e-11      0.00000  1.84358e-13
      14.0000      670.252  1.51468e-11      0.00000  1.55416e-13
      14.0000      670.767  1.41282e-11      256.000  1.66414e-13
      14.0000      671.283  1.26118e-11      256.000  1.62362e-13
      14.0000      671.800  1.18996e-11      0.00000  1.47312e-13
      14.0000      672.317  1.31612e-11      0.00000  1.39788e-13
      14.0000      672.834  1.40272e-11      0.00000  1.42392e-13
      14.0000      673.352  1.30510e-11      0.00000  1.48181e-13
      14.0000      673.870  1.29000e-11      0.00000  1.39643e-13
      14.0000      674.389  1.59574e-11      0.00000  1.39064e-13
      14.0000      674.908  2.03333e-11      0.00000  1.57008e-13
      14.0000      675.427  1.72989e-11      2.00000  1.73070e-13
      14.0000      675.947  1.24416e-11      2.00000  1.57442e-13
      14.0000      676.467  1.25674e-11      0.00000  1.42248e-13
      14.0000      676.988  1.52582e-11      0.00000  1.56429e-13
      14.0000      677.509  1.73120e-11      0.00000  2.23718e-13
      14.0000      678.030  1.43296e-11      1.00000  3.90711e-13
      14.0000      678.552  1.22972e-11      1.00000  1.69308e-13
      14.0000      679.074  2.04274e-11      0.00000  1.29947e-13
      14.0000      679.597  3.30194e-11      0.00000  1.57153e-13
      14.0000      680.119  2.80347e-11      0.00000  2.40070e-13
      14.0000      680.643  1.52258e-11      256.000  1.97960e-13
      14.0000      681.166  1.44112e-11      256.000  1.52667e-13
      14.0000      681.691  2.09259e-11      0.00000  1.58744e-13
      14.0000      682.215  2.29819e-11      0.00000  1.38630e-13
      14.0000      682.740  1.28266e-11      0.00000  1.50351e-13
      14.0000      683.266  8.85257e-12     -15616.0          NaN
      14.0000      683.792  2.81469e-11     -15616.0          NaN
      14.0000      684.318  5.97248e-11      0.00000  1.58600e-13
      14.0000      684.844  4.61295e-11     -15616.0          NaN
      14.0000      685.371  1.49142e-11     -15614.0          NaN
      14.0000      685.899  1.24039e-11      258.000  1.37328e-13
      14.0000      686.427  2.89488e-11     -15616.0          NaN
      14.0000      686.955  4.07430e-11     -15614.0          NaN
      14.0000      687.484  1.83298e-11      258.000  1.74952e-13
      14.0000      688.012  1.36806e-11      256.000  1.33999e-13
      14.0000      688.542  5.03246e-11      768.000  1.66414e-13
      14.0000      689.072  1.28006e-10     -15615.0          NaN
      14.0000      689.602  6.93834e-11     -15615.0          NaN
      14.0000      690.133  1.37226e-11     -15616.0          NaN
      14.0000      690.664  1.72758e-11     -15616.0          NaN
      14.0000      691.195  6.34719e-11      256.000  2.78707e-13
      14.0000      691.727  7.45857e-11      0.00000  2.05340e-13
      14.0000      692.260  1.62725e-11      2.00000  1.54403e-13
      14.0000      692.792  1.29011e-11      2.00000  1.39932e-13
      14.0000      693.326  7.57165e-11      0.00000  2.24297e-13
      14.0000      693.859  1.92975e-10      0.00000  2.99834e-13
      14.0000      694.393  5.72609e-11      0.00000  1.92606e-13
      14.0000      694.927  1.73312e-11      0.00000  1.51943e-13
      14.0000      695.462  3.19421e-11      258.000  1.63375e-13
      14.0000      695.997  1.16433e-10      258.000  3.49035e-13
      14.0000      696.533  7.26070e-11      256.000  2.07077e-13
      14.0000      697.069  2.17040e-11      258.000  1.50351e-13
      14.0000      697.605  2.76543e-11      258.000  1.88409e-13
      14.0000      698.142  1.61253e-10      256.000  2.47161e-13
      14.0000      698.679  1.72606e-10      256.000  2.28493e-13
      15.0000      698.679  1.81172e-10      257.000  8.72587e-13
      14.0000      699.217  6.76646e-11      768.000  1.79437e-13
      15.0000      699.217  7.64555e-11      257.000  7.71581e-13
      14.0000      699.755  1.97171e-11      768.000  1.52667e-13
      15.0000      699.755  2.82039e-11      256.000  5.95038e-13
      14.0000      700.293  8.19636e-11      256.000  2.06208e-13
      15.0000      700.293  8.93506e-11      0.00000  6.01405e-13
      14.0000      700.832  1.42098e-10      0.00000  2.41228e-13
      15.0000      700.832  1.72452e-10      2.00000  6.67392e-13
      14.0000      701.371  9.00827e-11      256.000  1.99262e-13
      15.0000      701.371  8.73228e-11      2.00000  5.30643e-13
      14.0000      701.911  1.96336e-11      256.000  1.78280e-13
      15.0000      701.911  3.05351e-11      0.00000  5.56256e-13
      14.0000      702.451  7.07099e-11      0.00000  2.28783e-13
      15.0000      702.451  7.62942e-11      0.00000  6.00971e-13
      14.0000      702.992  2.12857e-10      2.00000  4.25585e-13
      15.0000      702.992  3.13870e-10      2.00000  8.00667e-13
      14.0000      703.533  2.37656e-10      2.00000  3.26460e-13
      15.0000      703.533  2.21814e-10      2.00000  6.46988e-13
      14.0000      704.074  3.89686e-11      2.00000  1.86673e-13
      15.0000      704.074  5.04244e-11      2.00000  4.15745e-13
      14.0000      704.616  2.94776e-11      2.00000  1.90001e-13
      15.0000      704.616  3.16394e-11      258.000  3.89264e-13
      14.0000      705.158  1.15139e-10      8.00000  2.97230e-13
      15.0000      705.158  1.65279e-10      256.000  6.58854e-13
      14.0000      705.701  2.14626e-10      9.00000  4.11693e-13
      15.0000      705.701  2.25299e-10      0.00000  6.50895e-13
      14.0000      706.244  5.02105e-11      1.00000  3.20238e-13
      15.0000      706.244  5.42155e-11      256.000  5.40194e-13
      15.0000      706.788  3.03275e-11      256.000  3.88540e-13
      15.0000      707.332  1.25417e-10      256.000  4.30216e-13
      15.0000      707.876  3.27054e-10      256.000  6.72457e-13
      15.0000      708.421  1.37549e-10      256.000  4.40345e-13
      15.0000      708.965  3.27022e-11      0.00000  5.74200e-13
      15.0000      709.511  6.66388e-11      0.00000  3.34130e-13
      15.0000      710.057  1.70008e-10     -15616.0          NaN
      15.0000      710.604  1.41569e-10     -15616.0          NaN
      15.0000      711.151  3.72727e-11      256.000  2.72774e-13
      15.0000      711.698  5.74752e-11      0.00000  2.63802e-13
      15.0000      712.245  1.88889e-10      8.00000  3.25737e-13
      15.0000      712.793  2.54558e-10      8.00000  4.06918e-13
      15.0000      713.342  8.03676e-11      256.000  2.66552e-13
      15.0000      713.891  4.15128e-11      256.000  2.51502e-13
      15.0000      714.440  1.17342e-10      256.000  2.96072e-13
      15.0000      714.990  1.86756e-10      0.00000  3.27618e-13
      15.0000      715.540  1.07916e-10      0.00000  3.54534e-13
      15.0000      716.091  4.43869e-11      0.00000  2.20969e-13
      15.0000      716.642  1.21333e-10      8.00000  2.50055e-13
      15.0000      717.193  2.64083e-10      8.00000  3.23566e-13
      15.0000      717.745  2.09037e-10      0.00000  3.23277e-13
      15.0000      718.297  4.86597e-11      0.00000  2.45135e-13
      15.0000      718.850  6.34462e-11      0.00000  2.18364e-13
      15.0000      719.403  1.72641e-10      256.000  2.66552e-13
      15.0000      719.957  1.73682e-10      256.000  2.46292e-13
      15.0000      720.511  5.70263e-11      0.00000  1.74517e-13
      15.0000      721.066  4.64561e-11     -15616.0          NaN
      15.0000      721.620  1.55345e-10     -15616.0          NaN
      15.0000      722.175  2.14358e-10      264.000  2.86666e-13
      15.0000      722.731  1.15253e-10      264.000  1.99841e-13
      15.0000      723.288  5.34707e-11      256.000  1.58165e-13
      15.0000      723.844  8.58938e-11      0.00000  1.85515e-13
      15.0000      724.401  1.13117e-10      1.00000  2.15759e-13
      15.0000      724.959  6.42904e-11      1.00000  1.78569e-13
      15.0000      725.517  1.89125e-11      0.00000  1.23436e-13
      15.0000      726.075  1.53348e-11      0.00000  1.31250e-13
      15.0000      726.634  1.53697e-11      0.00000  1.31973e-13
      15.0000      727.193  2.96094e-11      0.00000  1.47891e-13
      15.0000      727.752  1.85020e-10      8.00000  2.33992e-13
      15.0000      728.312  6.43052e-10      28.0000  4.28624e-13
      15.0000      728.873  1.91870e-09      28.0000  1.66443e-12
      15.0000      729.434  2.82995e-09      28.0000  2.38420e-12
      15.0000      729.995  1.98984e-09      30.0000  1.79553e-12
      15.0000      730.557  9.13365e-10      30.0000  5.44969e-13
      15.0000      731.119  4.34559e-10     -15864.0          NaN
      15.0000      731.681  2.41555e-10     -15864.0          NaN
      15.0000      732.245  8.65793e-11      256.000  1.81898e-13
      15.0000      732.808  6.15087e-11      256.000  1.91014e-13
      15.0000      733.372  1.59282e-10      264.000  2.46292e-13
      15.0000      733.936  2.49028e-10      264.000  3.06925e-13
      15.0000      734.501  1.12785e-10      768.000  2.43543e-13
      15.0000      735.067  6.27159e-11      512.000  1.89567e-13
      15.0000      735.632  1.31672e-10      0.00000  1.86383e-13
      15.0000      736.198  2.28466e-10      0.00000  2.54541e-13
      15.0000      736.764  1.19948e-10      2.00000  2.01144e-13
      15.0000      737.332  5.80266e-11      2.00000  1.69019e-13
      15.0000      737.899  1.17100e-10      8.00000  2.41951e-13
      15.0000      738.467  2.92807e-10      264.000  3.21106e-13
      15.0000      739.035  1.60038e-10      264.000  2.54541e-13
      15.0000      739.604  5.11741e-11      256.000  1.83779e-13
      15.0000      740.173  6.17676e-11      8.00000  1.82042e-13
      15.0000      740.742  1.95185e-10      8.00000  2.89849e-13
      15.0000      741.312  1.19266e-10      0.00000  2.47305e-13
      15.0000      741.883  4.89319e-11      0.00000  2.57290e-13
      15.0000      742.454  5.06181e-11      8.00000  1.80595e-13
      15.0000      743.025  2.39432e-10      8.00000  3.50916e-13
      15.0000      743.597  1.62282e-10      8.00000  3.00703e-13
      15.0000      744.169  6.11696e-11      0.00000  1.83345e-13
      15.0000      744.742  4.02471e-11      0.00000  1.50496e-13
      16.0000      744.742  5.35421e-11      257.000  9.70120e-13
      15.0000      745.315  1.31548e-10     -15872.0          NaN
      16.0000      745.315  1.70450e-10      256.000  1.05246e-12
      15.0000      745.888  1.12406e-10     -15616.0          NaN
      16.0000      745.888  1.59120e-10      256.000  1.24535e-12
      15.0000      746.463  5.90268e-11      256.000  1.57876e-13
      16.0000      746.463  6.24846e-11      256.000  1.19644e-12
      15.0000      747.037  5.02657e-11      256.000  1.47312e-13
      16.0000      747.037  7.51035e-11      256.000  8.95885e-13
      15.0000      747.612  1.98120e-10      0.00000  2.41951e-13
      16.0000      747.612  1.91215e-10      256.000  9.68239e-13
      15.0000      748.187  1.96452e-10      0.00000  2.26323e-13
      16.0000      748.187  2.09067e-10      256.000  9.31773e-13
      15.0000      748.763  8.78317e-11      0.00000  1.68295e-13
      16.0000      748.763  7.40938e-11      256.000  6.81139e-13
      15.0000      749.339  5.24113e-11      256.000  1.38630e-13
      16.0000      749.339  5.66079e-11      256.000  6.53934e-13
      15.0000      749.916  1.34966e-10      264.000  1.84358e-13
      16.0000      749.916  1.40521e-10      256.000  6.36858e-13
      15.0000      750.493  1.59553e-10      8.00000  2.08958e-13
      16.0000      750.493  1.59376e-10      256.000  7.28603e-13
      15.0000      751.070  6.95225e-11      0.00000  1.76688e-13
      16.0000      751.070  6.69373e-11      256.000  6.13271e-13
      15.0000      751.649  5.13569e-11      256.000  1.53390e-13
      16.0000      751.649  4.80620e-11      256.000  4.62052e-13
      15.0000      752.227  1.46171e-10      264.000  2.30230e-13
      16.0000      752.227  1.68684e-10      256.000  9.69252e-13
      15.0000      752.806  2.27589e-10      264.000  3.13147e-13
      16.0000      752.806  1.91715e-10      256.000  6.77955e-13
      15.0000      753.385  7.31533e-11      256.000  2.14891e-13
      16.0000      753.385  7.68449e-11     -15616.0          NaN
      15.0000      753.965  3.03786e-11      256.000  1.52232e-13
      16.0000      753.965  3.20294e-11     -15616.0          NaN
      15.0000      754.545  7.82102e-11      0.00000  2.15325e-13
      16.0000      754.545  1.10944e-10     -15616.0  3.88395e-13
      15.0000      755.126  1.47939e-10      0.00000  2.92888e-13
      16.0000      755.126  1.33862e-10      256.000  3.92158e-13
      15.0000      755.707  4.43645e-11      0.00000  1.97237e-13
      16.0000      755.707  6.08227e-11      256.000  3.07359e-13
      16.0000      756.288  2.96706e-11      256.000  2.72485e-13
      16.0000      756.870  1.26119e-10      256.000  5.16462e-13
      16.0000      757.452  1.72375e-10      256.000  4.76522e-13
      16.0000      758.035  6.60701e-11      256.000  3.11266e-13
      16.0000      758.619  2.44655e-11      256.000  3.28921e-13
      16.0000      759.202  6.86184e-11     -15616.0          NaN
      16.0000      759.787  1.12411e-10     -15616.0          NaN
      16.0000      760.371  4.19228e-11      256.000  2.67999e-13
      16.0000      760.956  1.86714e-11      258.000  2.63223e-13
      16.0000      761.542  9.02897e-11      258.000  3.40497e-13
      16.0000      762.128  1.47828e-10      256.000  3.73201e-13
      16.0000      762.715  4.20603e-11      256.000  2.30085e-13
      16.0000      763.302  1.36143e-11      256.000  2.59171e-13
      16.0000      763.889  5.29896e-11      256.000  4.14298e-13
      16.0000      764.477  9.26880e-11      257.000  5.21961e-13
      16.0000      765.065  2.91229e-11      257.000  2.45135e-13
      16.0000      765.654  1.91238e-11      257.000  2.47161e-13
      16.0000      766.243  6.17268e-11      257.000  2.72050e-13
      16.0000      766.832  1.27788e-10      257.000  3.65821e-13
      16.0000      767.423  2.85618e-11      0.00000  2.94046e-13
      16.0000      768.013  1.16404e-11      256.000  1.78569e-13
      16.0000      768.604  3.44500e-11      256.000  2.45714e-13
      16.0000      769.196  5.58324e-11      0.00000  2.12576e-13
      16.0000      769.787  1.56241e-11      0.00000  2.66262e-13
      16.0000      770.380  1.12284e-11      0.00000  2.28928e-13
      16.0000      770.973  5.03607e-11      0.00000  4.29058e-13
      16.0000      771.566  7.80961e-11      0.00000  4.06918e-13
      16.0000      772.160  1.75109e-11      0.00000  1.75530e-13
      16.0000      772.754  5.98975e-13      2.00000  2.30085e-13
      16.0000      773.349  2.11438e-11      2.00000  1.92461e-13
      16.0000      773.944  2.69415e-11      0.00000  1.60915e-13
      16.0000      774.539  8.73204e-12      0.00000  1.60047e-13
      16.0000      775.135  8.77038e-12      1.00000  1.85226e-13
      16.0000      775.732  3.43098e-11      257.000  1.64677e-13
      16.0000      776.329  3.54646e-11      256.000  1.73215e-13
      16.0000      776.927  7.24696e-12      258.000  1.36315e-13
      16.0000      777.524  3.56192e-12      258.000  1.48036e-13
      16.0000      778.122  1.07913e-11      258.000  1.84068e-13
      16.0000      778.721  9.34322e-12      256.000  1.66414e-13
      16.0000      779.321  3.06963e-12      0.00000  1.11570e-13
      16.0000      779.920  3.77781e-12      0.00000  1.27632e-13
      16.0000      780.520  1.39411e-11      256.000  2.03748e-13
      16.0000      781.121  8.75982e-12      256.000  1.58889e-13
      16.0000      781.722  4.49575e-12     -15616.0          NaN
      16.0000      782.324  3.40925e-12     -15872.0          NaN
      16.0000      782.926  5.92029e-12      2.00000  1.06650e-13
      16.0000      783.528  4.29702e-12      2.00000  1.20107e-13
      16.0000      784.131  3.27855e-12      1.00000  1.04624e-13
      16.0000      784.735  4.63871e-12      3.00000  1.30671e-13
      16.0000      785.339  7.89151e-12     -15869.0          NaN
      16.0000      785.943  5.09008e-12     -15872.0          NaN
      16.0000      786.548  3.51606e-12      0.00000  8.72587e-14
      16.0000      787.153  3.82997e-12      0.00000  1.03321e-13
      16.0000      787.758  4.12778e-12      0.00000  9.81118e-14
      16.0000      788.365  3.71617e-12      0.00000  8.79822e-14
      16.0000      788.971  3.64561e-12      0.00000  1.21554e-13
      16.0000      789.579  4.35977e-12      0.00000  1.07952e-13
      16.0000      790.186  4.79346e-12      0.00000  9.00082e-14
      16.0000      790.794  4.57945e-12      0.00000  9.39153e-14
      16.0000      791.403  4.35596e-12      256.000  1.05926e-13
      16.0000      792.011  4.33180e-12     -15616.0          NaN
      16.0000      792.621  4.63245e-12     -15616.0          NaN
      16.0000      793.231  4.77023e-12      256.000  1.26040e-13
      17.0000      793.231  6.10920e-12     -15616.0          NaN
      16.0000      793.842  4.71324e-12      257.000  1.58600e-13
      17.0000      793.842  4.08179e-12      256.000  6.44673e-13
      16.0000      794.452  3.91086e-12      257.000  2.18798e-13
      17.0000      794.452  8.16688e-12     -15616.0  8.52907e-13
      16.0000      795.064  3.23506e-12      257.000  2.93178e-13
      17.0000      795.064  6.73352e-12     -15616.0  1.07619e-12
      16.0000      795.675  4.78377e-12      1.00000  1.05347e-13
      17.0000      795.675  6.56843e-12      256.000  5.79699e-13
      16.0000      796.288  5.47187e-12     -15871.0          NaN
      17.0000      796.288  7.54802e-12      256.000  1.15404e-12
      16.0000      796.900  5.60885e-12     -15616.0          NaN
      17.0000      796.900  7.89885e-12     -15616.0  6.67102e-13
      16.0000      797.514  5.50389e-12      256.000  1.38630e-13
      17.0000      797.514  8.13178e-12     -15616.0  5.10384e-13
      16.0000      798.128  5.38614e-12      256.000  1.28935e-13
      17.0000      798.128  7.41526e-12      256.000  3.93026e-13
      16.0000      798.742  6.99244e-12      256.000  1.30237e-13
      17.0000      798.742  9.90978e-12      256.000  6.08351e-13
      16.0000      799.357  6.54327e-12      0.00000  1.77556e-13
      17.0000      799.357  9.45492e-12      256.000  4.41648e-13
      16.0000      799.972  5.60360e-12      0.00000  1.47457e-13
      17.0000      799.972  9.24042e-12      256.000  3.16186e-13
      16.0000      800.587  5.13700e-12      0.00000  1.39643e-13
      17.0000      800.587  8.56103e-12      256.000  6.03720e-13
      16.0000      801.203  6.31833e-12      0.00000  1.57297e-13
      17.0000      801.203  1.03518e-11      256.000  4.89980e-13
      16.0000      801.820  6.19956e-12      0.00000  1.20686e-13
      17.0000      801.820  9.52737e-12      256.000  4.78548e-13
      16.0000      802.437  7.00698e-12      0.00000  1.27922e-13
      17.0000      802.437  8.94506e-12      256.000  5.84908e-13
      16.0000      803.054  5.81305e-12      1.00000  1.20252e-13
      17.0000      803.054  8.66181e-12      256.000  3.24724e-13
      16.0000      803.672 -7.18997e-12      3.00000  1.86962e-13
      17.0000      803.672  1.07966e-11      0.00000  3.70017e-13
      16.0000      804.291 -5.99355e-12      259.000  1.69742e-13
      17.0000      804.291  9.98567e-12      0.00000  3.64229e-13
      16.0000      804.910  5.35341e-12      256.000  1.27487e-13
      17.0000      804.910  8.70590e-12      0.00000  3.23277e-13
      16.0000      805.529  5.94871e-12      0.00000  1.22857e-13
      17.0000      805.529  8.54497e-12      256.000  4.30216e-13
      17.0000      806.149  9.68097e-12      256.000  3.39918e-13
      17.0000      806.769  1.11878e-11      256.000  2.86521e-13
      17.0000      807.390  9.22292e-12      256.000  2.74221e-13
      17.0000      808.012  8.78381e-12      256.000  2.63223e-13
      17.0000      808.633  9.70972e-12      0.00000  2.69012e-13
      17.0000      809.255  1.08983e-11      0.00000  2.81891e-13
      17.0000      809.878  9.61806e-12      0.00000  1.97526e-13
      17.0000      810.501  8.55022e-12      0.00000  2.32835e-13
      17.0000      811.125  9.76387e-12     -15616.0          NaN
      17.0000      811.750  1.31057e-11     -15616.0          NaN
      17.0000      812.374  1.01230e-11     -15616.0          NaN
      17.0000      812.999  8.64104e-12     -15616.0          NaN
      17.0000      813.625  2.16471e-11      0.00000  1.69453e-13
      17.0000      814.251  4.14222e-11      0.00000  1.96802e-13
      17.0000      814.878  3.09157e-11      1.00000  1.93474e-13
      17.0000      815.504  8.68200e-12      1.00000  1.52956e-13
      17.0000      816.132  8.86912e-12      1.00000  1.70900e-13
      17.0000      816.760  1.57570e-11      0.00000  1.41090e-13
      17.0000      817.389  1.34733e-11      0.00000  1.49049e-13
      17.0000      818.017  6.97319e-12      0.00000  1.43839e-13
      17.0000      818.647  9.12602e-12      0.00000  1.14898e-13
      17.0000      819.277  1.51183e-11      0.00000  1.28356e-13
      17.0000      819.907  1.45377e-11      0.00000  1.36315e-13
      17.0000      820.538  7.33572e-12      0.00000  1.38775e-13
      17.0000      821.170  7.42804e-12      0.00000  1.11714e-13
      17.0000      821.802  1.65805e-11     -15870.0          NaN
      17.0000      822.434  2.24716e-11     -15870.0          NaN
      17.0000      823.067  1.16412e-11      256.000  1.30816e-13
      17.0000      823.700  7.88973e-12      256.000  1.14319e-13
      17.0000      824.334  1.38127e-11      0.00000  1.21265e-13
      17.0000      824.969  1.74329e-11      0.00000  1.20976e-13
      17.0000      825.604  9.92540e-12      256.000  1.26764e-13
      17.0000      826.239  6.09599e-12      256.000  1.06939e-13
      17.0000      826.875  1.05678e-11      0.00000  1.05781e-13
      17.0000      827.511  1.63969e-11      0.00000  1.11570e-13
      17.0000      828.148  1.10215e-11      0.00000  1.16345e-13
      17.0000      828.785  6.34890e-12      0.00000  1.08531e-13
      17.0000      829.423  8.96721e-12      0.00000  1.09110e-13
      17.0000      830.061  1.55268e-11      0.00000  1.12438e-13
      17.0000      830.700  1.25968e-11      0.00000  1.18371e-13
      17.0000      831.339  6.10834e-12      0.00000  1.37762e-13
      17.0000      831.979  7.85743e-12      0.00000  1.02019e-13
      17.0000      832.619  1.20006e-11      0.00000  1.18081e-13
      17.0000      833.260  1.11039e-11      0.00000  1.18660e-13
      17.0000      833.901  6.36081e-12      256.000  1.13595e-13
      17.0000      834.543  5.17216e-12      256.000  1.31105e-13
      17.0000      835.185  9.86937e-12      2.00000  1.35012e-13
      17.0000      835.828  1.12178e-11      2.00000  1.35446e-13
      17.0000      836.471  6.21401e-12      2.00000  1.18805e-13
      17.0000      837.114  6.34294e-12      0.00000  1.89712e-13
      17.0000      837.759  8.01533e-12      0.00000  1.31395e-13
      17.0000      838.404  8.67233e-12      2.00000  1.62796e-13
      17.0000      839.049  6.62894e-12     -15870.0          NaN
      17.0000      839.694  6.66594e-12     -15872.0          NaN
      17.0000      840.340  6.85947e-12      0.00000  1.22423e-13
      17.0000      840.987  7.20809e-12      0.00000  1.18950e-13
      17.0000      841.634  5.96150e-12      0.00000  1.15043e-13
      17.0000      842.282  5.09628e-12      256.000  1.15621e-13
      17.0000      842.930  5.74881e-12      256.000  1.04334e-13
      18.0000      842.930  8.54244e-12      256.000  7.27156e-13
      17.0000      843.579  6.48500e-12      0.00000  9.14552e-14
      18.0000      843.579  8.32829e-12      256.000  6.37582e-13
      17.0000      844.228  5.96611e-12      256.000  9.65200e-14
      18.0000      844.228  8.05285e-12      256.000  5.11976e-13
      17.0000      844.877  5.67483e-12      256.000  9.57965e-14
      18.0000      844.877  1.39054e-12      256.000  5.31511e-13
      17.0000      845.528  5.91988e-12      257.000  9.29023e-14
      18.0000      845.528  4.99997e-12      256.000  4.20520e-13
      17.0000      846.178  5.75201e-12      257.000  9.01529e-14
      18.0000      846.178  9.00380e-12      256.000  4.56553e-13
      17.0000      846.830  5.24282e-12     -15872.0          NaN
      18.0000      846.830  9.40773e-12      256.000  3.49469e-13
      17.0000      847.481  5.40371e-12     -15616.0          NaN
      18.0000      847.481  9.45015e-12      256.000  5.45548e-13
      17.0000      848.133  5.62651e-12      256.000  1.70610e-13
      18.0000      848.133  7.72609e-12      256.000  5.93157e-13
      17.0000      848.786  5.12163e-12      256.000  3.43970e-13
      18.0000      848.786  8.94642e-12      256.000  3.96933e-13
      17.0000      849.439  4.41052e-12      0.00000  6.03286e-13
      18.0000      849.439  1.01697e-11     -15616.0          NaN
      17.0000      850.093  4.46253e-12      0.00000  1.39107e-12
      18.0000      850.093  1.22037e-11     -15616.0          NaN
      17.0000      850.747  4.58088e-12     -15872.0          NaN
      18.0000      850.747  1.17509e-11      256.000  8.05443e-13
      17.0000      851.401  5.28579e-12     -15872.0          NaN
      18.0000      851.401  9.98155e-12      256.000  1.42045e-12
      17.0000      852.057  5.03639e-12      256.000  3.06346e-13
      18.0000      852.057  9.55790e-12      256.000  5.58427e-13
      17.0000      852.713  5.04820e-12      256.000  1.51654e-13
      18.0000      852.713  7.91237e-12      256.000  9.31483e-13
      17.0000      853.368  4.12959e-12      257.000  1.34144e-13
      18.0000      853.368  6.87346e-12      256.000  8.66799e-13
      17.0000      854.026  4.86295e-12      1.00000  1.74807e-13
      18.0000      854.026  7.41533e-12      0.00000  8.17598e-13
      17.0000      854.683  3.08885e-12      1.00000  1.59468e-13
      18.0000      854.683  7.23362e-12      0.00000  1.55098e-12
      18.0000      855.341  7.87484e-12     -15872.0          NaN
      18.0000      855.999  6.25686e-12     -15616.0          NaN
      18.0000      856.657  7.64989e-12      257.000  3.42957e-13
      18.0000      857.316  6.75201e-12      257.000  2.83772e-13
      18.0000      857.976  8.60800e-12      258.000  5.37155e-13
      18.0000      858.637  6.17923e-12      258.000  4.74786e-13
      18.0000      859.297  5.19107e-12      0.00000  2.35005e-13
      18.0000      859.958  6.14798e-12      0.00000  3.13147e-13
      18.0000      860.620  5.98558e-12      0.00000  3.44983e-13
      18.0000      861.283  6.04320e-12      0.00000  4.43818e-13
      18.0000      861.945  6.11340e-12      0.00000  2.24152e-13
      18.0000      862.608  5.05642e-12      2.00000  1.78714e-13
      18.0000      863.272  5.48096e-12      2.00000  2.47161e-13
      18.0000      863.937  5.30144e-12      0.00000  2.24876e-13
      18.0000      864.602  5.35654e-12      0.00000  2.78707e-13
      18.0000      865.267  5.18822e-12      0.00000  2.00710e-13
      18.0000      865.933  5.40408e-12      0.00000  1.92027e-13
      18.0000      866.599  5.27402e-12      2.00000  2.09826e-13
      18.0000      867.266  5.29984e-12      258.000  1.82621e-13
      18.0000      867.934  5.49553e-12      256.000  1.80161e-13
      18.0000      868.601  4.86391e-12      256.000  2.29506e-13
      18.0000      869.270  4.91792e-12      256.000  1.58889e-13
      18.0000      869.938  4.69616e-12      0.00000  1.53535e-13
      18.0000      870.608  4.17099e-12      0.00000  5.25578e-13
      18.0000      871.277  4.55213e-12      256.000  1.48904e-13
      18.0000      871.948  4.49537e-12      256.000  1.46010e-13
      18.0000      872.619  1.37300e-12      256.000  1.38196e-13
      18.0000      873.291  9.42391e-13      256.000  1.49483e-13
      18.0000      873.962  5.49554e-13      0.00000  1.60770e-13
      18.0000      874.635  6.03892e-13      256.000  1.49772e-13
      18.0000      875.308  1.00047e-12      256.000  1.57876e-13
      18.0000      875.982  7.83298e-13      256.000  2.08668e-13
      18.0000      876.656  6.11483e-13      256.000  1.35157e-13
      18.0000      877.331  5.89153e-13      256.000  1.88265e-13
      18.0000      878.005  1.39410e-12      0.00000  1.69163e-13
      18.0000      878.681  1.43588e-12      0.00000  1.26909e-13
      18.0000      879.357  7.42660e-13      2.00000  1.41669e-13
      18.0000      880.035  1.60543e-12      2.00000  1.52811e-13
      18.0000      880.711  1.76552e-12      0.00000  1.54114e-13
      18.0000      881.389  1.54910e-12      0.00000  1.03177e-13
      18.0000      882.068  1.64399e-12      256.000  1.16200e-13
      18.0000      882.747  1.60206e-12      256.000  1.29803e-13
      18.0000      883.426  1.88482e-12      0.00000  1.09833e-13
      18.0000      884.105  1.78183e-12      256.000  1.18660e-13
      18.0000      884.786  1.49398e-12      256.000  9.88353e-14
      18.0000      885.467  1.44407e-12      0.00000  9.57965e-14
      18.0000      886.148  1.67216e-12      0.00000  8.92846e-14
      18.0000      886.830  1.77702e-12      0.00000  8.07469e-14
      18.0000      887.512  1.42362e-12      0.00000  8.68246e-14
      18.0000      888.195  1.52126e-12      256.000  9.14552e-14
      18.0000      888.879  1.94828e-12      256.000  1.07518e-13
      18.0000      889.563  2.08721e-12      256.000  1.00138e-13
      18.0000      890.248  1.77226e-12      256.000  9.52176e-14
      18.0000      890.932  1.67411e-12      0.00000  1.09833e-13
      18.0000      891.618  1.95494e-12      0.00000  1.27922e-13
      18.0000      892.304  1.80073e-12      2.00000  1.15043e-13
      19.0000      892.304  9.39157e-12      257.000  9.58544e-13
      18.0000      892.991  1.47506e-12      2.00000  1.20541e-13
      19.0000      892.991  2.60254e-12      256.000  8.95885e-13
      18.0000      893.678  1.25343e-12      0.00000  1.08531e-13
      19.0000      893.678  2.28496e-12      257.000  7.52046e-13
      18.0000      894.366  1.57455e-12      0.00000  1.20541e-13
      19.0000      894.366  4.55682e-12      257.000  7.35983e-13
      18.0000      895.054  1.55897e-12      0.00000  1.01151e-13
      19.0000      895.054  6.60885e-12      256.000  6.70865e-13
      18.0000      895.743  1.80060e-12      0.00000  1.02887e-13
      19.0000      895.743  5.65727e-12      256.000  5.77384e-13
      18.0000      896.432  1.56166e-12      0.00000  1.11714e-13
      19.0000      896.432  6.48229e-12      256.000  5.46416e-13
      18.0000      897.122  1.59828e-12      256.000  1.14319e-13
      19.0000      897.122  6.31677e-12      256.000  4.81587e-13
      18.0000      897.812  1.60792e-12      256.000  1.19673e-13
      19.0000      897.812  5.47375e-12      256.000  5.16317e-13
      18.0000      898.503  1.70172e-12      256.000  1.38775e-13
      19.0000      898.503  5.01650e-12      256.000  5.22250e-13
      18.0000      899.194  8.82428e-13      0.00000  1.87541e-13
      19.0000      899.194  4.14493e-12      256.000  3.37892e-13
      18.0000      899.887  1.30481e-12      256.000  3.31381e-13
      19.0000      899.887  3.22424e-11      258.000  7.39167e-13
      18.0000      900.579  1.80996e-12      256.000  2.92020e-13
      19.0000      900.579  2.14127e-11      258.000  4.94177e-13
      18.0000      901.272  1.03447e-12      0.00000  2.08379e-13
      19.0000      901.272  4.36842e-12      256.000  3.26605e-13
      18.0000      901.965  1.52417e-12      0.00000  1.82621e-13
      19.0000      901.965  5.18977e-12      256.000  7.69411e-13
      18.0000      902.660  1.67032e-12      0.00000  2.18219e-13
      19.0000      902.660  4.76891e-12      256.000  4.19073e-13
      18.0000      903.354  6.61935e-13      0.00000  1.56140e-13
      19.0000      903.354  4.64178e-12      256.000  8.84164e-13
      18.0000      904.050  7.10398e-13      256.000  1.23436e-13
      19.0000      904.050  5.93242e-12      258.000  4.86073e-13
      18.0000      904.745  7.97369e-13      256.000  1.26909e-13
      19.0000      904.745  5.71620e-12      258.000  2.52515e-13
      19.0000      905.441  5.84319e-12      0.00000  2.94769e-13
      19.0000      906.138  4.86139e-12      256.000  3.16620e-13
      19.0000      906.835  4.58621e-12      256.000  2.81601e-13
      19.0000      907.533  6.56476e-12      0.00000  2.75668e-13
      19.0000      908.231  4.39566e-12      2.00000  2.43398e-13
      19.0000      908.931  6.60863e-12      2.00000  2.90284e-13
      19.0000      909.630  3.55664e-12      2.00000  2.33848e-13
      19.0000      910.330  2.69829e-12      256.000  2.69880e-13
      19.0000      911.031  4.68508e-12      256.000  2.29362e-13
      19.0000      911.732  4.63980e-12      256.000  2.15614e-13
      19.0000      912.433  4.34523e-12      256.000  1.72636e-13
      19.0000      913.135  4.57000e-12      256.000  1.58455e-13
      19.0000      913.838  4.12551e-12      256.000  1.47747e-13
      19.0000      914.541  3.76060e-12      0.00000  1.72202e-13
      19.0000      915.245  4.07387e-12      258.000  1.43984e-13
      19.0000      915.949  3.88759e-12      258.000  1.35736e-13
      19.0000      916.654  4.36634e-12      256.000  1.47168e-13
      19.0000      917.360  3.85509e-12      258.000  1.44418e-13
      19.0000      918.065  3.66218e-12      2.00000  1.28790e-13
      19.0000      918.771  3.78532e-12      0.00000  1.23870e-13
      19.0000      919.479  3.59046e-12      0.00000  1.66124e-13
      19.0000      920.187  1.30696e-12      0.00000  1.19963e-13
      19.0000      920.894 -2.47970e-13      256.000  2.09826e-13
      19.0000      921.603 -5.90585e-13      256.000  1.37906e-13
      19.0000      922.313 -1.07873e-12      0.00000  1.05637e-13
      19.0000      923.022 -1.17968e-12      2.00000  1.07952e-13
      19.0000      923.732 -7.20380e-13      258.000  1.15187e-13
      19.0000      924.443 -5.22655e-13      256.000  1.12583e-13
      19.0000      925.155 -8.82102e-13      256.000  1.01440e-13
      19.0000      925.867 -6.74007e-13      0.00000  9.49282e-14
      19.0000      926.579 -7.68156e-14      0.00000  9.27576e-14
      19.0000      927.292  4.73205e-14      258.000  9.27576e-14
      19.0000      928.005 -2.29956e-13      258.000  1.00861e-13
      19.0000      928.720 -9.57734e-14      0.00000  1.01585e-13
      19.0000      929.435  2.37891e-13      0.00000  9.72435e-14
      19.0000      930.149  2.10827e-13      0.00000  1.03900e-13
      19.0000      930.866 -1.36282e-13      0.00000  8.88505e-14
      19.0000      931.582 -2.95896e-13      0.00000  9.63753e-14
      19.0000      932.298  3.08533e-13      0.00000  1.01295e-13
      19.0000      933.016  7.43776e-14      0.00000  9.20341e-14
      19.0000      933.734 -1.61555e-13      0.00000  9.18894e-14
      19.0000      934.453  1.03705e-13      0.00000  9.34811e-14
      19.0000      935.172  3.28936e-14      0.00000  9.73882e-14
      19.0000      935.891  2.17128e-14      0.00000  1.00427e-13
      19.0000      936.611  9.28456e-14      0.00000  1.71189e-13
      19.0000      937.332 -6.98360e-14      0.00000  1.61638e-13
      19.0000      938.054  2.94572e-13      256.000  1.62507e-13
      19.0000      938.775  3.35400e-14      256.000  1.34723e-13
      19.0000      939.498 -3.41068e-13      256.000  1.28356e-13
      19.0000      940.221  3.41874e-13      256.000  1.04913e-13
      19.0000      940.944  4.12513e-13      256.000  1.58310e-13
      19.0000      941.668 -3.40247e-15      0.00000  1.56284e-13
      20.0000      941.668  3.15085e-12      256.000  4.81298e-13
      19.0000      942.393  9.89945e-14      0.00000  1.06939e-13
      20.0000      942.393  4.42186e-12      256.000  4.25151e-13
      19.0000      943.118  1.38364e-13      2.00000  9.46388e-14
      20.0000      943.118  3.65061e-12      256.000  9.31194e-13
      19.0000      943.844  8.70032e-14      2.00000  9.68094e-14
      20.0000      943.844  2.34649e-12     -15616.0          NaN
      19.0000      944.570 -1.88262e-13      0.00000  9.53624e-14
      20.0000      944.570  2.75945e-12     -15616.0          NaN
      19.0000      945.298 -1.84696e-13      0.00000  9.40600e-14
      20.0000      945.298  8.78762e-13      257.000  5.19211e-13
      19.0000      946.025  3.41845e-14     -15870.0          NaN
      20.0000      946.025 -8.85736e-12      257.000  6.87217e-13
      19.0000      946.753  1.94250e-13     -15870.0          NaN
      20.0000      946.753 -7.46932e-12      257.000  4.61617e-13
      19.0000      947.481  3.61441e-13      1.00000  8.26281e-14
      20.0000      947.481 -3.17213e-13      257.000  3.73346e-13
      19.0000      948.211  2.92585e-13      1.00000  9.10211e-14
      20.0000      948.211  2.33776e-12      257.000  4.26598e-13
      19.0000      948.939  4.56369e-13      0.00000  9.08764e-14
      20.0000      948.939  3.19280e-12      256.000  6.01260e-13
      19.0000      949.670  5.88559e-13      0.00000  9.57965e-14
      20.0000      949.670  3.55160e-12      0.00000  3.91579e-13
      19.0000      950.401  4.75638e-13      0.00000  1.21265e-13
      20.0000      950.401  2.78967e-12      512.000  3.15897e-13
      19.0000      951.133  5.03983e-13     -15872.0          NaN
      20.0000      951.133  2.49059e-12      768.000  2.54251e-13
      19.0000      951.864  6.57066e-13     -15616.0          NaN
      20.0000      951.864  3.02565e-12      256.000  2.49621e-13
      19.0000      952.597  6.41989e-13      256.000  1.60336e-13
      20.0000      952.597  2.58513e-12      0.00000  5.83895e-13
      19.0000      953.330  2.69714e-13      256.000  1.52956e-13
      20.0000      953.330  2.51393e-12      0.00000  4.53948e-13
      19.0000      954.064  7.09010e-13      256.000  2.22705e-13
      20.0000      954.064  3.41028e-12      0.00000  2.31966e-13
      20.0000      954.798  3.44046e-12      0.00000  1.96802e-13
      20.0000      955.532  2.89627e-12      0.00000  1.99407e-13
      20.0000      956.268  2.14416e-12      0.00000  2.69012e-13
      20.0000      957.004  2.41441e-12      256.000  2.39202e-13
      20.0000      957.740  2.88936e-12      257.000  2.45714e-13
      20.0000      958.477  2.79193e-12      257.000  2.69012e-13
      20.0000      959.214  4.84195e-12      257.000  4.74207e-13
      20.0000      959.953  4.05864e-12      256.000  2.49910e-13
      20.0000      960.691  3.16331e-12      0.00000  1.51364e-13
      20.0000      961.430  2.21849e-12      0.00000  1.46444e-13
      20.0000      962.170  1.82769e-12      2.00000  2.30664e-13
      20.0000      962.911  2.03505e-12      258.000  1.84213e-13
      20.0000      963.652  1.61837e-12      256.000  1.81463e-13
      20.0000      964.394  2.38724e-12      256.000  1.18226e-13
      20.0000      965.135  2.45744e-12      0.00000  1.39788e-13
      20.0000      965.878  2.00500e-12      0.00000  1.32986e-13
      20.0000      966.622  1.81762e-12      256.000  1.19239e-13
      20.0000      967.365  2.92734e-12      258.000  1.57731e-13
      20.0000      968.110  5.25972e-13      258.000  1.32408e-13
      20.0000      968.855 -9.72426e-13      256.000  1.90001e-13
      20.0000      969.600 -1.07745e-12      256.000  1.41235e-13
      20.0000      970.346 -9.20727e-13      258.000  1.16056e-13
      20.0000      971.093 -9.40769e-13      258.000  1.10123e-13
      20.0000      971.840 -1.08447e-13      258.000  2.30519e-13
      20.0000      972.589 -3.71137e-13      258.000  1.76109e-13
      20.0000      973.336 -8.70437e-13      0.00000  1.37328e-13
      20.0000      974.085 -4.67412e-13      0.00000  1.32118e-13
      20.0000      974.836 -4.07840e-14      0.00000  1.05926e-13
      20.0000      975.585 -1.69831e-12      1.00000  9.23235e-14
      20.0000      976.337 -2.42520e-12      1.00000  1.01006e-13
      20.0000      977.087 -7.44723e-13      1.00000  9.56518e-14
      20.0000      977.839  6.17832e-13      0.00000  8.71140e-14
      20.0000      978.592  7.40631e-13      0.00000  8.59563e-14
      20.0000      979.345  3.72812e-13      0.00000  8.55222e-14
      20.0000      980.098  6.38647e-13      256.000  9.53624e-14
      20.0000      980.853  8.83917e-13     -15616.0          NaN
      20.0000      981.608  5.47840e-13     -15872.0          NaN
      20.0000      982.363  4.97020e-13      0.00000  8.85611e-14
      20.0000      983.119  7.82394e-13      0.00000  9.29023e-14
      20.0000      983.875  9.97700e-13      0.00000  1.07518e-13
      20.0000      984.633  1.22949e-12      0.00000  1.09833e-13
      20.0000      985.391  7.68571e-13      0.00000  9.37706e-14
      20.0000      986.149  1.09612e-12      256.000  1.01295e-13
      20.0000      986.908  1.08460e-12      256.000  1.04045e-13
      20.0000      987.667  1.13148e-12      256.000  1.04479e-13
      20.0000      988.427  1.11818e-12      256.000  1.10267e-13
      20.0000      989.187  1.40589e-12      256.000  1.51075e-13
      20.0000      989.949  1.18879e-12      2.00000  1.73649e-13
      20.0000      990.710  9.17038e-13      2.00000  1.52522e-13
      20.0000      991.473  1.44004e-12      2.00000  1.03466e-13
      20.0000      992.236  1.54011e-12      0.00000  1.35591e-13
      20.0000      992.999  1.51693e-12      0.00000  1.59034e-13
      20.0000      993.763  1.63268e-12      0.00000  1.60481e-13
      20.0000      994.528  1.55355e-12      0.00000  1.36315e-13
      20.0000      995.293  1.53054e-12      0.00000  1.06505e-13
      20.0000      996.060  1.79794e-12      0.00000  1.11135e-13
      20.0000      996.826  1.97705e-12      0.00000  1.01585e-13
      20.0000      997.593  1.72750e-12      0.00000  9.08764e-14
      20.0000      998.361  1.65501e-12      0.00000  9.26129e-14
      20.0000      999.129  1.81567e-12      0.00000  1.00282e-13
      20.0000      999.898  1.92685e-12      256.000  1.10991e-13
      20.0000      1000.67  1.79923e-12      256.000  1.13451e-13
      20.0000      1001.44  1.79804e-12      0.00000  1.01006e-13
      20.0000      1002.21  2.08332e-12      256.000  1.23291e-13
      20.0000      1002.98  2.13143e-12      257.000  1.12438e-13
      20.0000      1003.75  2.30271e-12      1.00000  1.08241e-13
