      11.0000      516.799  1.86462e-10      259.000  8.09495e-13
      11.0000      517.196  1.81715e-10      259.000  1.50033e-12
      11.0000      517.594  1.86575e-10      256.000  7.07620e-13
      11.0000      517.992  1.77400e-10      256.000  6.56249e-13
      11.0000      518.391  1.87532e-10      256.000  8.55222e-13
      11.0000      518.790  1.81471e-10      256.000  7.03569e-13
      11.0000      519.189  1.87320e-10      256.000  7.72015e-13
      11.0000      519.589  1.79182e-10      256.000  6.82152e-13
      11.0000      519.989  1.70999e-10      256.000  6.61169e-13
      11.0000      520.389  1.73286e-10      256.000  6.99372e-13
      11.0000      520.789  1.70877e-10      256.000  6.16599e-13
      11.0000      521.190  1.68860e-10      256.000  6.56828e-13
      11.0000      521.591  1.72507e-10      256.000  6.22677e-13
      11.0000      521.992  1.68610e-10      258.000  5.67399e-13
      11.0000      522.394  1.63944e-10      258.000  4.60749e-13
      11.0000      522.796  1.68722e-10      256.000  6.47277e-13
      11.0000      523.198  1.66292e-10      256.000  1.41264e-12
      11.0000      523.601  1.61099e-10      0.00000  4.84771e-13
      11.0000      524.004  1.64008e-10     -15614.0          NaN
      11.0000      524.407  1.67744e-10     -15614.0          NaN
      11.0000      524.811  1.61952e-10      256.000  5.12265e-13
      11.0000      525.214  1.59157e-10      256.000  3.78700e-13
      11.0000      525.619  1.56856e-10      0.00000  4.21389e-13
      11.0000      526.023  1.54452e-10      0.00000  4.63499e-13
      11.0000      526.428  1.65403e-10      0.00000  4.52646e-13
      11.0000      526.833  1.56809e-10      0.00000  4.51488e-13
      11.0000      527.238  1.49075e-10      256.000  4.07497e-13
      11.0000      527.644  1.51137e-10      256.000  4.85205e-13
      11.0000      528.050  1.54812e-10      256.000  5.36865e-13
      11.0000      528.457  1.46126e-10      256.000  7.35549e-13
      11.0000      528.863  1.44430e-10      256.000  4.29348e-13
      11.0000      529.270  1.45750e-10      256.000  4.23849e-13
      11.0000      529.678  1.41023e-10      256.000  5.04451e-13
      11.0000      530.085  1.42950e-10      0.00000  4.67840e-13
      11.0000      530.493  1.41693e-10      0.00000  3.71030e-13
      11.0000      530.901  1.43391e-10      0.00000  4.94032e-13
      11.0000      531.310  1.41180e-10      0.00000  4.18205e-13
      11.0000      531.719  1.38821e-10      0.00000  4.05037e-13
      11.0000      532.128  1.33151e-10      0.00000  4.08365e-13
      11.0000      532.537  1.35680e-10      0.00000  4.12272e-13
      11.0000      532.947  1.40550e-10      256.000  4.15456e-13
      11.0000      533.357  1.35251e-10      256.000  3.83331e-13
      11.0000      533.768  1.29942e-10      0.00000  3.53521e-13
      11.0000      534.179  1.30481e-10      0.00000  3.65676e-13
      11.0000      534.590  1.32838e-10      0.00000  5.87802e-13
      11.0000      535.001  1.27827e-10      0.00000  5.36721e-13
      11.0000      535.413  1.28018e-10      2.00000  4.38030e-13
      11.0000      535.825  1.26469e-10      2.00000  3.68426e-13
      11.0000      536.237  1.26087e-10      256.000  3.55691e-13
      11.0000      536.650  1.25830e-10      256.000  3.92158e-13
      11.0000      537.063  1.25560e-10      0.00000  3.56994e-13
      11.0000      537.476  1.21116e-10      0.00000  3.50337e-13
      11.0000      537.889  1.23898e-10     -15872.0          NaN
      11.0000      538.304  1.20209e-10     -15870.0          NaN
      11.0000      538.718  1.17161e-10      2.00000  3.50337e-13
      11.0000      539.132  1.18030e-10      0.00000  3.70162e-13
      11.0000      539.547  1.14765e-10      0.00000  3.27039e-13
      11.0000      539.962  1.08697e-10     -15871.0          NaN
      11.0000      540.378  1.08450e-10     -15615.0          NaN
      11.0000      540.794  1.08921e-10      257.000  3.56270e-13
      11.0000      541.210  1.07609e-10      256.000  3.81739e-13
      11.0000      541.626  1.08913e-10      256.000  3.59888e-13
      11.0000      542.043  1.06861e-10      256.000  3.15463e-13
      11.0000      542.460  1.06306e-10      257.000  3.23711e-13
      11.0000      542.878  1.04451e-10      257.000  2.98821e-13
      11.0000      543.295  1.03127e-10      256.000  2.91875e-13
      11.0000      543.713  1.01781e-10      256.000  3.33551e-13
      11.0000      544.132  1.05838e-10      256.000  3.22119e-13
      11.0000      544.550  1.02869e-10      256.000  3.21251e-13
      11.0000      544.970  9.93147e-11      256.000  3.59020e-13
      11.0000      545.389  1.01827e-10      258.000  3.34998e-13
      11.0000      545.809  1.03650e-10      258.000  3.12858e-13
      11.0000      546.229  1.00414e-10      256.000  2.87534e-13
      11.0000      546.649  1.00440e-10      256.000  2.79865e-13
      11.0000      547.070  1.00863e-10      2.00000  2.79575e-13
      11.0000      547.491  1.00319e-10      2.00000  3.01426e-13
      11.0000      547.912  1.00026e-10      0.00000  3.05333e-13
      11.0000      548.334  9.81521e-11      0.00000  2.72919e-13
      11.0000      548.756  9.41784e-11      256.000  2.71182e-13
      11.0000      549.178  9.46257e-11      256.000  2.62066e-13
      11.0000      549.600  9.58317e-11      0.00000  2.57435e-13
      11.0000      550.024  9.54965e-11      256.000  2.60184e-13
      11.0000      550.447  9.60295e-11      256.000  2.62066e-13
      11.0000      550.870  9.44471e-11      256.000  2.65104e-13
      11.0000      551.294  9.27204e-11      256.000  2.78562e-13
      11.0000      551.718  9.32014e-11      256.000  3.29499e-13
      11.0000      552.143  9.38820e-11      256.000  3.22988e-13
      11.0000      552.568  9.11116e-11      0.00000  3.23277e-13
      11.0000      552.993  8.99309e-11      256.000  3.02005e-13
      11.0000      553.418  9.02198e-11      256.000  2.94335e-13
      11.0000      553.844  8.86594e-11      256.000  2.91441e-13
      11.0000      554.271  8.74474e-11      0.00000  3.06346e-13
      11.0000      554.697  8.79734e-11      2.00000  4.05616e-13
      11.0000      555.124  8.54213e-11      2.00000  3.50916e-13
      11.0000      555.551  8.53815e-11      2.00000  3.28631e-13
      11.0000      555.979  8.67667e-11      0.00000  3.17489e-13
      11.0000      556.407  8.50506e-11      0.00000  3.06346e-13
      11.0000      556.835  8.39240e-11      0.00000  3.03163e-13
      11.0000      557.263  8.32871e-11      0.00000  3.01426e-13
      11.0000      557.692  8.23699e-11      0.00000  3.08517e-13
      11.0000      558.121  8.33220e-11      0.00000  3.04320e-13
      11.0000      558.551  8.33763e-11      256.000  2.88692e-13
      12.0000      561.999  8.02057e-11      0.00000  5.67109e-13
      12.0000      562.431  8.21784e-11      0.00000  5.98945e-13
      12.0000      562.864  8.02566e-11      0.00000  6.35701e-13
      12.0000      563.297  7.93038e-11      0.00000  1.04349e-12
      12.0000      563.731  7.85708e-11      0.00000  7.69411e-13
      12.0000      564.164  7.80322e-11      0.00000  4.38320e-13
      12.0000      564.599  7.78591e-11      0.00000  4.06628e-13
      12.0000      565.033  7.85360e-11      0.00000  4.49751e-13
      12.0000      565.468  7.99018e-11      256.000  4.92295e-13
      12.0000      565.903  7.64785e-11      256.000  4.62196e-13
      12.0000      566.338  7.27247e-11      256.000  3.74938e-13
      12.0000      566.774  7.45430e-11      256.000  5.41207e-13
      12.0000      567.210  7.46495e-11      256.000  2.50648e-12
      12.0000      567.647  7.31283e-11      256.000  4.38247e-12
      12.0000      568.084  7.37441e-11      0.00000  3.65676e-13
      12.0000      568.521  7.27428e-11      1.00000  4.36004e-13
      12.0000      568.958  7.21774e-11      257.000  4.15745e-13
      12.0000      569.396  7.19344e-11      256.000  4.74786e-13
      12.0000      569.834  7.19893e-11     -15616.0          NaN
      12.0000      570.273  7.23392e-11     -15616.0          NaN
      12.0000      570.711  7.39570e-11      256.000  3.84054e-13
      12.0000      571.151  7.08214e-11      258.000  3.30078e-13
      12.0000      571.590  6.98441e-11      258.000  3.10832e-13
      12.0000      572.030  7.01886e-11      256.000  3.02439e-13
      12.0000      572.470  6.48299e-11      258.000  3.00413e-13
      12.0000      572.911  6.79988e-11      258.000  3.32972e-13
      12.0000      573.352  6.87014e-11      256.000  3.40787e-13
      12.0000      573.793  6.84826e-11      0.00000  4.18929e-13
      12.0000      574.234  6.60220e-11      0.00000  3.67702e-13
      12.0000      574.676  6.48998e-11      256.000  8.41909e-13
      12.0000      575.119  6.63336e-11      256.000  3.70017e-13
      12.0000      575.561  6.78094e-11      256.000  3.23277e-13
      12.0000      576.004  6.61883e-11      0.00000  3.27039e-13
      12.0000      576.447  6.65150e-11      2.00000  5.17475e-13
      12.0000      576.891  6.39590e-11      2.00000  3.24579e-13
      12.0000      577.335  6.37485e-11      256.000  3.00558e-13
      12.0000      577.779  6.38377e-11      256.000  3.65242e-13
      12.0000      578.224  6.34473e-11      256.000  3.98525e-13
      12.0000      578.669  6.27946e-11      256.000  2.65104e-13
      12.0000      579.114  6.28024e-11     -15616.0          NaN
      12.0000      579.560  6.29616e-11     -15616.0          NaN
      12.0000      580.006  6.21719e-11      0.00000  2.59461e-13
      12.0000      580.452  6.18509e-11      0.00000  2.86666e-13
      12.0000      580.899  6.29618e-11      256.000  2.69156e-13
      12.0000      581.346  6.01850e-11      256.000  2.60040e-13
      12.0000      581.793  6.04820e-11      256.000  2.47739e-13
      12.0000      582.241  5.90950e-11     -15616.0          NaN
      12.0000      582.689  5.98151e-11     -15614.0          NaN
      12.0000      583.137  6.06592e-11      258.000  2.42385e-13
      12.0000      583.586  6.11071e-11      256.000  2.83627e-13
      12.0000      584.035  6.19907e-11      256.000  2.99834e-13
      12.0000      584.484  6.26167e-11      0.00000  2.68288e-13
      12.0000      584.934  5.81373e-11      2.00000  2.31966e-13
      12.0000      585.384  5.27383e-11      3.00000  2.29651e-13
      12.0000      585.835  5.75649e-11      1.00000  2.30519e-13
      12.0000      586.286  8.05262e-11      8.00000  3.66544e-13
      12.0000      586.737  2.09970e-10      8.00000  3.67268e-13
      12.0000      587.188  2.43244e-10      8.00000  3.82896e-13
      12.0000      587.640  7.99034e-11      0.00000  3.30946e-13
      12.0000      588.092  5.70235e-11      0.00000  2.37031e-13
      12.0000      588.545  5.16725e-11      1.00000  2.62644e-13
      12.0000      588.998  5.02289e-11      1.00000  2.55554e-13
      12.0000      589.451  5.22196e-11      257.000  2.72050e-13
      12.0000      589.905  5.21698e-11      256.000  3.85501e-13
      12.0000      590.359  5.02194e-11      256.000  2.57001e-13
      12.0000      590.813  5.02730e-11      256.000  2.26323e-13
      12.0000      591.267  4.80191e-11      768.000  2.14457e-13
      12.0000      591.723  4.87046e-11      768.000  2.68433e-13
      12.0000      592.178  4.90223e-11      256.000  2.33413e-13
      12.0000      592.634  4.83911e-11      256.000  2.13299e-13
      12.0000      593.090  4.84595e-11      256.000  1.99262e-13
      12.0000      593.546  4.90756e-11      256.000  1.94921e-13
      12.0000      594.003  4.79481e-11      0.00000  1.95211e-13
      12.0000      594.460  4.66117e-11      258.000  2.21403e-13
      12.0000      594.917  4.67065e-11      258.000  2.32979e-13
      12.0000      595.375  4.60716e-11      256.000  2.28059e-13
      12.0000      595.833  4.63205e-11      256.000  2.07077e-13
      12.0000      596.292  4.66157e-11      0.00000  2.38333e-13
      12.0000      596.751  4.55464e-11      2.00000  2.51357e-13
      12.0000      597.210  4.44853e-11      2.00000  1.92606e-13
      12.0000      597.669  4.39035e-11      0.00000  1.77122e-13
      12.0000      598.129  4.39835e-11      2.00000  1.83779e-13
      12.0000      598.589  4.49150e-11      2.00000  2.35873e-13
      12.0000      599.050  4.41840e-11      0.00000  1.99118e-13
      12.0000      599.511  4.33885e-11      256.000  2.83916e-13
      12.0000      599.972  4.34820e-11      256.000  2.46582e-13
      12.0000      600.434  4.26922e-11      256.000  2.00275e-13
      12.0000      600.896  4.18857e-11      256.000  2.08234e-13
      12.0000      601.359  4.20450e-11      0.00000  2.03459e-13
      12.0000      601.822  4.11805e-11      0.00000  1.92027e-13
      12.0000      602.284  4.13562e-11      0.00000  1.91448e-13
      12.0000      602.748  4.05978e-11      256.000  1.91882e-13
      12.0000      603.212  4.05416e-11      256.000  2.15180e-13
      12.0000      603.676  4.12267e-11      258.000  2.50200e-13
      12.0000      604.141  4.12351e-11      2.00000  2.46582e-13
      12.0000      604.606  3.98774e-11      256.000  2.40215e-13
      12.0000      605.071  3.97878e-11      256.000  2.69446e-13
      12.0000      605.537  3.91872e-11     -15872.0          NaN
      12.0000      606.002  4.15411e-11     -15872.0          NaN
      12.0000      606.469  4.14033e-11     -15872.0          NaN
      12.0000      606.935  4.03689e-11      0.00000  3.89842e-13
      12.0000      607.402  4.00943e-11      0.00000  2.34426e-13
      13.0000      607.402  4.44368e-11     -15872.0          NaN
      13.0000      607.870  4.31521e-11     -15616.0          NaN
      13.0000      608.338  4.32443e-11      256.000  5.17619e-13
      13.0000      608.806  4.15816e-11      2.00000  1.21265e-12
      13.0000      609.274  4.02000e-11      2.00000  7.44376e-13
      13.0000      609.743  4.08005e-11      0.00000  4.78259e-13
      13.0000      610.212  4.08009e-11      0.00000  5.41207e-13
      13.0000      610.682  3.93176e-11      1.00000  5.94748e-13
      13.0000      611.152  4.45826e-11      1.00000  4.43818e-13
      13.0000      611.622  4.42812e-11      1.00000  5.27170e-13
      13.0000      612.093  4.07966e-11      1.00000  5.83172e-13
      13.0000      612.564  3.79519e-11      1.00000  4.37741e-13
      13.0000      613.035  3.75163e-11      513.000  4.23415e-13
      13.0000      613.507  3.71684e-11      770.000  5.62913e-13
      13.0000      613.979  3.67082e-11      258.000  3.57428e-13
      13.0000      614.451  3.81111e-11      256.000  3.92302e-13
      13.0000      614.924  3.71576e-11      258.000  3.92158e-13
      13.0000      615.397  3.79102e-11      258.000  3.83186e-13
      13.0000      615.871  3.76756e-11      256.000  4.33110e-13
      13.0000      616.345  3.83884e-11      256.000  5.29485e-13
      13.0000      616.819  3.65422e-11      256.000  4.30650e-13
      13.0000      617.294  3.64256e-11      256.000  1.11020e-12
      13.0000      617.769  3.59538e-11      258.000  2.68722e-13
      13.0000      618.245  3.62114e-11      258.000  3.01571e-13
      13.0000      618.720  3.49944e-11      256.000  3.09530e-13
      13.0000      619.196  3.38417e-11      256.000  2.98532e-13
      13.0000      619.673  3.46168e-11      0.00000  2.98821e-13
      13.0000      620.150  3.47721e-11      256.000  3.14884e-13
      13.0000      620.627  3.39780e-11     -15616.0          NaN
      13.0000      621.105  3.41044e-11     -15616.0          NaN
      13.0000      621.582  3.40599e-11      256.000  2.24442e-13
      13.0000      622.061  3.34488e-11      258.000  2.38768e-13
      13.0000      622.539  3.39315e-11      258.000  2.22705e-13
      13.0000      623.018  3.28667e-11      256.000  1.97237e-13
      13.0000      623.498  3.25739e-11      256.000  1.97960e-13
      13.0000      623.978  3.35612e-11      256.000  2.03025e-13
      13.0000      624.458  3.35619e-11      256.000  2.15904e-13
      13.0000      624.938  3.25620e-11      256.000  1.79148e-13
      13.0000      625.419  3.17840e-11      0.00000  2.01144e-13
      13.0000      625.901  3.03608e-11      256.000  2.28059e-13
      13.0000      626.382  3.00577e-11      256.000  1.92316e-13
      13.0000      626.864  3.06015e-11      256.000  1.82187e-13
      13.0000      627.347  3.87323e-11      0.00000  2.24297e-13
      13.0000      627.830  4.96475e-11      0.00000  2.26178e-13
      13.0000      628.312  4.00439e-11      0.00000  1.97526e-13
      13.0000      628.796  3.15802e-11      0.00000  2.53962e-13
      13.0000      629.280  2.95465e-11      0.00000  3.08517e-13
      13.0000      629.764  2.91363e-11      0.00000  2.10550e-13
      13.0000      630.249  2.91268e-11      0.00000  1.72926e-13
      13.0000      630.734  3.00823e-11      256.000  1.78859e-13
      13.0000      631.219  3.20777e-11      256.000  1.66414e-13
      13.0000      631.705  3.19453e-11      256.000  1.64098e-13
      13.0000      632.191  3.21589e-11      0.00000  1.94053e-13
      13.0000      632.678  3.50972e-11      0.00000  2.08379e-13
      13.0000      633.164  3.57317e-11      0.00000  1.80595e-13
      13.0000      633.652  3.40896e-11      0.00000  1.59613e-13
      13.0000      634.139  3.13618e-11      0.00000  1.75241e-13
      13.0000      634.627  2.82352e-11      0.00000  1.70176e-13
      13.0000      635.115  2.58250e-11      0.00000  1.61928e-13
      13.0000      635.604  2.42537e-11      0.00000  1.45431e-13
      13.0000      636.094  2.32523e-11      0.00000  1.47168e-13
      13.0000      636.583  2.25168e-11      0.00000  1.36025e-13
      13.0000      637.073  2.16566e-11      0.00000  1.29224e-13
      13.0000      637.563  2.14613e-11      0.00000  1.66703e-13
      13.0000      638.054  2.12415e-11      0.00000  1.51220e-13
      13.0000      638.545  2.10719e-11      0.00000  1.40656e-13
      13.0000      639.036  2.11356e-11      0.00000  1.36170e-13
      13.0000      639.528  2.18650e-11      2.00000  1.62362e-13
      13.0000      640.020  2.24701e-11      258.000  2.11418e-13
      13.0000      640.512  2.04220e-11      256.000  1.34723e-13
      13.0000      641.005  1.98772e-11      0.00000  1.44274e-13
      13.0000      641.499  1.97771e-11      256.000  1.69019e-13
      13.0000      641.992  1.98223e-11      258.000  1.82332e-13
      13.0000      642.486  1.92597e-11      258.000  1.56140e-13
      13.0000      642.981  1.91380e-11      258.000  1.46734e-13
      13.0000      643.475  1.88925e-11      0.00000  1.49772e-13
      13.0000      643.971  1.85170e-11      0.00000  1.46589e-13
      13.0000      644.466  1.86788e-11      0.00000  1.64967e-13
      13.0000      644.962  1.81629e-11      0.00000  1.58889e-13
      13.0000      645.459  1.76242e-11      256.000  2.35295e-13
      13.0000      645.955  1.74762e-11      256.000  1.71768e-13
      13.0000      646.452  1.71229e-11      0.00000  1.74952e-13
      13.0000      646.950  1.72542e-11      0.00000  1.69597e-13
      13.0000      647.447  1.65741e-11      0.00000  1.84502e-13
      13.0000      647.946  1.62009e-11      0.00000  2.12576e-13
      13.0000      648.445  1.62258e-11      0.00000  1.81463e-13
      13.0000      648.943  1.61061e-11      256.000  2.09971e-13
      13.0000      649.443  1.58928e-11      256.000  2.17785e-13
      13.0000      649.942  1.58102e-11      0.00000  1.62217e-13
      13.0000      650.442  1.57247e-11      0.00000  1.51509e-13
      13.0000      650.943  1.51764e-11      256.000  1.68006e-13
      13.0000      651.444  1.45171e-11      769.000  1.55127e-13
      13.0000      651.945  1.46385e-11      513.000  1.40945e-13
      13.0000      652.447  1.47311e-11      0.00000  1.42103e-13
      13.0000      652.949  1.48841e-11      0.00000  1.53390e-13
      14.0000      652.949  1.60613e-11      256.000  6.30202e-13
      13.0000      653.452  1.45986e-11      256.000  1.58021e-13
      14.0000      653.452  1.66312e-11      256.000  3.52363e-13
      13.0000      653.955  1.40843e-11     -15616.0          NaN
      14.0000      653.955  1.65834e-11      256.000  4.48594e-13
      13.0000      654.458  1.40551e-11     -15872.0          NaN
      14.0000      654.458  1.64030e-11      256.000  3.49180e-13
      13.0000      654.961  1.41509e-11      0.00000  1.87396e-13
      14.0000      654.961  1.61774e-11      256.000  4.22112e-13
      13.0000      655.465  1.41045e-11      256.000  1.62507e-13
      14.0000      655.465  1.63714e-11      256.000  3.61335e-13
      13.0000      655.970  1.40266e-11      256.000  1.88265e-13
      14.0000      655.970  1.66935e-11      256.000  3.62059e-13
      13.0000      656.475  1.34553e-11      256.000  1.61060e-13
      14.0000      656.475  1.56831e-11      256.000  3.82318e-13
      13.0000      656.980  1.28680e-11      0.00000  1.95211e-13
      14.0000      656.980  1.68215e-11      256.000  3.74214e-13
      14.0000      657.485  1.67875e-11      256.000  4.25441e-13
      14.0000      657.991  1.59030e-11      256.000  3.98236e-13
      14.0000      658.497  1.62867e-11      257.000  4.12851e-13
      14.0000      659.004  1.72715e-11      257.000  4.01274e-13
      14.0000      659.511  1.66839e-11      257.000  4.18639e-13
      14.0000      660.019  1.37852e-11      257.000  3.50048e-13
      14.0000      660.527  1.41032e-11      257.000  4.04024e-13
      14.0000      661.035  1.63995e-11      256.000  2.77694e-13
      14.0000      661.544  1.61894e-11      256.000  3.21396e-13
      14.0000      662.053  1.58797e-11      256.000  3.69149e-13
      14.0000      662.562  1.55929e-11      256.000  3.05623e-13
      14.0000      663.072  1.48034e-11      256.000  2.46437e-13
      14.0000      663.582  1.53173e-11      256.000  2.28638e-13
      14.0000      664.093  1.49809e-11      256.000  2.40215e-13
      14.0000      664.604  1.42881e-11      256.000  2.65394e-13
      14.0000      665.116  1.38882e-11      256.000  2.54107e-13
      14.0000      665.627  1.41614e-11      256.000  2.07511e-13
      14.0000      666.140  1.41238e-11      256.000  2.46727e-13
      14.0000      666.652  1.49162e-11      256.000  1.92316e-13
      14.0000      667.165  2.05025e-11      256.000  2.02157e-13
      14.0000      667.678  2.34188e-11      258.000  2.04472e-13
      14.0000      668.192  1.77449e-11      258.000  2.08090e-13
      14.0000      668.707  1.41341e-11      256.000  1.58310e-13
      14.0000      669.221  1.31875e-11      256.000  1.84792e-13
      14.0000      669.736  1.38852e-11      0.00000  1.84068e-13
      14.0000      670.252  1.46998e-11      0.00000  1.70466e-13
      14.0000      670.767  1.37025e-11      256.000  1.87252e-13
      14.0000      671.283  1.25545e-11      256.000  1.70610e-13
      14.0000      671.800  1.20006e-11      256.000  1.50062e-13
      14.0000      672.317  1.31680e-11      256.000  1.43405e-13
      14.0000      672.834  1.39460e-11      0.00000  1.44708e-13
      14.0000      673.352  1.33737e-11      0.00000  1.49194e-13
      14.0000      673.870  1.30479e-11      0.00000  1.42971e-13
      14.0000      674.389  1.57746e-11      0.00000  1.37472e-13
      14.0000      674.908  1.89788e-11      0.00000  1.34144e-13
      14.0000      675.427  1.57632e-11      2.00000  1.46589e-13
      14.0000      675.947  1.22446e-11      2.00000  1.58600e-13
      14.0000      676.467  1.24295e-11      256.000  1.48181e-13
      14.0000      676.988  1.47348e-11      256.000  1.42392e-13
      14.0000      677.509  1.56443e-11      256.000  2.08668e-13
      14.0000      678.030  1.31987e-11      257.000  3.84778e-13
      14.0000      678.552  1.26625e-11      257.000  1.65401e-13
      14.0000      679.074  1.85277e-11      256.000  1.28790e-13
      14.0000      679.597  2.76329e-11      256.000  1.58021e-13
      14.0000      680.119  2.38267e-11      256.000  2.40794e-13
      14.0000      680.643  1.38864e-11      256.000  1.66703e-13
      14.0000      681.166  1.40838e-11      256.000  1.65690e-13
      14.0000      681.691  1.93946e-11      0.00000  1.67716e-13
      14.0000      682.215  1.94587e-11      0.00000  1.29803e-13
      14.0000      682.740  1.06105e-11      256.000  1.42971e-13
      14.0000      683.266  8.43454e-12     -15616.0          NaN
      14.0000      683.792  2.54657e-11     -15616.0          NaN
      14.0000      684.318  4.87227e-11      256.000  1.61783e-13
      14.0000      684.844  3.51721e-11     -15616.0          NaN
      14.0000      685.371  1.18164e-11     -15614.0          NaN
      14.0000      685.899  1.23671e-11      258.000  1.28935e-13
      14.0000      686.427  2.90953e-11     -15872.0          NaN
      14.0000      686.955  3.56242e-11     -15614.0          NaN
      14.0000      687.484  1.55112e-11      258.000  1.73070e-13
      14.0000      688.012  1.36034e-11      256.000  1.40801e-13
      14.0000      688.542  4.49926e-11      256.000  1.80450e-13
      14.0000      689.072  1.08885e-10     -15616.0          NaN
      14.0000      689.602  4.93522e-11     -15872.0          NaN
      14.0000      690.133  1.24127e-11     -15872.0          NaN
      14.0000      690.664  1.67757e-11     -15872.0          NaN
      14.0000      691.195  5.84012e-11      0.00000  2.82469e-13
      14.0000      691.727  5.79776e-11      0.00000  2.00131e-13
      14.0000      692.260  1.40185e-11      2.00000  1.49483e-13
      14.0000      692.792  1.19333e-11      2.00000  1.38341e-13
      14.0000      693.326  7.45535e-11      0.00000  2.00710e-13
      14.0000      693.859  1.58674e-10      8.00000  2.71616e-13
      14.0000      694.393  4.43253e-11      8.00000  1.74952e-13
      14.0000      694.927  1.50449e-11      0.00000  1.75820e-13
      14.0000      695.462  3.08900e-11      258.000  1.61928e-13
      14.0000      695.997  1.01391e-10      258.000  3.34275e-13
      14.0000      696.533  5.56338e-11      256.000  1.96947e-13
      14.0000      697.069  1.63093e-11      258.000  1.67861e-13
      14.0000      697.605  2.85541e-11      258.000  1.95211e-13
      14.0000      698.142  1.40388e-10      256.000  2.37031e-13
      14.0000      698.679  1.41043e-10      256.000  2.05774e-13
      15.0000      698.679  1.44559e-10      1.00000  8.05443e-13
      14.0000      699.217  5.63009e-11      256.000  1.51364e-13
      15.0000      699.217  5.12437e-11      1.00000  6.90834e-13
      14.0000      699.755  2.10060e-11      256.000  1.47312e-13
      15.0000      699.755  2.39332e-11      0.00000  6.74338e-13
      14.0000      700.293  7.72246e-11      256.000  2.01578e-13
      15.0000      700.293  8.14308e-11      0.00000  6.54802e-13
      14.0000      700.832  1.22453e-10      0.00000  2.28349e-13
      15.0000      700.832  1.41933e-10      258.000  6.63340e-13
      14.0000      701.371  7.21800e-11      0.00000  1.81753e-13
      15.0000      701.371  7.06400e-11      258.000  5.10239e-13
      14.0000      701.911  1.77521e-11      0.00000  1.39788e-13
      15.0000      701.911  2.68300e-11      0.00000  5.49744e-13
      14.0000      702.451  6.95319e-11      0.00000  2.16193e-13
      15.0000      702.451  7.46365e-11      0.00000  5.75358e-13
      14.0000      702.992  1.97320e-10      2.00000  4.26453e-13
      15.0000      702.992  2.80492e-10      2.00000  7.31642e-13
      14.0000      703.533  2.01261e-10      2.00000  3.20093e-13
      15.0000      703.533  1.80519e-10      2.00000  6.33530e-13
      14.0000      704.074  3.14323e-11      2.00000  1.61928e-13
      15.0000      704.074  4.33360e-11      2.00000  4.73918e-13
      14.0000      704.616  2.78539e-11      2.00000  1.94776e-13
      15.0000      704.616  3.24311e-11      258.000  3.91290e-13
      14.0000      705.158  1.09711e-10      0.00000  2.87679e-13
      15.0000      705.158  1.56830e-10      256.000  7.16013e-13
      14.0000      705.701  1.80385e-10      1.00000  4.46857e-13
      15.0000      705.701  1.83006e-10      0.00000  6.06759e-13
      14.0000      706.244  3.83733e-11      1.00000  3.24724e-13
      15.0000      706.244  4.18459e-11      0.00000  5.19935e-13
      15.0000      706.788  2.76478e-11      0.00000  3.84488e-13
      15.0000      707.332  1.14129e-10      256.000  4.45265e-13
      15.0000      707.876  2.95062e-10      256.000  7.44376e-13
      15.0000      708.421  1.09209e-10      256.000  3.96933e-13
      15.0000      708.965  2.96676e-11      0.00000  3.35288e-13
      15.0000      709.511  6.19867e-11      0.00000  3.06925e-13
      15.0000      710.057  1.55317e-10     -15872.0          NaN
      15.0000      710.604  1.22664e-10     -15872.0          NaN
      15.0000      711.151  3.16999e-11      0.00000  2.41083e-13
      15.0000      711.698  5.56273e-11      0.00000  2.42385e-13
      15.0000      712.245  1.74479e-10      0.00000  3.15752e-13
      15.0000      712.793  2.24674e-10      0.00000  3.95486e-13
      15.0000      713.342  6.61656e-11      256.000  2.96217e-13
      15.0000      713.891  3.97107e-11      256.000  2.52515e-13
      15.0000      714.440  1.06899e-10      256.000  2.58593e-13
      15.0000      714.990  1.63871e-10      256.000  2.89415e-13
      15.0000      715.540  8.62396e-11      0.00000  2.42385e-13
      15.0000      716.091  4.03847e-11      0.00000  2.26323e-13
      15.0000      716.642  1.14865e-10      0.00000  2.46582e-13
      15.0000      717.193  2.40097e-10      256.000  3.04465e-13
      15.0000      717.745  1.82675e-10      256.000  3.01281e-13
      15.0000      718.297  4.06043e-11      256.000  2.23429e-13
      15.0000      718.850  5.98051e-11      0.00000  2.29217e-13
      15.0000      719.403  1.49867e-10      0.00000  2.95638e-13
      15.0000      719.957  1.51527e-10      256.000  2.27625e-13
      15.0000      720.511  5.67884e-11      256.000  1.67282e-13
      15.0000      721.066  4.80785e-11     -15616.0          NaN
      15.0000      721.620  1.66843e-10     -15608.0          NaN
      15.0000      722.175  2.04898e-10      264.000  2.68577e-13
      15.0000      722.731  9.77727e-11      256.000  1.90725e-13
      15.0000      723.288  5.11160e-11      0.00000  1.85949e-13
      15.0000      723.844  7.91462e-11      0.00000  2.10405e-13
      15.0000      724.401  9.70658e-11      1.00000  2.03025e-13
      15.0000      724.959  5.17778e-11      1.00000  1.52377e-13
      15.0000      725.517  1.67159e-11      0.00000  1.54258e-13
      15.0000      726.075  1.39990e-11      0.00000  2.06064e-13
      15.0000      726.634  1.44723e-11      0.00000  1.30382e-13
      15.0000      727.193  2.97798e-11      0.00000  1.38196e-13
      15.0000      727.752  1.75993e-10      8.00000  2.14891e-13
      15.0000      728.312  6.01822e-10      28.0000  3.93026e-13
      15.0000      728.873  1.78552e-09      28.0000  1.56154e-12
      15.0000      729.434  2.57738e-09      28.0000  2.03965e-12
      15.0000      729.995  1.69074e-09      30.0000  1.14522e-12
      15.0000      730.557  7.25296e-10      31.0000  4.50909e-13
      15.0000      731.119  3.50149e-10     -15863.0          NaN
      15.0000      731.681  1.94693e-10     -15872.0          NaN
      15.0000      732.245  6.88800e-11      256.000  1.66848e-13
      15.0000      732.808  5.76631e-11      256.000  1.90725e-13
      15.0000      733.372  1.48625e-10      264.000  2.40215e-13
      15.0000      733.936  2.24833e-10      264.000  2.96506e-13
      15.0000      734.501  9.15125e-11      256.000  2.29651e-13
      15.0000      735.067  5.83452e-11      256.000  1.49194e-13
      15.0000      735.632  1.23093e-10      8.00000  1.85081e-13
      15.0000      736.198  2.05429e-10      8.00000  2.40215e-13
      15.0000      736.764  9.63616e-11      2.00000  1.86673e-13
      15.0000      737.332  5.41079e-11      2.00000  1.85081e-13
      15.0000      737.899  1.12212e-10      8.00000  2.39057e-13
      15.0000      738.467  2.75857e-10      8.00000  2.99979e-13
      15.0000      739.035  1.30666e-10      0.00000  2.39636e-13
      15.0000      739.604  4.76225e-11      0.00000  2.25020e-13
      15.0000      740.173  5.68001e-11      8.00000  1.92461e-13
      15.0000      740.742  1.81457e-10      8.00000  3.11266e-13
      15.0000      741.312  9.53801e-11      0.00000  2.59171e-13
      15.0000      741.883  4.38246e-11      0.00000  2.56567e-13
      15.0000      742.454  4.94116e-11      0.00000  1.80161e-13
      15.0000      743.025  2.29701e-10      0.00000  3.53666e-13
      15.0000      743.597  1.34905e-10      256.000  2.91586e-13
      15.0000      744.169  5.33172e-11      256.000  1.76399e-13
      15.0000      744.742  3.85714e-11      0.00000  1.47891e-13
      16.0000      744.742  5.25322e-11      256.000  9.77645e-13
      15.0000      745.315  1.31173e-10     -15872.0          NaN
      16.0000      745.315  1.57189e-10      256.000  1.00398e-12
      15.0000      745.888  1.06650e-10     -15616.0          NaN
      16.0000      745.888  1.20717e-10      256.000  1.07214e-12
      15.0000      746.463  5.30500e-11      256.000  1.68729e-13
      16.0000      746.463  5.25801e-11      768.000  1.09804e-12
      15.0000      747.037  5.03970e-11      256.000  1.67571e-13
      16.0000      747.037  7.00341e-11      768.000  8.74034e-13
      15.0000      747.612  1.86822e-10      0.00000  2.36163e-13
      16.0000      747.612  1.79310e-10      256.000  8.58840e-13
      15.0000      748.187  1.73698e-10      0.00000  2.10694e-13
      16.0000      748.187  1.85476e-10      256.000  8.00667e-13
      15.0000      748.763  7.24153e-11      0.00000  1.74952e-13
      16.0000      748.763  6.28522e-11      256.000  7.06752e-13
      15.0000      749.339  4.90958e-11      256.000  1.52522e-13
      16.0000      749.339  5.15956e-11      256.000  7.10225e-13
      15.0000      749.916  1.22903e-10      256.000  1.76254e-13
      16.0000      749.916  1.26378e-10      256.000  8.20927e-13
      15.0000      750.493  1.39319e-10      0.00000  2.11273e-13
      16.0000      750.493  1.37808e-10      257.000  7.04003e-13
      15.0000      751.070  5.56430e-11      0.00000  1.91738e-13
      16.0000      751.070  5.58622e-11      257.000  6.02418e-13
      15.0000      751.649  4.92141e-11      0.00000  1.58600e-13
      16.0000      751.649  4.49114e-11      256.000  4.65669e-13
      15.0000      752.227  1.39683e-10      264.000  2.24731e-13
      16.0000      752.227  1.56827e-10      256.000  9.38140e-13
      15.0000      752.806  2.01337e-10      264.000  2.86955e-13
      16.0000      752.806  1.68342e-10      256.000  6.46988e-13
      15.0000      753.385  5.90635e-11      0.00000  1.82332e-13
      16.0000      753.385  6.45058e-11     -15616.0          NaN
      15.0000      753.965  2.74265e-11      0.00000  1.55271e-13
      16.0000      753.965  2.91845e-11     -15616.0          NaN
      15.0000      754.545  7.63280e-11      0.00000  2.66407e-13
      16.0000      754.545  9.76519e-11     -15616.0  5.60742e-13
      15.0000      755.126  1.25608e-10      0.00000  3.03886e-13
      16.0000      755.126  1.08961e-10      256.000  4.38030e-13
      15.0000      755.707  3.53849e-11      0.00000  1.86383e-13
      16.0000      755.707  4.90977e-11      256.000  3.02294e-13
      16.0000      756.288  2.76551e-11      256.000  2.69301e-13
      16.0000      756.870  1.20005e-10      256.000  4.63933e-13
      16.0000      757.452  1.44087e-10      256.000  4.58579e-13
      16.0000      758.035  5.35318e-11      256.000  2.84495e-13
      16.0000      758.619  2.15865e-11      256.000  3.37314e-13
      16.0000      759.202  6.96726e-11     -15616.0          NaN
      16.0000      759.787  9.11323e-11     -15616.0          NaN
      16.0000      760.371  3.37553e-11      256.000  2.51791e-13
      16.0000      760.956  1.70542e-11      258.000  2.63513e-13
      16.0000      761.542  9.16886e-11      258.000  3.21830e-13
      16.0000      762.128  1.29083e-10      256.000  3.31236e-13
      16.0000      762.715  3.37130e-11      256.000  2.20390e-13
      16.0000      763.302  1.25536e-11      256.000  2.30085e-13
      16.0000      763.889  4.96146e-11      256.000  3.32104e-13
      16.0000      764.477  7.27123e-11      256.000  2.66552e-13
      16.0000      765.065  1.91457e-11      256.000  1.97526e-13
      16.0000      765.654  1.12360e-11      256.000  1.92751e-13
      16.0000      766.243  6.81620e-11      256.000  2.49331e-13
      16.0000      766.832  1.02145e-10      256.000  3.66255e-13
      16.0000      767.423  2.90782e-11      256.000  2.83772e-13
      16.0000      768.013  9.98992e-12      256.000  1.62217e-13
      16.0000      768.604  3.19144e-11      256.000  1.80740e-13
      16.0000      769.196  4.34171e-11      256.000  2.03025e-13
      16.0000      769.787  1.17776e-11      256.000  2.74945e-13
      16.0000      770.380  1.00169e-11      0.00000  2.28638e-13
      16.0000      770.973  4.61741e-11      0.00000  4.28479e-13
      16.0000      771.566  5.97141e-11      0.00000  3.97078e-13
      16.0000      772.160  1.34701e-11      0.00000  1.59613e-13
      16.0000      772.754  9.44786e-13      2.00000  2.31532e-13
      16.0000      773.349  1.93660e-11      2.00000  1.85226e-13
      16.0000      773.944  2.09052e-11      0.00000  1.48904e-13
      16.0000      774.539  7.29988e-12      0.00000  1.59757e-13
      16.0000      775.135  8.10370e-12      1.00000  1.43405e-13
      16.0000      775.732  3.10516e-11      1.00000  1.61638e-13
      16.0000      776.329  2.70469e-11      0.00000  1.59323e-13
      16.0000      776.927  6.25909e-12      258.000  1.32263e-13
      16.0000      777.524  3.53019e-12      258.000  1.41524e-13
      16.0000      778.122  1.02056e-11      2.00000  1.55416e-13
      16.0000      778.721  7.14828e-12      0.00000  1.22857e-13
      16.0000      779.321  2.99119e-12      0.00000  1.12004e-13
      16.0000      779.920  4.49435e-12      0.00000  1.27632e-13
      16.0000      780.520  1.48580e-11      0.00000  1.97815e-13
      16.0000      781.121  8.26266e-12      0.00000  1.62362e-13
      16.0000      781.722  3.95913e-12     -15616.0          NaN
      16.0000      782.324  3.56392e-12     -15616.0          NaN
      16.0000      782.926  5.33996e-12      258.000  1.08386e-13
      16.0000      783.528  3.86631e-12      258.000  1.02598e-13
      16.0000      784.131  2.79529e-12      256.000  1.04334e-13
      16.0000      784.735  4.41254e-12      258.000  1.37762e-13
      16.0000      785.339  6.99648e-12     -15614.0          NaN
      16.0000      785.943  4.37607e-12     -15616.0          NaN
      16.0000      786.548  3.40006e-12      256.000  9.13105e-14
      16.0000      787.153  3.88016e-12      0.00000  9.14552e-14
      16.0000      787.758  4.02946e-12      0.00000  8.87058e-14
      16.0000      788.365  3.34433e-12      0.00000  8.98635e-14
      16.0000      788.971  3.33154e-12      0.00000  1.15332e-13
      16.0000      789.579  4.10251e-12      0.00000  1.02742e-13
      16.0000      790.186  4.42731e-12      0.00000  8.50881e-14
      16.0000      790.794  4.12033e-12      0.00000  8.55222e-14
      16.0000      791.403  4.14100e-12      256.000  9.65200e-14
      16.0000      792.011  4.23601e-12     -15616.0          NaN
      16.0000      792.621  4.22669e-12     -15616.0          NaN
      16.0000      793.231  4.41402e-12      256.000  1.05347e-13
      17.0000      793.231  6.63050e-12     -15616.0          NaN
      16.0000      793.842  4.54658e-12      257.000  1.22423e-13
      17.0000      793.842  7.54728e-12      256.000  5.72029e-13
      16.0000      794.452  3.90155e-12      257.000  1.96947e-13
      17.0000      794.452  1.00169e-11     -15616.0  5.97498e-13
      16.0000      795.064  2.61339e-12      257.000  2.89126e-13
      17.0000      795.064  7.34524e-12     -15616.0  8.59564e-13
      16.0000      795.675  4.66366e-12      257.000  1.04913e-13
      17.0000      795.675  9.44301e-12      256.000  5.79844e-13
      16.0000      796.288  4.80617e-12     -15871.0          NaN
      17.0000      796.288  8.91477e-12      256.000  1.16562e-12
      16.0000      796.900  5.23339e-12     -15616.0          NaN
      17.0000      796.900  8.99761e-12     -15616.0  6.39753e-13
      16.0000      797.514  5.13127e-12      256.000  1.40656e-13
      17.0000      797.514  8.26514e-12     -15616.0  4.20376e-13
      16.0000      798.128  4.87117e-12      256.000  1.27777e-13
      17.0000      798.128  8.18354e-12      256.000  3.99393e-13
      16.0000      798.742  5.86686e-12      256.000  1.39498e-13
      17.0000      798.742  9.05138e-12      256.000  6.16455e-13
      16.0000      799.357  5.98001e-12      256.000  1.76688e-13
      17.0000      799.357  8.97309e-12      256.000  4.40924e-13
      16.0000      799.972  5.20589e-12      256.000  1.44418e-13
      17.0000      799.972  8.46852e-12      256.000  3.56704e-13
      16.0000      800.587  5.08918e-12      256.000  1.40656e-13
      17.0000      800.587  7.63764e-12      256.000  5.95472e-13
      16.0000      801.203  5.94178e-12      256.000  1.50641e-13
      17.0000      801.203  8.66869e-12      256.000  5.04161e-13
      16.0000      801.820  6.03496e-12      256.000  1.20686e-13
      17.0000      801.820  8.08938e-12      256.000  4.58723e-13
      16.0000      802.437  6.18668e-12      0.00000  1.17213e-13
      17.0000      802.437  8.60766e-12      0.00000  6.09653e-13
      16.0000      803.054  5.77107e-12      256.000  1.11425e-13
      17.0000      803.054  8.42731e-12      0.00000  3.38327e-13
      16.0000      803.672 -7.18413e-12      259.000  1.74228e-13
      17.0000      803.672  9.90330e-12      0.00000  3.79134e-13
      16.0000      804.291 -5.17912e-12      3.00000  1.50207e-13
      17.0000      804.291  9.41711e-12      0.00000  3.78411e-13
      16.0000      804.910  6.01507e-12      0.00000  1.18516e-13
      17.0000      804.910  8.89811e-12      256.000  3.37314e-13
      16.0000      805.529  5.90531e-12      0.00000  1.23580e-13
      17.0000      805.529  7.36874e-12      256.000  4.97071e-13
      17.0000      806.149  9.35228e-12      256.000  3.79858e-13
      17.0000      806.769  1.06251e-11      256.000  3.29355e-13
      17.0000      807.390  8.78505e-12      256.000  2.67275e-13
      17.0000      808.012  8.91666e-12      256.000  2.55698e-13
      17.0000      808.633  1.05086e-11      256.000  2.70748e-13
      17.0000      809.255  1.18319e-11      256.000  2.87968e-13
      17.0000      809.878  8.94938e-12      0.00000  2.14167e-13
      17.0000      810.501  8.11980e-12      0.00000  2.65828e-13
      17.0000      811.125  9.13418e-12     -15872.0          NaN
      17.0000      811.750  1.17637e-11     -15872.0          NaN
      17.0000      812.374  8.58942e-12     -15872.0          NaN
      17.0000      812.999  8.19881e-12     -15872.0          NaN
      17.0000      813.625  2.16430e-11      0.00000  1.87686e-13
      17.0000      814.251  4.01861e-11      0.00000  1.99986e-13
      17.0000      814.878  2.82342e-11      0.00000  1.69308e-13
      17.0000      815.504  9.29742e-12      0.00000  1.61494e-13
      17.0000      816.132  1.00517e-11      0.00000  1.73360e-13
      17.0000      816.760  1.47432e-11      0.00000  1.62217e-13
      17.0000      817.389  1.21271e-11      0.00000  2.16049e-13
      17.0000      818.017  6.49110e-12      0.00000  1.72926e-13
      17.0000      818.647  8.87820e-12      0.00000  1.30671e-13
      17.0000      819.277  1.39933e-11      0.00000  1.21554e-13
      17.0000      819.907  1.28035e-11      0.00000  1.41379e-13
      17.0000      820.538  6.60759e-12      256.000  1.49338e-13
      17.0000      821.170  7.19096e-12      256.000  1.12727e-13
      17.0000      821.802  1.53696e-11     -15870.0          NaN
      17.0000      822.434  1.99884e-11     -15870.0          NaN
      17.0000      823.067  1.03339e-11      0.00000  1.31105e-13
      17.0000      823.700  7.92491e-12      0.00000  1.13885e-13
      17.0000      824.334  1.31132e-11      0.00000  1.30237e-13
      17.0000      824.969  1.53842e-11      0.00000  1.29224e-13
      17.0000      825.604  7.96319e-12      256.000  1.21554e-13
      17.0000      826.239  5.72472e-12      256.000  1.11425e-13
      17.0000      826.875  9.74388e-12      0.00000  1.05926e-13
      17.0000      827.511  1.49204e-11      0.00000  1.22278e-13
      17.0000      828.148  8.74290e-12      0.00000  1.29658e-13
      17.0000      828.785  5.50531e-12      0.00000  1.05637e-13
      17.0000      829.423  7.51347e-12      256.000  1.05492e-13
      17.0000      830.061  1.19918e-11      256.000  1.07952e-13
      17.0000      830.700  8.90134e-12      256.000  1.14174e-13
      17.0000      831.339  5.01454e-12      256.000  1.38919e-13
      17.0000      831.979  6.91818e-12      0.00000  1.09833e-13
      17.0000      832.619  1.12990e-11      256.000  1.23580e-13
      17.0000      833.260  8.29037e-12      256.000  1.24883e-13
      17.0000      833.901  4.71266e-12      256.000  1.10412e-13
      17.0000      834.543  2.78121e-12      256.000  1.29947e-13
      17.0000      835.185  9.88703e-12      3.00000  1.32552e-13
      17.0000      835.828  7.53881e-12      259.000  1.31250e-13
      17.0000      836.471  5.75267e-12      258.000  1.25027e-13
      17.0000      837.114  5.21313e-12      256.000  1.88699e-13
      17.0000      837.759  8.05711e-12      256.000  1.20976e-13
      17.0000      838.404  7.15855e-12      258.000  1.51943e-13
      17.0000      839.049  5.91196e-12     -15870.0          NaN
      17.0000      839.694  5.68130e-12     -15872.0          NaN
      17.0000      840.340  6.50588e-12      0.00000  1.18081e-13
      17.0000      840.987  6.20223e-12      0.00000  1.09833e-13
      17.0000      841.634  5.41863e-12      0.00000  1.14030e-13
      17.0000      842.282  4.81776e-12      0.00000  1.14319e-13
      17.0000      842.930  5.38771e-12      0.00000  1.26474e-13
      18.0000      842.930  7.54708e-12      256.000  7.26288e-13
      17.0000      843.579  5.77527e-12      0.00000  1.06071e-13
      18.0000      843.579  1.00559e-11      256.000  6.30347e-13
      17.0000      844.228  5.33741e-12      256.000  9.49282e-14
      18.0000      844.228  9.27352e-12      256.000  5.04161e-13
      17.0000      844.877  5.01825e-12      256.000  1.09688e-13
      18.0000      844.877  3.96609e-12      256.000  5.37734e-13
      17.0000      845.528  5.27877e-12      257.000  9.82565e-14
      18.0000      845.528  6.10884e-12      256.000  4.09523e-13
      17.0000      846.178  5.22502e-12      257.000  8.88505e-14
      18.0000      846.178  8.29211e-12      256.000  4.41937e-13
      17.0000      846.830  4.74705e-12     -15872.0          NaN
      18.0000      846.830  8.19209e-12      256.000  3.40787e-13
      17.0000      847.481  4.69159e-12     -15616.0          NaN
      18.0000      847.481  8.29269e-12      256.000  5.46561e-13
      17.0000      848.133  3.78662e-12      256.000  1.57876e-13
      18.0000      848.133  7.43379e-12      256.000  5.44246e-13
      17.0000      848.786  2.46745e-12      256.000  3.36445e-13
      18.0000      848.786  8.60732e-12      256.000  3.33551e-13
      17.0000      849.439  3.61038e-12      256.000  6.02273e-13
      18.0000      849.439  7.54803e-12     -15616.0          NaN
      17.0000      850.093  3.86411e-12      256.000  1.39021e-12
      18.0000      850.093  1.16262e-11     -15616.0          NaN
      17.0000      850.747  4.00610e-12     -15872.0          NaN
      18.0000      850.747  9.86495e-12      256.000  8.04575e-13
      17.0000      851.401  4.44367e-12     -15872.0          NaN
      18.0000      851.401  9.06836e-12      256.000  1.40207e-12
      17.0000      852.057  4.38965e-12      256.000  3.05478e-13
      18.0000      852.057  9.22925e-12      256.000  6.77521e-13
      17.0000      852.713  4.30900e-12      256.000  1.51798e-13
      18.0000      852.713  7.85723e-12      256.000  7.43363e-13
      17.0000      853.368  3.52196e-12      257.000  1.33131e-13
      18.0000      853.368  7.25093e-12      256.000  6.46843e-13
      17.0000      854.026  4.46202e-12      257.000  1.67716e-13
      18.0000      854.026  9.29015e-12      256.000  5.55967e-13
      17.0000      854.683  2.69550e-12      1.00000  1.35880e-13
      18.0000      854.683  6.67880e-12      0.00000  1.47182e-12
      18.0000      855.341  7.50151e-12     -15872.0          NaN
      18.0000      855.999  6.56371e-12     -15872.0          NaN
      18.0000      856.657  7.06362e-12      1.00000  3.58007e-13
      18.0000      857.316  6.61985e-12      1.00000  3.46720e-13
      18.0000      857.976  8.11044e-12      2.00000  5.33103e-13
      18.0000      858.637  5.91337e-12      2.00000  4.69576e-13
      18.0000      859.297  5.83932e-12      0.00000  2.80009e-13
      18.0000      859.958  6.29099e-12      256.000  3.51640e-13
      18.0000      860.620  5.50273e-12      256.000  3.42812e-13
      18.0000      861.283  5.57422e-12      256.000  4.37307e-13
      18.0000      861.945  5.90034e-12      256.000  2.20390e-13
      18.0000      862.608  5.63875e-12      258.000  1.74952e-13
      18.0000      863.272  5.58299e-12      258.000  2.42964e-13
      18.0000      863.937  5.96577e-12      0.00000  2.26757e-13
      18.0000      864.602  5.36772e-12      0.00000  1.79872e-13
      18.0000      865.267  5.35418e-12      0.00000  1.92895e-13
      18.0000      865.933  5.39416e-12      0.00000  1.88554e-13
      18.0000      866.599  5.39226e-12      2.00000  1.79293e-13
      18.0000      867.266  4.94403e-12      2.00000  1.61928e-13
      18.0000      867.934  4.69230e-12      0.00000  1.69597e-13
      18.0000      868.601  4.65957e-12      0.00000  2.21982e-13
      18.0000      869.270  4.82205e-12      0.00000  1.57297e-13
      18.0000      869.938  4.94402e-12      0.00000  1.91159e-13
      18.0000      870.608  4.12357e-12      0.00000  5.29775e-13
      18.0000      871.277  4.69826e-12      256.000  1.57442e-13
      18.0000      871.948  4.32031e-12      256.000  1.66559e-13
      18.0000      872.619  1.17039e-12      256.000  1.56140e-13
      18.0000      873.291  4.75379e-13      256.000  1.64822e-13
      18.0000      873.962 -1.11522e-13      0.00000  1.54403e-13
      18.0000      874.635 -3.17356e-13      0.00000  1.62507e-13
      18.0000      875.308  6.28716e-13      0.00000  1.57008e-13
      18.0000      875.982  5.13708e-13      256.000  2.08090e-13
      18.0000      876.656  3.31622e-13      256.000  1.33565e-13
      18.0000      877.331  6.27796e-13      256.000  1.94198e-13
      18.0000      878.005  1.07402e-12      0.00000  1.72781e-13
      18.0000      878.681  1.05349e-12      256.000  1.45286e-13
      18.0000      879.357  1.96039e-12      258.000  1.66993e-13
      18.0000      880.035  1.36230e-12      258.000  1.83200e-13
      18.0000      880.711  1.20993e-12      256.000  1.52956e-13
      18.0000      881.389  9.40167e-13      0.00000  1.12583e-13
      18.0000      882.068  1.37235e-12      0.00000  1.44418e-13
      18.0000      882.747  1.43428e-12      0.00000  1.04768e-13
      18.0000      883.426  1.52619e-12      0.00000  1.09254e-13
      18.0000      884.105  1.70494e-12      0.00000  1.11280e-13
      18.0000      884.786  1.21605e-12      0.00000  9.89800e-14
      18.0000      885.467  1.13875e-12      0.00000  9.65200e-14
      18.0000      886.148  1.30036e-12      256.000  8.97187e-14
      18.0000      886.830  1.48989e-12      256.000  8.10363e-14
      18.0000      887.512  1.24215e-12      256.000  8.79822e-14
      18.0000      888.195  1.40853e-12      0.00000  9.11658e-14
      18.0000      888.879  1.79970e-12      0.00000  1.20252e-13
      18.0000      889.563  1.75953e-12      256.000  1.17069e-13
      18.0000      890.248  1.39708e-12      256.000  1.05781e-13
      18.0000      890.932  1.45699e-12      0.00000  1.02164e-13
      18.0000      891.618  1.84609e-12      0.00000  1.23291e-13
      18.0000      892.304  1.67452e-12      258.000  1.18226e-13
      19.0000      892.304  5.41228e-12      257.000  1.04074e-12
      18.0000      892.991  1.40487e-12      258.000  1.30092e-13
      19.0000      892.991  3.21388e-12      256.000  9.33943e-13
      18.0000      893.678  1.09358e-12      0.00000  1.15043e-13
      19.0000      893.678  4.14555e-12      257.000  8.00089e-13
      18.0000      894.366  1.19727e-12      0.00000  9.89800e-14
      19.0000      894.366  5.36736e-12      257.000  8.15428e-13
      18.0000      895.054  1.72716e-12      0.00000  1.01295e-13
      19.0000      895.054  6.18532e-12      256.000  7.63767e-13
      18.0000      895.743  1.86659e-12      0.00000  1.06215e-13
      19.0000      895.743  4.99830e-12      256.000  6.57407e-13
      18.0000      896.432  1.19715e-12      0.00000  1.12872e-13
      19.0000      896.432  6.86656e-12      256.000  5.49455e-13
      18.0000      897.122  1.52418e-12      0.00000  1.14464e-13
      19.0000      897.122  6.38684e-12      256.000  5.12554e-13
      18.0000      897.812  1.65970e-12      0.00000  1.17213e-13
      19.0000      897.812  4.40920e-12      256.000  5.60742e-13
      18.0000      898.503  1.31446e-12      256.000  1.19673e-13
      19.0000      898.503  4.36587e-12      256.000  5.52639e-13
      18.0000      899.194  1.07978e-12      256.000  1.92172e-13
      19.0000      899.194  4.00199e-12      256.000  3.59743e-13
      18.0000      899.887  1.39226e-12      256.000  3.31091e-13
      19.0000      899.887  2.39332e-11      258.000  7.27011e-13
      18.0000      900.579  1.54200e-12      256.000  2.89271e-13
      19.0000      900.579  1.58508e-11      258.000  4.90704e-13
      18.0000      901.272  1.14087e-12      0.00000  2.07511e-13
      19.0000      901.272  4.31426e-12      256.000  3.03452e-13
      18.0000      901.965  1.10337e-12      0.00000  1.81029e-13
      19.0000      901.965  4.64349e-12      256.000  7.65648e-13
      18.0000      902.660  1.32096e-12      0.00000  2.16049e-13
      19.0000      902.660  4.72711e-12      256.000  4.39332e-13
      18.0000      903.354  4.26060e-13      0.00000  1.49917e-13
      19.0000      903.354  4.59674e-12      256.000  8.75626e-13
      18.0000      904.050  2.91718e-13      0.00000  1.19529e-13
      19.0000      904.050  4.92029e-12      258.000  4.85349e-13
      18.0000      904.745  6.07965e-13      0.00000  1.25462e-13
      19.0000      904.745  4.73573e-12      258.000  2.50200e-13
      19.0000      905.441  4.85787e-12      0.00000  2.71182e-13
      19.0000      906.138  4.20608e-12      256.000  3.10398e-13
      19.0000      906.835  4.44282e-12      256.000  2.90718e-13
      19.0000      907.533  6.25791e-12      256.000  2.74800e-13
      19.0000      908.231  4.31417e-12      258.000  2.36742e-13
      19.0000      908.931  1.01994e-11      2.00000  3.25448e-13
      19.0000      909.630  5.21638e-12      2.00000  2.78852e-13
      19.0000      910.330  3.60572e-12      0.00000  3.03018e-13
      19.0000      911.031  4.54584e-12      0.00000  2.31243e-13
      19.0000      911.732  4.37818e-12      0.00000  1.89422e-13
      19.0000      912.433  4.48171e-12      0.00000  1.79293e-13
      19.0000      913.135  4.54472e-12      0.00000  1.64243e-13
      19.0000      913.838  4.42602e-12      0.00000  1.50351e-13
      19.0000      914.541  3.96548e-12      0.00000  1.74083e-13
      19.0000      915.245  4.10175e-12      2.00000  1.48181e-13
      19.0000      915.949  3.81093e-12      2.00000  1.89567e-13
      19.0000      916.654  4.40071e-12      256.000  1.63664e-13
      19.0000      917.360  4.04051e-12      258.000  1.38485e-13
      19.0000      918.065  3.91372e-12      258.000  1.23870e-13
      19.0000      918.771  3.80315e-12      0.00000  1.10267e-13
      19.0000      919.479  3.54654e-12      0.00000  1.98539e-13
      19.0000      920.187  7.61747e-13      0.00000  1.42103e-13
      19.0000      920.894 -7.46018e-13      256.000  2.10550e-13
      19.0000      921.603 -9.16346e-13      256.000  1.36749e-13
      19.0000      922.313 -1.38374e-12      0.00000  1.08965e-13
      19.0000      923.022 -1.34532e-12      2.00000  1.10701e-13
      19.0000      923.732 -7.97037e-13      2.00000  1.14319e-13
      19.0000      924.443 -7.13403e-13      0.00000  1.17069e-13
      19.0000      925.155 -1.09294e-12      0.00000  1.10412e-13
      19.0000      925.867 -9.35572e-13      0.00000  1.05781e-13
      19.0000      926.579 -5.87947e-13      0.00000  9.99930e-14
      19.0000      927.292 -4.39497e-13      258.000  9.40600e-14
      19.0000      928.005 -6.04788e-13      258.000  1.17069e-13
      19.0000      928.720 -6.23742e-13      256.000  1.28066e-13
      19.0000      929.435 -2.19742e-13      256.000  9.43494e-14
      19.0000      930.149 -6.40096e-14      256.000  1.02742e-13
      19.0000      930.866 -1.92189e-13      0.00000  9.14552e-14
      19.0000      931.582 -2.30754e-13      0.00000  1.08820e-13
      19.0000      932.298 -3.17283e-13      0.00000  1.04190e-13
      19.0000      933.016 -1.57830e-13      1.00000  1.00861e-13
      19.0000      933.734 -4.03968e-13      1.00000  9.18894e-14
      19.0000      934.453 -5.03942e-14      1.00000  9.40600e-14
      19.0000      935.172  4.99076e-14      0.00000  9.95589e-14
      19.0000      935.891 -7.01615e-14      256.000  1.11859e-13
      19.0000      936.611 -2.59255e-13      256.000  1.65401e-13
      19.0000      937.332 -1.99462e-13      0.00000  1.76833e-13
      19.0000      938.054  5.74075e-13      0.00000  1.56140e-13
      19.0000      938.775 -5.54139e-13      0.00000  1.03900e-13
      19.0000      939.498 -2.40773e-13      256.000  1.37328e-13
      19.0000      940.221  2.83707e-13      256.000  1.07373e-13
      19.0000      940.944  1.20546e-13      256.000  1.36893e-13
      19.0000      941.668 -6.38368e-14      0.00000  1.55705e-13
      20.0000      941.668  4.11342e-12      256.000  6.23545e-13
      19.0000      942.393 -1.56188e-13      0.00000  1.09399e-13
      20.0000      942.393  4.78333e-12      256.000  3.86804e-13
      19.0000      943.118  1.94909e-13      2.00000  9.60859e-14
      20.0000      943.118  3.19274e-12      256.000  9.31773e-13
      19.0000      943.844  6.25386e-13      2.00000  1.01874e-13
      20.0000      943.844  1.39610e-12     -15616.0          NaN
      19.0000      944.570  2.04139e-13      0.00000  9.46388e-14
      20.0000      944.570  9.37745e-13     -15616.0          NaN
      19.0000      945.298 -2.37998e-13      0.00000  1.02019e-13
      20.0000      945.298  4.45538e-13      257.000  5.01701e-13
      19.0000      946.025  7.35535e-14     -15870.0          NaN
      20.0000      946.025 -1.22995e-11      257.000  5.39615e-13
      19.0000      946.753  2.14502e-13     -15614.0          NaN
      20.0000      946.753 -4.77850e-12      257.000  4.46278e-13
      19.0000      947.481  3.56581e-13      257.000  8.40751e-14
      20.0000      947.481  4.11275e-12      1.00000  3.94328e-13
      19.0000      948.211  4.12956e-13      257.000  1.16490e-13
      20.0000      948.211  4.68119e-12      1.00000  3.90277e-13
      19.0000      948.939  5.74795e-13      256.000  1.29803e-13
      20.0000      948.939  4.10505e-12      0.00000  5.69714e-13
      19.0000      949.670  7.60931e-13      256.000  1.13595e-13
      20.0000      949.670  3.56246e-12      0.00000  3.54823e-13
      19.0000      950.401  5.20188e-13      0.00000  9.70988e-14
      20.0000      950.401  2.93466e-12      256.000  2.69590e-13
      19.0000      951.133  2.81232e-13     -15872.0          NaN
      20.0000      951.133  3.29039e-12      256.000  3.01571e-13
      19.0000      951.864  4.26866e-13     -15616.0          NaN
      20.0000      951.864  3.61727e-12      256.000  2.60184e-13
      19.0000      952.597  3.19942e-13      256.000  1.66269e-13
      20.0000      952.597  2.46298e-12      256.000  5.83895e-13
      19.0000      953.330  1.14041e-13      256.000  1.41235e-13
      20.0000      953.330  3.29246e-12      256.000  4.75365e-13
      19.0000      954.064  2.96757e-13      256.000  2.12431e-13
      20.0000      954.064  3.43377e-12      256.000  2.51502e-13
      20.0000      954.798  3.36530e-12      256.000  2.14312e-13
      20.0000      955.532  3.41330e-12      256.000  2.01578e-13
      20.0000      956.268  2.38306e-12      256.000  2.26612e-13
      20.0000      957.004  2.80928e-12      256.000  1.72781e-13
      20.0000      957.740  2.70958e-12      257.000  1.79148e-13
      20.0000      958.477  2.47126e-12      257.000  2.70314e-13
      20.0000      959.214  3.13469e-12      257.000  4.71168e-13
      20.0000      959.953  2.99062e-12      256.000  2.37465e-13
      20.0000      960.691  2.80786e-12      0.00000  1.52232e-13
      20.0000      961.430  1.99275e-12      0.00000  1.44274e-13
      20.0000      962.170  1.49622e-12      2.00000  2.25165e-13
      20.0000      962.911  1.83038e-12      258.000  1.82332e-13
      20.0000      963.652  2.42359e-12      768.000  2.07800e-13
      20.0000      964.394  2.44683e-12      768.000  1.53101e-13
      20.0000      965.135  2.60655e-12      0.00000  1.26619e-13
      20.0000      965.878  2.02184e-12      256.000  1.26330e-13
      20.0000      966.622  2.26851e-12      768.000  1.18081e-13
      20.0000      967.365  3.24691e-12      514.000  1.59034e-13
      20.0000      968.110 -8.20768e-14      2.00000  1.20976e-13
      20.0000      968.855 -8.88571e-13      256.000  1.88409e-13
      20.0000      969.600 -1.17701e-12      256.000  1.42392e-13
      20.0000      970.346 -1.39064e-12      258.000  1.20397e-13
      20.0000      971.093 -1.09827e-12      2.00000  1.11280e-13
      20.0000      971.840 -1.19972e-12      2.00000  2.33848e-13
      20.0000      972.589 -1.24710e-12      258.000  1.75530e-13
      20.0000      973.336 -1.20774e-12      256.000  1.34868e-13
      20.0000      974.085 -8.49046e-13      256.000  1.25027e-13
      20.0000      974.836 -3.75148e-13      0.00000  9.75330e-14
      20.0000      975.585 -1.57952e-13      0.00000  9.36259e-14
      20.0000      976.337 -1.22134e-12      0.00000  1.07373e-13
      20.0000      977.087 -8.84379e-13      0.00000  9.92695e-14
      20.0000      977.839  3.66201e-13      0.00000  8.39304e-14
      20.0000      978.592  6.45160e-13      0.00000  8.52328e-14
      20.0000      979.345  4.76856e-13      256.000  9.33364e-14
      20.0000      980.098  5.21338e-13      256.000  8.97187e-14
      20.0000      980.853  7.66126e-13     -15616.0          NaN
      20.0000      981.608  8.25481e-13     -15872.0          NaN
      20.0000      982.363  7.53135e-13      0.00000  9.50729e-14
      20.0000      983.119  7.90160e-13      0.00000  1.03755e-13
      20.0000      983.875  8.24918e-13      0.00000  1.13595e-13
      20.0000      984.633  8.62748e-13      0.00000  8.55222e-14
      20.0000      985.391  1.04164e-12      0.00000  9.57965e-14
      20.0000      986.149  9.98092e-13      0.00000  9.63753e-14
      20.0000      986.908  8.55226e-13      0.00000  9.07317e-14
      20.0000      987.667  8.21393e-13      0.00000  9.91247e-14
      20.0000      988.427  1.13112e-12      0.00000  1.19094e-13
      20.0000      989.187  1.37661e-12      0.00000  1.29947e-13
      20.0000      989.949  1.19736e-12      2.00000  1.12872e-13
      20.0000      990.710  6.15887e-13      2.00000  1.45721e-13
      20.0000      991.473  1.28672e-12      2.00000  1.07662e-13
      20.0000      992.236  1.41429e-12      0.00000  9.85459e-14
      20.0000      992.999  1.22002e-12      0.00000  1.11135e-13
      20.0000      993.763  1.62087e-12      0.00000  1.12004e-13
      20.0000      994.528  1.51716e-12      0.00000  9.59412e-14
      20.0000      995.293  1.59021e-12      0.00000  1.11425e-13
      20.0000      996.060  1.46614e-12      0.00000  1.13595e-13
      20.0000      996.826  1.79433e-12      0.00000  1.01151e-13
      20.0000      997.593  1.62046e-12      0.00000  8.72587e-14
      20.0000      998.361  1.61313e-12      0.00000  9.30470e-14
      20.0000      999.129  1.73709e-12      256.000  1.01006e-13
      20.0000      999.898  2.03193e-12      256.000  9.99930e-14
      20.0000      1000.67  2.02250e-12      0.00000  9.27576e-14
      20.0000      1001.44  1.74873e-12      0.00000  1.04334e-13
      20.0000      1002.21  2.15736e-12      0.00000  1.35591e-13
      20.0000      1002.98  2.23472e-12      257.000  1.16200e-13
      20.0000      1003.75  2.06007e-12      257.000  1.08241e-13
