      11.0000      516.799  1.88963e-10      259.000  8.24544e-13
      11.0000      517.196  1.82169e-10      259.000  1.50322e-12
      11.0000      517.594  1.87972e-10      256.000  9.75764e-13
      11.0000      517.992  1.79512e-10      256.000  7.89670e-13
      11.0000      518.391  1.87873e-10      256.000  1.06056e-12
      11.0000      518.790  1.78602e-10      256.000  9.77790e-13
      11.0000      519.189  1.82519e-10      256.000  7.93287e-13
      11.0000      519.589  1.75961e-10      256.000  6.56394e-13
      11.0000      519.989  1.70167e-10      256.000  6.16165e-13
      11.0000      520.389  1.75544e-10      256.000  6.43949e-13
      11.0000      520.789  1.73465e-10      256.000  6.28465e-13
      11.0000      521.190  1.69529e-10      256.000  7.08633e-13
      11.0000      521.591  1.72495e-10      256.000  7.95313e-13
      11.0000      521.992  1.68201e-10      258.000  7.26432e-13
      11.0000      522.394  1.62983e-10      258.000  5.61900e-13
      11.0000      522.796  1.70496e-10      256.000  5.64649e-13
      11.0000      523.198  1.70216e-10      256.000  8.14994e-13
      11.0000      523.601  1.64611e-10      256.000  5.38312e-13
      11.0000      524.004  1.64223e-10     -15614.0          NaN
      11.0000      524.407  1.68542e-10     -15614.0          NaN
      11.0000      524.811  1.62638e-10      256.000  4.37162e-13
      11.0000      525.214  1.59644e-10      256.000  3.79858e-13
      11.0000      525.619  1.59004e-10      0.00000  4.30939e-13
      11.0000      526.023  1.56276e-10      0.00000  4.14153e-13
      11.0000      526.428  1.68371e-10      0.00000  4.48738e-13
      11.0000      526.833  1.60031e-10      0.00000  4.61617e-13
      11.0000      527.238  1.47106e-10      256.000  4.69576e-13
      11.0000      527.644  1.50950e-10      256.000  4.95913e-13
      11.0000      528.050  1.55441e-10      0.00000  5.19645e-13
      11.0000      528.457  1.47521e-10      0.00000  7.36851e-13
      11.0000      528.863  1.47204e-10      256.000  4.24283e-13
      11.0000      529.270  1.48416e-10      256.000  4.25006e-13
      11.0000      529.678  1.42763e-10      256.000  5.24421e-13
      11.0000      530.085  1.43516e-10      256.000  4.77246e-13
      11.0000      530.493  1.42250e-10      1.00000  3.86514e-13
      11.0000      530.901  1.44052e-10      257.000  4.12996e-13
      11.0000      531.310  1.42946e-10      257.000  4.24428e-13
      11.0000      531.719  1.39266e-10      256.000  4.16035e-13
      11.0000      532.128  1.33794e-10      256.000  4.01998e-13
      11.0000      532.537  1.36440e-10      256.000  5.49021e-13
      11.0000      532.947  1.41624e-10      256.000  4.05326e-13
      11.0000      533.357  1.36112e-10      256.000  3.84922e-13
      11.0000      533.768  1.30222e-10      0.00000  3.60467e-13
      11.0000      534.179  1.31680e-10      0.00000  3.56560e-13
      11.0000      534.590  1.34439e-10      0.00000  3.94907e-13
      11.0000      535.001  1.29385e-10      256.000  5.29919e-13
      11.0000      535.413  1.28710e-10      258.000  4.99820e-13
      11.0000      535.825  1.27296e-10      258.000  4.29782e-13
      11.0000      536.237  1.26798e-10      256.000  3.77832e-13
      11.0000      536.650  1.27746e-10      256.000  3.50482e-13
      11.0000      537.063  1.27490e-10      256.000  3.65676e-13
      11.0000      537.476  1.23102e-10      0.00000  3.53521e-13
      11.0000      537.889  1.24943e-10     -15872.0          NaN
      11.0000      538.304  1.21710e-10     -15870.0          NaN
      11.0000      538.718  1.17513e-10      3.00000  3.40497e-13
      11.0000      539.132  1.19495e-10      1.00000  3.84922e-13
      11.0000      539.547  1.16389e-10      1.00000  3.20528e-13
      11.0000      539.962  1.10162e-10     -15872.0          NaN
      11.0000      540.378  1.10591e-10     -15872.0          NaN
      11.0000      540.794  1.11471e-10      0.00000  3.73925e-13
      11.0000      541.210  1.08170e-10      256.000  3.94039e-13
      11.0000      541.626  1.08904e-10      256.000  3.66979e-13
      11.0000      542.043  1.07842e-10      256.000  3.06346e-13
      11.0000      542.460  1.06711e-10      257.000  3.38761e-13
      11.0000      542.878  1.05222e-10      257.000  4.21823e-13
      11.0000      543.295  1.04826e-10      256.000  3.05044e-13
      11.0000      543.713  1.04254e-10      0.00000  3.32104e-13
      11.0000      544.132  1.05077e-10      0.00000  3.17778e-13
      11.0000      544.550  1.04149e-10      0.00000  2.92020e-13
      11.0000      544.970  1.05270e-10      0.00000  3.61335e-13
      11.0000      545.389  1.03487e-10      2.00000  3.32249e-13
      11.0000      545.809  1.02917e-10      2.00000  2.93033e-13
      11.0000      546.229  1.01517e-10      0.00000  3.00992e-13
      11.0000      546.649  1.01111e-10      0.00000  2.82325e-13
      11.0000      547.070  1.00628e-10      2.00000  2.75089e-13
      11.0000      547.491  1.00626e-10      2.00000  2.82903e-13
      11.0000      547.912  9.98381e-11      256.000  2.57435e-13
      11.0000      548.334  9.77795e-11      256.000  2.53238e-13
      11.0000      548.756  8.94704e-11      256.000  2.87245e-13
      11.0000      549.178  9.09968e-11      256.000  2.82759e-13
      11.0000      549.600  9.60360e-11      0.00000  2.66552e-13
      11.0000      550.024  9.54125e-11      256.000  2.67999e-13
      11.0000      550.447  9.59928e-11      256.000  2.70169e-13
      11.0000      550.870  9.48740e-11      257.000  2.72485e-13
      11.0000      551.294  9.39139e-11      257.000  2.87389e-13
      11.0000      551.718  9.35518e-11      256.000  3.39195e-13
      11.0000      552.143  9.41367e-11      256.000  3.13581e-13
      11.0000      552.568  9.04068e-11      0.00000  2.98387e-13
      11.0000      552.993  8.93890e-11      0.00000  3.05333e-13
      11.0000      553.418  9.01366e-11      0.00000  3.11411e-13
      11.0000      553.844  8.91261e-11      0.00000  2.95927e-13
      11.0000      554.271  8.80130e-11      0.00000  3.12424e-13
      11.0000      554.697  8.80099e-11      2.00000  3.26750e-13
      11.0000      555.124  8.45967e-11      2.00000  3.91434e-13
      11.0000      555.551  8.60109e-11      2.00000  3.40208e-13
      11.0000      555.979  8.64070e-11      0.00000  3.22698e-13
      11.0000      556.407  8.43185e-11      0.00000  3.10687e-13
      11.0000      556.835  8.38410e-11      0.00000  3.11121e-13
      11.0000      557.263  8.38157e-11      0.00000  3.78700e-13
      11.0000      557.692  8.23855e-11      0.00000  3.72333e-13
      11.0000      558.121  8.33059e-11      0.00000  3.98091e-13
      11.0000      558.551  8.36811e-11      256.000  2.99255e-13
      12.0000      561.999  8.07788e-11      0.00000  5.87079e-13
      12.0000      562.431  8.23545e-11      256.000  5.94459e-13
      12.0000      562.864  8.00262e-11      256.000  5.24565e-13
      12.0000      563.297  7.84347e-11      0.00000  6.52631e-13
      12.0000      563.731  7.75530e-11      0.00000  7.27445e-13
      12.0000      564.164  7.83529e-11      0.00000  4.96637e-13
      12.0000      564.599  7.76488e-11      0.00000  4.26453e-13
      12.0000      565.033  7.84188e-11      0.00000  4.59013e-13
      12.0000      565.468  8.01428e-11      256.000  4.49028e-13
      12.0000      565.903  7.68603e-11      256.000  4.89980e-13
      12.0000      566.338  7.38735e-11      256.000  3.74359e-13
      12.0000      566.774  7.44726e-11      256.000  4.15890e-13
      12.0000      567.210  7.42230e-11      256.000  2.51777e-12
      12.0000      567.647  7.23432e-11      256.000  4.40302e-12
      12.0000      568.084  7.32656e-11      0.00000  4.70445e-13
      12.0000      568.521  7.23665e-11      1.00000  4.60604e-13
      12.0000      568.958  7.13122e-11      257.000  4.22691e-13
      12.0000      569.396  7.16000e-11      256.000  3.83041e-13
      12.0000      569.834  7.21611e-11     -15616.0          NaN
      12.0000      570.273  7.20988e-11     -15616.0          NaN
      12.0000      570.711  7.41947e-11      256.000  3.78555e-13
      12.0000      571.151  6.98831e-11      258.000  3.31525e-13
      12.0000      571.590  7.03897e-11      258.000  3.14594e-13
      12.0000      572.030  7.10469e-11      256.000  3.75661e-13
      12.0000      572.470  6.60552e-11      258.000  3.05478e-13
      12.0000      572.911  6.80626e-11      258.000  3.50193e-13
      12.0000      573.352  6.81704e-11      256.000  3.33841e-13
      12.0000      573.793  6.84247e-11      256.000  3.78845e-13
      12.0000      574.234  6.60004e-11      0.00000  3.33551e-13
      12.0000      574.676  6.55496e-11      0.00000  8.32358e-13
      12.0000      575.119  6.66249e-11      0.00000  3.66689e-13
      12.0000      575.561  6.69367e-11      0.00000  3.28052e-13
      12.0000      576.004  6.54580e-11      0.00000  3.07359e-13
      12.0000      576.447  6.62435e-11      2.00000  5.13278e-13
      12.0000      576.891  6.42981e-11      2.00000  3.11700e-13
      12.0000      577.335  6.40864e-11      256.000  2.97374e-13
      12.0000      577.779  6.40643e-11      256.000  3.64808e-13
      12.0000      578.224  6.33204e-11      256.000  3.62782e-13
      12.0000      578.669  6.32642e-11      256.000  2.66117e-13
      12.0000      579.114  6.22487e-11     -15616.0          NaN
      12.0000      579.560  6.17733e-11     -15616.0          NaN
      12.0000      580.006  6.19400e-11      0.00000  2.58303e-13
      12.0000      580.452  6.17827e-11      0.00000  2.58158e-13
      12.0000      580.899  6.22801e-11      0.00000  2.80878e-13
      12.0000      581.346  6.05002e-11      0.00000  2.60040e-13
      12.0000      581.793  5.96849e-11      256.000  2.73063e-13
      12.0000      582.241  5.81587e-11     -15616.0          NaN
      12.0000      582.689  5.87570e-11     -15614.0          NaN
      12.0000      583.137  6.02268e-11      258.000  2.42385e-13
      12.0000      583.586  6.00794e-11      256.000  2.91297e-13
      12.0000      584.035  6.11012e-11      256.000  2.57869e-13
      12.0000      584.484  6.15002e-11      256.000  2.45569e-13
      12.0000      584.934  5.66831e-11      258.000  2.35439e-13
      12.0000      585.384  4.94302e-11      259.000  2.28928e-13
      12.0000      585.835  5.67854e-11      1.00000  2.25889e-13
      12.0000      586.286  7.95865e-11      256.000  3.66110e-13
      12.0000      586.737  1.99501e-10      256.000  3.73346e-13
      12.0000      587.188  2.53213e-10      256.000  4.09812e-13
      12.0000      587.640  8.53997e-11      0.00000  3.42089e-13
      12.0000      588.092  5.76214e-11      0.00000  2.14601e-13
      12.0000      588.545  5.20284e-11      257.000  2.10405e-13
      12.0000      588.998  5.10990e-11      257.000  2.70748e-13
      12.0000      589.451  5.19847e-11      1.00000  2.70459e-13
      12.0000      589.905  5.19730e-11      0.00000  3.88106e-13
      12.0000      590.359  5.02302e-11      0.00000  2.35729e-13
      12.0000      590.813  5.04815e-11      256.000  2.19666e-13
      12.0000      591.267  4.86432e-11      256.000  2.59750e-13
      12.0000      591.723  4.91234e-11      256.000  2.24586e-13
      12.0000      592.178  4.85849e-11      0.00000  2.27625e-13
      12.0000      592.634  4.82005e-11      0.00000  2.14601e-13
      12.0000      593.090  4.82305e-11      256.000  2.18653e-13
      12.0000      593.546  4.91659e-11      256.000  2.10260e-13
      12.0000      594.003  4.81003e-11      256.000  2.00854e-13
      12.0000      594.460  4.66780e-11      2.00000  2.06064e-13
      12.0000      594.917  4.68760e-11      2.00000  2.07077e-13
      12.0000      595.375  4.60504e-11      0.00000  2.35439e-13
      12.0000      595.833  4.55530e-11      0.00000  2.10839e-13
      12.0000      596.292  4.62569e-11      0.00000  1.97092e-13
      12.0000      596.751  4.57752e-11      258.000  2.12431e-13
      12.0000      597.210  4.44758e-11      258.000  1.84936e-13
      12.0000      597.669  4.39117e-11      256.000  1.79727e-13
      12.0000      598.129  4.34555e-11      258.000  1.83923e-13
      12.0000      598.589  4.41492e-11      2.00000  1.81319e-13
      12.0000      599.050  4.38707e-11      0.00000  1.76109e-13
      12.0000      599.511  4.34586e-11      256.000  2.94625e-13
      12.0000      599.972  4.39910e-11      256.000  2.62644e-13
      12.0000      600.434  4.28548e-11      256.000  2.03459e-13
      12.0000      600.896  4.17083e-11      0.00000  2.00420e-13
      12.0000      601.359  4.20269e-11      0.00000  2.26178e-13
      12.0000      601.822  4.13688e-11      0.00000  2.35439e-13
      12.0000      602.284  4.08708e-11      0.00000  1.94487e-13
      12.0000      602.748  4.06552e-11      0.00000  2.03604e-13
      12.0000      603.212  4.07945e-11      0.00000  2.57580e-13
      12.0000      603.676  4.05552e-11      258.000  3.11411e-13
      12.0000      604.141  4.03485e-11      258.000  2.63223e-13
      12.0000      604.606  3.96837e-11      0.00000  2.53673e-13
      12.0000      605.071  3.90742e-11      0.00000  2.33413e-13
      12.0000      605.537  3.88605e-11     -15872.0          NaN
      12.0000      606.002  4.09324e-11     -15872.0          NaN
      12.0000      606.469  4.08243e-11     -15616.0          NaN
      12.0000      606.935  3.97884e-11      256.000  3.92302e-13
      12.0000      607.402  3.91651e-11      0.00000  2.45569e-13
      13.0000      607.402  4.29741e-11     -15616.0          NaN
      13.0000      607.870  3.99506e-11     -15872.0          NaN
      13.0000      608.338  4.01863e-11      0.00000  5.08647e-13
      13.0000      608.806  4.09013e-11      258.000  1.21149e-12
      13.0000      609.274  3.85810e-11      258.000  7.44666e-13
      13.0000      609.743  3.93762e-11      256.000  4.78982e-13
      13.0000      610.212  3.89965e-11      0.00000  5.54230e-13
      13.0000      610.682  3.73160e-11      1.00000  6.02129e-13
      13.0000      611.152  3.54346e-11      3.00000  4.30361e-13
      13.0000      611.622  4.11896e-11      3.00000  4.73194e-13
      13.0000      612.093  4.18869e-11      257.000  4.81587e-13
      13.0000      612.564  3.72873e-11      257.000  4.38609e-13
      13.0000      613.035  3.72938e-11      257.000  4.34123e-13
      13.0000      613.507  3.67977e-11      258.000  5.51047e-13
      13.0000      613.979  3.61625e-11      258.000  4.33978e-13
      13.0000      614.451  3.73458e-11      256.000  3.14160e-13
      13.0000      614.924  3.67975e-11      258.000  3.41510e-13
      13.0000      615.397  3.71557e-11      258.000  3.57717e-13
      13.0000      615.871  3.69776e-11      256.000  4.65235e-13
      13.0000      616.345  3.64911e-11      256.000  4.36004e-13
      13.0000      616.819  3.61915e-11      256.000  3.89264e-13
      13.0000      617.294  3.61804e-11      256.000  1.10658e-12
      13.0000      617.769  3.50940e-11      770.000  2.43688e-13
      13.0000      618.245  3.49625e-11      770.000  2.91441e-13
      13.0000      618.720  3.35704e-11      256.000  3.04320e-13
      13.0000      619.196  3.30442e-11      0.00000  2.61631e-13
      13.0000      619.673  3.47566e-11      0.00000  2.55120e-13
      13.0000      620.150  3.46825e-11      256.000  3.03597e-13
      13.0000      620.627  3.37392e-11     -15616.0          NaN
      13.0000      621.105  3.39504e-11     -15616.0          NaN
      13.0000      621.582  3.39925e-11      256.000  2.42675e-13
      13.0000      622.061  3.30951e-11      259.000  2.44701e-13
      13.0000      622.539  3.31455e-11      259.000  2.16772e-13
      13.0000      623.018  3.22408e-11      256.000  1.94632e-13
      13.0000      623.498  3.18656e-11      256.000  1.96513e-13
      13.0000      623.978  3.22648e-11      0.00000  2.07221e-13
      13.0000      624.458  3.29934e-11      0.00000  2.23139e-13
      13.0000      624.938  3.20812e-11      256.000  1.82910e-13
      13.0000      625.419  3.14955e-11      256.000  1.78714e-13
      13.0000      625.901  3.04405e-11      256.000  1.74228e-13
      13.0000      626.382  3.01299e-11      0.00000  1.96658e-13
      13.0000      626.864  3.03914e-11      256.000  1.86962e-13
      13.0000      627.347  3.72912e-11      256.000  1.93040e-13
      13.0000      627.830  4.95474e-11      0.00000  2.04183e-13
      13.0000      628.312  4.06638e-11      0.00000  1.95789e-13
      13.0000      628.796  3.19196e-11      0.00000  2.76970e-13
      13.0000      629.280  2.94946e-11      0.00000  3.08083e-13
      13.0000      629.764  2.88146e-11      0.00000  2.04038e-13
      13.0000      630.249  2.87945e-11      256.000  1.88265e-13
      13.0000      630.734  2.98980e-11      256.000  1.71189e-13
      13.0000      631.219  3.15188e-11      256.000  1.64967e-13
      13.0000      631.705  3.16796e-11      256.000  1.69887e-13
      13.0000      632.191  3.19822e-11      0.00000  1.65256e-13
      13.0000      632.678  3.43665e-11      0.00000  1.68729e-13
      13.0000      633.164  3.55291e-11      0.00000  1.52811e-13
      13.0000      633.652  3.40274e-11      0.00000  1.66414e-13
      13.0000      634.139  3.12281e-11      0.00000  1.58021e-13
      13.0000      634.627  2.80957e-11      0.00000  1.75820e-13
      13.0000      635.115  2.53751e-11      0.00000  1.68440e-13
      13.0000      635.604  2.39052e-11      0.00000  1.49049e-13
      13.0000      636.094  2.29495e-11      0.00000  1.42682e-13
      13.0000      636.583  2.21447e-11      0.00000  1.38341e-13
      13.0000      637.073  2.13660e-11      0.00000  1.31395e-13
      13.0000      637.563  2.09880e-11      0.00000  1.63086e-13
      13.0000      638.054  2.07070e-11      0.00000  1.63809e-13
      13.0000      638.545  2.06386e-11      0.00000  1.42537e-13
      13.0000      639.036  2.07338e-11      0.00000  1.41524e-13
      13.0000      639.528  2.18629e-11      2.00000  1.68295e-13
      13.0000      640.020  2.24155e-11      258.000  2.19522e-13
      13.0000      640.512  1.99503e-11      256.000  1.46299e-13
      13.0000      641.005  1.93225e-11      256.000  1.66269e-13
      13.0000      641.499  1.91532e-11      256.000  1.51654e-13
      13.0000      641.992  1.93420e-11      258.000  1.46444e-13
      13.0000      642.486  1.91992e-11      2.00000  1.31395e-13
      13.0000      642.981  1.89664e-11      2.00000  1.46155e-13
      13.0000      643.475  1.81670e-11      1.00000  1.53969e-13
      13.0000      643.971  1.77218e-11      1.00000  1.46444e-13
      13.0000      644.466  1.86648e-11      1.00000  1.69019e-13
      13.0000      644.962  1.77647e-11      0.00000  1.57442e-13
      13.0000      645.459  1.73762e-11      256.000  2.35005e-13
      13.0000      645.955  1.74224e-11      256.000  1.74228e-13
      13.0000      646.452  1.67878e-11      256.000  1.81608e-13
      13.0000      646.950  1.65245e-11      0.00000  1.77846e-13
      13.0000      647.447  1.65326e-11      0.00000  1.86818e-13
      13.0000      647.946  1.55779e-11      256.000  1.90580e-13
      13.0000      648.445  1.60176e-11      256.000  1.85660e-13
      13.0000      648.943  1.62401e-11      256.000  2.05195e-13
      13.0000      649.443  1.55385e-11      256.000  2.28638e-13
      13.0000      649.942  1.50502e-11      0.00000  1.62796e-13
      13.0000      650.442  1.54287e-11      0.00000  1.74373e-13
      13.0000      650.943  1.50534e-11      0.00000  1.72057e-13
      13.0000      651.444  1.42783e-11      257.000  1.54982e-13
      13.0000      651.945  1.41791e-11      257.000  1.38630e-13
      13.0000      652.447  1.42155e-11      256.000  1.57297e-13
      13.0000      652.949  1.45226e-11      256.000  1.39643e-13
      14.0000      652.949  1.47052e-11      256.000  5.92578e-13
      13.0000      653.452  1.42925e-11      0.00000  1.37038e-13
      14.0000      653.452  1.53916e-11      256.000  3.08661e-13
      13.0000      653.955  1.37575e-11     -15872.0          NaN
      14.0000      653.955  1.57907e-11      256.000  4.34123e-13
      13.0000      654.458  1.38222e-11     -15872.0          NaN
      14.0000      654.458  1.56549e-11      256.000  3.63506e-13
      13.0000      654.961  1.39069e-11      0.00000  1.71334e-13
      14.0000      654.961  1.57074e-11      256.000  4.54671e-13
      13.0000      655.465  1.39168e-11      256.000  1.47457e-13
      14.0000      655.465  1.55321e-11      256.000  4.08076e-13
      13.0000      655.970  1.39781e-11      768.000  1.64388e-13
      14.0000      655.970  1.56400e-11      256.000  3.74648e-13
      13.0000      656.475  1.32226e-11      512.000  1.80306e-13
      14.0000      656.475  1.52898e-11      256.000  4.27177e-13
      13.0000      656.980  1.26626e-11      0.00000  1.91304e-13
      14.0000      656.980  1.58715e-11      256.000  4.70445e-13
      14.0000      657.485  1.54924e-11      256.000  4.00840e-13
      14.0000      657.991  1.47578e-11      256.000  3.88685e-13
      14.0000      658.497  1.43814e-11      256.000  4.64801e-13
      14.0000      659.004  1.53510e-11      256.000  3.90711e-13
      14.0000      659.511  1.55136e-11      256.000  4.14009e-13
      14.0000      660.019  1.36332e-11      257.000  3.48456e-13
      14.0000      660.527  1.32750e-11      257.000  3.89987e-13
      14.0000      661.035  1.58666e-11      256.000  2.81746e-13
      14.0000      661.544  1.47454e-11      256.000  2.87534e-13
      14.0000      662.053  1.49409e-11      256.000  3.65966e-13
      14.0000      662.562  1.47461e-11      256.000  2.88981e-13
      14.0000      663.072  1.41909e-11      256.000  2.66986e-13
      14.0000      663.582  1.38727e-11      256.000  2.32111e-13
      14.0000      664.093  1.39731e-11      256.000  2.45714e-13
      14.0000      664.604  1.39875e-11      256.000  2.22416e-13
      14.0000      665.116  1.37392e-11      256.000  2.41951e-13
      14.0000      665.627  1.38224e-11      256.000  2.17061e-13
      14.0000      666.140  1.35462e-11      256.000  2.63223e-13
      14.0000      666.652  1.41990e-11      256.000  1.90435e-13
      14.0000      667.165  1.93610e-11      256.000  1.98394e-13
      14.0000      667.678  2.29922e-11      258.000  2.08379e-13
      14.0000      668.192  1.75178e-11      258.000  2.14167e-13
      14.0000      668.707  1.36008e-11      0.00000  1.62796e-13
      14.0000      669.221  1.27834e-11      0.00000  1.86962e-13
      14.0000      669.736  1.33750e-11      0.00000  1.84358e-13
      14.0000      670.252  1.41027e-11      0.00000  1.58165e-13
      14.0000      670.767  1.32624e-11      256.000  1.73939e-13
      14.0000      671.283  1.22142e-11      256.000  1.67427e-13
      14.0000      671.800  1.15513e-11      256.000  1.56140e-13
      14.0000      672.317  1.23483e-11      256.000  1.41813e-13
      14.0000      672.834  1.33051e-11      0.00000  1.50641e-13
      14.0000      673.352  1.26446e-11      0.00000  1.58021e-13
      14.0000      673.870  1.24537e-11      0.00000  1.44997e-13
      14.0000      674.389  1.46157e-11      0.00000  1.35591e-13
      14.0000      674.908  1.79557e-11      0.00000  1.36459e-13
      14.0000      675.427  1.53673e-11      3.00000  1.35012e-13
      14.0000      675.947  1.14196e-11      259.000  1.37617e-13
      14.0000      676.467  1.19143e-11      256.000  1.39209e-13
      14.0000      676.988  1.41655e-11      256.000  1.59613e-13
      14.0000      677.509  1.57168e-11      256.000  2.33992e-13
      14.0000      678.030  1.33663e-11      1.00000  3.91145e-13
      14.0000      678.552  1.17162e-11      1.00000  1.70176e-13
      14.0000      679.074  1.81054e-11      0.00000  1.36459e-13
      14.0000      679.597  2.81401e-11      256.000  1.60191e-13
      14.0000      680.119  2.42344e-11      256.000  2.35005e-13
      14.0000      680.643  1.39568e-11      256.000  1.99841e-13
      14.0000      681.166  1.39079e-11      256.000  1.52811e-13
      14.0000      681.691  1.87427e-11      0.00000  1.57297e-13
      14.0000      682.215  1.99685e-11      0.00000  1.34868e-13
      14.0000      682.740  1.13523e-11      0.00000  1.49049e-13
      14.0000      683.266  8.27847e-12     -15872.0          NaN
      14.0000      683.792  2.44052e-11     -15872.0          NaN
      14.0000      684.318  4.94270e-11      0.00000  1.70466e-13
      14.0000      684.844  3.71079e-11     -15616.0          NaN
      14.0000      685.371  1.13009e-11     -15614.0          NaN
      14.0000      685.899  1.12288e-11      258.000  1.21699e-13
      14.0000      686.427  2.61744e-11     -15615.0          NaN
      14.0000      686.955  3.34120e-11     -15613.0          NaN
      14.0000      687.484  1.58122e-11      258.000  1.81029e-13
      14.0000      688.012  1.27026e-11      256.000  1.31105e-13
      14.0000      688.542  4.23706e-11      256.000  1.57587e-13
      14.0000      689.072  1.05629e-10     -15616.0          NaN
      14.0000      689.602  5.51512e-11     -15872.0          NaN
      14.0000      690.133  1.25056e-11     -15872.0          NaN
      14.0000      690.664  1.54454e-11     -15872.0          NaN
      14.0000      691.195  5.42762e-11      0.00000  2.80878e-13
      14.0000      691.727  6.17828e-11      0.00000  2.03459e-13
      14.0000      692.260  1.45721e-11      2.00000  1.50930e-13
      14.0000      692.792  1.12784e-11      2.00000  1.38051e-13
      14.0000      693.326  6.63281e-11      0.00000  2.14167e-13
      14.0000      693.859  1.61700e-10      8.00000  2.72340e-13
      14.0000      694.393  4.97075e-11      264.000  1.84936e-13
      14.0000      694.927  1.55200e-11      256.000  1.43839e-13
      14.0000      695.462  2.74680e-11      258.000  1.66993e-13
      14.0000      695.997  9.84489e-11      258.000  3.30657e-13
      14.0000      696.533  5.93276e-11      256.000  2.12720e-13
      14.0000      697.069  1.78752e-11      258.000  1.90291e-13
      14.0000      697.605  2.55653e-11      258.000  2.12286e-13
      14.0000      698.142  1.33000e-10      256.000  2.60184e-13
      14.0000      698.679  1.45376e-10      256.000  2.42964e-13
      15.0000      698.679  1.48693e-10      257.000  8.00378e-13
      14.0000      699.217  6.11909e-11      256.000  1.75964e-13
      15.0000      699.217  5.45780e-11      1.00000  7.04003e-13
      14.0000      699.755  1.96757e-11      256.000  1.52667e-13
      15.0000      699.755  2.32393e-11      0.00000  6.68549e-13
      14.0000      700.293  7.07078e-11      256.000  2.17785e-13
      15.0000      700.293  7.60106e-11      0.00000  6.10377e-13
      14.0000      700.832  1.21772e-10      0.00000  2.39925e-13
      15.0000      700.832  1.44228e-10      258.000  6.50750e-13
      14.0000      701.371  7.73896e-11      0.00000  1.87975e-13
      15.0000      701.371  7.54433e-11      258.000  5.28617e-13
      14.0000      701.911  1.76412e-11      256.000  1.40801e-13
      15.0000      701.911  2.74152e-11      256.000  5.64215e-13
      14.0000      702.451  6.26099e-11      256.000  2.14167e-13
      15.0000      702.451  6.64133e-11      256.000  5.94170e-13
      14.0000      702.992  1.87691e-10      266.000  4.22546e-13
      15.0000      702.992  2.71348e-10      258.000  7.70713e-13
      14.0000      703.533  2.09471e-10      10.0000  3.10398e-13
      15.0000      703.533  1.93310e-10      2.00000  6.03286e-13
      14.0000      704.074  3.49802e-11      258.000  1.66703e-13
      15.0000      704.074  4.52598e-11      2.00000  5.99958e-13
      14.0000      704.616  2.68353e-11      258.000  1.90435e-13
      15.0000      704.616  2.88804e-11      2.00000  4.03300e-13
      14.0000      705.158  1.01247e-10      256.000  2.86666e-13
      15.0000      705.158  1.43442e-10      0.00000  6.26150e-13
      14.0000      705.701  1.87430e-10      257.000  3.83620e-13
      15.0000      705.701  1.93493e-10      0.00000  7.97918e-13
      14.0000      706.244  4.34927e-11      257.000  2.95782e-13
      15.0000      706.244  4.63478e-11      0.00000  5.38023e-13
      15.0000      706.788  2.68043e-11      0.00000  3.71899e-13
      15.0000      707.332  1.10080e-10      0.00000  4.38030e-13
      15.0000      707.876  2.93141e-10      256.000  6.34254e-13
      15.0000      708.421  1.26794e-10      256.000  4.17482e-13
      15.0000      708.965  3.02089e-11      0.00000  3.67557e-13
      15.0000      709.511  5.68672e-11      256.000  3.71465e-13
      15.0000      710.057  1.45898e-10     -15616.0          NaN
      15.0000      710.604  1.26066e-10     -15616.0          NaN
      15.0000      711.151  3.14106e-11      256.000  2.46292e-13
      15.0000      711.698  5.06682e-11      256.000  2.44556e-13
      15.0000      712.245  1.68394e-10      0.00000  3.42089e-13
      15.0000      712.793  2.28096e-10      0.00000  4.56553e-13
      15.0000      713.342  7.24594e-11      0.00000  2.97519e-13
      15.0000      713.891  3.61474e-11      256.000  2.37321e-13
      15.0000      714.440  9.99884e-11      256.000  2.78996e-13
      15.0000      714.990  1.62361e-10      0.00000  2.93612e-13
      15.0000      715.540  9.33896e-11      0.00000  2.49910e-13
      15.0000      716.091  3.86556e-11      0.00000  2.18219e-13
      15.0000      716.642  1.07171e-10      0.00000  2.37610e-13
      15.0000      717.193  2.38638e-10      0.00000  3.22264e-13
      15.0000      717.745  1.90642e-10      0.00000  3.29644e-13
      15.0000      718.297  4.36263e-11      0.00000  2.46148e-13
      15.0000      718.850  5.60122e-11      0.00000  2.19087e-13
      15.0000      719.403  1.46512e-10      0.00000  2.70748e-13
      15.0000      719.957  1.45903e-10      0.00000  2.70314e-13
      15.0000      720.511  4.88747e-11      0.00000  2.28349e-13
      15.0000      721.066  4.09991e-11     -15616.0          NaN
      15.0000      721.620  1.56330e-10     -15616.0          NaN
      15.0000      722.175  2.07341e-10      8.00000  2.70314e-13
      15.0000      722.731  1.05302e-10      264.000  1.99986e-13
      15.0000      723.288  5.15671e-11      256.000  1.69019e-13
      15.0000      723.844  7.08788e-11      256.000  1.99552e-13
      15.0000      724.401  9.36805e-11      257.000  2.18798e-13
      15.0000      724.959  5.57923e-11      1.00000  2.12286e-13
      15.0000      725.517  2.02398e-11      256.000  1.72781e-13
      15.0000      726.075  1.75624e-11      256.000  1.32263e-13
      15.0000      726.634  1.53758e-11      256.000  1.31395e-13
      15.0000      727.193  2.76235e-11      256.000  1.37472e-13
      15.0000      727.752  1.61520e-10      0.00000  2.05051e-13
      15.0000      728.312  5.68356e-10      28.0000  3.69873e-13
      15.0000      728.873  1.73160e-09      28.0000  1.53737e-12
      15.0000      729.434  2.57715e-09      28.0000  2.07684e-12
      15.0000      729.995  1.78475e-09      30.0000  1.32740e-12
      15.0000      730.557  7.82640e-10      30.0000  4.67406e-13
      15.0000      731.119  3.59161e-10     -15864.0          NaN
      15.0000      731.681  2.02485e-10     -15864.0          NaN
      15.0000      732.245  7.40872e-11      256.000  1.75241e-13
      15.0000      732.808  5.55652e-11      256.000  1.88409e-13
      15.0000      733.372  1.44056e-10      256.000  2.53383e-13
      15.0000      733.936  2.26120e-10      256.000  3.02584e-13
      15.0000      734.501  1.02428e-10      256.000  2.34861e-13
      15.0000      735.067  5.64513e-11      256.000  1.93619e-13
      15.0000      735.632  1.17629e-10      256.000  2.28349e-13
      15.0000      736.198  2.02758e-10      0.00000  2.52515e-13
      15.0000      736.764  1.06003e-10      258.000  1.97237e-13
      15.0000      737.332  5.42350e-11      258.000  1.68584e-13
      15.0000      737.899  1.07019e-10      256.000  2.37321e-13
      15.0000      738.467  2.67588e-10      8.00000  3.22264e-13
      15.0000      739.035  1.46585e-10      8.00000  2.49476e-13
      15.0000      739.604  4.72801e-11      0.00000  1.85515e-13
      15.0000      740.173  5.50588e-11      0.00000  1.82042e-13
      15.0000      740.742  1.73217e-10      0.00000  2.75958e-13
      15.0000      741.312  1.04761e-10      0.00000  2.29651e-13
      15.0000      741.883  4.34263e-11      0.00000  2.55409e-13
      15.0000      742.454  4.65817e-11      0.00000  2.35295e-13
      15.0000      743.025  2.19583e-10      8.00000  3.44115e-13
      15.0000      743.597  1.51807e-10      8.00000  2.88547e-13
      15.0000      744.169  5.68606e-11      256.000  1.92027e-13
      15.0000      744.742  3.71483e-11      256.000  1.75386e-13
      16.0000      744.742  4.86181e-11      256.000  1.04855e-12
      15.0000      745.315  1.28256e-10     -15872.0          NaN
      16.0000      745.315  1.48837e-10      256.000  1.11439e-12
      15.0000      745.888  1.11799e-10     -15872.0          NaN
      16.0000      745.888  1.34504e-10      256.000  1.06563e-12
      15.0000      746.463  5.54411e-11      0.00000  1.51220e-13
      16.0000      746.463  5.42800e-11      256.000  1.10224e-12
      15.0000      747.037  4.61679e-11      0.00000  1.42392e-13
      16.0000      747.037  6.77195e-11      256.000  8.97766e-13
      15.0000      747.612  1.79386e-10      0.00000  2.29506e-13
      16.0000      747.612  1.73246e-10      256.000  9.72580e-13
      15.0000      748.187  1.78794e-10      0.00000  2.19522e-13
      16.0000      748.187  1.91437e-10      256.000  8.14849e-13
      15.0000      748.763  7.93004e-11      0.00000  1.65401e-13
      16.0000      748.763  6.60498e-11      256.000  6.62472e-13
      15.0000      749.339  4.52882e-11      256.000  1.35591e-13
      16.0000      749.339  4.92654e-11      256.000  6.35122e-13
      15.0000      749.916  1.16804e-10      256.000  1.73360e-13
      16.0000      749.916  1.20881e-10      256.000  5.95038e-13
      15.0000      750.493  1.40916e-10      256.000  1.97960e-13
      16.0000      750.493  1.38285e-10      256.000  7.34391e-13
      15.0000      751.070  6.22193e-11      256.000  1.77556e-13
      16.0000      751.070  5.70849e-11      256.000  6.35122e-13
      15.0000      751.649  4.66586e-11      0.00000  1.63086e-13
      16.0000      751.649  4.29114e-11      256.000  4.76522e-13
      15.0000      752.227  1.31771e-10      0.00000  2.13444e-13
      16.0000      752.227  1.50016e-10      256.000  9.45520e-13
      15.0000      752.806  2.03613e-10      0.00000  2.87534e-13
      16.0000      752.806  1.73729e-10      256.000  7.01687e-13
      15.0000      753.385  6.59062e-11      0.00000  1.97381e-13
      16.0000      753.385  7.18790e-11     -15616.0          NaN
      15.0000      753.965  2.79279e-11      0.00000  1.87396e-13
      16.0000      753.965  2.90738e-11     -15616.0          NaN
      15.0000      754.545  6.90039e-11      0.00000  2.26757e-13
      16.0000      754.545  9.20637e-11     -15616.0  4.65525e-13
      15.0000      755.126  1.27323e-10      0.00000  2.77115e-13
      16.0000      755.126  1.12072e-10      256.000  4.40056e-13
      15.0000      755.707  3.81217e-11      0.00000  1.89278e-13
      16.0000      755.707  5.18674e-11      256.000  3.30078e-13
      16.0000      756.288  2.59313e-11      256.000  2.69156e-13
      16.0000      756.870  1.10384e-10      256.000  4.01130e-13
      16.0000      757.452  1.48799e-10      256.000  3.82896e-13
      16.0000      758.035  6.39128e-11      256.000  3.16476e-13
      16.0000      758.619  8.05322e-11      256.000  3.33406e-13
      16.0000      759.202  6.76569e-11     -15616.0          NaN
      16.0000      759.787  9.27003e-11     -15616.0          NaN
      16.0000      760.371  3.56576e-11      256.000  2.56422e-13
      16.0000      760.956  1.67067e-11      258.000  2.65104e-13
      16.0000      761.542  8.51803e-11      258.000  3.24000e-13
      16.0000      762.128  6.15407e-11      257.000  2.46003e-13
      16.0000      762.715  3.36635e-11      257.000  2.27480e-13
      16.0000      763.302  1.29046e-11      257.000  2.32400e-13
      16.0000      763.889  4.45652e-11      256.000  3.08227e-13
      16.0000      764.477  7.45451e-11      256.000  2.71037e-13
      16.0000      765.065  2.13968e-11      256.000  1.90580e-13
      16.0000      765.654  1.19594e-11      256.000  1.65256e-13
      16.0000      766.243  6.14294e-11      256.000  2.49621e-13
      16.0000      766.832  1.04858e-10      256.000  3.30223e-13
      16.0000      767.423  2.39923e-11      0.00000  2.83482e-13
      16.0000      768.013  9.81709e-12      256.000  1.62796e-13
      16.0000      768.604  2.83953e-11      256.000  1.73070e-13
      16.0000      769.196  4.52611e-11      0.00000  2.13444e-13
      16.0000      769.787  1.31586e-11      256.000  2.64670e-13
      16.0000      770.380  9.72713e-12      256.000  2.28059e-13
      16.0000      770.973  4.20927e-11      256.000  4.27756e-13
      16.0000      771.566  6.23384e-11      0.00000  4.01274e-13
      16.0000      772.160  1.43699e-11      0.00000  1.65546e-13
      16.0000      772.754  1.48915e-12      2.00000  2.33992e-13
      16.0000      773.349  1.75764e-11      2.00000  1.84502e-13
      16.0000      773.944  2.19085e-11      0.00000  1.49338e-13
      16.0000      774.539  7.65200e-12      0.00000  1.59757e-13
      16.0000      775.135  6.79133e-12      257.000  1.41379e-13
      16.0000      775.732  2.81075e-11      257.000  1.67137e-13
      16.0000      776.329  2.85835e-11      0.00000  1.63664e-13
      16.0000      776.927  6.65209e-12      258.000  1.36893e-13
      16.0000      777.524  3.15992e-12      258.000  1.49194e-13
      16.0000      778.122  8.17939e-12      258.000  1.46444e-13
      16.0000      778.721  7.33720e-12      256.000  1.20541e-13
      16.0000      779.321  2.71436e-12      256.000  1.34144e-13
      16.0000      779.920  2.98203e-12      256.000  1.30237e-13
      16.0000      780.520  1.32753e-11      256.000  1.94776e-13
      16.0000      781.121  8.97589e-12      0.00000  1.60047e-13
      16.0000      781.722  3.93783e-12     -15872.0          NaN
      16.0000      782.324  3.28394e-12     -15872.0          NaN
      16.0000      782.926  5.25173e-12      2.00000  1.22133e-13
      16.0000      783.528  4.00836e-12      2.00000  1.01006e-13
      16.0000      784.131  3.25362e-12      0.00000  1.06650e-13
      16.0000      784.735  3.96936e-12      258.000  1.34723e-13
      16.0000      785.339  6.74964e-12     -15614.0          NaN
      16.0000      785.943  4.65479e-12     -15616.0          NaN
      16.0000      786.548  3.58724e-12      256.000  9.81118e-14
      16.0000      787.153  3.82366e-12      256.000  9.60859e-14
      16.0000      787.758  3.98432e-12      256.000  9.57965e-14
      16.0000      788.365  3.42924e-12      0.00000  9.07317e-14
      16.0000      788.971  3.35837e-12      0.00000  1.20541e-13
      16.0000      789.579  4.06337e-12      256.000  1.10123e-13
      16.0000      790.186  4.32283e-12      256.000  8.92846e-14
      16.0000      790.794  4.31982e-12      256.000  8.87058e-14
      16.0000      791.403  4.20461e-12      768.000  9.42047e-14
      16.0000      792.011  4.11685e-12     -15616.0          NaN
      16.0000      792.621  4.06697e-12     -15616.0          NaN
      16.0000      793.231  4.04723e-12      256.000  1.09544e-13
      17.0000      793.231  4.21484e-12     -15616.0          NaN
      16.0000      793.842  4.25603e-12      513.000  1.29803e-13
      17.0000      793.842  4.75223e-12      256.000  6.54657e-13
      16.0000      794.452  3.42414e-12      769.000  1.98828e-13
      17.0000      794.452  7.20258e-12     -15616.0  6.30925e-13
      16.0000      795.064  2.40696e-12      257.000  2.95493e-13
      17.0000      795.064  7.36071e-12     -15616.0  8.64773e-13
      16.0000      795.675  4.50395e-12      1.00000  1.06939e-13
      17.0000      795.675  7.56776e-12      256.000  5.62913e-13
      16.0000      796.288  4.73057e-12     -15871.0          NaN
      17.0000      796.288  7.79154e-12      256.000  1.19311e-12
      16.0000      796.900  5.31404e-12     -15615.0          NaN
      17.0000      796.900  7.67916e-12     -15616.0  1.02945e-12
      16.0000      797.514  5.39925e-12      256.000  1.36893e-13
      17.0000      797.514  7.18959e-12     -15616.0  4.12562e-13
      16.0000      798.128  4.68952e-12      256.000  1.29658e-13
      17.0000      798.128  6.50857e-12      256.000  3.93750e-13
      16.0000      798.742  6.46469e-12      0.00000  1.35012e-13
      17.0000      798.742  8.51463e-12      256.000  6.19059e-13
      16.0000      799.357  5.73065e-12      0.00000  1.80161e-13
      17.0000      799.357  8.60489e-12      256.000  6.58999e-13
      16.0000      799.972  5.65899e-12      256.000  1.45142e-13
      17.0000      799.972  7.43511e-12      256.000  3.17344e-13
      16.0000      800.587  5.00159e-12      256.000  1.52956e-13
      17.0000      800.587  6.91672e-12      256.000  5.81725e-13
      16.0000      801.203  6.36710e-12      256.000  1.51075e-13
      17.0000      801.203  8.58441e-12      256.000  5.33103e-13
      16.0000      801.820  5.94374e-12      256.000  1.13740e-13
      17.0000      801.820  7.23308e-12      256.000  5.15304e-13
      16.0000      802.437  5.44891e-12      256.000  1.46155e-13
      17.0000      802.437  8.05011e-12      0.00000  6.09364e-13
      16.0000      803.054  5.02826e-12      256.000  1.15043e-13
      17.0000      803.054  8.53335e-12      0.00000  3.32538e-13
      16.0000      803.672 -7.75113e-12      3.00000  1.83779e-13
      17.0000      803.672  9.58169e-12      0.00000  4.59157e-13
      16.0000      804.291 -5.36675e-12      3.00000  1.53824e-13
      17.0000      804.291  9.09455e-12      0.00000  3.66834e-13
      16.0000      804.910  6.06163e-12      0.00000  1.19384e-13
      17.0000      804.910  8.52822e-12      0.00000  3.76963e-13
      16.0000      805.529  5.79959e-12      0.00000  1.17792e-13
      17.0000      805.529  7.03752e-12      0.00000  4.32531e-13
      17.0000      806.149  8.55525e-12      0.00000  3.63361e-13
      17.0000      806.769  1.05296e-11      256.000  3.08083e-13
      17.0000      807.390  8.51191e-12      256.000  2.83338e-13
      17.0000      808.012  8.21103e-12      256.000  2.99834e-13
      17.0000      808.633  1.05525e-11      0.00000  2.64092e-13
      17.0000      809.255  1.30409e-11      0.00000  2.71761e-13
      17.0000      809.878  8.70309e-12      0.00000  1.94198e-13
      17.0000      810.501  7.70074e-12      0.00000  2.38044e-13
      17.0000      811.125  8.31879e-12     -15872.0          NaN
      17.0000      811.750  1.14980e-11     -15616.0          NaN
      17.0000      812.374  8.88051e-12     -15616.0          NaN
      17.0000      812.999  8.09610e-12     -15872.0          NaN
      17.0000      813.625  2.06437e-11      0.00000  2.23284e-13
      17.0000      814.251  4.00378e-11      0.00000  2.14167e-13
      17.0000      814.878  3.02456e-11      256.000  1.79437e-13
      17.0000      815.504  9.97105e-12      256.000  1.56863e-13
      17.0000      816.132  1.10468e-11      256.000  1.79582e-13
      17.0000      816.760  1.42497e-11      0.00000  1.54548e-13
      17.0000      817.389  1.25693e-11      0.00000  1.65690e-13
      17.0000      818.017  6.63813e-12      0.00000  1.43261e-13
      17.0000      818.647  8.25888e-12      0.00000  1.11714e-13
      17.0000      819.277  1.33033e-11      0.00000  1.22133e-13
      17.0000      819.907  1.29745e-11      0.00000  1.47312e-13
      17.0000      820.538  6.84483e-12      0.00000  1.80595e-13
      17.0000      821.170  6.56285e-12      256.000  1.14753e-13
      17.0000      821.802  1.42117e-11     -15614.0          NaN
      17.0000      822.434  2.01845e-11     -15613.0          NaN
      17.0000      823.067  1.13356e-11      1.00000  1.33276e-13
      17.0000      823.700  7.23469e-12      1.00000  1.14030e-13
      17.0000      824.334  1.28531e-11      0.00000  1.21554e-13
      17.0000      824.969  1.56176e-11      256.000  1.14608e-13
      17.0000      825.604  8.37295e-12      256.000  1.24449e-13
      17.0000      826.239  5.03659e-12      256.000  1.20397e-13
      17.0000      826.875  9.36299e-12      0.00000  1.04190e-13
      17.0000      827.511  1.46499e-11      0.00000  1.18371e-13
      17.0000      828.148  9.94593e-12      0.00000  1.16924e-13
      17.0000      828.785  5.42567e-12      0.00000  1.08675e-13
      17.0000      829.423  8.02286e-12      0.00000  1.20397e-13
      17.0000      830.061  1.38015e-11      0.00000  1.08675e-13
      17.0000      830.700  1.12229e-11      256.000  1.08097e-13
      17.0000      831.339  5.48101e-12      256.000  1.38485e-13
      17.0000      831.979  6.80559e-12      256.000  1.01006e-13
      17.0000      832.619  1.05856e-11      256.000  1.46444e-13
      17.0000      833.260  9.93637e-12      256.000  1.21120e-13
      17.0000      833.901  5.51592e-12      0.00000  1.28500e-13
      17.0000      834.543  4.50516e-12      256.000  1.34144e-13
      17.0000      835.185  9.13097e-12      258.000  1.31973e-13
      17.0000      835.828  1.03288e-11      2.00000  1.34433e-13
      17.0000      836.471  5.62039e-12      2.00000  1.17937e-13
      17.0000      837.114  5.76447e-12      0.00000  1.86094e-13
      17.0000      837.759  6.99655e-12      0.00000  1.19529e-13
      17.0000      838.404  7.70434e-12      2.00000  1.54548e-13
      17.0000      839.049  5.94948e-12     -15870.0          NaN
      17.0000      839.694  6.12680e-12     -15872.0          NaN
      17.0000      840.340  6.24137e-12      0.00000  1.09254e-13
      17.0000      840.987  6.51214e-12      0.00000  1.18371e-13
      17.0000      841.634  5.58761e-12      0.00000  1.15766e-13
      17.0000      842.282  4.90997e-12      256.000  1.19239e-13
      17.0000      842.930  5.13268e-12      256.000  1.05058e-13
      18.0000      842.930  6.75836e-12      256.000  7.13698e-13
      17.0000      843.579  5.93288e-12      0.00000  9.44941e-14
      18.0000      843.579  8.62177e-12      256.000  8.08048e-13
      17.0000      844.228  5.48099e-12      256.000  9.99930e-14
      18.0000      844.228  7.79516e-12      256.000  5.62768e-13
      17.0000      844.877  5.19572e-12      256.000  1.00138e-13
      18.0000      844.877  5.93834e-12      256.000  5.49455e-13
      17.0000      845.528  5.53124e-12      1.00000  1.00282e-13
      18.0000      845.528  6.60527e-12      256.000  4.19363e-13
      17.0000      846.178  5.25149e-12      1.00000  9.59412e-14
      18.0000      846.178  7.73754e-12      256.000  4.58289e-13
      17.0000      846.830  4.56944e-12     -15872.0          NaN
      18.0000      846.830  8.44313e-12      256.000  3.82607e-13
      17.0000      847.481  4.55307e-12     -15616.0          NaN
      18.0000      847.481  8.78357e-12      256.000  5.51047e-13
      17.0000      848.133  4.61013e-12      256.000  1.74517e-13
      18.0000      848.133  6.85736e-12      256.000  5.49166e-13
      17.0000      848.786  4.06510e-12      256.000  3.36445e-13
      18.0000      848.786  7.55111e-12      256.000  3.26605e-13
      17.0000      849.439  3.87510e-12      0.00000  6.02273e-13
      18.0000      849.439  9.03612e-12     -15616.0          NaN
      17.0000      850.093  3.78138e-12      0.00000  1.39035e-12
      18.0000      850.093  1.20099e-11     -15616.0          NaN
      17.0000      850.747  3.82113e-12     -15872.0          NaN
      18.0000      850.747  9.65350e-12      256.000  7.92564e-13
      17.0000      851.401  4.26689e-12     -15872.0          NaN
      18.0000      851.401  9.00235e-12      256.000  1.41133e-12
      17.0000      852.057  4.70348e-12      256.000  2.98677e-13
      18.0000      852.057  9.32489e-12      256.000  5.32235e-13
      17.0000      852.713  4.47821e-12      256.000  1.47168e-13
      18.0000      852.713  7.25761e-12      256.000  7.47126e-13
      17.0000      853.368  3.71951e-12      257.000  1.36459e-13
      18.0000      853.368  6.02432e-12      256.000  6.44094e-13
      17.0000      854.026  4.97810e-12      1.00000  1.70321e-13
      18.0000      854.026  5.86928e-12      256.000  4.48015e-13
      17.0000      854.683  2.42376e-12      1.00000  1.36893e-13
      18.0000      854.683  6.37981e-12      256.000  1.45171e-12
      18.0000      855.341  5.58694e-12     -15872.0          NaN
      18.0000      855.999  5.07956e-12     -15872.0          NaN
      18.0000      856.657  6.56398e-12      1.00000  4.92295e-13
      18.0000      857.316  6.64222e-12      1.00000  3.13292e-13
      18.0000      857.976  8.06855e-12      2.00000  6.58420e-13
      18.0000      858.637  5.61774e-12      2.00000  4.97939e-13
      18.0000      859.297  5.00286e-12      256.000  2.36163e-13
      18.0000      859.958  6.27807e-12      256.000  3.22988e-13
      18.0000      860.620  5.38399e-12      256.000  3.54534e-13
      18.0000      861.283  5.38288e-12      256.000  4.38175e-13
      18.0000      861.945  5.79577e-12      0.00000  2.25744e-13
      18.0000      862.608  5.24964e-12      2.00000  1.89712e-13
      18.0000      863.272  5.43671e-12      2.00000  2.45135e-13
      18.0000      863.937  5.53558e-12      0.00000  3.47298e-13
      18.0000      864.602  5.40268e-12      0.00000  1.99697e-13
      18.0000      865.267  5.01392e-12      0.00000  2.16193e-13
      18.0000      865.933  4.91536e-12      0.00000  2.28783e-13
      18.0000      866.599  4.85444e-12      2.00000  2.39636e-13
      18.0000      867.266  4.53595e-12      2.00000  1.90580e-13
      18.0000      867.934  5.09124e-12      0.00000  1.87831e-13
      18.0000      868.601  5.26457e-12      0.00000  2.26612e-13
      18.0000      869.270  4.74318e-12      256.000  1.57008e-13
      18.0000      869.938  4.71396e-12      256.000  1.67427e-13
      18.0000      870.608  4.23449e-12      0.00000  5.26302e-13
      18.0000      871.277  4.37826e-12      0.00000  1.48615e-13
      18.0000      871.948  4.56430e-12      0.00000  1.45286e-13
      18.0000      872.619  9.45055e-13      256.000  1.40801e-13
      18.0000      873.291  5.83528e-13      256.000  1.64967e-13
      18.0000      873.962  2.03299e-13      0.00000  1.70755e-13
      18.0000      874.635  4.80301e-13      256.000  1.44563e-13
      18.0000      875.308  5.49178e-13      256.000  1.64677e-13
      18.0000      875.982  6.08160e-13      768.000  2.08668e-13
      18.0000      876.656  4.60472e-13      768.000  1.33420e-13
      18.0000      877.331  8.09610e-13      256.000  1.87975e-13
      18.0000      878.005  1.29792e-12      0.00000  1.68440e-13
      18.0000      878.681  1.27132e-12      0.00000  1.54114e-13
      18.0000      879.357  9.18411e-13      2.00000  1.47457e-13
      18.0000      880.035  1.56480e-12      2.00000  1.54114e-13
      18.0000      880.711  1.58085e-12      0.00000  1.50930e-13
      18.0000      881.389  1.38753e-12      0.00000  1.03032e-13
      18.0000      882.068  1.55419e-12      0.00000  1.15187e-13
      18.0000      882.747  1.42283e-12      0.00000  1.16200e-13
      18.0000      883.426  1.66795e-12      0.00000  1.06071e-13
      18.0000      884.105  1.74076e-12      256.000  9.70988e-14
      18.0000      884.786  1.82352e-12      256.000  1.08386e-13
      18.0000      885.467  1.72071e-12      256.000  1.15766e-13
      18.0000      886.148  1.76033e-12      256.000  1.06071e-13
      18.0000      886.830  1.96732e-12      0.00000  8.98635e-14
      18.0000      887.512  1.65886e-12      256.000  8.68246e-14
      18.0000      888.195  1.54378e-12      256.000  8.87058e-14
      18.0000      888.879  1.68899e-12      0.00000  1.05347e-13
      18.0000      889.563  1.86934e-12      0.00000  9.55071e-14
      18.0000      890.248  1.60962e-12      0.00000  8.88505e-14
      18.0000      890.932  1.52963e-12      0.00000  1.06505e-13
      18.0000      891.618  1.95478e-12      0.00000  1.26330e-13
      18.0000      892.304  1.79256e-12      2.00000  1.17937e-13
      19.0000      892.304  4.82704e-12      257.000  1.01729e-12
      18.0000      892.991  1.52650e-12      2.00000  1.21120e-13
      19.0000      892.991  4.25067e-12      256.000  1.25650e-12
      18.0000      893.678  1.32525e-12      0.00000  1.03177e-13
      19.0000      893.678  5.62551e-12      257.000  7.58557e-13
      18.0000      894.366  1.69999e-12      0.00000  1.05926e-13
      19.0000      894.366  4.04914e-12      257.000  7.43074e-13
      18.0000      895.054  1.82875e-12      0.00000  1.01006e-13
      19.0000      895.054  6.32944e-12      256.000  6.43081e-13
      18.0000      895.743  1.73172e-12      0.00000  1.03177e-13
      19.0000      895.743  5.59208e-12      256.000  6.82007e-13
      18.0000      896.432  1.85548e-12      256.000  1.12583e-13
      19.0000      896.432  6.10686e-12      256.000  7.16737e-13
      18.0000      897.122  2.02115e-12      256.000  1.16200e-13
      19.0000      897.122  5.52984e-12      256.000  4.89257e-13
      18.0000      897.812  1.78481e-12      0.00000  1.16345e-13
      19.0000      897.812  5.49031e-12      256.000  5.19935e-13
      18.0000      898.503  1.58185e-12      0.00000  1.21410e-13
      19.0000      898.503  5.48114e-12      256.000  5.39181e-13
      18.0000      899.194  1.12420e-12      256.000  1.88409e-13
      19.0000      899.194  4.73488e-12      256.000  3.66834e-13
      18.0000      899.887  1.36038e-12      256.000  3.39484e-13
      19.0000      899.887  2.42566e-11      258.000  7.13119e-13
      18.0000      900.579  1.84621e-12      0.00000  2.94046e-13
      19.0000      900.579  1.60716e-11      258.000  4.81442e-13
      18.0000      901.272  1.34448e-12      0.00000  2.12141e-13
      19.0000      901.272  4.72260e-12      256.000  2.82469e-13
      18.0000      901.965  1.32611e-12      0.00000  1.87686e-13
      19.0000      901.965  4.60849e-12      256.000  7.56242e-13
      18.0000      902.660  1.55494e-12      0.00000  2.19377e-13
      19.0000      902.660  3.43359e-12      256.000  4.25296e-13
      18.0000      903.354  1.07782e-12      0.00000  1.53101e-13
      19.0000      903.354  3.91914e-12      256.000  8.67378e-13
      18.0000      904.050  8.68048e-13      0.00000  1.21844e-13
      19.0000      904.050  4.72710e-12      258.000  5.10818e-13
      18.0000      904.745  9.98893e-13      0.00000  1.40077e-13
      19.0000      904.745  4.86873e-12      258.000  3.45562e-13
      19.0000      905.441  5.27357e-12      0.00000  3.34998e-13
      19.0000      906.138  4.70367e-12      0.00000  3.50771e-13
      19.0000      906.835  4.18532e-12      256.000  2.91007e-13
      19.0000      907.533  6.16318e-12      256.000  2.41228e-13
      19.0000      908.231  4.45706e-12      2.00000  2.30953e-13
      19.0000      908.931  1.01320e-11      2.00000  2.99834e-13
      19.0000      909.630  5.27360e-12      2.00000  2.36018e-13
      19.0000      910.330  3.73702e-12      0.00000  2.67999e-13
      19.0000      911.031  4.59949e-12      0.00000  2.27915e-13
      19.0000      911.732  4.58793e-12      0.00000  1.93474e-13
      19.0000      912.433  4.23744e-12      0.00000  1.67716e-13
      19.0000      913.135  4.41748e-12      0.00000  1.60047e-13
      19.0000      913.838  3.95596e-12      0.00000  1.58165e-13
      19.0000      914.541  3.62428e-12      0.00000  1.77412e-13
      19.0000      915.245  4.16642e-12      2.00000  1.55995e-13
      19.0000      915.949  3.65776e-12      2.00000  1.27922e-13
      19.0000      916.654  4.89603e-12      256.000  1.52956e-13
      19.0000      917.360  4.26775e-12      258.000  1.40511e-13
      19.0000      918.065  3.85246e-12      2.00000  1.23725e-13
      19.0000      918.771  3.43847e-12      0.00000  1.10123e-13
      19.0000      919.479  3.33795e-12      0.00000  1.51943e-13
      19.0000      920.187  1.51085e-12      256.000  1.16634e-13
      19.0000      920.894  2.45215e-13      256.000  2.09681e-13
      19.0000      921.603 -6.15057e-13      256.000  1.37183e-13
      19.0000      922.313 -9.35784e-13      256.000  1.07807e-13
      19.0000      923.022 -9.56195e-13      258.000  1.06939e-13
      19.0000      923.732 -5.30277e-13      2.00000  1.15621e-13
      19.0000      924.443 -4.93645e-13      0.00000  1.13595e-13
      19.0000      925.155 -7.12099e-13      0.00000  1.00861e-13
      19.0000      925.867 -6.44837e-13      0.00000  8.92846e-14
      19.0000      926.579 -3.44536e-13      0.00000  8.76928e-14
      19.0000      927.292 -1.66756e-13      2.00000  9.39153e-14
      19.0000      928.005 -2.60260e-13      258.000  1.08965e-13
      19.0000      928.720 -9.85283e-14      256.000  1.13017e-13
      19.0000      929.435  4.97498e-14      256.000  1.02308e-13
      19.0000      930.149  7.17880e-14      256.000  1.06215e-13
      19.0000      930.866  1.42440e-13      256.000  8.89952e-14
      19.0000      931.582  1.91863e-13      256.000  9.72435e-14
      19.0000      932.298  4.12241e-13      256.000  1.01585e-13
      19.0000      933.016  2.03040e-13      0.00000  9.39153e-14
      19.0000      933.734  2.25237e-14      0.00000  9.34811e-14
      19.0000      934.453  1.35303e-13      0.00000  9.42047e-14
      19.0000      935.172 -1.21528e-14      256.000  9.98483e-14
      19.0000      935.891 -3.72683e-14      256.000  1.05202e-13
      19.0000      936.611 -1.34002e-13      0.00000  1.52811e-13
      19.0000      937.332  3.67490e-13      0.00000  1.63664e-13
      19.0000      938.054  1.12482e-12      0.00000  1.57008e-13
      19.0000      938.775 -1.30919e-13      256.000  1.08386e-13
      19.0000      939.498 -1.06776e-13      768.000  1.32697e-13
      19.0000      940.221  4.45732e-13      768.000  1.05781e-13
      19.0000      940.944  2.28940e-13      256.000  1.51654e-13
      19.0000      941.668  5.23170e-13      0.00000  1.80595e-13
      20.0000      941.668  4.41089e-12      256.000  5.21526e-13
      19.0000      942.393  7.46915e-14      0.00000  1.07807e-13
      20.0000      942.393  2.93063e-12      256.000  3.99393e-13
      19.0000      943.118  2.13217e-13      2.00000  9.95589e-14
      20.0000      943.118  1.34233e-12      256.000  9.01239e-13
      19.0000      943.844  1.86320e-14      2.00000  1.22567e-13
      20.0000      943.844  9.48448e-13     -15616.0          NaN
      19.0000      944.570 -7.79294e-14      0.00000  1.20541e-13
      20.0000      944.570  7.53372e-13     -15615.0          NaN
      19.0000      945.298 -2.81256e-13      0.00000  1.04479e-13
      20.0000      945.298 -2.97457e-13      257.000  5.14291e-13
      19.0000      946.025 -1.52291e-14     -15870.0          NaN
      20.0000      946.025 -1.21916e-11      257.000  7.31931e-13
      19.0000      946.753  1.60390e-13     -15870.0          NaN
      20.0000      946.753 -5.21284e-12      257.000  5.68412e-13
      19.0000      947.481  5.16970e-13      1.00000  8.13257e-14
      20.0000      947.481  3.10895e-12      1.00000  3.96788e-13
      19.0000      948.211  7.47500e-13      1.00000  8.87058e-14
      20.0000      948.211  3.70056e-12      1.00000  4.02432e-13
      19.0000      948.939  6.69892e-13      0.00000  8.75481e-14
      20.0000      948.939  2.78536e-12      0.00000  5.85921e-13
      19.0000      949.670  6.35540e-13      0.00000  8.61010e-14
      20.0000      949.670  2.57764e-12      0.00000  3.80436e-13
      19.0000      950.401  4.93944e-13      0.00000  9.76777e-14
      20.0000      950.401  2.30334e-12      256.000  2.67420e-13
      19.0000      951.133  3.89448e-13     -15872.0          NaN
      20.0000      951.133  2.40165e-12      256.000  2.52225e-13
      19.0000      951.864  7.13279e-13     -15616.0          NaN
      20.0000      951.864  2.86721e-12      256.000  4.11983e-13
      19.0000      952.597  7.27037e-13      256.000  1.59323e-13
      20.0000      952.597  2.55565e-12      0.00000  5.97932e-13
      19.0000      953.330  4.45636e-13      256.000  1.42103e-13
      20.0000      953.330  2.77101e-12      0.00000  4.70734e-13
      19.0000      954.064  4.75103e-13      256.000  2.15614e-13
      20.0000      954.064  3.47054e-12      0.00000  2.34426e-13
      20.0000      954.798  3.03292e-12      0.00000  2.28928e-13
      20.0000      955.532  3.24468e-12      0.00000  2.25889e-13
      20.0000      956.268  2.45643e-12      256.000  2.30230e-13
      20.0000      957.004  2.46429e-12      256.000  2.36452e-13
      20.0000      957.740  2.66132e-12      257.000  1.67282e-13
      20.0000      958.477  2.32226e-12      1.00000  2.70169e-13
      20.0000      959.214  1.62888e-12      257.000  4.71023e-13
      20.0000      959.953  2.73799e-12      256.000  2.21403e-13
      20.0000      960.691  3.04623e-12      0.00000  1.74083e-13
      20.0000      961.430  2.01963e-12      0.00000  1.46878e-13
      20.0000      962.170  1.00412e-12      2.00000  2.24007e-13
      20.0000      962.911  1.07792e-12      258.000  1.82766e-13
      20.0000      963.652  1.34020e-12      256.000  1.81174e-13
      20.0000      964.394  1.89875e-12      256.000  1.46010e-13
      20.0000      965.135  2.27691e-12      0.00000  1.39643e-13
      20.0000      965.878  1.66047e-12      0.00000  1.65690e-13
      20.0000      966.622  1.81665e-12      256.000  1.64967e-13
      20.0000      967.365  2.57117e-12      258.000  1.89278e-13
      20.0000      968.110  2.41698e-13      258.000  1.22423e-13
      20.0000      968.855 -1.61024e-12      256.000  2.19811e-13
      20.0000      969.600 -1.38016e-12      0.00000  1.59034e-13
      20.0000      970.346 -1.28623e-12      2.00000  1.20831e-13
      20.0000      971.093 -1.24055e-12      2.00000  1.09544e-13
      20.0000      971.840  2.84229e-13      2.00000  2.32111e-13
      20.0000      972.589 -4.24550e-13      2.00000  1.72492e-13
      20.0000      973.336 -1.08942e-12      0.00000  1.34144e-13
      20.0000      974.085 -4.76638e-13      0.00000  1.31250e-13
      20.0000      974.836  1.29473e-13      0.00000  1.04913e-13
      20.0000      975.585 -1.61998e-13      256.000  9.27576e-14
      20.0000      976.337 -1.33705e-12      256.000  1.03032e-13
      20.0000      977.087 -6.83067e-13      256.000  9.75330e-14
      20.0000      977.839  5.35465e-13      0.00000  8.42199e-14
      20.0000      978.592  6.97103e-13      0.00000  8.13257e-14
      20.0000      979.345  5.00481e-13      0.00000  8.37857e-14
      20.0000      980.098  5.27810e-13      0.00000  8.16151e-14
      20.0000      980.853  8.96861e-13     -15872.0          NaN
      20.0000      981.608  1.02417e-12     -15872.0          NaN
      20.0000      982.363  8.57813e-13      0.00000  8.75481e-14
      20.0000      983.119  8.95644e-13      0.00000  8.14704e-14
      20.0000      983.875  7.81885e-13      0.00000  9.57965e-14
      20.0000      984.633  1.16931e-12      0.00000  9.02976e-14
      20.0000      985.391  1.05280e-12      256.000  1.24449e-13
      20.0000      986.149  1.31467e-12      256.000  9.97036e-14
      20.0000      986.908  9.77679e-13      256.000  8.62458e-14
      20.0000      987.667  8.53744e-13      256.000  9.70988e-14
      20.0000      988.427  9.98161e-13      256.000  1.17503e-13
      20.0000      989.187  4.46578e-13      256.000  1.42103e-13
      20.0000      989.949  1.16453e-12      258.000  1.09833e-13
      20.0000      990.710  1.02023e-12      2.00000  1.38051e-13
      20.0000      991.473  1.29449e-12      258.000  1.05781e-13
      20.0000      992.236  1.56032e-12      256.000  1.04190e-13
      20.0000      992.999  1.51435e-12      0.00000  1.20686e-13
      20.0000      993.763  1.67715e-12      0.00000  1.13740e-13
      20.0000      994.528  1.48498e-12      0.00000  9.79671e-14
      20.0000      995.293  1.59506e-12      0.00000  1.14753e-13
      20.0000      996.060  1.65775e-12      0.00000  1.18660e-13
      20.0000      996.826  1.93484e-12      0.00000  1.11714e-13
      20.0000      997.593  1.78393e-12      0.00000  9.08764e-14
      20.0000      998.361  1.79438e-12      0.00000  1.01295e-13
      20.0000      999.129  1.73192e-12      0.00000  1.15187e-13
      20.0000      999.898  2.85567e-12      0.00000  1.16924e-13
      20.0000      1000.67  3.24828e-12      0.00000  1.09978e-13
      20.0000      1001.44  2.10181e-12      0.00000  1.08097e-13
      20.0000      1002.21  2.90277e-12      1.00000  1.20107e-13
      20.0000      1002.98  3.68801e-12      1.00000  1.20252e-13
      20.0000      1003.75  2.26068e-12      257.000  1.10412e-13
