      11.0000      516.799  1.32739e-10      259.000  7.58992e-13
      11.0000      517.196  1.72726e-10      259.000  1.53651e-12
      11.0000      517.594  1.87002e-10      256.000  7.69555e-13
      11.0000      517.992  1.78875e-10      256.000  6.97780e-13
      11.0000      518.391  1.95391e-10      256.000  8.21216e-13
      11.0000      518.790  1.80139e-10      0.00000  7.76067e-13
      11.0000      519.189  1.83912e-10      0.00000  8.63760e-13
      11.0000      519.589  1.79798e-10      256.000  7.01253e-13
      11.0000      519.989  1.68103e-10      256.000  6.22388e-13
      11.0000      520.389  1.73733e-10      256.000  6.23111e-13
      11.0000      520.789  1.71210e-10      256.000  9.71567e-13
      11.0000      521.190  1.70105e-10      256.000  6.68549e-13
      11.0000      521.591  1.70184e-10      256.000  6.33241e-13
      11.0000      521.992  1.61918e-10      258.000  5.71740e-13
      11.0000      522.394  1.60582e-10      258.000  4.65525e-13
      11.0000      522.796  1.71020e-10      256.000  5.33537e-13
      11.0000      523.198  1.67095e-10      256.000  7.63478e-13
      11.0000      523.601  1.60756e-10      0.00000  4.74931e-13
      11.0000      524.004  1.64554e-10     -15614.0          NaN
      11.0000      524.407  1.69155e-10     -15614.0          NaN
      11.0000      524.811  1.63082e-10      256.000  4.38175e-13
      11.0000      525.214  1.60000e-10      256.000  3.77398e-13
      11.0000      525.619  1.58117e-10      256.000  4.95334e-13
      11.0000      526.023  1.54952e-10      256.000  4.56119e-13
      11.0000      526.428  1.67830e-10      0.00000  4.47581e-13
      11.0000      526.833  1.59201e-10      0.00000  4.55250e-13
      11.0000      527.238  1.48617e-10      0.00000  4.13575e-13
      11.0000      527.644  1.51928e-10      0.00000  4.62052e-13
      11.0000      528.050  1.55645e-10      256.000  5.17185e-13
      11.0000      528.457  1.46902e-10      256.000  7.38298e-13
      11.0000      528.863  1.46470e-10      256.000  4.21244e-13
      11.0000      529.270  1.46551e-10      256.000  4.78114e-13
      11.0000      529.678  1.42763e-10      0.00000  5.84185e-13
      11.0000      530.085  1.43682e-10      256.000  5.58137e-13
      11.0000      530.493  1.42674e-10      256.000  4.20810e-13
      11.0000      530.901  1.46436e-10      256.000  4.41937e-13
      11.0000      531.310  1.41006e-10      256.000  4.97794e-13
      11.0000      531.719  1.40708e-10      256.000  4.67695e-13
      11.0000      532.128  1.33528e-10      0.00000  3.94039e-13
      11.0000      532.537  1.36365e-10      0.00000  4.13430e-13
      11.0000      532.947  1.41889e-10      256.000  4.21533e-13
      11.0000      533.357  1.36038e-10      256.000  3.78845e-13
      11.0000      533.768  1.30183e-10      0.00000  3.52942e-13
      11.0000      534.179  1.31850e-10      0.00000  3.56415e-13
      11.0000      534.590  1.34251e-10      0.00000  4.41503e-13
      11.0000      535.001  1.28635e-10      0.00000  4.81298e-13
      11.0000      535.413  1.28461e-10      2.00000  4.28335e-13
      11.0000      535.825  1.27484e-10      2.00000  3.73346e-13
      11.0000      536.237  1.27631e-10      0.00000  3.83331e-13
      11.0000      536.650  1.26640e-10      0.00000  4.04603e-13
      11.0000      537.063  1.27712e-10      0.00000  3.61480e-13
      11.0000      537.476  1.22733e-10      0.00000  3.72188e-13
      11.0000      537.889  1.24143e-10     -15872.0          NaN
      11.0000      538.304  1.21324e-10     -15870.0          NaN
      11.0000      538.718  1.17414e-10      2.00000  3.41944e-13
      11.0000      539.132  1.18888e-10      0.00000  3.81015e-13
      11.0000      539.547  1.15825e-10      0.00000  3.30223e-13
      11.0000      539.962  1.09312e-10     -15872.0          NaN
      11.0000      540.378  1.10522e-10     -15872.0          NaN
      11.0000      540.794  1.10719e-10      0.00000  3.62203e-13
      11.0000      541.210  1.08668e-10      256.000  4.41503e-13
      11.0000      541.626  1.09065e-10      256.000  4.09233e-13
      11.0000      542.043  1.07635e-10      256.000  3.29933e-13
      11.0000      542.460  1.06302e-10      257.000  3.22843e-13
      11.0000      542.878  1.05279e-10      257.000  3.45128e-13
      11.0000      543.295  1.05046e-10      256.000  3.61914e-13
      11.0000      543.713  1.04300e-10      0.00000  3.62059e-13
      11.0000      544.132  1.06128e-10      256.000  3.47298e-13
      11.0000      544.550  1.04781e-10      256.000  3.06346e-13
      11.0000      544.970  1.05143e-10      0.00000  3.75661e-13
      11.0000      545.389  1.03149e-10      2.00000  3.45417e-13
      11.0000      545.809  1.02400e-10      2.00000  2.96361e-13
      11.0000      546.229  1.00974e-10      0.00000  3.00558e-13
      11.0000      546.649  1.00905e-10      0.00000  2.96651e-13
      11.0000      547.070  1.00745e-10      2.00000  2.77839e-13
      11.0000      547.491  1.00483e-10      2.00000  2.63513e-13
      11.0000      547.912  9.99238e-11      0.00000  2.52081e-13
      11.0000      548.334  9.74671e-11      0.00000  2.43543e-13
      11.0000      548.756  9.39104e-11      0.00000  2.40794e-13
      11.0000      549.178  9.48729e-11      0.00000  3.08806e-13
      11.0000      549.600  9.56001e-11      0.00000  2.97664e-13
      11.0000      550.024  9.49347e-11      0.00000  2.59895e-13
      11.0000      550.447  9.50087e-11      0.00000  2.63079e-13
      11.0000      550.870  9.36374e-11      0.00000  3.09819e-13
      11.0000      551.294  9.23813e-11      256.000  2.75668e-13
      11.0000      551.718  9.30612e-11      256.000  3.23566e-13
      11.0000      552.143  9.38273e-11      256.000  3.06780e-13
      11.0000      552.568  9.09918e-11      0.00000  2.99111e-13
      11.0000      552.993  8.95865e-11      0.00000  3.06636e-13
      11.0000      553.418  9.00691e-11      0.00000  3.29065e-13
      11.0000      553.844  8.77433e-11      256.000  2.88402e-13
      11.0000      554.271  8.71629e-11      256.000  3.08083e-13
      11.0000      554.697  8.74054e-11      258.000  3.26026e-13
      11.0000      555.124  8.33890e-11      258.000  3.37748e-13
      11.0000      555.551  8.53652e-11      2.00000  4.05471e-13
      11.0000      555.979  8.59561e-11      0.00000  3.21540e-13
      11.0000      556.407  8.45461e-11      0.00000  3.07648e-13
      11.0000      556.835  8.32311e-11      0.00000  3.08372e-13
      11.0000      557.263  8.29228e-11      0.00000  3.06057e-13
      11.0000      557.692  8.19797e-11      0.00000  3.23422e-13
      11.0000      558.121  8.26845e-11      0.00000  3.11700e-13
      11.0000      558.551  8.25894e-11      0.00000  2.93901e-13
      12.0000      561.999  8.16807e-11      256.000  5.66675e-13
      12.0000      562.431  8.38504e-11      256.000  5.91131e-13
      12.0000      562.864  8.08000e-11      256.000  7.59570e-13
      12.0000      563.297  7.96092e-11      0.00000  6.44528e-13
      12.0000      563.731  7.84989e-11      0.00000  7.25854e-13
      12.0000      564.164  7.88142e-11      256.000  4.62196e-13
      12.0000      564.599  7.80127e-11      256.000  4.25875e-13
      12.0000      565.033  7.99856e-11      0.00000  5.41062e-13
      12.0000      565.468  8.04458e-11      256.000  4.92874e-13
      12.0000      565.903  7.76088e-11      256.000  4.57710e-13
      12.0000      566.338  7.39374e-11      256.000  3.79568e-13
      12.0000      566.774  7.55562e-11      256.000  4.07497e-13
      12.0000      567.210  7.63339e-11      256.000  2.50938e-12
      12.0000      567.647  7.42909e-11      256.000  4.38522e-12
      12.0000      568.084  7.52254e-11      0.00000  3.50337e-13
      12.0000      568.521  7.36543e-11      1.00000  3.63216e-13
      12.0000      568.958  7.18954e-11      1.00000  3.73780e-13
      12.0000      569.396  7.19197e-11      0.00000  3.39050e-13
      12.0000      569.834  7.26887e-11     -15616.0          NaN
      12.0000      570.273  7.38526e-11     -15616.0          NaN
      12.0000      570.711  7.55671e-11      256.000  3.79134e-13
      12.0000      571.151  7.10288e-11      258.000  3.57428e-13
      12.0000      571.590  7.04102e-11      258.000  3.61769e-13
      12.0000      572.030  7.14734e-11      256.000  3.24724e-13
      12.0000      572.470  6.66227e-11      258.000  2.94625e-13
      12.0000      572.911  6.83199e-11      258.000  3.36879e-13
      12.0000      573.352  6.90410e-11      256.000  4.06050e-13
      12.0000      573.793  6.95596e-11      0.00000  3.65097e-13
      12.0000      574.234  6.67350e-11      256.000  3.34998e-13
      12.0000      574.676  6.64000e-11      256.000  8.30188e-13
      12.0000      575.119  6.73268e-11      256.000  3.66255e-13
      12.0000      575.561  6.83337e-11      0.00000  3.77976e-13
      12.0000      576.004  6.62119e-11      256.000  3.07938e-13
      12.0000      576.447  6.74428e-11      258.000  5.36142e-13
      12.0000      576.891  6.51762e-11      2.00000  3.13437e-13
      12.0000      577.335  6.49133e-11      256.000  3.54100e-13
      12.0000      577.779  6.43089e-11      256.000  3.57138e-13
      12.0000      578.224  6.44287e-11      0.00000  3.84922e-13
      12.0000      578.669  6.27560e-11      0.00000  2.76970e-13
      12.0000      579.114  6.35278e-11     -15616.0          NaN
      12.0000      579.560  6.34483e-11     -15616.0          NaN
      12.0000      580.006  6.27848e-11      0.00000  2.64236e-13
      12.0000      580.452  6.20504e-11      0.00000  2.51936e-13
      12.0000      580.899  6.33518e-11      0.00000  2.64815e-13
      12.0000      581.346  6.20340e-11      0.00000  2.70024e-13
      12.0000      581.793  6.09531e-11      0.00000  3.17054e-13
      12.0000      582.241  5.96439e-11     -15616.0          NaN
      12.0000      582.689  5.90745e-11     -15614.0          NaN
      12.0000      583.137  6.10397e-11      258.000  2.59316e-13
      12.0000      583.586  6.14196e-11      256.000  2.74076e-13
      12.0000      584.035  6.20889e-11      256.000  2.65394e-13
      12.0000      584.484  6.23599e-11      256.000  2.48463e-13
      12.0000      584.934  5.87856e-11      2.00000  2.28638e-13
      12.0000      585.384  5.33746e-11      3.00000  2.37610e-13
      12.0000      585.835  5.77540e-11      1.00000  2.30085e-13
      12.0000      586.286  8.32595e-11      0.00000  3.74503e-13
      12.0000      586.737  2.12961e-10      8.00000  4.06918e-13
      12.0000      587.188  2.57274e-10      8.00000  3.94618e-13
      12.0000      587.640  8.47745e-11      0.00000  3.29499e-13
      12.0000      588.092  5.80908e-11      0.00000  2.18653e-13
      12.0000      588.545  5.27175e-11      1.00000  2.20100e-13
      12.0000      588.998  5.16156e-11      257.000  3.18936e-13
      12.0000      589.451  5.27175e-11      257.000  3.36590e-13
      12.0000      589.905  5.22180e-11      256.000  3.68426e-13
      12.0000      590.359  5.01616e-11      256.000  2.83772e-13
      12.0000      590.813  5.10213e-11      256.000  2.65249e-13
      12.0000      591.267  4.93204e-11      256.000  2.15904e-13
      12.0000      591.723  5.03310e-11      256.000  2.42096e-13
      12.0000      592.178  4.93274e-11      0.00000  2.34282e-13
      12.0000      592.634  4.90366e-11      0.00000  2.22126e-13
      12.0000      593.090  4.85246e-11      0.00000  2.00854e-13
      12.0000      593.546  4.95439e-11      0.00000  1.94198e-13
      12.0000      594.003  4.86203e-11      0.00000  1.97671e-13
      12.0000      594.460  4.73080e-11      258.000  2.04906e-13
      12.0000      594.917  4.72107e-11      258.000  2.02735e-13
      12.0000      595.375  4.65073e-11      256.000  2.24731e-13
      12.0000      595.833  4.64047e-11      0.00000  2.12576e-13
      12.0000      596.292  4.66572e-11      0.00000  1.92172e-13
      12.0000      596.751  4.60779e-11      258.000  2.50923e-13
      12.0000      597.210  4.48478e-11      258.000  1.89278e-13
      12.0000      597.669  4.39122e-11      0.00000  1.77122e-13
      12.0000      598.129  4.42442e-11      2.00000  1.90580e-13
      12.0000      598.589  4.50090e-11      2.00000  1.84936e-13
      12.0000      599.050  4.39409e-11      256.000  1.80161e-13
      12.0000      599.511  4.32213e-11      256.000  2.96361e-13
      12.0000      599.972  4.33310e-11      256.000  2.51212e-13
      12.0000      600.434  4.26282e-11      0.00000  1.87831e-13
      12.0000      600.896  4.22968e-11      256.000  2.21113e-13
      12.0000      601.359  4.25186e-11      256.000  2.44122e-13
      12.0000      601.822  4.19201e-11      0.00000  2.32835e-13
      12.0000      602.284  4.18479e-11      0.00000  2.41228e-13
      12.0000      602.748  4.08962e-11      0.00000  1.98394e-13
      12.0000      603.212  4.05558e-11      0.00000  2.14891e-13
      12.0000      603.676  4.12170e-11      2.00000  2.52660e-13
      12.0000      604.141  4.16023e-11      2.00000  2.47884e-13
      12.0000      604.606  3.95809e-11      0.00000  2.43543e-13
      12.0000      605.071  3.97011e-11      0.00000  2.38044e-13
      12.0000      605.537  3.94565e-11     -15872.0          NaN
      12.0000      606.002  4.14065e-11     -15616.0          NaN
      12.0000      606.469  4.20660e-11     -15616.0          NaN
      12.0000      606.935  4.05979e-11      0.00000  3.94763e-13
      12.0000      607.402  3.98546e-11      0.00000  2.48463e-13
      13.0000      607.402  4.46923e-11     -15872.0          NaN
      13.0000      607.870  4.10567e-11     -15616.0          NaN
      13.0000      608.338  4.09125e-11      256.000  4.81876e-13
      13.0000      608.806  4.06654e-11      258.000  1.20773e-12
      13.0000      609.274  3.91458e-11      258.000  7.50020e-13
      13.0000      609.743  4.12768e-11      256.000  5.08937e-13
      13.0000      610.212  3.97877e-11      256.000  6.16744e-13
      13.0000      610.682  4.03487e-11      257.000  6.49303e-13
      13.0000      611.152  4.46876e-11      1.00000  4.54671e-13
      13.0000      611.622  4.47570e-11      1.00000  4.62630e-13
      13.0000      612.093  4.26735e-11      1.00000  4.87231e-13
      13.0000      612.564  3.91667e-11      1.00000  4.60026e-13
      13.0000      613.035  3.92305e-11      257.000  4.59881e-13
      13.0000      613.507  3.92081e-11      258.000  8.87926e-13
      13.0000      613.979  3.68943e-11      258.000  3.71754e-13
      13.0000      614.451  3.88525e-11      256.000  3.31525e-13
      13.0000      614.924  3.80395e-11      258.000  3.44115e-13
      13.0000      615.397  3.82125e-11      258.000  3.70307e-13
      13.0000      615.871  3.73992e-11      256.000  4.29926e-13
      13.0000      616.345  3.87012e-11      256.000  4.38609e-13
      13.0000      616.819  3.75083e-11      256.000  3.87527e-13
      13.0000      617.294  3.74008e-11      256.000  1.10643e-12
      13.0000      617.769  3.65223e-11      258.000  2.61053e-13
      13.0000      618.245  3.65159e-11      258.000  3.14160e-13
      13.0000      618.720  3.50867e-11      256.000  3.20383e-13
      13.0000      619.196  3.45007e-11      256.000  2.67275e-13
      13.0000      619.673  3.60154e-11      256.000  2.88981e-13
      13.0000      620.150  3.61549e-11      256.000  2.97519e-13
      13.0000      620.627  3.61702e-11     -15616.0          NaN
      13.0000      621.105  3.64278e-11     -15616.0          NaN
      13.0000      621.582  3.55701e-11      256.000  2.57724e-13
      13.0000      622.061  3.48036e-11      258.000  2.49765e-13
      13.0000      622.539  3.48229e-11      258.000  2.18798e-13
      13.0000      623.018  3.34410e-11      256.000  1.89422e-13
      13.0000      623.498  3.30181e-11      256.000  1.91448e-13
      13.0000      623.978  3.36443e-11      0.00000  2.09103e-13
      13.0000      624.458  3.45173e-11      0.00000  2.32111e-13
      13.0000      624.938  3.35731e-11      256.000  1.89278e-13
      13.0000      625.419  3.27855e-11      0.00000  2.43688e-13
      13.0000      625.901  3.15255e-11      0.00000  2.03748e-13
      13.0000      626.382  3.12322e-11      0.00000  2.00420e-13
      13.0000      626.864  3.17970e-11      0.00000  1.92172e-13
      13.0000      627.347  3.97009e-11      1.00000  1.98105e-13
      13.0000      627.830  5.24762e-11      1.00000  2.47739e-13
      13.0000      628.312  4.19216e-11      256.000  2.18074e-13
      13.0000      628.796  3.28339e-11      256.000  2.57435e-13
      13.0000      629.280  3.05260e-11      256.000  3.05767e-13
      13.0000      629.764  3.03033e-11      0.00000  2.39491e-13
      13.0000      630.249  3.05979e-11      256.000  2.11418e-13
      13.0000      630.734  3.18710e-11      256.000  1.69019e-13
      13.0000      631.219  3.36774e-11      256.000  1.65256e-13
      13.0000      631.705  3.31728e-11      256.000  1.64388e-13
      13.0000      632.191  3.33160e-11      0.00000  1.57876e-13
      13.0000      632.678  3.61804e-11      0.00000  1.62073e-13
      13.0000      633.164  3.73420e-11      0.00000  1.53535e-13
      13.0000      633.652  3.55620e-11      0.00000  1.53969e-13
      13.0000      634.139  3.30022e-11      256.000  1.49628e-13
      13.0000      634.627  3.01766e-11      256.000  1.67137e-13
      13.0000      635.115  2.67947e-11      256.000  1.65835e-13
      13.0000      635.604  2.47949e-11      0.00000  1.49628e-13
      13.0000      636.094  2.35112e-11      0.00000  1.67427e-13
      13.0000      636.583  2.27972e-11      0.00000  1.66703e-13
      13.0000      637.073  2.20351e-11      0.00000  1.33710e-13
      13.0000      637.563  2.13906e-11      0.00000  1.55127e-13
      13.0000      638.054  2.10371e-11      0.00000  1.51798e-13
      13.0000      638.545  2.14376e-11      0.00000  1.46878e-13
      13.0000      639.036  2.18313e-11      0.00000  1.35012e-13
      13.0000      639.528  2.26123e-11      2.00000  1.66559e-13
      13.0000      640.020  2.27654e-11      258.000  2.37321e-13
      13.0000      640.512  2.04937e-11      256.000  1.39353e-13
      13.0000      641.005  1.98432e-11      0.00000  1.48615e-13
      13.0000      641.499  1.96849e-11      0.00000  1.48325e-13
      13.0000      641.992  1.98640e-11      258.000  1.48181e-13
      13.0000      642.486  1.95723e-11      258.000  1.30237e-13
      13.0000      642.981  1.96002e-11      258.000  1.53101e-13
      13.0000      643.475  1.89308e-11      256.000  1.55271e-13
      13.0000      643.971  1.82456e-11      256.000  1.49628e-13
      13.0000      644.466  1.85558e-11      0.00000  1.66993e-13
      13.0000      644.962  1.79743e-11      0.00000  1.57587e-13
      13.0000      645.459  1.76987e-11      256.000  2.38623e-13
      13.0000      645.955  1.68171e-11      256.000  1.95789e-13
      13.0000      646.452  1.74804e-11      0.00000  2.00565e-13
      13.0000      646.950  1.70391e-11      256.000  1.70031e-13
      13.0000      647.447  1.68643e-11      256.000  1.84792e-13
      13.0000      647.946  1.61794e-11      256.000  1.93474e-13
      13.0000      648.445  1.63252e-11      0.00000  1.89856e-13
      13.0000      648.943  1.65194e-11      256.000  1.96079e-13
      13.0000      649.443  1.58966e-11      256.000  1.98105e-13
      13.0000      649.942  1.59851e-11      256.000  2.01433e-13
      13.0000      650.442  1.57845e-11      256.000  1.68874e-13
      13.0000      650.943  1.52495e-11      256.000  1.71044e-13
      13.0000      651.444  1.43862e-11      257.000  1.54114e-13
      13.0000      651.945  1.46972e-11      257.000  1.62507e-13
      13.0000      652.447  1.45330e-11      256.000  1.55416e-13
      13.0000      652.949  1.45616e-11      256.000  1.35012e-13
      14.0000      652.949  1.49736e-11      256.000  5.85342e-13
      13.0000      653.452  1.45266e-11      0.00000  1.35880e-13
      14.0000      653.452  1.70222e-11      256.000  3.65242e-13
      13.0000      653.955  1.42139e-11     -15872.0          NaN
      14.0000      653.955  1.69989e-11      256.000  4.85060e-13
      13.0000      654.458  1.40449e-11     -15872.0          NaN
      14.0000      654.458  1.64028e-11      256.000  3.71899e-13
      13.0000      654.961  1.40639e-11      0.00000  1.72347e-13
      14.0000      654.961  1.63941e-11      256.000  4.41214e-13
      13.0000      655.465  1.41659e-11      256.000  1.54114e-13
      14.0000      655.465  1.61712e-11      256.000  5.42220e-13
      13.0000      655.970  1.44138e-11      256.000  1.72492e-13
      14.0000      655.970  1.77545e-11      256.000  5.84330e-13
      13.0000      656.475  1.36090e-11      256.000  1.68584e-13
      14.0000      656.475  1.61497e-11      256.000  4.26453e-13
      13.0000      656.980  1.29435e-11      0.00000  1.91738e-13
      14.0000      656.980  1.62912e-11      256.000  3.38616e-13
      14.0000      657.485  1.65457e-11      256.000  3.87382e-13
      14.0000      657.991  1.51207e-11      256.000  4.01419e-13
      14.0000      658.497  1.56418e-11      256.000  4.71602e-13
      14.0000      659.004  1.73695e-11      256.000  5.30643e-13
      14.0000      659.511  1.65422e-11      256.000  6.43226e-13
      14.0000      660.019  1.40018e-11      257.000  3.90132e-13
      14.0000      660.527  1.44747e-11      257.000  3.86080e-13
      14.0000      661.035  1.63168e-11      256.000  2.68577e-13
      14.0000      661.544  1.53821e-11      256.000  2.83482e-13
      14.0000      662.053  1.56694e-11      256.000  3.65097e-13
      14.0000      662.562  1.50744e-11      256.000  2.73642e-13
      14.0000      663.072  1.47699e-11      256.000  2.73497e-13
      14.0000      663.582  1.43571e-11      256.000  2.26323e-13
      14.0000      664.093  1.43646e-11      256.000  2.35005e-13
      14.0000      664.604  1.45968e-11      256.000  2.90862e-13
      14.0000      665.116  1.43762e-11      256.000  3.11556e-13
      14.0000      665.627  1.43765e-11      256.000  2.07800e-13
      14.0000      666.140  1.43499e-11      256.000  2.48174e-13
      14.0000      666.652  1.48796e-11      256.000  1.88699e-13
      14.0000      667.165  2.04934e-11      0.00000  1.98394e-13
      14.0000      667.678  2.40725e-11      258.000  2.00854e-13
      14.0000      668.192  1.86331e-11      258.000  2.03314e-13
      14.0000      668.707  1.41839e-11      256.000  1.63809e-13
      14.0000      669.221  1.36241e-11      0.00000  1.86962e-13
      14.0000      669.736  1.46274e-11      0.00000  1.86962e-13
      14.0000      670.252  1.52998e-11      256.000  1.75964e-13
      14.0000      670.767  1.43918e-11      257.000  1.86962e-13
      14.0000      671.283  1.31376e-11      257.000  1.86528e-13
      14.0000      671.800  1.28436e-11      1.00000  2.73642e-13
      14.0000      672.317  1.42431e-11      1.00000  2.45569e-13
      14.0000      672.834  1.43954e-11      0.00000  1.46299e-13
      14.0000      673.352  1.36293e-11      0.00000  1.64677e-13
      14.0000      673.870  1.34091e-11      0.00000  1.59178e-13
      14.0000      674.389  1.65470e-11      0.00000  1.38630e-13
      14.0000      674.908  2.09806e-11      0.00000  1.38630e-13
      14.0000      675.427  1.73446e-11      2.00000  1.32263e-13
      14.0000      675.947  1.25312e-11      2.00000  1.33710e-13
      14.0000      676.467  1.25599e-11      0.00000  1.28935e-13
      14.0000      676.988  1.55076e-11      0.00000  1.35157e-13
      14.0000      677.509  1.73597e-11      0.00000  2.10260e-13
      14.0000      678.030  1.46683e-11      257.000  3.87238e-13
      14.0000      678.552  1.37616e-11      257.000  1.66559e-13
      14.0000      679.074  2.08129e-11      256.000  1.28645e-13
      14.0000      679.597  3.12516e-11      256.000  1.66848e-13
      14.0000      680.119  2.73363e-11      256.000  2.31243e-13
      14.0000      680.643  1.47430e-11      256.000  1.49194e-13
      14.0000      681.166  1.47584e-11      256.000  1.54692e-13
      14.0000      681.691  2.15818e-11      0.00000  1.59034e-13
      14.0000      682.215  2.28119e-11      0.00000  1.33276e-13
      14.0000      682.740  1.22563e-11      0.00000  1.45576e-13
      14.0000      683.266  9.12523e-12     -15872.0          NaN
      14.0000      683.792  3.07775e-11     -15872.0          NaN
      14.0000      684.318  6.19147e-11      0.00000  1.62217e-13
      14.0000      684.844  4.56480e-11     -15616.0          NaN
      14.0000      685.371  1.65833e-11     -15614.0          NaN
      14.0000      685.899  1.38542e-11      258.000  1.26474e-13
      14.0000      686.427  3.36935e-11     -15616.0          NaN
      14.0000      686.955  4.27128e-11     -15614.0          NaN
      14.0000      687.484  2.00953e-11      258.000  1.72926e-13
      14.0000      688.012  1.46093e-11      256.000  1.28790e-13
      14.0000      688.542  5.34631e-11      256.000  1.65401e-13
      14.0000      689.072  1.30966e-10     -15616.0          NaN
      14.0000      689.602  6.25977e-11     -15871.0          NaN
      14.0000      690.133  1.33574e-11     -15871.0          NaN
      14.0000      690.664  1.80106e-11     -15871.0          NaN
      14.0000      691.195  6.73580e-11      1.00000  2.83338e-13
      14.0000      691.727  7.16386e-11      0.00000  2.06498e-13
      14.0000      692.260  1.59850e-11      2.00000  1.65401e-13
      14.0000      692.792  1.31341e-11      2.00000  1.40656e-13
      14.0000      693.326  8.35748e-11      0.00000  2.22560e-13
      14.0000      693.859  1.93033e-10      0.00000  2.94625e-13
      14.0000      694.393  5.38466e-11      0.00000  1.85370e-13
      14.0000      694.927  2.04475e-11      256.000  1.45286e-13
      14.0000      695.462  3.38647e-11      258.000  1.69597e-13
      14.0000      695.997  1.20190e-10      258.000  3.39629e-13
      14.0000      696.533  6.40270e-11      256.000  2.25599e-13
      14.0000      697.069  1.88175e-11      258.000  1.69742e-13
      14.0000      697.605  3.10933e-11      258.000  1.96368e-13
      14.0000      698.142  1.62677e-10      264.000  2.54685e-13
      14.0000      698.679  1.68205e-10      264.000  2.28638e-13
      15.0000      698.679  1.71789e-10      1.00000  8.65641e-13
      14.0000      699.217  7.12899e-11      768.000  1.59034e-13
      15.0000      699.217  6.20029e-11      1.00000  6.96333e-13
      14.0000      699.755  2.60053e-11      768.000  1.46444e-13
      15.0000      699.755  2.70038e-11      0.00000  6.00392e-13
      14.0000      700.293  8.84902e-11      256.000  2.07800e-13
      15.0000      700.293  9.54141e-11      0.00000  6.00247e-13
      14.0000      700.832  1.44355e-10      0.00000  2.42096e-13
      15.0000      700.832  1.72102e-10      2.00000  6.82297e-13
      14.0000      701.371  8.72387e-11      0.00000  1.96802e-13
      15.0000      701.371  8.32145e-11      258.000  5.26302e-13
      14.0000      701.911  1.97918e-11      0.00000  1.42248e-13
      15.0000      701.911  3.00304e-11      256.000  5.48008e-13
      14.0000      702.451  7.62806e-11      0.00000  2.30375e-13
      15.0000      702.451  8.21066e-11      0.00000  7.28603e-13
      14.0000      702.992  2.21953e-10      2.00000  4.44542e-13
      15.0000      702.992  3.19857e-10      2.00000  7.84171e-13
      14.0000      703.533  2.35105e-10      2.00000  3.34130e-13
      15.0000      703.533  2.12297e-10      2.00000  6.09219e-13
      14.0000      704.074  3.70413e-11      2.00000  1.71189e-13
      15.0000      704.074  4.79889e-11      2.00000  4.14587e-13
      14.0000      704.616  3.12715e-11      2.00000  1.97960e-13
      15.0000      704.616  3.35600e-11      2.00000  3.92013e-13
      14.0000      705.158  1.23165e-10      8.00000  3.02005e-13
      15.0000      705.158  1.63437e-10      256.000  6.81718e-13
      14.0000      705.701  2.14832e-10      9.00000  4.13719e-13
      15.0000      705.701  2.19890e-10      256.000  6.58709e-13
      14.0000      706.244  4.68750e-11      1.00000  3.00703e-13
      15.0000      706.244  5.05180e-11      256.000  5.43667e-13
      15.0000      706.788  3.01356e-11      0.00000  3.73056e-13
      15.0000      707.332  1.31767e-10      0.00000  4.38609e-13
      15.0000      707.876  3.30549e-10      0.00000  6.62182e-13
      15.0000      708.421  1.30062e-10      0.00000  5.06766e-13
      15.0000      708.965  3.31008e-11      0.00000  3.40642e-13
      15.0000      709.511  7.05840e-11      0.00000  3.38327e-13
      15.0000      710.057  1.78736e-10     -15872.0          NaN
      15.0000      710.604  1.46734e-10     -15872.0          NaN
      15.0000      711.151  3.61485e-11      0.00000  2.47016e-13
      15.0000      711.698  6.09991e-11      0.00000  2.52370e-13
      15.0000      712.245  1.94821e-10      8.00000  3.47443e-13
      15.0000      712.793  2.54637e-10      8.00000  4.15311e-13
      15.0000      713.342  7.63803e-11      0.00000  2.59750e-13
      15.0000      713.891  4.26699e-11      0.00000  2.52081e-13
      15.0000      714.440  1.19108e-10      256.000  3.11411e-13
      15.0000      714.990  1.89030e-10      256.000  3.47733e-13
      15.0000      715.540  1.11056e-10      256.000  2.63223e-13
      15.0000      716.091  4.44168e-11      1.00000  2.22271e-13
      15.0000      716.642  1.24549e-10      1.00000  2.41517e-13
      15.0000      717.193  2.63607e-10      265.000  3.29210e-13
      15.0000      717.745  2.02363e-10      264.000  3.40787e-13
      15.0000      718.297  4.78080e-11      0.00000  2.52515e-13
      15.0000      718.850  6.70048e-11      0.00000  2.20824e-13
      15.0000      719.403  1.75068e-10      0.00000  3.06491e-13
      15.0000      719.957  1.68806e-10      0.00000  2.98821e-13
      15.0000      720.511  5.44880e-11      256.000  2.15325e-13
      15.0000      721.066  5.01590e-11     -15616.0          NaN
      15.0000      721.620  1.86248e-10     -15616.0          NaN
      15.0000      722.175  2.35241e-10      0.00000  2.88981e-13
      15.0000      722.731  1.12499e-10      0.00000  2.07800e-13
      15.0000      723.288  5.51949e-11      0.00000  1.62796e-13
      15.0000      723.844  8.17599e-11      256.000  1.91448e-13
      15.0000      724.401  1.07288e-10      257.000  2.06353e-13
      15.0000      724.959  6.22198e-11      1.00000  1.65111e-13
      15.0000      725.517  1.90476e-11      0.00000  1.30092e-13
      15.0000      726.075  1.55214e-11      256.000  1.48904e-13
      15.0000      726.634  1.51935e-11      256.000  1.48759e-13
      15.0000      727.193  3.08988e-11      256.000  1.43839e-13
      15.0000      727.752  1.97616e-10      264.000  2.26467e-13
      15.0000      728.312  6.81167e-10      28.0000  4.22691e-13
      15.0000      728.873  2.00897e-09      28.0000  1.68295e-12
      15.0000      729.434  2.91976e-09      28.0000  2.40721e-12
      15.0000      729.995  2.01164e-09      30.0000  1.79553e-12
      15.0000      730.557  9.18952e-10      30.0000  5.51915e-13
      15.0000      731.119  4.31036e-10     -15864.0          NaN
      15.0000      731.681  2.37652e-10     -15864.0          NaN
      15.0000      732.245  8.38256e-11      256.000  1.76688e-13
      15.0000      732.808  6.43680e-11      256.000  1.95500e-13
      15.0000      733.372  1.67089e-10      264.000  2.48463e-13
      15.0000      733.936  2.57607e-10      264.000  3.09530e-13
      15.0000      734.501  1.08389e-10      264.000  2.46003e-13
      15.0000      735.067  6.49600e-11      256.000  1.58310e-13
      15.0000      735.632  1.38289e-10      8.00000  1.92751e-13
      15.0000      736.198  2.34728e-10      8.00000  2.68143e-13
      15.0000      736.764  1.15770e-10      10.0000  2.17640e-13
      15.0000      737.332  6.15421e-11      2.00000  1.72636e-13
      15.0000      737.899  1.23477e-10      0.00000  2.43543e-13
      15.0000      738.467  3.02600e-10      0.00000  3.09385e-13
      15.0000      739.035  1.53665e-10      0.00000  2.60329e-13
      15.0000      739.604  5.35728e-11      0.00000  1.84792e-13
      15.0000      740.173  6.43512e-11      0.00000  1.86383e-13
      15.0000      740.742  2.04005e-10      0.00000  2.93033e-13
      15.0000      741.312  1.14108e-10      257.000  2.39491e-13
      15.0000      741.883  5.62676e-11      257.000  3.18936e-13
      15.0000      742.454  5.74140e-11      257.000  1.91014e-13
      15.0000      743.025  2.50233e-10      1.00000  3.51784e-13
      15.0000      743.597  1.63001e-10      264.000  2.96217e-13
      15.0000      744.169  6.18723e-11      264.000  1.80306e-13
      15.0000      744.742  4.21293e-11      0.00000  1.54692e-13
      16.0000      744.742  5.87962e-11      256.000  9.63753e-13
      15.0000      745.315  1.49377e-10     -15872.0          NaN
      16.0000      745.315  1.70956e-10      256.000  1.04928e-12
      15.0000      745.888  1.24159e-10     -15872.0          NaN
      16.0000      745.888  8.95693e-11      256.000  1.09124e-12
      15.0000      746.463  6.17783e-11      0.00000  1.50351e-13
      16.0000      746.463  6.34272e-11      256.000  1.11454e-12
      15.0000      747.037  5.37857e-11      0.00000  1.48759e-13
      16.0000      747.037  7.74461e-11      256.000  8.83874e-13
      15.0000      747.612  2.05572e-10      8.00000  2.40794e-13
      16.0000      747.612  1.99503e-10      256.000  8.73600e-13
      15.0000      748.187  1.96109e-10      8.00000  2.19377e-13
      16.0000      748.187  2.08080e-10      256.000  8.73166e-13
      15.0000      748.763  8.46379e-11      0.00000  1.63809e-13
      16.0000      748.763  7.31301e-11      256.000  6.76798e-13
      15.0000      749.339  5.56678e-11      256.000  1.41958e-13
      16.0000      749.339  5.83416e-11      256.000  6.38740e-13
      15.0000      749.916  1.41264e-10      264.000  1.89278e-13
      16.0000      749.916  1.44987e-10      256.000  6.63050e-13
      15.0000      750.493  1.58609e-10      264.000  2.10405e-13
      16.0000      750.493  1.61087e-10      256.000  9.30904e-13
      15.0000      751.070  6.40858e-11      256.000  1.76109e-13
      16.0000      751.070  6.58546e-11      256.000  8.67088e-13
      15.0000      751.649  5.83749e-11      257.000  1.65401e-13
      16.0000      751.649  4.92975e-11      256.000  6.68694e-13
      15.0000      752.227  1.57514e-10      257.000  2.47016e-13
      16.0000      752.227  1.75274e-10      256.000  1.02583e-12
      15.0000      752.806  2.27320e-10      0.00000  3.20672e-13
      16.0000      752.806  1.92614e-10      256.000  7.22525e-13
      15.0000      753.385  6.98400e-11      0.00000  1.98105e-13
      16.0000      753.385  7.65604e-11     -15616.0          NaN
      15.0000      753.965  3.12668e-11      0.00000  1.53535e-13
      16.0000      753.965  3.45010e-11     -15616.0          NaN
      15.0000      754.545  8.39637e-11      256.000  2.21258e-13
      16.0000      754.545  1.14752e-10     -15616.0  4.18929e-13
      15.0000      755.126  1.40473e-10      256.000  3.02873e-13
      16.0000      755.126  1.31677e-10      256.000  3.99972e-13
      15.0000      755.707  4.26664e-11      256.000  1.99118e-13
      16.0000      755.707  5.97010e-11      256.000  3.46141e-13
      16.0000      756.288  3.00043e-11      256.000  3.83186e-13
      16.0000      756.870  1.33302e-10      256.000  4.77535e-13
      16.0000      757.452  1.70465e-10      256.000  4.48015e-13
      16.0000      758.035  6.36156e-11      256.000  3.83331e-13
      16.0000      758.619  2.59722e-11      256.000  3.26750e-13
      16.0000      759.202  9.88703e-11     -15616.0          NaN
      16.0000      759.787  1.13996e-10     -15616.0          NaN
      16.0000      760.371  4.07853e-11      256.000  2.83916e-13
      16.0000      760.956  1.94442e-11      258.000  2.64092e-13
      16.0000      761.542  1.03535e-10      258.000  3.37314e-13
      16.0000      762.128  1.54553e-10      256.000  3.62059e-13
      16.0000      762.715  4.06832e-11      256.000  2.35150e-13
      16.0000      763.302  1.52491e-11      256.000  2.32400e-13
      16.0000      763.889  5.76023e-11      256.000  2.86232e-13
      16.0000      764.477  9.00211e-11      256.000  2.87389e-13
      16.0000      765.065  2.43505e-11      256.000  1.99841e-13
      16.0000      765.654  1.44315e-11      256.000  1.75964e-13
      16.0000      766.243  7.90640e-11      256.000  2.76247e-13
      16.0000      766.832  1.26304e-10      256.000  3.52074e-13
      16.0000      767.423  2.68397e-11      0.00000  2.92888e-13
      16.0000      768.013  1.18252e-11      256.000  1.64388e-13
      16.0000      768.604  3.70310e-11      256.000  1.89856e-13
      16.0000      769.196  5.67427e-11      256.000  2.16772e-13
      16.0000      769.787  1.45147e-11      256.000  2.65104e-13
      16.0000      770.380  1.15026e-11      256.000  2.31098e-13
      16.0000      770.973  5.54468e-11      0.00000  4.33834e-13
      16.0000      771.566  7.62059e-11      0.00000  4.06194e-13
      16.0000      772.160  1.64252e-11      0.00000  1.63375e-13
      16.0000      772.754  3.38062e-12      3.00000  2.87679e-13
      16.0000      773.349  2.13776e-11      3.00000  1.90001e-13
      16.0000      773.944  2.63366e-11      1.00000  1.54982e-13
      16.0000      774.539  8.70269e-12      0.00000  1.72636e-13
      16.0000      775.135  9.13482e-12      1.00000  1.54548e-13
      16.0000      775.732  2.46130e-11      1.00000  2.06498e-13
      16.0000      776.329  3.02983e-11      1.00000  1.63809e-13
      16.0000      776.927  6.88268e-12      259.000  1.34144e-13
      16.0000      777.524  3.66924e-12      258.000  1.45721e-13
      16.0000      778.122  1.23310e-11      258.000  1.72347e-13
      16.0000      778.721  8.71332e-12      256.000  1.21554e-13
      16.0000      779.321  3.67033e-12      256.000  1.13161e-13
      16.0000      779.920  5.16386e-12      256.000  1.28211e-13
      16.0000      780.520  1.81794e-11      0.00000  1.99552e-13
      16.0000      781.121  1.05174e-11      0.00000  1.60770e-13
      16.0000      781.722  4.32024e-12     -15872.0          NaN
      16.0000      782.324  3.54341e-12     -15616.0          NaN
      16.0000      782.926  6.24573e-12      258.000  1.07518e-13
      16.0000      783.528  4.37531e-12      2.00000  9.86906e-14
      16.0000      784.131  3.32132e-12      0.00000  1.06794e-13
      16.0000      784.735  5.03422e-12      2.00000  1.29803e-13
      16.0000      785.339  8.40540e-12     -15870.0          NaN
      16.0000      785.943  5.39642e-12     -15872.0          NaN
      16.0000      786.548  4.00311e-12      0.00000  1.18950e-13
      16.0000      787.153  4.28688e-12      0.00000  1.15332e-13
      16.0000      787.758  4.37526e-12      0.00000  9.70988e-14
      16.0000      788.365  3.75420e-12      0.00000  8.72587e-14
      16.0000      788.971  3.79855e-12      0.00000  1.14464e-13
      16.0000      789.579  4.77580e-12      0.00000  1.14608e-13
      16.0000      790.186  5.03494e-12      0.00000  9.24682e-14
      16.0000      790.794  4.56966e-12      0.00000  8.59563e-14
      16.0000      791.403  4.68471e-12      256.000  9.37706e-14
      16.0000      792.011  4.74657e-12     -15616.0          NaN
      16.0000      792.621  4.62835e-12     -15616.0          NaN
      16.0000      793.231  4.78696e-12      256.000  1.06505e-13
      17.0000      793.231  6.44237e-12     -15616.0          NaN
      16.0000      793.842  5.09281e-12      257.000  1.25606e-13
      17.0000      793.842  4.74670e-12      256.000  6.60880e-13
      16.0000      794.452  4.44431e-12      257.000  1.99118e-13
      17.0000      794.452  8.05088e-12     -15616.0  6.21809e-13
      16.0000      795.064  3.44907e-12      257.000  2.91875e-13
      17.0000      795.064  1.08975e-11     -15616.0  1.00586e-12
      16.0000      795.675  5.47203e-12      257.000  1.25751e-13
      17.0000      795.675  8.34946e-12      256.000  7.44521e-13
      16.0000      796.288  5.43162e-12     -15615.0          NaN
      17.0000      796.288  8.68387e-12      256.000  1.15491e-12
      16.0000      796.900  5.54177e-12     -15872.0          NaN
      17.0000      796.900  8.77934e-12     -15616.0  6.13416e-13
      16.0000      797.514  5.46238e-12      1.00000  1.83345e-13
      17.0000      797.514  8.61630e-12     -15616.0  4.17192e-13
      16.0000      798.128  5.29997e-12      1.00000  1.30816e-13
      17.0000      798.128  7.99257e-12      256.000  3.91579e-13
      16.0000      798.742  7.10544e-12      0.00000  1.29947e-13
      17.0000      798.742  9.55578e-12      256.000  6.09653e-13
      16.0000      799.357  6.56710e-12      0.00000  1.83634e-13
      17.0000      799.357  1.00862e-11      256.000  4.42082e-13
      16.0000      799.972  5.81255e-12      0.00000  1.65111e-13
      17.0000      799.972  8.69389e-12      256.000  3.14739e-13
      16.0000      800.587  5.47789e-12      0.00000  1.47457e-13
      17.0000      800.587  7.94885e-12      256.000  5.69859e-13
      16.0000      801.203  6.66584e-12      0.00000  1.69597e-13
      17.0000      801.203  9.39875e-12      256.000  4.82166e-13
      16.0000      801.820  6.34411e-12      256.000  1.52667e-13
      17.0000      801.820  9.57409e-12      256.000  4.65235e-13
      16.0000      802.437 -5.41924e-13      256.000  1.21554e-13
      17.0000      802.437  8.38057e-12      0.00000  5.98511e-13
      16.0000      803.054 -3.81108e-12      256.000  1.12727e-13
      17.0000      803.054  9.44707e-12      0.00000  3.38616e-13
      16.0000      803.672 -1.22855e-11      259.000  1.71913e-13
      17.0000      803.672  1.21602e-11      0.00000  4.03011e-13
      16.0000      804.291 -5.17786e-12      3.00000  1.49483e-13
      17.0000      804.291  9.92081e-12      256.000  3.82607e-13
      16.0000      804.910  6.79761e-12      0.00000  1.15766e-13
      17.0000      804.910  1.06156e-11      256.000  3.28776e-13
      16.0000      805.529  6.17262e-12      0.00000  1.24738e-13
      17.0000      805.529  9.27243e-12      0.00000  4.41214e-13
      17.0000      806.149  1.04561e-11      0.00000  3.51495e-13
      17.0000      806.769  1.17931e-11      256.000  2.88402e-13
      17.0000      807.390  9.23065e-12      256.000  2.71472e-13
      17.0000      808.012  9.12416e-12      257.000  2.60619e-13
      17.0000      808.633  1.19695e-11      1.00000  2.87389e-13
      17.0000      809.255  1.38180e-11      0.00000  2.73932e-13
      17.0000      809.878  9.68244e-12      0.00000  2.26467e-13
      17.0000      810.501  8.62832e-12      256.000  2.30230e-13
      17.0000      811.125  9.31404e-12     -15616.0          NaN
      17.0000      811.750  1.28548e-11     -15872.0          NaN
      17.0000      812.374  9.32717e-12     -15616.0          NaN
      17.0000      812.999  8.62763e-12     -15616.0          NaN
      17.0000      813.625  2.22957e-11      0.00000  1.70321e-13
      17.0000      814.251  4.24133e-11      256.000  1.92172e-13
      17.0000      814.878  3.12473e-11      256.000  1.93329e-13
      17.0000      815.504  1.02859e-11      0.00000  1.71479e-13
      17.0000      816.132  1.13604e-11      0.00000  1.75096e-13
      17.0000      816.760  1.61836e-11      0.00000  1.44708e-13
      17.0000      817.389  1.36372e-11      0.00000  1.55995e-13
      17.0000      818.017  7.53730e-12      0.00000  1.53245e-13
      17.0000      818.647  9.95309e-12      0.00000  1.28500e-13
      17.0000      819.277  1.56045e-11      0.00000  1.26474e-13
      17.0000      819.907  1.44799e-11      0.00000  1.34433e-13
      17.0000      820.538  7.40150e-12      0.00000  1.36893e-13
      17.0000      821.170  8.01246e-12      0.00000  1.16779e-13
      17.0000      821.802  1.74445e-11     -15870.0          NaN
      17.0000      822.434  2.28418e-11     -15870.0          NaN
      17.0000      823.067  1.11050e-11      256.000  1.40511e-13
      17.0000      823.700  8.35945e-12      256.000  1.14464e-13
      17.0000      824.334  1.49538e-11      0.00000  1.24159e-13
      17.0000      824.969  1.74299e-11      0.00000  1.24883e-13
      17.0000      825.604  9.15635e-12      256.000  1.17213e-13
      17.0000      826.239  6.39140e-12      256.000  1.08675e-13
      17.0000      826.875  1.11042e-11      0.00000  1.05058e-13
      17.0000      827.511  1.70336e-11      256.000  1.25896e-13
      17.0000      828.148  1.05899e-11      256.000  1.26040e-13
      17.0000      828.785  6.30395e-12      0.00000  1.10267e-13
      17.0000      829.423  9.16797e-12      0.00000  1.03900e-13
      17.0000      830.061  1.58119e-11      0.00000  1.09544e-13
      17.0000      830.700  1.18920e-11      0.00000  1.08675e-13
      17.0000      831.339  6.87649e-12      0.00000  1.45721e-13
      17.0000      831.979  8.05029e-12      0.00000  1.15477e-13
      17.0000      832.619  1.26142e-11      0.00000  1.33276e-13
      17.0000      833.260  1.04918e-11      0.00000  1.16056e-13
      17.0000      833.901  6.22205e-12      0.00000  1.14174e-13
      17.0000      834.543  5.20716e-12      0.00000  1.51075e-13
      17.0000      835.185  1.08400e-11      2.00000  1.31973e-13
      17.0000      835.828  1.10245e-11      2.00000  1.31395e-13
      17.0000      836.471  6.39911e-12      258.000  1.17792e-13
      17.0000      837.114  6.35240e-12      256.000  1.86962e-13
      17.0000      837.759  8.58054e-12      256.000  1.21699e-13
      17.0000      838.404  8.41205e-12      258.000  1.55127e-13
      17.0000      839.049  6.66583e-12     -15614.0          NaN
      17.0000      839.694  6.51807e-12     -15616.0          NaN
      17.0000      840.340  7.26996e-12      0.00000  1.06650e-13
      17.0000      840.987  7.24056e-12      0.00000  9.82565e-14
      17.0000      841.634  6.06916e-12      0.00000  1.10557e-13
      17.0000      842.282  5.22300e-12      256.000  1.19094e-13
      17.0000      842.930  6.03867e-12      256.000  1.22567e-13
      18.0000      842.930  7.21009e-12      256.000  7.57110e-13
      17.0000      843.579  6.59675e-12      256.000  9.89800e-14
      18.0000      843.579  8.75038e-12      256.000  6.42791e-13
      17.0000      844.228  6.09598e-12      256.000  9.33364e-14
      18.0000      844.228  8.52031e-12      256.000  5.12265e-13
      17.0000      844.877  5.75978e-12      256.000  9.00082e-14
      18.0000      844.877 -5.12322e-12      257.000  5.37010e-13
      17.0000      845.528  6.08378e-12      257.000  8.85611e-14
      18.0000      845.528  2.17833e-12      257.000  4.12127e-13
      17.0000      846.178  6.14789e-12      257.000  8.98635e-14
      18.0000      846.178  1.01702e-11      256.000  4.44397e-13
      17.0000      846.830  5.65302e-12     -15616.0          NaN
      18.0000      846.830  9.58029e-12      256.000  3.44694e-13
      17.0000      847.481  5.43885e-12     -15616.0          NaN
      18.0000      847.481  9.27334e-12      256.000  5.44680e-13
      17.0000      848.133  5.24375e-12      256.000  1.61928e-13
      18.0000      848.133  8.62634e-12      256.000  5.42220e-13
      17.0000      848.786  4.60258e-12      256.000  3.47588e-13
      18.0000      848.786  9.18216e-12      256.000  3.30223e-13
      17.0000      849.439  4.07127e-12      0.00000  6.03865e-13
      18.0000      849.439  9.35913e-12     -15616.0          NaN
      17.0000      850.093  4.18317e-12      0.00000  1.39165e-12
      18.0000      850.093  1.31040e-11     -15616.0          NaN
      17.0000      850.747  4.37133e-12     -15872.0          NaN
      18.0000      850.747  1.02853e-11      256.000  8.06600e-13
      17.0000      851.401  5.28249e-12     -15872.0          NaN
      18.0000      851.401  9.80587e-12      256.000  1.40149e-12
      17.0000      852.057  5.10445e-12      256.000  3.23132e-13
      18.0000      852.057  9.43155e-12      256.000  5.61176e-13
      17.0000      852.713  4.97022e-12      256.000  1.77701e-13
      18.0000      852.713  8.41430e-12      256.000  1.05391e-12
      17.0000      853.368  4.29249e-12      257.000  1.37183e-13
      18.0000      853.368  6.87015e-12      256.000  6.71299e-13
      17.0000      854.026  5.09216e-12      257.000  1.68440e-13
      18.0000      854.026  7.36255e-12      0.00000  4.51488e-13
      17.0000      854.683  3.21015e-12      1.00000  1.65690e-13
      18.0000      854.683  6.28246e-12      0.00000  1.45113e-12
      18.0000      855.341  7.76631e-12     -15872.0          NaN
      18.0000      855.999  7.44740e-12     -15872.0          NaN
      18.0000      856.657  7.11025e-12      257.000  3.49903e-13
      18.0000      857.316  6.22702e-12      257.000  3.05767e-13
      18.0000      857.976  8.25047e-12      2.00000  5.33103e-13
      18.0000      858.637  6.10615e-12      2.00000  4.83034e-13
      18.0000      859.297  5.67521e-12      0.00000  2.34282e-13
      18.0000      859.958  6.78567e-12      0.00000  3.11556e-13
      18.0000      860.620  5.49643e-12      0.00000  3.46430e-13
      18.0000      861.283  5.38225e-12      256.000  4.43240e-13
      18.0000      861.945  5.43799e-12      256.000  2.23429e-13
      18.0000      862.608  5.68678e-12      258.000  1.75530e-13
      18.0000      863.272  5.75574e-12      2.00000  2.44845e-13
      18.0000      863.937  5.96829e-12      0.00000  2.19232e-13
      18.0000      864.602  5.43181e-12      0.00000  1.71913e-13
      18.0000      865.267  5.23971e-12      0.00000  1.85515e-13
      18.0000      865.933  5.38235e-12      0.00000  1.88844e-13
      18.0000      866.599  5.35904e-12      2.00000  2.00999e-13
      18.0000      867.266  4.97646e-12      2.00000  1.61204e-13
      18.0000      867.934  4.76614e-12      256.000  1.61204e-13
      18.0000      868.601  5.19514e-12      256.000  2.21547e-13
      18.0000      869.270  5.18066e-12      256.000  1.72202e-13
      18.0000      869.938  5.27092e-12      0.00000  1.64822e-13
      18.0000      870.608  4.57858e-12      0.00000  5.25289e-13
      18.0000      871.277  4.77108e-12      0.00000  1.54548e-13
      18.0000      871.948  4.88509e-12      0.00000  1.45576e-13
      18.0000      872.619  1.11532e-12      256.000  1.42826e-13
      18.0000      873.291  9.00710e-13      256.000  1.50496e-13
      18.0000      873.962  4.22710e-13      0.00000  1.55850e-13
      18.0000      874.635  7.32225e-13      0.00000  1.51220e-13
      18.0000      875.308  7.79096e-13      0.00000  1.67137e-13
      18.0000      875.982  9.30750e-13      256.000  2.07655e-13
      18.0000      876.656  3.99688e-13      256.000  1.33855e-13
      18.0000      877.331  6.88137e-13      256.000  1.87975e-13
      18.0000      878.005  1.42452e-12      0.00000  1.67861e-13
      18.0000      878.681  1.13672e-12      0.00000  1.20541e-13
      18.0000      879.357  9.00963e-13      2.00000  1.41669e-13
      18.0000      880.035  1.38261e-12      2.00000  1.54403e-13
      18.0000      880.711  1.95479e-12      0.00000  1.51364e-13
      18.0000      881.389  1.51812e-12      0.00000  1.05781e-13
      18.0000      882.068  1.77989e-12      0.00000  1.12293e-13
      18.0000      882.747  1.47627e-12      0.00000  1.06071e-13
      18.0000      883.426  1.73430e-12      0.00000  1.06360e-13
      18.0000      884.105  2.18586e-12      0.00000  1.18371e-13
      18.0000      884.786  1.75440e-12      0.00000  1.08097e-13
      18.0000      885.467  1.49634e-12      0.00000  9.82565e-14
      18.0000      886.148  1.60711e-12      0.00000  8.89952e-14
      18.0000      886.830  1.85678e-12      0.00000  8.16151e-14
      18.0000      887.512  1.52305e-12      0.00000  8.71140e-14
      18.0000      888.195  1.59296e-12      0.00000  8.95740e-14
      18.0000      888.879  2.10644e-12      0.00000  1.06360e-13
      18.0000      889.563  2.16937e-12      0.00000  9.63753e-14
      18.0000      890.248  1.70317e-12      0.00000  9.36259e-14
      18.0000      890.932  1.57235e-12      256.000  1.27198e-13
      18.0000      891.618  1.85601e-12      256.000  1.49628e-13
      18.0000      892.304  1.89795e-12      2.00000  1.43550e-13
      19.0000      892.304  4.40148e-12      257.000  9.43783e-13
      18.0000      892.991  1.75581e-12      2.00000  1.19239e-13
      19.0000      892.991  8.71750e-12      256.000  8.88650e-13
      18.0000      893.678  1.60214e-12      0.00000  1.01006e-13
      19.0000      893.678  1.35780e-11      257.000  7.73897e-13
      18.0000      894.366  1.70384e-12      0.00000  1.06939e-13
      19.0000      894.366  8.01599e-12      257.000  7.22091e-13
      18.0000      895.054  2.03786e-12      256.000  1.32408e-13
      19.0000      895.054  9.83496e-12      256.000  6.48001e-13
      18.0000      895.743  1.93211e-12      256.000  1.08820e-13
      19.0000      895.743  7.80919e-12      256.000  5.87947e-13
      18.0000      896.432  1.79556e-12      0.00000  1.16779e-13
      19.0000      896.432 -1.93018e-12      257.000  5.48008e-13
      18.0000      897.122  1.88180e-12      0.00000  1.15621e-13
      19.0000      897.122 -4.58219e-12      257.000  4.84481e-13
      18.0000      897.812  1.88515e-12      0.00000  1.18081e-13
      19.0000      897.812  6.91925e-12      256.000  5.89394e-13
      18.0000      898.503  1.78200e-12      256.000  1.18371e-13
      19.0000      898.503  5.70784e-12      256.000  5.94314e-13
      18.0000      899.194  6.81540e-13      256.000  1.97237e-13
      19.0000      899.194  4.75774e-12      256.000  3.47298e-13
      18.0000      899.887  1.55315e-12      256.000  3.31236e-13
      19.0000      899.887  2.59678e-11      258.000  7.19776e-13
      18.0000      900.579  1.83042e-12      0.00000  3.06780e-13
      19.0000      900.579  1.69791e-11      258.000  4.89401e-13
      18.0000      901.272  1.23566e-12      0.00000  2.09537e-13
      19.0000      901.272  4.89025e-12      256.000  2.75234e-13
      18.0000      901.965  1.58256e-12      0.00000  1.82621e-13
      19.0000      901.965  4.76865e-12      256.000  7.55519e-13
      18.0000      902.660  1.41536e-12      0.00000  2.15759e-13
      19.0000      902.660  3.80377e-12      256.000  4.16179e-13
      18.0000      903.354  6.29000e-13      0.00000  1.50785e-13
      19.0000      903.354  3.95030e-12      256.000  8.65207e-13
      18.0000      904.050  6.49340e-13      0.00000  1.33999e-13
      19.0000      904.050  4.92335e-12      258.000  4.72615e-13
      18.0000      904.745  8.64112e-13      0.00000  1.61638e-13
      19.0000      904.745  4.92691e-12      258.000  2.41228e-13
      19.0000      905.441  5.16621e-12      0.00000  2.76536e-13
      19.0000      906.138  4.74751e-12      256.000  3.18067e-13
      19.0000      906.835  4.58298e-12      256.000  2.87100e-13
      19.0000      907.533  4.92073e-12      256.000  2.84785e-13
      19.0000      908.231  3.74084e-12      258.000  2.50778e-13
      19.0000      908.931  7.37415e-12      258.000  3.17054e-13
      19.0000      909.630  5.66589e-12      2.00000  2.47305e-13
      19.0000      910.330  4.78288e-12      256.000  2.75523e-13
      19.0000      911.031  4.78866e-12      256.000  2.25165e-13
      19.0000      911.732  4.45972e-12      256.000  2.08090e-13
      19.0000      912.433  4.61998e-12      256.000  1.78280e-13
      19.0000      913.135  5.42552e-12      0.00000  1.62796e-13
      19.0000      913.838  4.89251e-12      256.000  1.57008e-13
      19.0000      914.541  4.45547e-12      256.000  1.80306e-13
      19.0000      915.245  4.34115e-12      2.00000  1.49483e-13
      19.0000      915.949  3.85615e-12      2.00000  1.26474e-13
      19.0000      916.654  4.63394e-12      0.00000  1.56429e-13
      19.0000      917.360  4.23355e-12      2.00000  1.42103e-13
      19.0000      918.065  4.08083e-12      2.00000  1.29369e-13
      19.0000      918.771  4.19327e-12      0.00000  1.29079e-13
      19.0000      919.479  3.66615e-12      256.000  1.58744e-13
      19.0000      920.187  1.90177e-12      257.000  1.18950e-13
      19.0000      920.894  2.38570e-13      257.000  2.09681e-13
      19.0000      921.603 -3.77624e-13      257.000  1.37472e-13
      19.0000      922.313 -8.63340e-13      0.00000  1.06939e-13
      19.0000      923.022 -7.99476e-13      258.000  1.14464e-13
      19.0000      923.732 -1.27383e-13      258.000  1.17503e-13
      19.0000      924.443 -3.90573e-14      256.000  1.11425e-13
      19.0000      925.155 -4.25898e-13      256.000  9.97036e-14
      19.0000      925.867 -4.68515e-13      0.00000  9.00082e-14
      19.0000      926.579 -2.92515e-13      0.00000  8.76928e-14
      19.0000      927.292  4.22968e-14      2.00000  9.72435e-14
      19.0000      928.005 -1.68537e-14      258.000  1.20397e-13
      19.0000      928.720 -5.36396e-14      256.000  1.25606e-13
      19.0000      929.435  3.87465e-13      256.000  1.01151e-13
      19.0000      930.149  3.94753e-13      256.000  1.03177e-13
      19.0000      930.866  2.88769e-13      256.000  9.89800e-14
      19.0000      931.582  2.25892e-13      0.00000  1.28500e-13
      19.0000      932.298  3.68165e-13      0.00000  9.24682e-14
      19.0000      933.016  2.56352e-13      0.00000  9.62306e-14
      19.0000      933.734  7.85899e-14      0.00000  9.30470e-14
      19.0000      934.453  2.27017e-13      0.00000  9.89800e-14
      19.0000      935.172  2.57640e-14      0.00000  9.95589e-14
      19.0000      935.891  1.57175e-13      0.00000  9.57965e-14
      19.0000      936.611  1.26225e-13      0.00000  1.53101e-13
      19.0000      937.332  5.98224e-13      0.00000  1.60336e-13
      19.0000      938.054  1.31812e-12      0.00000  1.85370e-13
      19.0000      938.775 -2.22628e-13      0.00000  1.04768e-13
      19.0000      939.498 -1.84387e-13      256.000  1.47457e-13
      19.0000      940.221  4.16244e-13      256.000  1.12438e-13
      19.0000      940.944  6.26709e-13      256.000  1.44563e-13
      19.0000      941.668  2.62314e-13      256.000  1.56718e-13
      20.0000      941.668  4.89761e-12      257.000  4.86218e-13
      19.0000      942.393  1.52785e-13      256.000  1.25462e-13
      20.0000      942.393  3.75580e-12      257.000  3.86225e-13
      19.0000      943.118  2.44972e-13      2.00000  1.00282e-13
      20.0000      943.118  1.75321e-12      257.000  8.99358e-13
      19.0000      943.844  1.48732e-13      258.000  9.39153e-14
      20.0000      943.844  4.86375e-13     -15616.0          NaN
      19.0000      944.570  4.64984e-14      257.000  9.98483e-14
      20.0000      944.570  2.97622e-13     -15616.0          NaN
      19.0000      945.298  2.40914e-13      1.00000  1.12004e-13
      20.0000      945.298  5.62188e-14      257.000  5.17619e-13
      19.0000      946.025  3.06365e-13     -15870.0          NaN
      20.0000      946.025 -7.62915e-12      769.000  5.38891e-13
      19.0000      946.753  2.49658e-13     -15870.0          NaN
      20.0000      946.753 -3.45762e-12      769.000  4.30795e-13
      19.0000      947.481  3.54799e-13      1.00000  9.76777e-14
      20.0000      947.481  3.10344e-12      257.000  3.80871e-13
      19.0000      948.211  4.77759e-13      1.00000  9.33364e-14
      20.0000      948.211  4.04191e-12      1.00000  4.00406e-13
      19.0000      948.939  6.04118e-13      256.000  8.72587e-14
      20.0000      948.939  4.20420e-12      0.00000  5.87513e-13
      19.0000      949.670  6.30032e-13      256.000  8.78375e-14
      20.0000      949.670  4.05139e-12      0.00000  3.72043e-13
      19.0000      950.401  5.63929e-13      256.000  1.01151e-13
      20.0000      950.401  3.14041e-12      256.000  4.02577e-13
      19.0000      951.133  4.31245e-13     -15872.0          NaN
      20.0000      951.133  3.28860e-12      256.000  2.82035e-13
      19.0000      951.864  4.74656e-13     -15616.0          NaN
      20.0000      951.864  3.42076e-12      256.000  2.68722e-13
      19.0000      952.597  8.87251e-13      256.000  1.61783e-13
      20.0000      952.597  3.37518e-12      0.00000  5.85198e-13
      19.0000      953.330  1.07643e-12      256.000  1.56429e-13
      20.0000      953.330  3.10455e-12      0.00000  4.55106e-13
      19.0000      954.064  2.90602e-13      256.000  2.26178e-13
      20.0000      954.064  3.29656e-12      256.000  2.30953e-13
      20.0000      954.798  3.50039e-12      256.000  1.90146e-13
      20.0000      955.532  3.25683e-12      0.00000  2.00131e-13
      20.0000      956.268  2.71720e-12      0.00000  2.27336e-13
      20.0000      957.004  3.16981e-12      256.000  1.74228e-13
      20.0000      957.740  2.78003e-12      257.000  1.55705e-13
      20.0000      958.477  1.90604e-12      257.000  2.72050e-13
      20.0000      959.214  2.87978e-12      257.000  4.70300e-13
      20.0000      959.953  2.87726e-12      256.000  2.21982e-13
      20.0000      960.691  2.77514e-12      0.00000  1.46444e-13
      20.0000      961.430  1.87843e-12      0.00000  1.55416e-13
      20.0000      962.170  7.63978e-13      258.000  2.25744e-13
      20.0000      962.911  1.82698e-12      258.000  1.82332e-13
      20.0000      963.652  2.21115e-12      256.000  1.81463e-13
      20.0000      964.394  2.64469e-12      256.000  1.19239e-13
      20.0000      965.135  2.70548e-12      0.00000  1.26040e-13
      20.0000      965.878  2.08806e-12      0.00000  1.32118e-13
      20.0000      966.622  2.11114e-12      256.000  1.21410e-13
      20.0000      967.365  2.91099e-12      258.000  1.59323e-13
      20.0000      968.110  9.66629e-13      2.00000  1.38341e-13
      20.0000      968.855 -8.59756e-13      0.00000  2.01144e-13
      20.0000      969.600 -8.92751e-13      256.000  1.33710e-13
      20.0000      970.346 -6.34052e-13      258.000  1.21844e-13
      20.0000      971.093 -4.41411e-13      258.000  1.21265e-13
      20.0000      971.840  7.85353e-13      258.000  2.80443e-13
      20.0000      972.589  7.15406e-14      258.000  1.96079e-13
      20.0000      973.336 -1.01918e-12      0.00000  1.35157e-13
      20.0000      974.085 -5.77629e-13      0.00000  1.24159e-13
      20.0000      974.836  1.29959e-13      256.000  1.03032e-13
      20.0000      975.585  2.85317e-13      256.000  1.01295e-13
      20.0000      976.337 -1.00028e-12      256.000  1.07952e-13
      20.0000      977.087 -7.62200e-13      256.000  9.81118e-14
      20.0000      977.839  5.78671e-13      0.00000  8.42199e-14
      20.0000      978.592  7.97428e-13      256.000  8.17598e-14
      20.0000      979.345  6.64880e-13      256.000  8.42199e-14
      20.0000      980.098  8.62748e-13      256.000  8.20492e-14
      20.0000      980.853  1.10736e-12     -15872.0          NaN
      20.0000      981.608  1.08257e-12     -15872.0          NaN
      20.0000      982.363  7.35014e-13      0.00000  8.65352e-14
      20.0000      983.119  1.03446e-12      0.00000  8.32069e-14
      20.0000      983.875  9.84757e-13      0.00000  9.89800e-14
      20.0000      984.633  9.58519e-13      0.00000  9.44941e-14
      20.0000      985.391  1.18270e-12      0.00000  1.26474e-13
      20.0000      986.149  1.44068e-12      256.000  1.15043e-13
      20.0000      986.908  1.14203e-12      256.000  1.16924e-13
      20.0000      987.667  7.29193e-13      0.00000  9.65200e-14
      20.0000      988.427  1.22607e-12      0.00000  1.05347e-13
      20.0000      989.187  1.33181e-12      1.00000  1.28645e-13
      20.0000      989.949  1.25737e-12      3.00000  1.14898e-13
      20.0000      990.710  1.10611e-12      3.00000  1.50496e-13
      20.0000      991.473  1.46075e-12      2.00000  1.09688e-13
      20.0000      992.236  1.38081e-12      0.00000  1.00861e-13
      20.0000      992.999  1.50529e-12      0.00000  1.09833e-13
      20.0000      993.763  1.70399e-12      0.00000  1.33565e-13
      20.0000      994.528  1.41787e-12      0.00000  9.50729e-14
      20.0000      995.293  2.06109e-12      0.00000  1.01874e-13
      20.0000      996.060  1.83934e-12      0.00000  1.08097e-13
      20.0000      996.826  2.13502e-12      0.00000  1.01006e-13
      20.0000      997.593  2.01676e-12      0.00000  8.68246e-14
      20.0000      998.361  1.82882e-12      0.00000  9.07317e-14
      20.0000      999.129  1.71640e-12      0.00000  1.00138e-13
      20.0000      999.898  2.90951e-12      0.00000  1.01295e-13
      20.0000      1000.67  3.19558e-12      0.00000  9.37706e-14
      20.0000      1001.44  1.95696e-12      0.00000  9.66647e-14
      20.0000      1002.21  2.26147e-12      0.00000  1.19094e-13
      20.0000      1002.98  2.19803e-12      1.00000  1.15477e-13
      20.0000      1003.75  2.19230e-12      257.000  1.17503e-13
