      3.00000      510.899  2.23506e-10      0.00000  6.29912e-13
      3.00000      506.516  2.39502e-10      2.00000  6.12837e-13
      3.00000      502.208  2.56947e-10      2.00000  6.12692e-13
      3.00000      497.973  2.76774e-10      0.00000  6.27308e-13
      3.00000      493.808  2.98384e-10      2.00000  6.59143e-13
      3.00000      489.713  3.18499e-10      2.00000  7.04147e-13
      3.00000      485.685  3.47315e-10      0.00000  8.02693e-13
      3.00000      481.723  3.76337e-10      0.00000  9.47256e-13
      3.00000      477.825  3.89426e-10      2.00000  9.68673e-13
      3.00000      473.989  4.18911e-10      2.00000  9.05146e-13
      3.00000      470.215  4.57791e-10      2.00000  8.86479e-13
