      2.00000      710.765  1.28414e-10      0.00000  6.75640e-13
      2.00000      706.513  1.24304e-10      2.00000  5.82159e-13
      2.00000      702.311  1.16188e-10      2.00000  4.98663e-13
      2.00000      698.159  9.68247e-11      2.00000  4.26453e-13
      2.00000      694.056  7.81174e-11      0.00000  3.79134e-13
      2.00000      690.001  5.85840e-11      0.00000  3.40642e-13
      2.00000      685.993  4.10719e-11      0.00000  3.18791e-13
      2.00000      682.031  2.82298e-11      0.00000  3.11556e-13
      2.00000      678.115  1.96703e-11      8.00000  3.15029e-13
      2.00000      674.243  1.56504e-11      8.00000  3.25013e-13
      2.00000      670.416  1.51994e-11      0.00000  3.30078e-13
      2.00000      666.631  1.59735e-11      0.00000  3.42668e-13
      2.00000      662.889  1.53236e-11      0.00000  3.49324e-13
      2.00000      659.189  1.62214e-11      0.00000  3.54968e-13
      2.00000      655.530  1.69657e-11      0.00000  3.42957e-13
      2.00000      651.911  1.90179e-11      2.00000  3.14739e-13
      2.00000      648.333  2.01474e-11      2.00000  2.83627e-13
      2.00000      644.793  2.22788e-11      256.000  2.71037e-13
      2.00000      641.291  2.50763e-11      256.000  2.64815e-13
      2.00000      637.828  2.85177e-11      0.00000  2.62644e-13
      2.00000      634.401  3.34542e-11      256.000  2.74221e-13
      2.00000      631.012  3.76385e-11      264.000  3.07648e-13
      2.00000      627.658  3.81202e-11      266.000  3.59454e-13
      2.00000      624.340  3.73620e-11      258.000  3.97801e-13
      2.00000      621.056  3.63450e-11      256.000  4.35281e-13
      2.00000      617.807  3.73808e-11      0.00000  4.82166e-13
      2.00000      614.592  3.93638e-11      0.00000  5.16172e-13
      2.00000      611.410  4.13651e-11      0.00000  5.03004e-13
      2.00000      608.261  4.45281e-11      0.00000  4.53803e-13
      2.00000      605.144  4.76761e-11      0.00000  4.07786e-13
      2.00000      602.059  5.08509e-11      0.00000  3.83331e-13
      2.00000      599.005  5.33377e-11      2.00000  3.80581e-13
      2.00000      595.983  5.56759e-11      2.00000  3.86804e-13
      2.00000      592.990  5.95700e-11      0.00000  3.96933e-13
      2.00000      590.027  7.78497e-11      0.00000  4.17771e-13
      2.00000      587.094  1.00402e-10      258.000  4.61039e-13
      2.00000      584.190  8.34269e-11      258.000  4.67840e-13
      2.00000      581.314  6.95164e-11      0.00000  4.92295e-13
      2.00000      578.467  7.14134e-11      0.00000  5.56835e-13
      2.00000      575.647  7.40539e-11      256.000  5.83895e-13
      2.00000      572.855  7.66420e-11      256.000  5.52349e-13
      2.00000      570.089  7.99156e-11      0.00000  5.08358e-13
      2.00000      567.351  8.34066e-11      0.00000  4.82889e-13
      2.00000      564.638  8.74375e-11      0.00000  4.82600e-13
      2.00000      561.951  9.02329e-11      0.00000  4.79272e-13
      2.00000      559.290  9.32702e-11      0.00000  4.83324e-13
      2.00000      556.654  9.71657e-11      0.00000  5.00254e-13
      2.00000      554.042  1.01573e-10      0.00000  5.28328e-13
      2.00000      551.455  1.06759e-10      0.00000  5.64070e-13
      2.00000      548.892  1.11521e-10      0.00000  6.16455e-13
      2.00000      546.353  1.15263e-10      0.00000  6.77666e-13
      2.00000      543.837  1.21325e-10      0.00000  7.58413e-13
      2.00000      541.344  1.28006e-10      0.00000  7.91406e-13
      2.00000      538.874  1.34700e-10      0.00000  7.78382e-13
      2.00000      536.426  1.40566e-10      8.00000  7.59570e-13
      2.00000      534.000  1.46560e-10      8.00000  7.11238e-13
      2.00000      531.596  1.52871e-10      0.00000  6.80994e-13
      2.00000      529.214  1.60371e-10      0.00000  6.60590e-13
      2.00000      526.853  1.68614e-10      0.00000  6.64932e-13
      2.00000      524.513  1.77291e-10      256.000  7.01109e-13
      2.00000      522.194  1.84003e-10      256.000  7.64925e-13
      2.00000      519.895  1.89080e-10      0.00000  8.40317e-13
      2.00000      517.617  1.97503e-10      0.00000  9.37271e-13
      2.00000      515.358  2.05836e-10      2.00000  1.03249e-12
      2.00000      513.119  2.10412e-10      2.00000  1.10426e-12
      2.00000      510.899  2.20861e-10      2.00000  1.19037e-12
      2.00000      508.698  2.36129e-10      0.00000  1.17517e-12
      2.00000      506.516  2.39778e-10      0.00000  1.10455e-12
      2.00000      504.353  2.46719e-10      2.00000  1.03321e-12
      2.00000      502.208  2.60784e-10      2.00000  9.89945e-13
      2.00000      500.082  2.71354e-10      0.00000  9.56518e-13
      2.00000      497.973  2.77456e-10      0.00000  9.42047e-13
      2.00000      495.882  2.87218e-10      256.000  9.64042e-13
      2.00000      493.808  2.99226e-10      258.000  1.02337e-12
      2.00000      491.752  3.08441e-10      2.00000  1.10354e-12
      2.00000      489.713  3.18956e-10      0.00000  1.20209e-12
      2.00000      487.691  3.29340e-10      0.00000  1.34101e-12
      2.00000      485.685  3.48148e-10      0.00000  1.57138e-12
      2.00000      483.696  3.53995e-10      0.00000  1.74937e-12
      2.00000      481.723  3.60340e-10      0.00000  1.77079e-12
      2.00000      479.766  3.69785e-10      8.00000  1.75299e-12
      2.00000      477.825  3.76040e-10      8.00000  1.59106e-12
      2.00000      475.899  3.89317e-10      8.00000  1.49743e-12
      2.00000      473.989  3.97921e-10      8.00000  1.40439e-12
