      2.00000      710.765  1.16780e-10      0.00000  6.59867e-13
      2.00000      706.513  1.12767e-10      10.0000  5.74779e-13
      2.00000      702.311  1.02364e-10      266.000  4.83179e-13
      2.00000      698.159  8.23938e-11      258.000  4.12272e-13
      2.00000      694.056  6.59187e-11      256.000  3.66400e-13
      2.00000      690.001  4.93535e-11      256.000  3.32104e-13
      2.00000      685.993  3.47093e-11      256.000  3.13003e-13
      2.00000      682.031  2.48557e-11      0.00000  3.08083e-13
      2.00000      678.115  1.87830e-11      0.00000  3.13147e-13
      2.00000      674.243  1.58747e-11      0.00000  3.19659e-13
      2.00000      670.416  1.53369e-11      0.00000  3.32104e-13
      2.00000      666.631  1.70364e-11      0.00000  3.48456e-13
      2.00000      662.889  1.60869e-11      0.00000  3.51784e-13
      2.00000      659.189  1.69151e-11      0.00000  3.58586e-13
      2.00000      655.530  1.77306e-11      0.00000  3.42668e-13
      2.00000      651.911  1.94072e-11      2.00000  3.16186e-13
      2.00000      648.333  2.04114e-11      2.00000  2.85364e-13
      2.00000      644.793  2.24641e-11      0.00000  2.72050e-13
      2.00000      641.291  2.51368e-11      0.00000  2.65539e-13
      2.00000      637.828  2.87849e-11      0.00000  2.64092e-13
      2.00000      634.401  3.35541e-11      0.00000  2.75958e-13
      2.00000      631.012  3.71424e-11      0.00000  3.06780e-13
      2.00000      627.658  3.77099e-11      2.00000  3.52942e-13
      2.00000      624.340  3.74769e-11      2.00000  3.99393e-13
      2.00000      621.056  3.68747e-11      0.00000  4.40780e-13
      2.00000      617.807  3.75484e-11      0.00000  4.84915e-13
      2.00000      614.592  3.99508e-11      0.00000  5.20369e-13
      2.00000      611.410  4.14882e-11      0.00000  5.06911e-13
      2.00000      608.261  4.50940e-11      0.00000  4.57132e-13
      2.00000      605.144  4.73202e-11      0.00000  4.10970e-13
      2.00000      602.059  5.07358e-11      0.00000  3.86514e-13
      2.00000      599.005  5.35914e-11      2.00000  3.81739e-13
      2.00000      595.983  5.58462e-11      2.00000  3.87961e-13
      2.00000      592.990  6.06820e-11      2.00000  3.99393e-13
      2.00000      590.027  8.16600e-11      2.00000  4.22257e-13
      2.00000      587.094  1.05125e-10      2.00000  4.66972e-13
      2.00000      584.190  8.39300e-11      2.00000  4.68998e-13
      2.00000      581.314  7.05612e-11      0.00000  4.92585e-13
      2.00000      578.467  7.32942e-11      0.00000  5.62913e-13
      2.00000      575.647  7.52709e-11      0.00000  5.85921e-13
      2.00000      572.855  7.82268e-11      0.00000  5.59440e-13
      2.00000      570.089  8.18582e-11      0.00000  5.12265e-13
      2.00000      567.351  8.48553e-11      0.00000  4.86073e-13
      2.00000      564.638  8.83391e-11      0.00000  4.84915e-13
      2.00000      561.951  9.17065e-11      0.00000  4.83034e-13
      2.00000      559.290  9.56920e-11      0.00000  4.87954e-13
      2.00000      556.654  9.99497e-11      0.00000  5.04596e-13
      2.00000      554.042  1.03891e-10      8.00000  5.34695e-13
      2.00000      551.455  1.08257e-10      8.00000  5.78107e-13
      2.00000      548.892  1.13598e-10      8.00000  6.26150e-13
      2.00000      546.353  1.18421e-10      0.00000  6.83744e-13
      2.00000      543.837  1.24933e-10      0.00000  7.63333e-13
      2.00000      541.344  1.31226e-10      0.00000  7.97050e-13
      2.00000      538.874  1.37444e-10      0.00000  7.84026e-13
      2.00000      536.426  1.43890e-10      0.00000  7.53059e-13
      2.00000      534.000  1.50174e-10      8.00000  7.20789e-13
      2.00000      531.596  1.57827e-10      8.00000  6.89677e-13
      2.00000      529.214  1.64869e-10      8.00000  6.66234e-13
      2.00000      526.853  1.72198e-10      0.00000  6.69418e-13
      2.00000      524.513  1.80233e-10      0.00000  7.04437e-13
      2.00000      522.194  1.86647e-10      0.00000  7.67674e-13
      2.00000      519.895  1.92202e-10      0.00000  8.44659e-13
      2.00000      517.617  2.01820e-10      0.00000  9.45086e-13
      2.00000      515.358  2.11746e-10      2.00000  1.04103e-12
      2.00000      513.119  2.15187e-10      2.00000  1.11367e-12
      2.00000      510.899  2.29854e-10      2.00000  1.21439e-12
      2.00000      508.698  2.40969e-10      0.00000  1.18545e-12
      2.00000      506.516  2.44576e-10      0.00000  1.11237e-12
      2.00000      504.353  2.51370e-10      2.00000  1.03929e-12
      2.00000      502.208  2.65929e-10      2.00000  9.97470e-13
      2.00000      500.082  2.78025e-10      0.00000  9.63464e-13
      2.00000      497.973  2.84775e-10      0.00000  9.48703e-13
      2.00000      495.882  2.93615e-10      0.00000  9.71278e-13
      2.00000      493.808  3.04846e-10      2.00000  1.03104e-12
      2.00000      491.752  3.14097e-10      2.00000  1.11135e-12
      2.00000      489.713  3.25293e-10      0.00000  1.21583e-12
      2.00000      487.691  3.35475e-10      0.00000  1.34665e-12
      2.00000      485.685  3.54283e-10      0.00000  1.57847e-12
      2.00000      483.696  3.57760e-10      0.00000  1.75516e-12
      2.00000      481.723  3.68318e-10      0.00000  1.78352e-12
      2.00000      479.766  3.77354e-10      0.00000  1.72810e-12
      2.00000      477.825  3.85006e-10      0.00000  1.63433e-12
      2.00000      475.899  3.99330e-10      0.00000  1.51986e-12
      2.00000      473.989  4.09652e-10      0.00000  1.41785e-12
