      2.00000      710.765  1.32435e-10      0.00000  6.81862e-13
      2.00000      706.513  1.29194e-10      2.00000  5.79844e-13
      2.00000      702.311  1.18682e-10      2.00000  5.02280e-13
      2.00000      698.159  9.88203e-11      2.00000  4.29782e-13
      2.00000      694.056  7.93046e-11      256.000  3.81739e-13
      2.00000      690.001  5.97746e-11      256.000  3.43536e-13
      2.00000      685.993  4.20232e-11      0.00000  3.21540e-13
      2.00000      682.031  2.89451e-11      0.00000  3.14450e-13
      2.00000      678.115  2.07966e-11      0.00000  3.17054e-13
      2.00000      674.243  1.67110e-11      0.00000  3.21106e-13
      2.00000      670.416  1.60329e-11      0.00000  3.33841e-13
      2.00000      666.631  1.69246e-11      0.00000  3.45128e-13
      2.00000      662.889  1.63261e-11      0.00000  3.54100e-13
      2.00000      659.189  1.69958e-11      0.00000  3.59454e-13
      2.00000      655.530  1.86050e-11      0.00000  3.44260e-13
      2.00000      651.911  1.99229e-11      2.00000  3.18357e-13
      2.00000      648.333  2.09028e-11      2.00000  2.87100e-13
      2.00000      644.793  2.28055e-11      0.00000  2.73787e-13
      2.00000      641.291  2.56644e-11      0.00000  2.67709e-13
      2.00000      637.828  2.92521e-11      0.00000  2.66696e-13
      2.00000      634.401  3.40167e-11      0.00000  2.78562e-13
      2.00000      631.012  3.82429e-11      0.00000  3.10109e-13
      2.00000      627.658  3.89485e-11      2.00000  3.56126e-13
      2.00000      624.340  3.76504e-11      2.00000  4.02432e-13
      2.00000      621.056  3.72884e-11      0.00000  4.39767e-13
      2.00000      617.807  3.84330e-11      0.00000  4.87086e-13
      2.00000      614.592  4.04296e-11      0.00000  5.21671e-13
      2.00000      611.410  4.27096e-11      0.00000  5.11107e-13
      2.00000      608.261  4.64267e-11      0.00000  4.58868e-13
      2.00000      605.144  4.94424e-11      0.00000  4.12417e-13
      2.00000      602.059  5.21514e-11      0.00000  3.87961e-13
      2.00000      599.005  5.45988e-11      2.00000  3.83331e-13
      2.00000      595.983  5.75547e-11      2.00000  3.89842e-13
      2.00000      592.990  6.21551e-11      0.00000  4.00695e-13
      2.00000      590.027  8.15401e-11      0.00000  4.22980e-13
      2.00000      587.094  1.04827e-10      10.0000  4.70589e-13
      2.00000      584.190  8.59020e-11      10.0000  4.80719e-13
      2.00000      581.314  7.15576e-11      0.00000  4.99241e-13
      2.00000      578.467  7.39639e-11      0.00000  5.65807e-13
      2.00000      575.647  7.62784e-11      0.00000  5.95472e-13
      2.00000      572.855  7.88562e-11      256.000  5.64070e-13
      2.00000      570.089  8.23957e-11      256.000  5.15593e-13
      2.00000      567.351  8.58112e-11      0.00000  4.90270e-13
      2.00000      564.638  8.97039e-11      0.00000  4.90848e-13
      2.00000      561.951  9.32316e-11      0.00000  4.89546e-13
      2.00000      559.290  9.62166e-11      0.00000  4.92295e-13
      2.00000      556.654  9.97289e-11      0.00000  5.07634e-13
      2.00000      554.042  1.04343e-10      256.000  5.36431e-13
      2.00000      551.455  1.09295e-10      256.000  5.73621e-13
      2.00000      548.892  1.14153e-10      0.00000  6.24413e-13
      2.00000      546.353  1.19603e-10      8.00000  6.88374e-13
      2.00000      543.837  1.23629e-10      8.00000  7.81711e-13
      2.00000      541.344  1.30365e-10      0.00000  8.00812e-13
      2.00000      538.874  1.37735e-10      0.00000  7.90683e-13
      2.00000      536.426  1.44643e-10      0.00000  7.57110e-13
      2.00000      534.000  1.50419e-10      0.00000  7.18618e-13
      2.00000      531.596  1.57235e-10      0.00000  6.89387e-13
      2.00000      529.214  1.66131e-10      0.00000  6.68115e-13
      2.00000      526.853  1.74231e-10      0.00000  6.71878e-13
      2.00000      524.513  1.81301e-10      0.00000  7.07476e-13
      2.00000      522.194  1.87428e-10      0.00000  7.70858e-13
      2.00000      519.895  1.93105e-10      0.00000  8.47697e-13
      2.00000      517.617  2.01967e-10      0.00000  9.48993e-13
      2.00000      515.358  2.09556e-10      2.00000  1.04247e-12
      2.00000      513.119  2.15329e-10      2.00000  1.11700e-12
      2.00000      510.899  2.27316e-10      2.00000  1.20426e-12
      2.00000      508.698  2.40715e-10      256.000  1.18892e-12
      2.00000      506.516  2.44578e-10      256.000  1.11743e-12
      2.00000      504.353  2.52598e-10      2.00000  1.04537e-12
      2.00000      502.208  2.65510e-10      2.00000  9.99641e-13
      2.00000      500.082  2.76306e-10      0.00000  9.66358e-13
      2.00000      497.973  2.83812e-10      0.00000  9.50874e-13
      2.00000      495.882  2.93198e-10      0.00000  9.71712e-13
      2.00000      493.808  3.04454e-10      2.00000  1.03191e-12
      2.00000      491.752  3.14448e-10      10.0000  1.11787e-12
      2.00000      489.713  3.25558e-10      8.00000  1.23725e-12
      2.00000      487.691  3.36235e-10      0.00000  1.35070e-12
      2.00000      485.685  3.54237e-10      0.00000  1.58325e-12
      2.00000      483.696  3.58934e-10      0.00000  1.75617e-12
      2.00000      481.723  3.67208e-10      0.00000  1.78497e-12
      2.00000      479.766  3.78491e-10      0.00000  1.72535e-12
      2.00000      477.825  3.85010e-10      256.000  1.60871e-12
      2.00000      475.899  4.00325e-10      256.000  1.50568e-12
      2.00000      473.989  4.10496e-10      0.00000  1.41683e-12
