      3.00000      510.899  2.26419e-10      0.00000  6.34688e-13
      3.00000      506.516  2.44398e-10      2.00000  6.15586e-13
      3.00000      502.208  2.63027e-10      2.00000  6.14718e-13
      3.00000      497.973  2.83119e-10      0.00000  6.30347e-13
      3.00000      493.808  3.05022e-10      2.00000  6.62327e-13
      3.00000      489.713  3.24517e-10      2.00000  7.08633e-13
      3.00000      485.685  3.53753e-10      0.00000  8.09929e-13
      3.00000      481.723  3.83237e-10      0.00000  9.55505e-13
      3.00000      477.825  4.00552e-10      2.00000  9.81697e-13
      3.00000      473.989  4.31311e-10      2.00000  9.17881e-13
      3.00000      470.215  4.64553e-10      2.00000  8.93136e-13
