      3.00000      510.899  2.30179e-10      0.00000  6.38161e-13
      3.00000      506.516  2.47316e-10      2.00000  6.19783e-13
      3.00000      502.208  2.65955e-10      2.00000  6.19059e-13
      3.00000      497.973  2.86760e-10      0.00000  6.32372e-13
      3.00000      493.808  3.09051e-10      2.00000  6.66523e-13
      3.00000      489.713  3.28695e-10      2.00000  7.11962e-13
      3.00000      485.685  3.55966e-10      256.000  8.11955e-13
      3.00000      481.723  3.86960e-10      256.000  9.57965e-13
      3.00000      477.825  4.04166e-10      258.000  9.82275e-13
      3.00000      473.989  4.35845e-10      2.00000  9.18749e-13
      3.00000      470.215  4.67894e-10      2.00000  8.92991e-13
