      2.00000      710.765  1.18675e-10      0.00000  6.64498e-13
      2.00000      706.513  1.12736e-10      2.00000  5.66386e-13
      2.00000      702.311  1.02988e-10      2.00000  4.88099e-13
      2.00000      698.159  8.47686e-11      2.00000  4.17048e-13
      2.00000      694.056  6.74475e-11      0.00000  3.70886e-13
      2.00000      690.001  5.02006e-11      0.00000  3.35432e-13
      2.00000      685.993  3.53307e-11      0.00000  3.16042e-13
      2.00000      682.031  2.47070e-11      0.00000  3.11121e-13
      2.00000      678.115  1.80230e-11      0.00000  3.15607e-13
      2.00000      674.243  1.50778e-11      0.00000  3.19659e-13
      2.00000      670.416  1.48058e-11      0.00000  3.33841e-13
      2.00000      666.631  1.57962e-11      0.00000  3.46575e-13
      2.00000      662.889  1.48479e-11      0.00000  3.53955e-13
      2.00000      659.189  1.54050e-11      0.00000  3.59888e-13
      2.00000      655.530  1.72736e-11      0.00000  3.44404e-13
      2.00000      651.911  1.86259e-11      2.00000  3.19080e-13
      2.00000      648.333  1.98744e-11      2.00000  2.87534e-13
      2.00000      644.793  2.20888e-11      0.00000  2.73497e-13
      2.00000      641.291  2.44539e-11      0.00000  2.66407e-13
      2.00000      637.828  2.79749e-11      0.00000  2.65394e-13
      2.00000      634.401  3.26277e-11      0.00000  2.77694e-13
      2.00000      631.012  3.61520e-11      0.00000  3.08517e-13
      2.00000      627.658  3.70352e-11      2.00000  3.53666e-13
      2.00000      624.340  3.62107e-11      2.00000  4.00695e-13
      2.00000      621.056  3.54599e-11      0.00000  4.48160e-13
      2.00000      617.807  3.72041e-11      0.00000  4.85928e-13
      2.00000      614.592  3.93843e-11      0.00000  5.22395e-13
      2.00000      611.410  4.06267e-11      0.00000  5.10529e-13
      2.00000      608.261  4.44044e-11      0.00000  4.59592e-13
      2.00000      605.144  4.68943e-11      0.00000  4.13719e-13
      2.00000      602.059  5.01824e-11      0.00000  3.89553e-13
      2.00000      599.005  5.34222e-11      2.00000  3.85356e-13
      2.00000      595.983  5.58986e-11      2.00000  3.91290e-13
      2.00000      592.990  6.01895e-11      0.00000  4.00261e-13
      2.00000      590.027  8.03215e-11      0.00000  4.20665e-13
      2.00000      587.094  1.03098e-10      2.00000  4.64512e-13
      2.00000      584.190  8.24211e-11      2.00000  4.66538e-13
      2.00000      581.314  6.89603e-11      0.00000  4.90125e-13
      2.00000      578.467  7.06929e-11      0.00000  5.56546e-13
      2.00000      575.647  7.35055e-11      0.00000  5.84185e-13
      2.00000      572.855  7.60789e-11      0.00000  5.56980e-13
      2.00000      570.089  7.97755e-11      0.00000  5.10963e-13
      2.00000      567.351  8.32758e-11      0.00000  4.84626e-13
      2.00000      564.638  8.67608e-11      0.00000  4.85060e-13
      2.00000      561.951  8.98229e-11      0.00000  4.81442e-13
      2.00000      559.290  9.32647e-11      0.00000  4.85639e-13
      2.00000      556.654  9.77113e-11      0.00000  5.03004e-13
      2.00000      554.042  1.02342e-10      0.00000  5.31656e-13
      2.00000      551.455  1.06687e-10      0.00000  5.67543e-13
      2.00000      548.892  1.11715e-10      0.00000  6.19928e-13
      2.00000      546.353  1.16097e-10      0.00000  6.83454e-13
      2.00000      543.837  1.22445e-10      0.00000  7.61886e-13
      2.00000      541.344  1.29260e-10      0.00000  7.96760e-13
      2.00000      538.874  1.34946e-10      0.00000  7.86920e-13
      2.00000      536.426  1.41771e-10      0.00000  7.57400e-13
      2.00000      534.000  1.48025e-10      0.00000  7.22236e-13
      2.00000      531.596  1.55414e-10      0.00000  6.89677e-13
      2.00000      529.214  1.62804e-10      0.00000  6.71878e-13
      2.00000      526.853  1.70514e-10      0.00000  6.74917e-13
      2.00000      524.513  1.78300e-10      0.00000  7.08055e-13
      2.00000      522.194  1.83794e-10      0.00000  7.71292e-13
      2.00000      519.895  1.88792e-10      0.00000  8.44803e-13
      2.00000      517.617  1.98561e-10      0.00000  9.43349e-13
      2.00000      515.358  2.07137e-10      2.00000  1.03654e-12
      2.00000      513.119  2.12022e-10      2.00000  1.10774e-12
      2.00000      510.899  2.24271e-10      2.00000  1.19369e-12
      2.00000      508.698  2.37092e-10      0.00000  1.17951e-12
      2.00000      506.516  2.44828e-10      256.000  1.10817e-12
      2.00000      504.353  2.49194e-10      258.000  1.03625e-12
      2.00000      502.208  2.62021e-10      2.00000  9.93273e-13
      2.00000      500.082  2.72817e-10      0.00000  9.59556e-13
      2.00000      497.973  2.80632e-10      0.00000  9.45809e-13
      2.00000      495.882  2.91442e-10      256.000  9.67226e-13
      2.00000      493.808  3.03283e-10      258.000  1.02583e-12
      2.00000      491.752  3.12584e-10      2.00000  1.10976e-12
      2.00000      489.713  3.22815e-10      0.00000  1.21005e-12
      2.00000      487.691  3.32426e-10      0.00000  1.34462e-12
      2.00000      485.685  3.49558e-10      0.00000  1.57673e-12
      2.00000      483.696  3.53382e-10      0.00000  1.75690e-12
      2.00000      481.723  3.61669e-10      0.00000  1.77469e-12
      2.00000      479.766  3.74237e-10      0.00000  1.72303e-12
      2.00000      477.825  3.83232e-10      8.00000  1.60582e-12
      2.00000      475.899  3.97388e-10      8.00000  1.50756e-12
      2.00000      473.989  4.06025e-10      0.00000  1.41466e-12
