      3.00000      510.899  2.29533e-10      0.00000  6.37582e-13
      3.00000      506.516  2.47187e-10      2.00000  6.19204e-13
      3.00000      502.208  2.66142e-10      2.00000  6.18336e-13
      3.00000      497.973  2.86498e-10      0.00000  6.35267e-13
      3.00000      493.808  3.08086e-10      2.00000  6.68983e-13
      3.00000      489.713  3.28145e-10      2.00000  7.13843e-13
      3.00000      485.685  3.56872e-10      0.00000  8.14704e-13
      3.00000      481.723  3.87771e-10      0.00000  9.62161e-13
      3.00000      477.825  4.01420e-10      2.00000  9.81986e-13
      3.00000      473.989  4.33250e-10      258.000  9.20051e-13
      3.00000      470.215  4.69662e-10      258.000  8.99937e-13
