      2.00000      706.513  1.29767e-10      8.00000  4.85060e-13
      2.00000      702.311  1.19467e-10      8.00000  4.31374e-13
      2.00000      698.159  1.01973e-10      8.00000  3.94618e-13
      2.00000      694.056  8.28725e-11      8.00000  3.74938e-13
      2.00000      690.001  6.27914e-11      0.00000  3.61769e-13
      2.00000      685.993  4.53794e-11      0.00000  3.57138e-13
      2.00000      682.031  3.10416e-11      0.00000  3.71175e-13
      2.00000      678.115  2.11844e-11      0.00000  3.92158e-13
      2.00000      674.243  1.63584e-11      0.00000  3.99972e-13
      2.00000      670.416  1.52936e-11      0.00000  3.90132e-13
      2.00000      666.631  1.66570e-11      0.00000  3.51350e-13
      2.00000      662.889  1.63135e-11      0.00000  3.08517e-13
      2.00000      659.189  1.65863e-11      2.00000  2.88547e-13
      2.00000      655.530  1.72918e-11      2.00000  2.78562e-13
      2.00000      651.911  1.83042e-11      2.00000  2.65539e-13
      2.00000      648.333  1.98596e-11      2.00000  2.55843e-13
      2.00000      644.793  2.17276e-11      0.00000  2.56711e-13
      2.00000      641.291  2.41248e-11      0.00000  2.70314e-13
      2.00000      637.828  2.77796e-11      0.00000  2.89994e-13
      2.00000      634.401  3.23793e-11      0.00000  3.20962e-13
      2.00000      631.012  3.77968e-11      0.00000  3.73490e-13
      2.00000      627.658  3.95357e-11      0.00000  4.41503e-13
      2.00000      624.340  3.77506e-11      2.00000  4.73339e-13
      2.00000      621.056  3.78055e-11      2.00000  4.55829e-13
      2.00000      617.807  3.82350e-11      0.00000  4.29637e-13
      2.00000      614.592  3.94341e-11      0.00000  4.29492e-13
      2.00000      611.410  4.18813e-11      0.00000  4.09957e-13
      2.00000      608.261  4.45670e-11      0.00000  3.88974e-13
      2.00000      605.144  4.74356e-11      0.00000  3.70452e-13
      2.00000      602.059  4.99768e-11      0.00000  3.67268e-13
      2.00000      599.005  5.26080e-11      0.00000  3.86804e-13
      2.00000      595.983  5.59939e-11      0.00000  4.25296e-13
      2.00000      592.990  5.95761e-11      0.00000  4.71023e-13
      2.00000      590.027  6.92296e-11      0.00000  5.15593e-13
      2.00000      587.094  1.11038e-10      0.00000  5.92433e-13
      2.00000      584.190  9.33408e-11      0.00000  5.75792e-13
      2.00000      581.314  7.42923e-11      2.00000  5.26012e-13
      2.00000      578.467  7.28432e-11      2.00000  5.08792e-13
      2.00000      575.647  7.49576e-11      0.00000  4.77825e-13
      2.00000      572.855  7.67251e-11      0.00000  4.49173e-13
      2.00000      570.089  8.00847e-11      0.00000  4.29203e-13
      2.00000      567.351  8.38714e-11      2.00000  4.25441e-13
      2.00000      564.638  8.67792e-11      2.00000  4.39767e-13
      2.00000      561.951  8.68482e-11      2.00000  4.70300e-13
      2.00000      559.290  8.91248e-11      2.00000  5.16172e-13
      2.00000      556.654  1.00299e-10      2.00000  5.87513e-13
      2.00000      554.042  1.00629e-10      0.00000  6.45107e-13
      2.00000      551.455  1.06055e-10      0.00000  7.06752e-13
      2.00000      548.892  1.11378e-10      0.00000  7.60005e-13
      2.00000      546.353  1.17332e-10      0.00000  7.15869e-13
      2.00000      543.837  1.24319e-10      0.00000  6.80271e-13
      2.00000      541.344  1.29257e-10      0.00000  6.46409e-13
      2.00000      538.874  1.34954e-10      2.00000  6.28176e-13
      2.00000      536.426  1.41104e-10      2.00000  6.19059e-13
      2.00000      534.000  1.45729e-10      10.0000  6.24413e-13
      2.00000      531.596  1.52407e-10      8.00000  6.41923e-13
      2.00000      529.214  1.60880e-10      0.00000  6.70141e-13
      2.00000      526.853  1.67252e-10      0.00000  7.04292e-13
      2.00000      524.513  1.74175e-10      0.00000  7.77225e-13
      2.00000      522.194  1.82448e-10      0.00000  9.11658e-13
      2.00000      519.895  1.91005e-10      0.00000  1.04942e-12
      2.00000      517.617  1.99201e-10      0.00000  1.15723e-12
      2.00000      515.358  2.06016e-10      0.00000  1.09269e-12
      2.00000      513.119  2.10481e-10      0.00000  1.01339e-12
      2.00000      510.899  2.21823e-10      0.00000  9.68094e-13
      2.00000      508.698  2.32836e-10      0.00000  9.43349e-13
      2.00000      506.516  2.43791e-10      2.00000  9.23235e-13
      2.00000      504.353  2.50057e-10      2.00000  9.11369e-13
      2.00000      502.208  2.57111e-10      0.00000  9.14697e-13
      2.00000      500.082  2.68410e-10      10.0000  9.51019e-13
      2.00000      497.973  2.79159e-10      10.0000  1.02598e-12
      2.00000      495.882  2.90199e-10      0.00000  1.12047e-12
      2.00000      493.808  3.01632e-10      256.000  1.22958e-12
      2.00000      491.752  3.10813e-10      266.000  1.37356e-12
      2.00000      489.713  3.22870e-10      266.000  1.49512e-12
      2.00000      487.691  3.29444e-10      10.0000  1.44100e-12
      2.00000      485.685  3.45391e-10      0.00000  1.40902e-12
      2.00000      483.696  3.53064e-10      2.00000  1.40772e-12
      2.00000      481.723  3.63463e-10      2.00000  1.40873e-12
      2.00000      479.766  3.66611e-10      0.00000  1.38123e-12
      2.00000      477.825  3.74605e-10      2.00000  1.36257e-12
      2.00000      475.899  3.75470e-10      2.00000  1.35852e-12
      2.00000      473.989  3.74372e-10      10.0000  1.39021e-12
