      2.00000      706.513  1.14896e-10      0.00000  4.62920e-13
      2.00000      702.311  1.04262e-10      0.00000  4.11549e-13
      2.00000      698.159  8.77123e-11      0.00000  3.76963e-13
      2.00000      694.056  7.06873e-11      0.00000  3.58730e-13
      2.00000      690.001  5.34384e-11      0.00000  3.49469e-13
      2.00000      685.993  3.84703e-11      0.00000  3.48311e-13
      2.00000      682.031  2.62512e-11      0.00000  3.62348e-13
      2.00000      678.115  1.86216e-11      0.00000  3.82896e-13
      2.00000      674.243  1.49564e-11      0.00000  3.95631e-13
      2.00000      670.416  1.39416e-11      0.00000  3.85501e-13
      2.00000      666.631  1.54788e-11      0.00000  3.47588e-13
      2.00000      662.889  1.44674e-11      0.00000  3.05478e-13
      2.00000      659.189  1.56480e-11      2.00000  2.86811e-13
      2.00000      655.530  1.65907e-11      2.00000  2.75668e-13
      2.00000      651.911  1.74820e-11      2.00000  2.63368e-13
      2.00000      648.333  1.86887e-11      2.00000  2.55698e-13
      2.00000      644.793  2.02952e-11      0.00000  2.56133e-13
      2.00000      641.291  2.27034e-11      256.000  2.67420e-13
      2.00000      637.828  2.63309e-11      256.000  2.87100e-13
      2.00000      634.401  3.06802e-11      0.00000  3.17489e-13
      2.00000      631.012  3.59261e-11      0.00000  3.69873e-13
      2.00000      627.658  3.68310e-11      0.00000  4.36728e-13
      2.00000      624.340  3.59765e-11      2.00000  4.69287e-13
      2.00000      621.056  3.57618e-11      2.00000  4.51922e-13
      2.00000      617.807  3.71855e-11      0.00000  4.24717e-13
      2.00000      614.592  3.89644e-11      0.00000  4.18639e-13
      2.00000      611.410  4.03796e-11      0.00000  4.04458e-13
      2.00000      608.261  4.23205e-11      0.00000  3.85791e-13
      2.00000      605.144  4.49424e-11      0.00000  3.67557e-13
      2.00000      602.059  4.78797e-11      0.00000  3.64519e-13
      2.00000      599.005  5.05078e-11      0.00000  3.84488e-13
      2.00000      595.983  5.29488e-11      0.00000  4.21533e-13
      2.00000      592.990  5.63894e-11      256.000  4.68274e-13
      2.00000      590.027  6.58409e-11      256.000  5.13712e-13
      2.00000      587.094  1.07431e-10      0.00000  5.87513e-13
      2.00000      584.190  8.90598e-11      0.00000  5.67399e-13
      2.00000      581.314  7.16930e-11      258.000  5.22105e-13
      2.00000      578.467  7.03043e-11      258.000  4.95913e-13
      2.00000      575.647  7.22876e-11      0.00000  4.73918e-13
      2.00000      572.855  7.51043e-11      0.00000  4.46568e-13
      2.00000      570.089  7.79706e-11      0.00000  4.26164e-13
      2.00000      567.351  8.11640e-11      2.00000  4.22257e-13
      2.00000      564.638  8.43464e-11      2.00000  4.36728e-13
      2.00000      561.951  8.39423e-11      2.00000  4.66972e-13
      2.00000      559.290  8.52888e-11      2.00000  5.09950e-13
      2.00000      556.654  9.83961e-11      2.00000  5.83895e-13
      2.00000      554.042  9.89585e-11      0.00000  6.41778e-13
      2.00000      551.455  1.03772e-10      0.00000  7.00530e-13
      2.00000      548.892  1.08841e-10      0.00000  7.50599e-13
      2.00000      546.353  1.13495e-10      0.00000  7.12540e-13
      2.00000      543.837  1.21294e-10      256.000  6.73759e-13
      2.00000      541.344  1.26366e-10      256.000  6.40476e-13
      2.00000      538.874  1.32276e-10      2.00000  6.23690e-13
      2.00000      536.426  1.38238e-10      2.00000  6.15586e-13
      2.00000      534.000  1.43171e-10      2.00000  6.13705e-13
      2.00000      531.596  1.50436e-10      0.00000  6.29768e-13
      2.00000      529.214  1.58629e-10      0.00000  6.63919e-13
      2.00000      526.853  1.64038e-10      0.00000  6.99083e-13
      2.00000      524.513  1.71430e-10      0.00000  7.72305e-13
      2.00000      522.194  1.79660e-10      0.00000  9.07028e-13
      2.00000      519.895  1.87854e-10      0.00000  1.04146e-12
      2.00000      517.617  1.95397e-10      0.00000  1.13928e-12
      2.00000      515.358  2.02854e-10      0.00000  1.08675e-12
      2.00000      513.119  2.07608e-10      0.00000  9.97904e-13
      2.00000      510.899  2.17935e-10      0.00000  9.61582e-13
      2.00000      508.698  2.28579e-10      0.00000  9.37850e-13
      2.00000      506.516  2.38797e-10      2.00000  9.18170e-13
      2.00000      504.353  2.47916e-10      2.00000  9.09053e-13
      2.00000      502.208  2.56419e-10      0.00000  9.13105e-13
      2.00000      500.082  2.66388e-10      2.00000  9.45954e-13
      2.00000      497.973  2.76747e-10      2.00000  1.01223e-12
      2.00000      495.882  2.87106e-10      0.00000  1.11208e-12
      2.00000      493.808  2.97802e-10      0.00000  1.22307e-12
      2.00000      491.752  3.07295e-10      258.000  1.36126e-12
      2.00000      489.713  3.19764e-10      258.000  1.46661e-12
      2.00000      487.691  3.26327e-10      258.000  1.43695e-12
      2.00000      485.685  3.40880e-10      0.00000  1.40757e-12
      2.00000      483.696  3.48171e-10      10.0000  1.42045e-12
      2.00000      481.723  3.58596e-10      10.0000  1.40714e-12
      2.00000      479.766  3.64638e-10      0.00000  1.37820e-12
      2.00000      477.825  3.72293e-10      2.00000  1.35823e-12
      2.00000      475.899  3.74059e-10      2.00000  1.35707e-12
      2.00000      473.989  3.75764e-10      2.00000  1.38312e-12
