      3.00000      510.899  2.21732e-10      2.00000  6.44817e-13
      3.00000      506.516  2.36431e-10      0.00000  6.69562e-13
      3.00000      502.208  2.53565e-10      0.00000  7.00674e-13
      3.00000      497.973  2.75813e-10      0.00000  7.55085e-13
      3.00000      493.808  2.93911e-10      0.00000  8.13981e-13
      3.00000      489.713  3.15628e-10      258.000  8.51894e-13
      3.00000      485.685  3.42187e-10      258.000  8.57104e-13
      3.00000      481.723  3.68686e-10      0.00000  8.50881e-13
      3.00000      477.825  3.87379e-10      258.000  7.88512e-13
      3.00000      473.989  4.12709e-10      258.000  7.23683e-13
      3.00000      470.215  4.55702e-10      8.00000  7.41193e-13
