      3.00000      510.899  2.24479e-10      258.000  6.49014e-13
      3.00000      506.516  2.38711e-10      256.000  6.73180e-13
      3.00000      502.208  2.56704e-10      8.00000  7.07910e-13
      3.00000      497.973  2.78522e-10      8.00000  7.63188e-13
      3.00000      493.808  2.99058e-10      0.00000  8.24110e-13
      3.00000      489.713  3.18622e-10      2.00000  8.55656e-13
      3.00000      485.685  3.46553e-10      2.00000  8.61011e-13
      3.00000      481.723  3.74112e-10      0.00000  8.55367e-13
      3.00000      477.825  3.93448e-10      2.00000  7.94879e-13
      3.00000      473.989  4.19692e-10      2.00000  7.29037e-13
      3.00000      470.215  4.61007e-10      0.00000  7.41482e-13
