      2.00000      706.513  1.13765e-10      0.00000  4.59592e-13
      2.00000      702.311  1.02503e-10      0.00000  4.06918e-13
      2.00000      698.159  8.56604e-11      0.00000  3.74793e-13
      2.00000      694.056  6.88508e-11      0.00000  3.58007e-13
      2.00000      690.001  5.18471e-11      0.00000  3.45417e-13
      2.00000      685.993  3.74617e-11      0.00000  3.42378e-13
      2.00000      682.031  2.63337e-11      0.00000  3.60467e-13
      2.00000      678.115  1.92184e-11      0.00000  3.83331e-13
      2.00000      674.243  1.53944e-11      0.00000  3.94907e-13
      2.00000      670.416  1.52133e-11      0.00000  3.85212e-13
      2.00000      666.631  1.61613e-11      0.00000  3.46141e-13
      2.00000      662.889  1.57142e-11      0.00000  3.04175e-13
      2.00000      659.189  1.66916e-11      2.00000  2.84929e-13
      2.00000      655.530  1.70298e-11      258.000  2.75958e-13
      2.00000      651.911  1.79912e-11      258.000  2.62934e-13
      2.00000      648.333  1.96423e-11      2.00000  2.53238e-13
      2.00000      644.793  2.15488e-11      0.00000  2.53673e-13
      2.00000      641.291  2.37436e-11      0.00000  2.66696e-13
      2.00000      637.828  2.68702e-11      256.000  2.86521e-13
      2.00000      634.401  3.17300e-11      256.000  3.18791e-13
      2.00000      631.012  3.60496e-11      0.00000  3.68426e-13
      2.00000      627.658  3.83004e-11      0.00000  4.36583e-13
      2.00000      624.340  3.67059e-11      2.00000  4.80140e-13
      2.00000      621.056  3.63419e-11      2.00000  4.51777e-13
      2.00000      617.807  3.75926e-11      0.00000  4.25151e-13
      2.00000      614.592  3.94925e-11      8.00000  4.31518e-13
      2.00000      611.410  4.16090e-11      8.00000  4.07063e-13
      2.00000      608.261  4.41235e-11      0.00000  3.85356e-13
      2.00000      605.144  4.69140e-11      0.00000  3.67702e-13
      2.00000      602.059  4.94555e-11      256.000  3.64519e-13
      2.00000      599.005  5.19409e-11      256.000  3.83620e-13
      2.00000      595.983  5.47928e-11      0.00000  4.21533e-13
      2.00000      592.990  5.83462e-11      0.00000  4.66972e-13
      2.00000      590.027  6.95845e-11      0.00000  5.11976e-13
      2.00000      587.094  1.10743e-10      0.00000  5.96485e-13
      2.00000      584.190  8.84421e-11      0.00000  5.65083e-13
      2.00000      581.314  7.23023e-11      2.00000  5.22684e-13
      2.00000      578.467  7.13237e-11      2.00000  4.97071e-13
      2.00000      575.647  7.35176e-11      0.00000  4.76667e-13
      2.00000      572.855  7.63218e-11      0.00000  4.47581e-13
      2.00000      570.089  7.94960e-11      0.00000  4.26598e-13
      2.00000      567.351  8.35099e-11      2.00000  4.22691e-13
      2.00000      564.638  8.71612e-11      2.00000  4.43240e-13
      2.00000      561.951  8.74098e-11      2.00000  4.77969e-13
      2.00000      559.290  8.94059e-11      2.00000  5.14146e-13
      2.00000      556.654  1.00379e-10      2.00000  5.86645e-13
      2.00000      554.042  1.01637e-10      0.00000  6.44094e-13
      2.00000      551.455  1.06368e-10      0.00000  7.02700e-13
      2.00000      548.892  1.11523e-10      0.00000  7.54361e-13
      2.00000      546.353  1.16615e-10      0.00000  7.13988e-13
      2.00000      543.837  1.23320e-10      0.00000  6.74338e-13
      2.00000      541.344  1.28846e-10      0.00000  6.42068e-13
      2.00000      538.874  1.34196e-10      2.00000  6.23111e-13
      2.00000      536.426  1.39750e-10      2.00000  6.14863e-13
      2.00000      534.000  1.44620e-10      2.00000  6.12837e-13
      2.00000      531.596  1.52637e-10      0.00000  6.29478e-13
      2.00000      529.214  1.61707e-10      256.000  6.65510e-13
      2.00000      526.853  1.66982e-10      256.000  7.00530e-13
      2.00000      524.513  1.73789e-10      0.00000  7.72884e-13
      2.00000      522.194  1.81506e-10      0.00000  9.05291e-13
      2.00000      519.895  1.89660e-10      256.000  1.04001e-12
      2.00000      517.617  1.99671e-10      256.000  1.14203e-12
      2.00000      515.358  2.03472e-10      256.000  1.08907e-12
      2.00000      513.119  2.09855e-10      0.00000  9.99641e-13
      2.00000      510.899  2.21195e-10      0.00000  9.62016e-13
      2.00000      508.698  2.30137e-10      0.00000  9.37416e-13
      2.00000      506.516  2.42817e-10      2.00000  9.22511e-13
      2.00000      504.353  2.50730e-10      2.00000  9.12382e-13
      2.00000      502.208  2.57398e-10      0.00000  9.15999e-13
      2.00000      500.082  2.68758e-10      2.00000  9.49861e-13
      2.00000      497.973  2.80063e-10      258.000  1.01657e-12
      2.00000      495.882  2.90743e-10      256.000  1.11758e-12
      2.00000      493.808  3.01643e-10      8.00000  1.22958e-12
      2.00000      491.752  3.10795e-10      10.0000  1.37429e-12
      2.00000      489.713  3.24628e-10      10.0000  1.49309e-12
      2.00000      487.691  3.29034e-10      10.0000  1.43695e-12
      2.00000      485.685  3.44393e-10      0.00000  1.40555e-12
      2.00000      483.696  3.50946e-10      2.00000  1.39744e-12
      2.00000      481.723  3.62677e-10      2.00000  1.40555e-12
      2.00000      479.766  3.68938e-10      0.00000  1.38601e-12
      2.00000      477.825  3.76638e-10      2.00000  1.36662e-12
      2.00000      475.899  3.78183e-10      258.000  1.36069e-12
      2.00000      473.989  3.76831e-10      258.000  1.38152e-12
