      2.00000      706.513  1.26206e-10      0.00000  4.76522e-13
      2.00000      702.311  1.16035e-10      0.00000  4.23415e-13
      2.00000      698.159  9.95270e-11      0.00000  3.87672e-13
      2.00000      694.056  8.15112e-11      0.00000  3.69149e-13
      2.00000      690.001  6.20913e-11      0.00000  3.58586e-13
      2.00000      685.993  4.44341e-11      0.00000  3.52653e-13
      2.00000      682.031  3.01189e-11      0.00000  3.67413e-13
      2.00000      678.115  2.08216e-11      8.00000  3.83331e-13
      2.00000      674.243  1.55556e-11      8.00000  3.99104e-13
      2.00000      670.416  1.49124e-11      8.00000  3.95631e-13
      2.00000      666.631  1.60239e-11      0.00000  3.46864e-13
      2.00000      662.889  1.56947e-11      0.00000  3.04175e-13
      2.00000      659.189  1.62173e-11      2.00000  2.84206e-13
      2.00000      655.530  1.70193e-11      2.00000  2.75234e-13
      2.00000      651.911  1.78052e-11      2.00000  2.61631e-13
      2.00000      648.333  1.92974e-11      2.00000  2.51936e-13
      2.00000      644.793  2.12761e-11      0.00000  2.52660e-13
      2.00000      641.291  2.35859e-11      0.00000  2.65539e-13
      2.00000      637.828  2.70442e-11      0.00000  2.85219e-13
      2.00000      634.401  3.16566e-11      0.00000  3.15752e-13
      2.00000      631.012  3.63300e-11      0.00000  3.67847e-13
      2.00000      627.658  3.81835e-11      0.00000  4.35425e-13
      2.00000      624.340  3.69268e-11      2.00000  4.68853e-13
      2.00000      621.056  3.67021e-11      2.00000  4.58144e-13
      2.00000      617.807  3.66247e-11      0.00000  4.24428e-13
      2.00000      614.592  3.92798e-11      0.00000  4.18495e-13
      2.00000      611.410  4.12647e-11      0.00000  4.03734e-13
      2.00000      608.261  4.32017e-11      0.00000  3.84054e-13
      2.00000      605.144  4.58351e-11      0.00000  3.69149e-13
      2.00000      602.059  4.87550e-11      0.00000  3.66255e-13
      2.00000      599.005  5.12994e-11      0.00000  3.82462e-13
      2.00000      595.983  5.38901e-11      0.00000  4.20086e-13
      2.00000      592.990  5.77745e-11      0.00000  4.65959e-13
      2.00000      590.027  6.77483e-11      256.000  5.09226e-13
      2.00000      587.094  1.06857e-10      256.000  5.83461e-13
      2.00000      584.190  9.16961e-11      256.000  5.67254e-13
      2.00000      581.314  7.31623e-11      2.00000  5.19066e-13
      2.00000      578.467  7.07838e-11      2.00000  4.92730e-13
      2.00000      575.647  7.34770e-11      0.00000  4.72760e-13
      2.00000      572.855  7.53909e-11      0.00000  4.43529e-13
      2.00000      570.089  7.86658e-11      0.00000  4.23704e-13
      2.00000      567.351  8.18379e-11      2.00000  4.19363e-13
      2.00000      564.638  8.50730e-11      2.00000  4.33255e-13
      2.00000      561.951  8.46807e-11      2.00000  4.63209e-13
      2.00000      559.290  8.53937e-11      2.00000  5.06622e-13
      2.00000      556.654  9.96509e-11      2.00000  5.82448e-13
      2.00000      554.042  1.00148e-10      0.00000  6.39753e-13
      2.00000      551.455  1.03399e-10      0.00000  6.97346e-13
      2.00000      548.892  1.08466e-10      0.00000  7.46981e-13
      2.00000      546.353  1.15497e-10      0.00000  7.09936e-13
      2.00000      543.837  1.21346e-10      0.00000  6.70865e-13
      2.00000      541.344  1.25629e-10      0.00000  6.38016e-13
      2.00000      538.874  1.31678e-10      2.00000  6.21085e-13
      2.00000      536.426  1.37569e-10      2.00000  6.12837e-13
      2.00000      534.000  1.42727e-10      2.00000  6.11390e-13
      2.00000      531.596  1.50136e-10      0.00000  6.29189e-13
      2.00000      529.214  1.57806e-10      0.00000  6.64787e-13
      2.00000      526.853  1.63187e-10      256.000  6.97491e-13
      2.00000      524.513  1.70963e-10      256.000  7.72594e-13
      2.00000      522.194  1.79832e-10      256.000  9.06449e-13
      2.00000      519.895  1.82502e-10      256.000  1.04392e-12
      2.00000      517.617  1.94008e-10      256.000  1.13639e-12
      2.00000      515.358  2.02292e-10      256.000  1.08603e-12
      2.00000      513.119  2.07000e-10      0.00000  9.99351e-13
      2.00000      510.899  2.17873e-10      0.00000  9.60714e-13
      2.00000      508.698  2.27866e-10      0.00000  9.32641e-13
      2.00000      506.516  2.39214e-10      2.00000  9.13395e-13
      2.00000      504.353  2.47102e-10      2.00000  9.02976e-13
      2.00000      502.208  2.53980e-10      0.00000  9.07172e-13
      2.00000      500.082  2.63970e-10      2.00000  9.41034e-13
      2.00000      497.973  2.74204e-10      2.00000  1.00528e-12
      2.00000      495.882  2.84551e-10      0.00000  1.10542e-12
      2.00000      493.808  2.94056e-10      0.00000  1.21902e-12
      2.00000      491.752  3.03577e-10      2.00000  1.35779e-12
      2.00000      489.713  3.17202e-10      2.00000  1.45663e-12
      2.00000      487.691  3.25853e-10      2.00000  1.43304e-12
      2.00000      485.685  3.40609e-10      0.00000  1.40583e-12
      2.00000      483.696  3.49474e-10      2.00000  1.39889e-12
      2.00000      481.723  3.56416e-10      2.00000  1.39831e-12
      2.00000      479.766  3.60719e-10      0.00000  1.37299e-12
      2.00000      477.825  3.68160e-10      2.00000  1.35258e-12
      2.00000      475.899  3.67818e-10      2.00000  1.34752e-12
      2.00000      473.989  3.73040e-10      2.00000  1.37139e-12
