      3.00000      510.899  2.28445e-10      2.00000  6.51619e-13
      3.00000      506.516  2.43032e-10      0.00000  6.76364e-13
      3.00000      502.208  2.60491e-10      0.00000  7.11962e-13
      3.00000      497.973  2.82846e-10      0.00000  7.66227e-13
      3.00000      493.808  3.01947e-10      0.00000  8.28885e-13
      3.00000      489.713  3.23549e-10      2.00000  8.58116e-13
      3.00000      485.685  3.49094e-10      2.00000  8.62024e-13
      3.00000      481.723  3.76742e-10      0.00000  8.54354e-13
      3.00000      477.825  3.99032e-10      2.00000  7.95892e-13
      3.00000      473.989  4.25264e-10      2.00000  7.30629e-13
      3.00000      470.215  4.64282e-10      0.00000  7.41916e-13
