      3.00000      510.899  2.26509e-10      2.00000  6.52053e-13
      3.00000      506.516  2.42375e-10      8.00000  6.78824e-13
      3.00000      502.208  2.59679e-10      8.00000  7.15869e-13
      3.00000      497.973  2.81406e-10      8.00000  7.70424e-13
      3.00000      493.808  2.99888e-10      8.00000  8.33950e-13
      3.00000      489.713  3.20830e-10      2.00000  8.60866e-13
      3.00000      485.685  3.50370e-10      2.00000  8.64773e-13
      3.00000      481.723  3.77186e-10      8.00000  8.62747e-13
      3.00000      477.825  3.96700e-10      10.0000  7.98063e-13
      3.00000      473.989  4.23041e-10      2.00000  7.31497e-13
      3.00000      470.215  4.66295e-10      0.00000  7.44521e-13
