      11.0000      271.534  2.65808e-08      258.000  1.89240e-10
      11.0000      271.761  4.03384e-08      258.000  3.71379e-10
      11.0000      271.987  2.83815e-08      0.00000  2.03019e-10
      11.0000      272.214  2.36288e-08      0.00000  1.66780e-10
      11.0000      272.441  2.85947e-08      256.000  2.18545e-10
      11.0000      272.668  2.60567e-08      258.000  3.84851e-10
      11.0000      272.895  2.81979e-08      258.000  3.93512e-10
      11.0000      273.123  2.62914e-08      258.000  2.02186e-10
      11.0000      273.350  3.26821e-08      258.000  5.87826e-10
      11.0000      273.578  2.42327e-08      258.000  1.54286e-10
      11.0000      273.806  2.69938e-08      258.000  3.52431e-10
      11.0000      274.035  2.99362e-08      258.000  1.95012e-10
      11.0000      274.263  2.75110e-08      256.000  1.69977e-10
      11.0000      274.492  2.92448e-08      0.00000  1.73244e-10
      11.0000      274.721  2.58056e-08      0.00000  1.45666e-10
      11.0000      274.950  2.33542e-08      2.00000  1.34134e-10
      11.0000      275.179  2.68327e-08      2.00000  1.48341e-10
      11.0000      275.409  2.74061e-08      256.000  1.50007e-10
      11.0000      275.638  2.17275e-08      258.000  1.34332e-10
      11.0000      275.867  2.26217e-08      258.000  1.40483e-10
      11.0000      276.097  2.65945e-08      256.000  1.77161e-10
      11.0000      276.328  2.20073e-08      256.000  1.27791e-10
      11.0000      276.558  2.19137e-08      258.000  1.38211e-10
      11.0000      276.789  2.10967e-08      2.00000  1.02378e-10
      11.0000      277.020  2.40985e-08      258.000  1.36961e-10
      11.0000      277.250  2.22974e-08      258.000  1.10567e-10
      11.0000      277.482  2.27248e-08      2.00000  1.23650e-10
      11.0000      277.713  2.17425e-08      2.00000  1.17033e-10
      11.0000      277.945  2.17161e-08      0.00000  1.11370e-10
      11.0000      278.177  2.25557e-08      0.00000  1.20116e-10
      11.0000      278.408  2.30601e-08      256.000  1.21359e-10
      11.0000      278.640  2.59212e-08      258.000  1.44887e-10
      11.0000      278.872  2.48872e-08      258.000  1.39652e-10
      11.0000      279.105  2.37284e-08      2.00000  1.30736e-10
      11.0000      279.337  2.63167e-08      0.00000  1.50302e-10
      11.0000      279.571  2.10919e-08      2.00000  1.13881e-10
      11.0000      279.804  2.22393e-08      2.00000  1.20769e-10
      11.0000      280.037  2.01983e-08      0.00000  9.65908e-11
      11.0000      280.271  2.10790e-08      2.00000  9.52263e-11
      11.0000      280.504  1.95485e-08      2.00000  8.20882e-11
      11.0000      280.738  2.09402e-08      2.00000  8.93356e-11
      11.0000      280.971  2.06976e-08      2.00000  8.71609e-11
      11.0000      281.206  1.93025e-08      2.00000  8.33554e-11
      11.0000      281.440  2.02876e-08      2.00000  8.99145e-11
      11.0000      281.675  1.78306e-08      0.00000  7.95008e-11
      11.0000      281.910  1.82277e-08      256.000  8.73412e-11
      11.0000      282.145  1.91446e-08      258.000  8.99428e-11
      11.0000      282.381  1.91685e-08      2.00000  9.03219e-11
      11.0000      282.616  1.87807e-08      0.00000  8.30875e-11
      11.0000      282.851  1.92839e-08      0.00000  8.58938e-11
      11.0000      283.087  1.86772e-08      258.000  7.98164e-11
      11.0000      283.323  1.79362e-08      258.000  7.70599e-11
      11.0000      283.559  1.83422e-08      2.00000  7.88690e-11
      11.0000      283.796  1.84105e-08      2.00000  7.55552e-11
      11.0000      284.032  1.83286e-08      2.00000  7.70363e-11
      11.0000      284.269  1.76821e-08      0.00000  7.67859e-11
      11.0000      284.506  1.77781e-08      0.00000  7.95882e-11
      11.0000      284.743  1.72758e-08      0.00000  7.85580e-11
      11.0000      284.981  1.50284e-08      0.00000  6.65414e-11
      11.0000      285.218  1.69905e-08      2.00000  7.55202e-11
      11.0000      285.456  1.72011e-08      2.00000  7.62250e-11
      11.0000      285.694  1.68522e-08      0.00000  7.72305e-11
      11.0000      285.932  1.57440e-08      0.00000  6.94171e-11
      11.0000      286.171  1.57923e-08      2.00000  6.66269e-11
      11.0000      286.409  1.69664e-08      258.000  7.07989e-11
      11.0000      286.648  1.68347e-08      256.000  7.23045e-11
      11.0000      286.887  1.61423e-08      2.00000  6.89183e-11
      11.0000      287.126  1.58507e-08      2.00000  6.58867e-11
      11.0000      287.365  1.53884e-08      0.00000  6.18093e-11
      11.0000      287.605  1.48992e-08      0.00000  5.97790e-11
      11.0000      287.844  1.56817e-08      0.00000  6.76116e-11
      11.0000      288.085  1.59274e-08      0.00000  6.99155e-11
      11.0000      288.325  1.57793e-08      0.00000  7.09258e-11
      11.0000      288.565  1.54879e-08      0.00000  6.96138e-11
      11.0000      288.806  1.47478e-08      0.00000  6.99026e-11
      11.0000      289.047  1.40636e-08      0.00000  7.24502e-11
      11.0000      289.287  1.51606e-08      0.00000  8.02560e-11
      11.0000      289.529  1.42513e-08      2.00000  7.33315e-11
      11.0000      289.770  1.47121e-08      2.00000  7.76959e-11
      11.0000      290.011  1.45270e-08      258.000  7.80970e-11
      11.0000      290.254  1.33935e-08      0.00000  7.32855e-11
      11.0000      290.495  1.43571e-08      0.00000  7.89949e-11
      11.0000      290.737  1.40254e-08      2.00000  7.39799e-11
      11.0000      290.980  1.30770e-08      2.00000  6.71828e-11
      11.0000      291.223  1.30447e-08      2.00000  6.86453e-11
      11.0000      291.465  1.35436e-08      0.00000  7.32892e-11
      11.0000      291.708  1.38954e-08      2.00000  7.58630e-11
      11.0000      291.951  1.46683e-08      258.000  8.46566e-11
      11.0000      292.195  1.32884e-08      258.000  7.98406e-11
      11.0000      292.439  1.39528e-08      256.000  8.42261e-11
      11.0000      292.683  1.35456e-08      0.00000  8.34837e-11
      11.0000      292.926  1.24113e-08      2.00000  7.63006e-11
      11.0000      293.171  1.46241e-08      2.00000  8.92153e-11
      12.0000      295.377  1.43204e-08      256.000  7.55127e-11
      12.0000      295.624  1.39606e-08      2.00000  7.04175e-11
      12.0000      295.870  1.34865e-08      2.00000  7.62276e-11
      12.0000      296.117  1.27863e-08      2.00000  7.38948e-11
      12.0000      296.364  1.29541e-08      2.00000  7.32234e-11
      12.0000      296.611  1.25519e-08      0.00000  6.48671e-11
      12.0000      296.858  1.27458e-08      0.00000  6.31254e-11
      12.0000      297.105  1.31470e-08      2.00000  6.66997e-11
      12.0000      297.354  1.17151e-08      2.00000  6.07452e-11
      12.0000      297.601  1.23508e-08      0.00000  6.45822e-11
      12.0000      297.850  1.28022e-08      0.00000  5.86389e-11
      12.0000      298.097  1.19274e-08      2.00000  4.80625e-11
      12.0000      298.346  1.21907e-08      2.00000  5.16677e-11
      12.0000      298.595  1.20413e-08      2.00000  5.36719e-11
      12.0000      298.844  1.21103e-08      0.00000  5.61950e-11
      12.0000      299.093  1.18756e-08      2.00000  5.37214e-11
      12.0000      299.342  1.17539e-08      2.00000  5.04102e-11
      12.0000      299.592  1.11937e-08      2.00000  4.62507e-11
      12.0000      299.842  1.09372e-08      0.00000  4.55489e-11
      12.0000      300.091  1.12654e-08      0.00000  4.77220e-11
      12.0000      300.342  1.18016e-08      2.00000  4.87183e-11
      12.0000      300.592  1.10165e-08      2.00000  4.75961e-11
      12.0000      300.843  1.07347e-08      2.00000  4.73052e-11
      12.0000      301.093  1.15214e-08      258.000  6.83647e-11
      12.0000      301.345  1.20538e-08      258.000  3.66572e-10
      12.0000      301.595  1.18142e-08      2.00000  4.26411e-11
      12.0000      301.848  1.16189e-08      2.00000  4.03768e-11
      12.0000      302.099  1.12211e-08      2.00000  4.20630e-11
      12.0000      302.350  1.08011e-08      2.00000  4.33790e-11
      12.0000      302.603  1.08626e-08      0.00000  4.40315e-11
      12.0000      302.855  1.09014e-08      0.00000  4.16998e-11
      12.0000      303.107  1.08026e-08      0.00000  4.08861e-11
      12.0000      303.360  1.01995e-08      2.00000  3.95602e-11
      12.0000      303.614  1.01699e-08      2.00000  3.64406e-11
      12.0000      303.866  1.04497e-08      0.00000  3.59546e-11
      12.0000      304.120  1.04193e-08      0.00000  3.59986e-11
      12.0000      304.373  1.00720e-08      256.000  3.69207e-11
      12.0000      304.627  9.96731e-09      258.000  3.87168e-11
      12.0000      304.881  1.02837e-08      2.00000  3.86468e-11
      12.0000      305.135  9.99046e-09      10.0000  3.52611e-11
      12.0000      305.389  1.00146e-08      10.0000  3.48459e-11
      12.0000      305.644  9.86537e-09      2.00000  3.38519e-11
      12.0000      305.899  1.00642e-08      2.00000  3.42704e-11
      12.0000      306.154  9.93024e-09      2.00000  3.28250e-11
      12.0000      306.409  9.94616e-09      0.00000  3.34037e-11
      12.0000      306.665  9.85882e-09      0.00000  3.52376e-11
      12.0000      306.921  9.63161e-09      2.00000  3.66808e-11
      12.0000      307.176  9.67690e-09      2.00000  3.71899e-11
      12.0000      307.432  9.43182e-09      2.00000  3.46414e-11
      12.0000      307.689  9.31417e-09      2.00000  3.39271e-11
      12.0000      307.945  9.30013e-09      256.000  3.43553e-11
      12.0000      308.202  9.52471e-09      256.000  3.58732e-11
      12.0000      308.458  9.93974e-09      2.00000  3.27507e-11
      12.0000      308.715  9.65822e-09      2.00000  2.95065e-11
      12.0000      308.973  9.06581e-09      0.00000  2.79799e-11
      12.0000      309.231  8.91743e-09      2.00000  2.93985e-11
      12.0000      309.488  8.98746e-09      2.00000  2.98736e-11
      12.0000      309.746  9.05737e-09      0.00000  2.98363e-11
      12.0000      310.004  9.00333e-09      0.00000  3.03520e-11
      12.0000      310.263  8.72040e-09      0.00000  3.10298e-11
      12.0000      310.522  8.82627e-09      2.00000  3.22417e-11
      12.0000      310.781  9.06901e-09      2.00000  3.16424e-11
      12.0000      311.040  9.04878e-09      0.00000  3.01287e-11
      12.0000      311.300  9.02881e-09      0.00000  3.09013e-11
      12.0000      311.559  8.77145e-09      0.00000  3.15926e-11
      12.0000      311.819  8.76150e-09      2.00000  3.17957e-11
      12.0000      312.079  8.96659e-09      2.00000  3.13021e-11
      12.0000      312.339  8.62289e-09      2.00000  2.97572e-11
      12.0000      312.599  8.47298e-09      2.00000  3.15631e-11
      12.0000      312.860  8.37613e-09      2.00000  3.20510e-11
      12.0000      313.120  8.60858e-09      2.00000  3.17015e-11
      12.0000      313.381  8.38135e-09      2.00000  2.94032e-11
      12.0000      313.643  8.14488e-09      2.00000  2.84599e-11
      12.0000      313.905  8.06526e-09      0.00000  2.94321e-11
      12.0000      314.166  8.16872e-09      2.00000  3.15684e-11
      12.0000      314.428  8.26484e-09      2.00000  3.26824e-11
      12.0000      314.690  8.27647e-09      2.00000  3.19481e-11
      12.0000      314.953  8.24324e-09      2.00000  3.15094e-11
      12.0000      315.215  8.26313e-09      2.00000  3.02252e-11
      12.0000      315.477  8.41328e-09      2.00000  2.78493e-11
      12.0000      315.740  8.53807e-09      2.00000  2.66576e-11
      12.0000      316.004  8.51688e-09      2.00000  2.76211e-11
      12.0000      316.268  8.31854e-09      0.00000  2.98457e-11
      12.0000      316.531  8.01072e-09      2.00000  3.02866e-11
      12.0000      316.795  8.15110e-09      2.00000  2.90859e-11
      12.0000      317.059  7.94164e-09      2.00000  2.73949e-11
      12.0000      317.323  7.71400e-09      2.00000  2.78062e-11
      12.0000      317.587  7.88255e-09      0.00000  2.90061e-11
      12.0000      317.853  8.01302e-09      0.00000  2.77868e-11
      12.0000      318.118  7.70153e-09      2.00000  2.91147e-11
      12.0000      318.383  7.33344e-09      2.00000  3.36207e-11
      12.0000      318.648  7.55797e-09      0.00000  3.20006e-11
      12.0000      318.914  7.77462e-09      2.00000  2.99910e-11
      13.0000      319.180  7.57432e-09      2.00000  3.30865e-11
      13.0000      319.446  7.57667e-09      2.00000  3.32496e-11
      13.0000      319.713  7.54304e-09      2.00000  3.98609e-11
      13.0000      319.978  7.41172e-09      2.00000  4.45069e-11
      13.0000      320.246  7.42506e-09      2.00000  4.12698e-11
      13.0000      320.513  7.67260e-09      2.00000  3.51195e-11
      13.0000      320.780  7.54260e-09      0.00000  3.13641e-11
      13.0000      321.047  7.54607e-09      2.00000  3.25738e-11
      13.0000      321.315  7.60818e-09      2.00000  3.20318e-11
      13.0000      321.583  7.64842e-09      2.00000  2.94700e-11
      13.0000      321.851  7.58168e-09      0.00000  2.71529e-11
      13.0000      322.119  7.38342e-09      2.00000  2.55697e-11
      13.0000      322.387  7.30394e-09      258.000  2.51817e-11
      13.0000      322.657  7.16063e-09      258.000  2.46737e-11
      13.0000      322.925  7.26546e-09      2.00000  2.55955e-11
      13.0000      323.195  7.25840e-09      2.00000  2.87362e-11
      13.0000      323.464  7.14190e-09      0.00000  3.04801e-11
      13.0000      323.734  7.29515e-09      0.00000  2.80180e-11
      13.0000      324.003  7.21908e-09      8.00000  2.34907e-11
      13.0000      324.273  7.11950e-09      8.00000  2.16509e-11
      13.0000      324.544  6.84147e-09      0.00000  2.19572e-11
      13.0000      324.815  6.90114e-09      2.00000  2.27165e-11
      13.0000      325.085  7.10372e-09      2.00000  2.22416e-11
      13.0000      325.357  6.97105e-09      0.00000  2.13392e-11
      13.0000      325.628  6.69754e-09      2.00000  2.11097e-11
      13.0000      325.900  6.56444e-09      2.00000  2.06991e-11
      13.0000      326.171  6.71440e-09      2.00000  2.01445e-11
      13.0000      326.443  6.85701e-09      2.00000  2.04771e-11
      13.0000      326.715  6.76795e-09      0.00000  2.23767e-11
      13.0000      326.988  6.70320e-09      0.00000  2.51217e-11
      13.0000      327.259  6.84815e-09      0.00000  2.53338e-11
      13.0000      327.533  7.17199e-09      0.00000  2.34588e-11
      13.0000      327.805  6.92005e-09      2.00000  2.08246e-11
      13.0000      328.079  6.69253e-09      0.00000  1.93276e-11
      13.0000      328.352  6.70755e-09      2.00000  1.83159e-11
      13.0000      328.626  6.77116e-09      2.00000  1.72507e-11
      13.0000      328.900  6.60479e-09      2.00000  1.70461e-11
      13.0000      329.175  6.40481e-09      0.00000  1.93918e-11
      13.0000      329.449  6.36469e-09      2.00000  2.22145e-11
      13.0000      329.724  6.44175e-09      3.00000  2.25773e-11
      13.0000      329.998  6.49989e-09      3.00000  2.21899e-11
      13.0000      330.274  6.36404e-09      0.00000  2.23421e-11
      13.0000      330.549  6.29059e-09      2.00000  2.17475e-11
      13.0000      330.825  6.37643e-09      2.00000  1.92979e-11
      13.0000      331.101  6.39837e-09      2.00000  1.64395e-11
      13.0000      331.376  6.32961e-09      2.00000  1.56633e-11
      13.0000      331.653  6.17161e-09      2.00000  1.62107e-11
      13.0000      331.929  6.18686e-09      2.00000  1.66780e-11
      13.0000      332.206  6.26384e-09      3.00000  1.67391e-11
      13.0000      332.483  6.18474e-09      3.00000  1.80466e-11
      13.0000      332.760  6.00797e-09      2.00000  2.07354e-11
      13.0000      333.037  6.04269e-09      2.00000  2.29718e-11
      13.0000      333.316  6.24952e-09      2.00000  2.27223e-11
      13.0000      333.592  6.31277e-09      2.00000  2.17274e-11
      13.0000      333.871  6.08268e-09      2.00000  2.06440e-11
      13.0000      334.150  6.13083e-09      0.00000  2.03630e-11
      13.0000      334.428  6.29463e-09      0.00000  1.81605e-11
      13.0000      334.707  6.35033e-09      0.00000  1.60010e-11
      13.0000      334.986  6.21193e-09      2.00000  1.55830e-11
      13.0000      335.264  6.11120e-09      2.00000  1.63883e-11
      13.0000      335.545  6.10921e-09      0.00000  1.66042e-11
      13.0000      335.824  6.05592e-09      0.00000  1.62735e-11
      13.0000      336.104  5.86690e-09      0.00000  1.69881e-11
      13.0000      336.384  5.86217e-09      0.00000  1.94788e-11
      13.0000      336.665  5.97994e-09      2.00000  2.03813e-11
      13.0000      336.945  5.99205e-09      2.00000  1.92454e-11
      13.0000      337.226  5.90181e-09      2.00000  1.88532e-11
      13.0000      337.507  5.87251e-09      0.00000  2.02983e-11
      13.0000      337.789  5.73426e-09      0.00000  1.94989e-11
      13.0000      338.071  5.93716e-09      0.00000  1.87632e-11
      13.0000      338.352  5.82222e-09      2.00000  1.81695e-11
      13.0000      338.634  5.64437e-09      2.00000  1.94244e-11
      13.0000      338.916  5.45201e-09      2.00000  2.08558e-11
      13.0000      339.199  5.62487e-09      0.00000  2.16031e-11
      13.0000      339.482  5.53994e-09      0.00000  2.10195e-11
      13.0000      339.765  5.45490e-09      0.00000  2.25083e-11
      13.0000      340.048  5.71749e-09      0.00000  2.69029e-11
      13.0000      340.332  5.71827e-09      0.00000  2.35120e-11
      13.0000      340.616  5.76248e-09      2.00000  2.19867e-11
      13.0000      340.899  5.57053e-09      2.00000  2.14396e-11
      13.0000      341.184  5.53312e-09      0.00000  2.17216e-11
      13.0000      341.468  5.58819e-09      2.00000  2.08143e-11
      13.0000      341.753  5.58745e-09      2.00000  1.90518e-11
      13.0000      342.038  5.45405e-09      2.00000  1.90612e-11
      13.0000      342.323  5.28259e-09      0.00000  2.04120e-11
      13.0000      342.608  5.44441e-09      0.00000  2.20074e-11
      13.0000      342.894  5.42319e-09      0.00000  2.14202e-11
      13.0000      343.180  5.32596e-09      2.00000  2.16635e-11
      14.0000      343.180  5.29225e-09      2.00000  2.64760e-11
      13.0000      343.466  5.29445e-09      10.0000  2.35970e-11
      14.0000      343.466  5.12248e-09      2.00000  3.04478e-11
      13.0000      343.752  5.41557e-09      8.00000  2.47949e-11
      14.0000      343.752  5.17631e-09      2.00000  3.04656e-11
      13.0000      344.039  5.57574e-09      2.00000  2.26738e-11
      14.0000      344.039  5.39252e-09      0.00000  2.54225e-11
      13.0000      344.325  5.38957e-09      2.00000  2.18500e-11
      14.0000      344.325  5.32146e-09      2.00000  2.22097e-11
      13.0000      344.612  5.21548e-09      0.00000  2.31833e-11
      14.0000      344.612  5.20095e-09      2.00000  2.31803e-11
      14.0000      344.900  5.17789e-09      2.00000  2.45436e-11
      14.0000      345.187  5.30240e-09      2.00000  2.31046e-11
      14.0000      345.476  5.08433e-09      2.00000  2.13730e-11
      14.0000      345.764  4.96350e-09      0.00000  2.14975e-11
      14.0000      346.052  4.96706e-09      0.00000  2.11456e-11
      14.0000      346.340  5.11831e-09      0.00000  2.04437e-11
      14.0000      346.629  5.19331e-09      2.00000  2.19663e-11
      14.0000      346.917  5.05046e-09      2.00000  2.45416e-11
      14.0000      347.207  5.03915e-09      0.00000  2.54331e-11
      14.0000      347.496  5.18427e-09      2.00000  2.16371e-11
      14.0000      347.786  5.11122e-09      2.00000  1.81815e-11
      14.0000      348.077  4.93908e-09      0.00000  1.76907e-11
      14.0000      348.367  4.95961e-09      0.00000  1.86392e-11
      14.0000      348.657  5.04431e-09      0.00000  1.87029e-11
      14.0000      348.948  4.98857e-09      0.00000  1.98802e-11
      14.0000      349.239  4.84119e-09      1.00000  2.23657e-11
      14.0000      349.529  5.01405e-09      3.00000  2.47258e-11
      14.0000      349.820  5.20731e-09      2.00000  2.26035e-11
      14.0000      350.112  5.21031e-09      2.00000  2.05728e-11
      14.0000      350.404  5.08080e-09      2.00000  2.07637e-11
      14.0000      350.696  5.14659e-09      0.00000  2.16276e-11
      14.0000      350.989  5.43455e-09      0.00000  2.11948e-11
      14.0000      351.281  5.42279e-09      0.00000  2.00129e-11
      14.0000      351.574  5.07961e-09      0.00000  2.01164e-11
      14.0000      351.867  4.81641e-09      2.00000  1.97854e-11
      14.0000      352.161  4.75605e-09      2.00000  1.81187e-11
      14.0000      352.454  4.68999e-09      2.00000  1.60199e-11
      14.0000      352.749  4.56750e-09      0.00000  1.57543e-11
      14.0000      353.043  4.45524e-09      2.00000  1.70470e-11
      14.0000      353.337  4.54382e-09      2.00000  1.69506e-11
      14.0000      353.632  4.67812e-09      2.00000  1.65679e-11
      14.0000      353.926  4.57708e-09      2.00000  1.76474e-11
      14.0000      354.221  5.05857e-09      2.00000  2.04521e-11
      14.0000      354.517  4.81148e-09      0.00000  1.85700e-11
      14.0000      354.812  4.48460e-09      2.00000  1.50810e-11
      14.0000      355.107  4.46145e-09      0.00000  1.42936e-11
      14.0000      355.404  4.40801e-09      0.00000  1.47158e-11
      14.0000      355.700  4.36713e-09      0.00000  1.42708e-11
      14.0000      355.996  4.41639e-09      0.00000  1.36263e-11
      14.0000      356.294  4.34239e-09      0.00000  1.42883e-11
      14.0000      356.590  4.30763e-09      2.00000  1.59657e-11
      14.0000      356.888  4.44098e-09      0.00000  1.62479e-11
      14.0000      357.185  4.52844e-09      0.00000  1.58019e-11
      14.0000      357.482  4.41173e-09      0.00000  1.65829e-11
      14.0000      357.780  4.26108e-09      2.00000  1.77889e-11
      14.0000      358.079  4.33122e-09      3.00000  1.70118e-11
      14.0000      358.378  4.27409e-09      3.00000  1.48949e-11
      14.0000      358.676  4.24364e-09      0.00000  1.44201e-11
      14.0000      358.976  4.21435e-09      2.00000  1.48969e-11
      14.0000      359.275  4.27630e-09      0.00000  1.43845e-11
      14.0000      359.575  4.27796e-09      0.00000  1.33789e-11
      14.0000      359.874  4.18464e-09      0.00000  1.33917e-11
      14.0000      360.175  4.15404e-09      0.00000  1.39595e-11
      14.0000      360.475  4.25447e-09      0.00000  1.35342e-11
      14.0000      360.775  4.26050e-09      0.00000  1.29162e-11
      14.0000      361.076  4.10136e-09      0.00000  1.34986e-11
      14.0000      361.377  4.08379e-09      0.00000  1.44022e-11
      14.0000      361.678  4.17507e-09      0.00000  1.41921e-11
      14.0000      361.979  4.16194e-09      0.00000  1.42054e-11
      14.0000      362.282  4.06443e-09      2.00000  1.57494e-11
      14.0000      362.583  4.08468e-09      2.00000  1.73380e-11
      14.0000      362.886  4.13876e-09      2.00000  1.70555e-11
      14.0000      363.189  4.10037e-09      0.00000  1.65311e-11
      14.0000      363.491  4.01545e-09      0.00000  1.77290e-11
      14.0000      363.794  4.02019e-09      0.00000  1.82766e-11
      14.0000      364.097  4.02958e-09      0.00000  1.67927e-11
      14.0000      364.401  3.97384e-09      0.00000  1.56925e-11
      14.0000      364.704  3.88543e-09      0.00000  1.62162e-11
      14.0000      365.009  3.88567e-09      2.00000  1.66256e-11
      14.0000      365.313  3.92600e-09      2.00000  1.55323e-11
      14.0000      365.617  3.86002e-09      2.00000  1.49209e-11
      14.0000      365.922  3.69371e-09      2.00000  1.54982e-11
      14.0000      366.228  3.73753e-09      2.00000  1.60727e-11
      14.0000      366.533  3.82394e-09      2.00000  1.52442e-11
      14.0000      366.838  3.80632e-09      0.00000  1.48257e-11
      14.0000      367.144  3.67352e-09      2.00000  1.54510e-11
      15.0000      367.144  3.68301e-09      256.000  2.39096e-11
      14.0000      367.450  3.76289e-09      2.00000  1.60754e-11
      15.0000      367.450  3.68657e-09      2.00000  2.37404e-11
      14.0000      367.757  3.82420e-09      0.00000  1.50942e-11
      15.0000      367.757  3.78476e-09      2.00000  2.33654e-11
      14.0000      368.062  3.69117e-09      2.00000  1.46816e-11
      15.0000      368.062  3.72387e-09      2.00000  2.39633e-11
      14.0000      368.370  3.57937e-09      2.00000  1.55158e-11
      15.0000      368.370  3.62635e-09      0.00000  2.35858e-11
      14.0000      368.677  3.65245e-09      2.00000  1.61546e-11
      15.0000      368.677  3.63666e-09      0.00000  2.06645e-11
      14.0000      368.985  3.68779e-09      2.00000  1.54009e-11
      15.0000      368.985  3.68395e-09      0.00000  1.81876e-11
      14.0000      369.293  3.65224e-09      2.00000  1.55979e-11
      15.0000      369.293  3.59497e-09      0.00000  1.87936e-11
      14.0000      369.600  3.57164e-09      2.00000  1.72972e-11
      15.0000      369.600  3.48411e-09      2.00000  2.14975e-11
      14.0000      369.909  3.56320e-09      2.00000  1.73277e-11
      15.0000      369.909  3.57346e-09      2.00000  2.15908e-11
      14.0000      370.217  3.67146e-09      2.00000  1.67732e-11
      15.0000      370.217  3.58887e-09      0.00000  1.87624e-11
      14.0000      370.525  3.56968e-09      2.00000  1.70730e-11
      15.0000      370.525  3.49108e-09      0.00000  1.71483e-11
      15.0000      370.835  3.42503e-09      0.00000  1.69458e-11
      15.0000      371.143  3.48524e-09      2.00000  1.61712e-11
      15.0000      371.453  3.51418e-09      2.00000  1.66482e-11
      15.0000      371.762  3.42418e-09      2.00000  1.84301e-11
      15.0000      372.072  3.37238e-09      2.00000  1.87236e-11
      15.0000      372.383  3.40968e-09      0.00000  1.60530e-11
      15.0000      372.692  3.37449e-09      0.00000  1.36909e-11
      15.0000      373.003  3.30732e-09      0.00000  1.38189e-11
      15.0000      373.314  3.31768e-09      0.00000  1.43758e-11
      15.0000      373.626  3.34679e-09      0.00000  1.41870e-11
      15.0000      373.937  3.30558e-09      2.00000  1.51916e-11
      15.0000      374.249  3.24530e-09      0.00000  1.64763e-11
      15.0000      374.561  3.26406e-09      2.00000  1.55834e-11
      15.0000      374.873  3.29033e-09      0.00000  1.32461e-11
      15.0000      375.185  3.21668e-09      0.00000  1.25314e-11
      15.0000      375.498  3.17140e-09      0.00000  1.24451e-11
      15.0000      375.811  3.23976e-09      0.00000  1.23819e-11
      15.0000      376.125  3.25093e-09      0.00000  1.22178e-11
      15.0000      376.438  3.11437e-09      0.00000  1.33380e-11
      15.0000      376.753  3.06992e-09      0.00000  1.48807e-11
      15.0000      377.067  3.13233e-09      0.00000  1.38435e-11
      15.0000      377.381  3.13857e-09      0.00000  1.22165e-11
      15.0000      377.695  3.04208e-09      0.00000  1.17995e-11
      15.0000      378.010  3.02484e-09      0.00000  1.16471e-11
      15.0000      378.325  3.08519e-09      0.00000  1.07809e-11
      15.0000      378.640  3.05594e-09      0.00000  1.05509e-11
      15.0000      378.956  2.96582e-09      0.00000  1.14598e-11
      15.0000      379.272  2.97935e-09      0.00000  1.20993e-11
      15.0000      379.589  3.04202e-09      0.00000  1.20131e-11
      15.0000      379.905  2.93198e-09      0.00000  1.29021e-11
      15.0000      380.222  2.84035e-09      0.00000  1.30918e-11
      15.0000      380.539  2.90187e-09      0.00000  1.22958e-11
      15.0000      380.855  2.94885e-09      0.00000  1.10108e-11
      15.0000      381.173  2.85500e-09      0.00000  1.06427e-11
      15.0000      381.492  2.82419e-09      0.00000  1.06787e-11
      15.0000      381.809  2.88692e-09      0.00000  9.94431e-12
      15.0000      382.127  2.88232e-09      0.00000  9.38921e-12
      15.0000      382.446  2.78062e-09      0.00000  9.88990e-12
      15.0000      382.765  2.78558e-09      0.00000  1.04443e-11
      15.0000      383.085  2.84137e-09      0.00000  1.02366e-11
      15.0000      383.403  2.76985e-09      0.00000  1.07505e-11
      15.0000      383.723  2.66884e-09      0.00000  1.24816e-11
      15.0000      384.044  2.76982e-09      0.00000  1.35378e-11
      15.0000      384.363  2.77552e-09      0.00000  1.23197e-11
      15.0000      384.683  2.68326e-09      0.00000  1.20042e-11
      15.0000      385.005  2.66418e-09      0.00000  1.21041e-11
      15.0000      385.325  2.74153e-09      0.00000  1.10924e-11
      15.0000      385.646  2.73598e-09      0.00000  9.72059e-12
      15.0000      385.968  2.61909e-09      0.00000  9.40281e-12
      15.0000      386.290  2.57791e-09      0.00000  9.52972e-12
      15.0000      386.612  2.64692e-09      0.00000  9.13771e-12
      15.0000      386.934  2.60940e-09      0.00000  9.06304e-12
      15.0000      387.256  2.49205e-09      0.00000  9.65866e-12
      15.0000      387.580  2.54364e-09      0.00000  1.00259e-11
      15.0000      387.902  2.60578e-09      0.00000  9.60381e-12
      15.0000      388.226  2.54117e-09      0.00000  9.61799e-12
      15.0000      388.550  2.50348e-09      0.00000  1.00549e-11
      15.0000      388.874  2.56314e-09      0.00000  9.63854e-12
      15.0000      389.197  2.55730e-09      0.00000  9.21817e-12
      15.0000      389.522  2.45558e-09      0.00000  9.85618e-12
      15.0000      389.847  2.43105e-09      0.00000  1.06118e-11
      15.0000      390.172  2.48368e-09      0.00000  1.06175e-11
      15.0000      390.497  2.43031e-09      0.00000  1.08851e-11
      15.0000      390.823  2.34492e-09      0.00000  1.23292e-11
      15.0000      391.149  2.41076e-09      0.00000  1.25647e-11
      16.0000      391.149  2.31378e-09      2.00000  2.54389e-11
      15.0000      391.475  2.45774e-09      0.00000  1.17390e-11
      16.0000      391.475  2.37864e-09      0.00000  2.04044e-11
      15.0000      391.802  2.36767e-09      0.00000  1.18598e-11
      16.0000      391.802  2.34488e-09      2.00000  1.85085e-11
      15.0000      392.128  2.32760e-09      0.00000  1.24447e-11
      16.0000      392.128  2.26338e-09      2.00000  1.94568e-11
      15.0000      392.455  2.38916e-09      0.00000  1.18597e-11
      16.0000      392.455  2.30233e-09      2.00000  1.88331e-11
      15.0000      392.782  2.36391e-09      0.00000  1.12176e-11
      16.0000      392.782  2.36160e-09      0.00000  1.76436e-11
      15.0000      393.110  2.22263e-09      0.00000  1.20750e-11
      16.0000      393.110  2.20953e-09      0.00000  1.63271e-11
      15.0000      393.437  2.22742e-09      0.00000  1.33283e-11
      16.0000      393.437  2.21671e-09      0.00000  1.58970e-11
      15.0000      393.766  2.30588e-09      2.00000  1.45150e-11
      16.0000      393.766  2.25958e-09      0.00000  1.47396e-11
      15.0000      394.093  2.29810e-09      0.00000  1.35642e-11
      16.0000      394.093  2.23904e-09      0.00000  1.53685e-11
      15.0000      394.421  2.20565e-09      2.00000  1.48137e-11
      16.0000      394.421  2.18535e-09      258.000  1.83789e-11
      15.0000      394.751  2.25058e-09      2.00000  1.45935e-11
      16.0000      394.751  2.18964e-09      258.000  1.82262e-11
      15.0000      395.080  2.30720e-09      0.00000  1.31452e-11
      16.0000      395.080  2.26092e-09      258.000  1.52243e-11
      15.0000      395.409  2.20728e-09      0.00000  1.31240e-11
      16.0000      395.409  2.18246e-09      0.00000  1.30451e-11
      15.0000      395.739  2.16402e-09      0.00000  1.33852e-11
      16.0000      395.739  2.13355e-09      0.00000  1.23414e-11
      15.0000      396.069  2.23391e-09      0.00000  1.25388e-11
      16.0000      396.069  2.19314e-09      0.00000  1.15391e-11
      15.0000      396.399  2.17371e-09      0.00000  1.21184e-11
      16.0000      396.399  2.21246e-09      0.00000  1.19421e-11
      16.0000      396.729  2.08545e-09      0.00000  1.43505e-11
      16.0000      397.060  2.04154e-09      258.000  1.44896e-11
      16.0000      397.392  2.12025e-09      0.00000  1.27432e-11
      16.0000      397.722  2.08924e-09      0.00000  1.16329e-11
      16.0000      398.054  2.06455e-09      0.00000  1.18115e-11
      16.0000      398.386  2.10658e-09      0.00000  1.07712e-11
      16.0000      398.718  2.13706e-09      0.00000  1.02035e-11
      16.0000      399.050  2.03391e-09      0.00000  1.10607e-11
      16.0000      399.383  2.00855e-09      0.00000  1.21871e-11
      16.0000      399.717  2.03783e-09      0.00000  1.13471e-11
      16.0000      400.050  1.98865e-09      0.00000  1.04810e-11
      16.0000      400.383  1.92738e-09      0.00000  1.06966e-11
      16.0000      400.716  1.96590e-09      0.00000  1.03556e-11
      16.0000      401.051  1.99178e-09      0.00000  9.61249e-12
      16.0000      401.386  1.94957e-09      0.00000  9.93331e-12
      16.0000      401.719  1.93682e-09      0.00000  1.02316e-11
      16.0000      402.055  1.98119e-09      0.00000  9.91407e-12
      16.0000      402.390  1.94275e-09      0.00000  1.01305e-11
      16.0000      402.726  1.85052e-09      0.00000  1.06246e-11
      16.0000      403.062  1.86125e-09      0.00000  1.00222e-11
      16.0000      403.397  1.88851e-09      0.00000  9.00675e-12
      16.0000      403.734  1.82642e-09      0.00000  9.03337e-12
      16.0000      404.070  1.82446e-09      0.00000  9.28083e-12
      16.0000      404.406  1.87310e-09      0.00000  8.71777e-12
      16.0000      404.744  1.84353e-09      0.00000  8.50736e-12
      16.0000      405.081  1.79621e-09      0.00000  8.97361e-12
      16.0000      405.420  1.83634e-09      0.00000  8.93714e-12
      16.0000      405.757  1.82942e-09      0.00000  8.82066e-12
      16.0000      406.095  1.73365e-09      0.00000  9.78340e-12
      16.0000      406.435  1.70132e-09      0.00000  1.04242e-11
      16.0000      406.774  1.74808e-09      0.00000  9.62378e-12
      16.0000      407.111  1.73250e-09      0.00000  9.08981e-12
      16.0000      407.451  1.67548e-09      0.00000  9.18633e-12
      16.0000      407.790  1.74218e-09      0.00000  8.85220e-12
      16.0000      408.132  1.75756e-09      0.00000  7.75286e-12
      16.0000      408.472  1.68945e-09      0.00000  7.51394e-12
      16.0000      408.812  1.66896e-09      0.00000  7.53638e-12
      16.0000      409.152  1.69523e-09      0.00000  7.22033e-12
      16.0000      409.494  1.63079e-09      0.00000  7.55881e-12
      16.0000      409.834  1.56490e-09      0.00000  8.71748e-12
      16.0000      410.177  1.61448e-09      0.00000  9.11427e-12
      16.0000      410.519  1.64898e-09      0.00000  9.24002e-12
      16.0000      410.862  1.58580e-09      0.00000  1.03437e-11
      16.0000      411.203  1.61772e-09      0.00000  1.08618e-11
      16.0000      411.546  1.66145e-09      0.00000  9.89931e-12
      16.0000      411.889  1.60572e-09      0.00000  9.40224e-12
      16.0000      412.233  1.53407e-09      0.00000  9.54029e-12
      16.0000      412.577  1.55867e-09      0.00000  9.14292e-12
      16.0000      412.919  1.56963e-09      0.00000  8.48595e-12
      16.0000      413.264  1.45796e-09      0.00000  8.78679e-12
      16.0000      413.609  1.47940e-09      0.00000  9.48515e-12
      16.0000      413.954  1.53734e-09      0.00000  8.87449e-12
      16.0000      414.298  1.50790e-09      0.00000  8.44919e-12
      16.0000      414.644  1.48636e-09      0.00000  8.62588e-12
      16.0000      414.989  1.52133e-09      0.00000  8.08814e-12
      16.0000      415.336  1.50033e-09      0.00000  7.32148e-12
      17.0000      415.336  1.48030e-09      0.00000  2.07832e-11
      16.0000      415.683  1.43874e-09      0.00000  7.48761e-12
      17.0000      415.683  1.35827e-09      2.00000  2.01673e-11
      16.0000      416.029  1.44730e-09      0.00000  7.80148e-12
      17.0000      416.029  1.33668e-09      2.00000  1.98998e-11
      16.0000      416.375  1.45419e-09      0.00000  7.68456e-12
      17.0000      416.375  1.40483e-09      2.00000  2.01323e-11
      16.0000      416.722  1.40465e-09      0.00000  8.04719e-12
      17.0000      416.722  1.35183e-09      2.00000  2.14811e-11
      16.0000      417.070  1.39931e-09      0.00000  8.63659e-12
      17.0000      417.070  1.38187e-09      2.00000  2.21458e-11
      16.0000      417.418  1.44928e-09      0.00000  8.53515e-12
      17.0000      417.418  1.53072e-09      2.00000  1.89003e-11
      16.0000      417.767  1.43817e-09      0.00000  8.18264e-12
      17.0000      417.767  1.40919e-09      2.00000  1.59154e-11
      16.0000      418.114  1.40522e-09      0.00000  8.31317e-12
      17.0000      418.114  1.35752e-09      2.00000  1.61636e-11
      16.0000      418.463  1.41892e-09      0.00000  8.11072e-12
      17.0000      418.463  1.37023e-09      2.00000  1.64083e-11
      16.0000      418.811  1.42352e-09      0.00000  7.71408e-12
      17.0000      418.811  1.39570e-09      2.00000  1.53386e-11
      16.0000      419.161  1.33917e-09      0.00000  8.05414e-12
      17.0000      419.161  1.36513e-09      2.00000  1.54622e-11
      16.0000      419.511  1.31713e-09      0.00000  8.59231e-12
      17.0000      419.511  1.29295e-09      0.00000  1.41217e-11
      16.0000      419.859  1.34851e-09      0.00000  8.68275e-12
      17.0000      419.859  1.31663e-09      0.00000  1.26043e-11
      16.0000      420.210  1.31877e-09      0.00000  8.95986e-12
      17.0000      420.210  1.29192e-09      0.00000  1.25166e-11
      16.0000      420.560  1.28770e-09      0.00000  9.48645e-12
      17.0000      420.560  1.27820e-09      0.00000  1.40120e-11
      16.0000      420.911  1.30847e-09      0.00000  9.38371e-12
      17.0000      420.911  1.29708e-09      0.00000  1.39547e-11
      16.0000      421.262  1.31338e-09      0.00000  8.96102e-12
      17.0000      421.262  1.29687e-09      0.00000  1.34072e-11
      16.0000      421.614  1.27377e-09      0.00000  9.36316e-12
      17.0000      421.614  1.25668e-09      0.00000  1.27567e-11
      16.0000      421.964  1.28204e-09      0.00000  9.55070e-12
      17.0000      421.964  1.25172e-09      0.00000  1.10706e-11
      16.0000      422.317  1.28755e-09      0.00000  8.97665e-12
      17.0000      422.317  1.25555e-09      0.00000  9.50628e-12
      17.0000      422.669  1.21608e-09      0.00000  9.68789e-12
      17.0000      423.021  1.19845e-09      0.00000  1.06514e-11
      17.0000      423.374  1.23358e-09      0.00000  1.09306e-11
      17.0000      423.727  1.23187e-09      0.00000  1.17424e-11
      17.0000      424.079  1.16838e-09      0.00000  1.22004e-11
      17.0000      424.434  1.20164e-09      0.00000  1.04663e-11
      17.0000      424.787  1.22096e-09      0.00000  8.81545e-12
      17.0000      425.141  1.17274e-09      0.00000  8.55092e-12
      17.0000      425.496  1.16536e-09      0.00000  8.31693e-12
      17.0000      425.851  1.18773e-09      0.00000  8.05269e-12
      17.0000      426.205  1.15746e-09      0.00000  9.13105e-12
      17.0000      426.561  1.15243e-09      0.00000  1.03288e-11
      17.0000      426.916  1.18267e-09      0.00000  1.01562e-11
      17.0000      427.272  1.14206e-09      0.00000  9.66748e-12
      17.0000      427.628  1.12009e-09      0.00000  9.21788e-12
      17.0000      427.985  1.13890e-09      0.00000  8.14313e-12
      17.0000      428.343  1.13160e-09      0.00000  7.02223e-12
      17.0000      428.699  1.08343e-09      0.00000  7.04799e-12
      17.0000      429.056  1.08373e-09      0.00000  7.15594e-12
      17.0000      429.415  1.10203e-09      0.00000  7.02454e-12
      17.0000      429.771  1.06225e-09      0.00000  7.63767e-12
      17.0000      430.130  1.05957e-09      0.00000  8.42314e-12
      17.0000      430.489  1.10484e-09      0.00000  8.37322e-12
      17.0000      430.847  1.06363e-09      0.00000  8.48913e-12
      17.0000      431.207  1.03371e-09      0.00000  8.67247e-12
      17.0000      431.566  1.06558e-09      0.00000  7.78875e-12
      17.0000      431.926  1.05504e-09      0.00000  6.87029e-12
      17.0000      432.287  1.01492e-09      0.00000  6.85524e-12
      17.0000      432.646  1.01418e-09      0.00000  6.77623e-12
      17.0000      433.007  1.02632e-09      0.00000  6.34384e-12
      17.0000      433.368  9.97241e-10      0.00000  6.35426e-12
      17.0000      433.730  9.99914e-10      0.00000  6.43747e-12
      17.0000      434.092  1.01928e-09      0.00000  6.13459e-12
      17.0000      434.452  9.85080e-10      0.00000  6.25036e-12
      17.0000      434.815  9.67278e-10      0.00000  6.68593e-12
      17.0000      435.178  9.77256e-10      0.00000  6.53963e-12
      17.0000      435.540  9.61121e-10      0.00000  6.87405e-12
      17.0000      435.905  9.37497e-10      0.00000  7.76313e-12
      17.0000      436.268  9.68041e-10      0.00000  8.05949e-12
      17.0000      436.630  9.70597e-10      0.00000  7.89684e-12
      17.0000      436.994  9.24933e-10      0.00000  8.05168e-12
      17.0000      437.359  9.27515e-10      0.00000  7.65185e-12
      17.0000      437.723  9.41077e-10      0.00000  6.86088e-12
      17.0000      438.089  9.02040e-10      0.00000  6.83758e-12
      17.0000      438.454  8.91973e-10      0.00000  6.93019e-12
      17.0000      438.820  9.08349e-10      0.00000  6.51286e-12
      17.0000      439.186  8.99717e-10      0.00000  6.41475e-12
      17.0000      439.551  8.88811e-10      0.00000  6.64049e-12
      18.0000      439.551  8.37707e-10      0.00000  2.56876e-11
      17.0000      439.918  9.04116e-10      0.00000  6.42357e-12
      18.0000      439.918  8.70559e-10      0.00000  2.17902e-11
      17.0000      440.284  8.81093e-10      0.00000  6.23111e-12
      18.0000      440.284  8.78617e-10      0.00000  2.12772e-11
      17.0000      440.651  8.42076e-10      0.00000  6.92614e-12
      18.0000      440.651  8.70407e-10      0.00000  2.40419e-11
      17.0000      441.018  8.59377e-10      0.00000  6.63702e-12
      18.0000      441.018  8.60885e-10      0.00000  2.15740e-11
      17.0000      441.386  8.63373e-10      0.00000  5.91029e-12
      18.0000      441.386  8.45380e-10      2.00000  1.71037e-11
      17.0000      441.755  8.44756e-10      0.00000  6.25745e-12
      18.0000      441.755  8.27303e-10      2.00000  1.64886e-11
      17.0000      442.124  8.56876e-10      0.00000  6.36829e-12
      18.0000      442.124  8.33035e-10      2.00000  1.54895e-11
      17.0000      442.492  8.48486e-10      0.00000  6.16889e-12
      18.0000      442.492  8.31126e-10      2.00000  1.51125e-11
      17.0000      442.860  8.33966e-10      0.00000  6.31316e-12
      18.0000      442.860  8.04669e-10      2.00000  1.69324e-11
      17.0000      443.229  8.49275e-10      0.00000  6.38653e-12
      18.0000      443.229  8.19805e-10      2.00000  1.63851e-11
      17.0000      443.599  8.43440e-10      0.00000  6.15369e-12
      18.0000      443.599  8.21441e-10      0.00000  1.32577e-11
      17.0000      443.969  8.09571e-10      0.00000  6.23184e-12
      18.0000      443.969  7.95004e-10      0.00000  1.15660e-11
      17.0000      444.340  7.98268e-10      0.00000  6.42531e-12
      18.0000      444.340  7.72018e-10      0.00000  1.10764e-11
      17.0000      444.709  8.03401e-10      0.00000  6.36786e-12
      18.0000      444.709  7.78397e-10      0.00000  1.06123e-11
      17.0000      445.079  7.74128e-10      0.00000  6.61488e-12
      18.0000      445.079  7.62679e-10      0.00000  1.14507e-11
      17.0000      445.452  7.76427e-10      0.00000  7.05262e-12
      18.0000      445.452  7.63106e-10      0.00000  1.31021e-11
      17.0000      445.824  8.08109e-10      0.00000  6.97086e-12
      18.0000      445.824  7.52000e-10      0.00000  1.21275e-11
      17.0000      446.194  7.90511e-10      0.00000  6.86392e-12
      18.0000      446.194  7.76835e-10      0.00000  1.03038e-11
      17.0000      446.566  7.78226e-10      0.00000  7.03901e-12
      18.0000      446.566  7.72367e-10      0.00000  9.56489e-12
      17.0000      446.939  7.95915e-10      0.00000  6.97679e-12
      18.0000      446.939  7.79457e-10      0.00000  8.41171e-12
      17.0000      447.311  7.85444e-10      0.00000  6.88982e-12
      18.0000      447.311  7.76068e-10      0.00000  8.05703e-12
      17.0000      447.684  7.66241e-10      0.00000  7.23278e-12
      18.0000      447.684  7.61587e-10      0.00000  8.92817e-12
      17.0000      448.057  7.72733e-10      0.00000  7.49890e-12
      18.0000      448.057  7.59240e-10      0.00000  9.36085e-12
      17.0000      448.431  7.53489e-10      0.00000  7.77948e-12
      18.0000      448.431  7.61339e-10      0.00000  9.62566e-12
      18.0000      448.805  7.38391e-10      0.00000  9.69310e-12
      18.0000      449.180  7.26002e-10      0.00000  8.43400e-12
      18.0000      449.553  7.23513e-10      0.00000  7.09256e-12
      18.0000      449.928  7.18053e-10      0.00000  6.64121e-12
      18.0000      450.302  7.24483e-10      0.00000  6.46076e-12
      18.0000      450.678  7.32180e-10      0.00000  6.66335e-12
      18.0000      451.054  6.87163e-10      0.00000  7.31208e-12
      18.0000      451.431  6.87587e-10      0.00000  8.07845e-12
      18.0000      451.806  7.16649e-10      0.00000  8.49419e-12
      18.0000      452.184  7.15189e-10      0.00000  8.05399e-12
      18.0000      452.560  6.95425e-10      0.00000  7.56966e-12
      18.0000      452.938  7.15813e-10      0.00000  6.70503e-12
      18.0000      453.315  6.84259e-10      0.00000  5.79091e-12
      18.0000      453.694  6.64986e-10      0.00000  5.80437e-12
      18.0000      454.071  6.80274e-10      0.00000  5.70713e-12
      18.0000      454.450  6.59808e-10      0.00000  6.15427e-12
      18.0000      454.829  6.47894e-10      0.00000  6.94380e-12
      18.0000      455.208  6.68913e-10      0.00000  6.90342e-12
      18.0000      455.587  6.54768e-10      0.00000  7.09632e-12
      18.0000      455.967  6.28057e-10      0.00000  7.60829e-12
      18.0000      456.348  6.57467e-10      0.00000  6.84829e-12
      18.0000      456.727  6.50533e-10      0.00000  5.99119e-12
      18.0000      457.109  6.09350e-10      0.00000  6.04704e-12
      18.0000      457.490  6.31640e-10      0.00000  6.05905e-12
      18.0000      457.871  6.47749e-10      0.00000  5.79106e-12
      18.0000      458.253  6.04971e-10      0.00000  6.00710e-12
      18.0000      458.636  6.14479e-10      0.00000  5.88208e-12
      18.0000      459.017  6.27367e-10      0.00000  5.35621e-12
      18.0000      459.400  6.02022e-10      0.00000  5.36605e-12
      18.0000      459.783  6.02841e-10      0.00000  5.20991e-12
      18.0000      460.166  5.97524e-10      0.00000  5.16389e-12
      18.0000      460.549  5.73554e-10      0.00000  5.88584e-12
      18.0000      460.934  5.72214e-10      0.00000  6.60200e-12
      18.0000      461.318  5.93660e-10      0.00000  6.80647e-12
      18.0000      461.702  5.64938e-10      0.00000  7.31121e-12
      18.0000      462.088  5.70015e-10      0.00000  7.66430e-12
      18.0000      462.473  5.95765e-10      0.00000  6.86710e-12
      18.0000      462.858  5.62804e-10      0.00000  6.42719e-12
      18.0000      463.244  5.50871e-10      0.00000  6.35165e-12
      18.0000      463.631  5.70561e-10      0.00000  6.05211e-12
      19.0000      463.631  5.58430e-10      2.00000  3.51502e-11
      18.0000      464.018  5.38731e-10      0.00000  5.98583e-12
      19.0000      464.018  5.09104e-10      1.00000  3.56605e-11
      18.0000      464.403  5.31466e-10      0.00000  6.63123e-12
      19.0000      464.403  5.04516e-10      1.00000  3.29505e-11
      18.0000      464.792  5.41815e-10      0.00000  6.44513e-12
      19.0000      464.792  5.27250e-10      1.00000  2.80449e-11
      18.0000      465.179  5.33020e-10      0.00000  6.20130e-12
      19.0000      465.179  5.53454e-10      0.00000  2.64650e-11
      18.0000      465.567  5.23964e-10      0.00000  6.08394e-12
      19.0000      465.567  5.61189e-10      0.00000  2.60438e-11
      18.0000      465.955  5.48195e-10      0.00000  5.64751e-12
      19.0000      465.955  5.33184e-10      0.00000  2.29857e-11
      18.0000      466.342  5.36412e-10      0.00000  5.66617e-12
      19.0000      466.342  5.31580e-10      1.00000  2.04193e-11
      18.0000      466.731  5.16532e-10      0.00000  5.34304e-12
      19.0000      466.731  5.56280e-10      0.00000  1.84310e-11
      18.0000      467.122  5.12291e-10      0.00000  5.51293e-12
      19.0000      467.122  5.29507e-10      0.00000  1.58514e-11
      18.0000      467.510  4.95327e-10      0.00000  5.82304e-12
      19.0000      467.510  5.21016e-10      0.00000  1.61469e-11
      18.0000      467.900  4.86890e-10      0.00000  6.42372e-12
      19.0000      467.900  5.16758e-10      2.00000  1.84641e-11
      18.0000      468.290  5.00984e-10      0.00000  6.46814e-12
      19.0000      468.290  6.66363e-10      2.00000  1.98720e-11
      18.0000      468.680  4.99383e-10      0.00000  6.19812e-12
      19.0000      468.680  5.82693e-10      2.00000  1.81335e-11
      18.0000      469.072  4.99190e-10      0.00000  6.03460e-12
      19.0000      469.072  5.13621e-10      2.00000  1.62990e-11
      18.0000      469.462  5.10371e-10      0.00000  5.69309e-12
      19.0000      469.462  5.20372e-10      0.00000  1.22389e-11
      18.0000      469.854  4.85798e-10      0.00000  5.72391e-12
      19.0000      469.854  5.08238e-10      0.00000  1.11274e-11
      18.0000      470.245  4.72021e-10      0.00000  6.20174e-12
      19.0000      470.245  4.66384e-10      0.00000  1.17665e-11
      18.0000      470.637  4.76340e-10      0.00000  6.62530e-12
      19.0000      470.637  4.87621e-10      0.00000  1.22278e-11
      18.0000      471.029  4.62273e-10      0.00000  7.22873e-12
      19.0000      471.029  4.70043e-10      0.00000  1.39676e-11
      18.0000      471.422  4.46376e-10      0.00000  7.85719e-12
      19.0000      471.422  4.52585e-10      2.00000  1.55224e-11
      18.0000      471.816  4.71975e-10      0.00000  7.72913e-12
      19.0000      471.816  4.77998e-10      0.00000  1.31794e-11
      18.0000      472.208  4.78521e-10      0.00000  7.34681e-12
      19.0000      472.208  4.66083e-10      0.00000  1.05825e-11
      18.0000      472.603  4.63111e-10      0.00000  7.29544e-12
      19.0000      472.603  4.58601e-10      0.00000  9.66198e-12
      18.0000      472.997  4.74003e-10      0.00000  7.02049e-12
      19.0000      472.997  4.71924e-10      0.00000  8.50534e-12
      18.0000      473.391  4.49313e-10      0.00000  7.26201e-12
      19.0000      473.391  4.53918e-10      0.00000  8.58160e-12
      18.0000      473.785  4.21507e-10      0.00000  8.36888e-12
      19.0000      473.785  4.33493e-10      0.00000  1.02253e-11
      18.0000      474.181  4.35413e-10      0.00000  9.18315e-12
      19.0000      474.181  4.52453e-10      0.00000  1.09589e-11
      18.0000      474.577  4.32094e-10      0.00000  9.80640e-12
      19.0000      474.577  4.55669e-10      0.00000  1.18021e-11
      19.0000      474.971  4.23736e-10      0.00000  1.19238e-11
      19.0000      475.367  4.52539e-10      0.00000  9.37489e-12
      19.0000      475.765  4.43507e-10      0.00000  7.71668e-12
      19.0000      476.161  4.37004e-10      0.00000  7.44694e-12
      19.0000      476.558  4.43845e-10      0.00000  7.15854e-12
      19.0000      476.954  4.34882e-10      0.00000  7.60858e-12
      19.0000      477.352  4.16415e-10      0.00000  8.66929e-12
      19.0000      477.751  4.27097e-10      0.00000  8.94235e-12
      19.0000      478.149  4.24908e-10      0.00000  9.01616e-12
      19.0000      478.547  4.14189e-10      0.00000  9.21223e-12
      19.0000      478.946  4.37038e-10      0.00000  7.86486e-12
      19.0000      479.345  4.28512e-10      0.00000  6.95740e-12
      19.0000      479.745  3.94720e-10      0.00000  6.82919e-12
      19.0000      480.146  4.00833e-10      0.00000  6.60880e-12
      19.0000      480.545  3.92901e-10      0.00000  6.64527e-12
      19.0000      480.945  3.84581e-10      0.00000  6.68506e-12
      19.0000      481.348  4.04653e-10      0.00000  6.30173e-12
      19.0000      481.749  3.94451e-10      0.00000  6.02172e-12
      19.0000      482.151  3.93739e-10      0.00000  6.18365e-12
      19.0000      482.551  3.96317e-10      0.00000  5.93055e-12
      19.0000      482.954  3.64067e-10      0.00000  6.42068e-12
      19.0000      483.356  3.87080e-10      0.00000  7.33118e-12
      19.0000      483.760  4.10334e-10      0.00000  7.97195e-12
      19.0000      484.163  3.64465e-10      0.00000  7.97990e-12
      19.0000      484.567  3.75342e-10      0.00000  7.36576e-12
      19.0000      484.971  3.77671e-10      0.00000  6.37944e-12
      19.0000      485.376  3.68684e-10      0.00000  5.90639e-12
      19.0000      485.779  3.74404e-10      0.00000  5.64837e-12
      19.0000      486.185  3.64973e-10      0.00000  5.31121e-12
      19.0000      486.590  3.50175e-10      0.00000  5.56372e-12
      19.0000      486.995  3.52110e-10      0.00000  5.81276e-12
      19.0000      487.401  3.58811e-10      0.00000  5.87282e-12
      19.0000      487.807  3.56694e-10      0.00000  5.84865e-12
      19.0000      488.215  3.56625e-10      0.00000  5.53405e-12
      20.0000      488.215  2.87156e-10      3.00000  5.83728e-11
      19.0000      488.622  3.50758e-10      0.00000  5.28371e-12
      20.0000      488.622  3.79216e-10      2.00000  5.39570e-11
      19.0000      489.029  3.46643e-10      0.00000  5.35505e-12
      20.0000      489.029  3.26175e-10      2.00000  4.47383e-11
      19.0000      489.436  3.46164e-10      0.00000  5.45548e-12
      20.0000      489.436  2.76207e-10      2.00000  3.53079e-11
      19.0000      489.845  3.35432e-10      0.00000  5.93866e-12
      20.0000      489.845  3.08253e-10      0.00000  3.22604e-11
      19.0000      490.254  3.35437e-10      0.00000  6.56524e-12
      20.0000      490.254  2.93911e-10      2.00000  3.39959e-11
      19.0000      490.663  3.33468e-10      0.00000  6.61473e-12
      20.0000      490.663  3.18583e-10      2.00000  3.37503e-11
      19.0000      491.070  3.24422e-10      0.00000  7.14914e-12
      20.0000      491.070  3.08894e-10      0.00000  3.43432e-11
      19.0000      491.480  3.29034e-10      0.00000  6.76783e-12
      20.0000      491.480  2.92433e-10      2.00000  3.00676e-11
      19.0000      491.889  3.37693e-10      0.00000  6.43558e-12
      20.0000      491.889  3.67751e-10      2.00000  2.20856e-11
      19.0000      492.300  3.26037e-10      0.00000  6.56495e-12
      20.0000      492.300  3.16408e-10      2.00000  1.96444e-11
      19.0000      492.710  3.34359e-10      0.00000  6.97563e-12
      20.0000      492.710  3.09053e-10      0.00000  1.86732e-11
      19.0000      493.121  3.33825e-10      0.00000  7.30122e-12
      20.0000      493.121  3.07949e-10      0.00000  1.88321e-11
      19.0000      493.532  3.00230e-10      0.00000  8.13879e-12
      20.0000      493.532  2.98005e-10      2.00000  2.14141e-11
      19.0000      493.944  3.14973e-10      0.00000  8.57147e-12
      20.0000      493.944  3.15431e-10      2.00000  2.12153e-11
      19.0000      494.354  3.15681e-10      0.00000  8.16296e-12
      20.0000      494.354  3.19153e-10      2.00000  1.80806e-11
      19.0000      494.768  3.00774e-10      0.00000  8.37496e-12
      20.0000      494.768  2.92924e-10      2.00000  1.52215e-11
      19.0000      495.179  3.02661e-10      0.00000  8.10320e-12
      20.0000      495.179  2.96630e-10      0.00000  1.26993e-11
      19.0000      495.592  2.50234e-10      0.00000  8.19002e-12
      20.0000      495.592  2.77346e-10      0.00000  1.17475e-11
      19.0000      496.005  2.50249e-10      0.00000  8.81024e-12
      20.0000      496.005  2.96778e-10      0.00000  1.27780e-11
      19.0000      496.418  2.81018e-10      0.00000  9.05277e-12
      20.0000      496.418  3.04224e-10      0.00000  1.33655e-11
      19.0000      496.833  2.65888e-10      0.00000  9.41671e-12
      20.0000      496.833  3.10487e-10      2.00000  1.47427e-11
      19.0000      497.248  2.75379e-10      0.00000  1.01279e-11
      20.0000      497.248  3.00743e-10      0.00000  1.37442e-11
      19.0000      497.661  2.86928e-10      0.00000  9.73390e-12
      20.0000      497.661  3.14036e-10      0.00000  1.13765e-11
      19.0000      498.077  2.78714e-10      0.00000  9.28604e-12
      20.0000      498.077  3.05334e-10      0.00000  9.54723e-12
      19.0000      498.492  2.77588e-10      0.00000  9.70048e-12
      20.0000      498.492  3.08003e-10      0.00000  8.94149e-12
      19.0000      498.907  2.81354e-10      0.00000  9.14755e-12
      20.0000      498.907  3.00814e-10      0.00000  8.35296e-12
      19.0000      499.323  2.76923e-10      0.00000  9.64288e-12
      20.0000      499.323  3.13038e-10      0.00000  8.95972e-12
      19.0000      499.740  2.69852e-10      0.00000  1.06214e-11
      20.0000      499.740  3.28988e-10      0.00000  9.98338e-12
      19.0000      500.158  2.64919e-10      0.00000  1.05168e-11
      20.0000      500.158  3.12949e-10      0.00000  1.00689e-11
      19.0000      500.573  2.48924e-10      0.00000  1.07777e-11
      20.0000      500.573  3.00468e-10      0.00000  1.01628e-11
      19.0000      500.992  2.58616e-10      0.00000  1.05835e-11
      20.0000      500.992  2.85606e-10      0.00000  9.13829e-12
      20.0000      501.409  2.99088e-10      0.00000  7.65778e-12
      20.0000      501.827  2.88109e-10      0.00000  7.05363e-12
      20.0000      502.245  2.82012e-10      0.00000  6.90053e-12
      20.0000      502.664  2.71287e-10      0.00000  6.70445e-12
      20.0000      503.081  2.61782e-10      0.00000  6.99213e-12
      20.0000      503.502  2.86804e-10      0.00000  7.11629e-12
      20.0000      503.921  2.77497e-10      0.00000  6.96927e-12
      20.0000      504.342  2.70954e-10      0.00000  7.17735e-12
      20.0000      504.762  2.74050e-10      0.00000  7.16563e-12
      20.0000      505.183  2.59435e-10      0.00000  7.10963e-12
      20.0000      505.605  2.58211e-10      0.00000  6.66871e-12
      20.0000      506.027  2.57212e-10      0.00000  6.45223e-12
      20.0000      506.447  2.51389e-10      0.00000  6.18249e-12
      20.0000      506.871  2.59270e-10      0.00000  5.73911e-12
      20.0000      507.292  2.55907e-10      0.00000  5.27040e-12
      20.0000      507.715  2.57708e-10      0.00000  5.00442e-12
      20.0000      508.138  2.64164e-10      0.00000  4.95913e-12
      20.0000      508.562  2.49187e-10      0.00000  5.24869e-12
      20.0000      508.986  2.43209e-10      0.00000  5.63072e-12
      20.0000      509.411  2.43465e-10      0.00000  5.97990e-12
      20.0000      509.835  2.37221e-10      0.00000  6.22995e-12
      20.0000      510.261  2.44815e-10      0.00000  6.24992e-12
      20.0000      510.686  2.29268e-10      0.00000  6.18263e-12
      20.0000      511.112  2.35295e-10      0.00000  6.19855e-12
      20.0000      511.538  2.20474e-10      0.00000  6.10261e-12
      20.0000      511.965  2.19799e-10      0.00000  6.05558e-12
      20.0000      512.392  2.24511e-10      0.00000  6.11867e-12
      20.0000      512.818  2.25830e-10      0.00000  5.92723e-12
      20.0000      513.244  2.24227e-10      0.00000  5.73013e-12
      20.0000      513.674  2.20785e-10      0.00000  5.32524e-12
      20.0000      514.102  2.18838e-10      0.00000  5.14711e-12
      20.0000      514.530  2.13990e-10      0.00000  5.17923e-12
      20.0000      514.960  2.25819e-10      0.00000  5.54621e-12
      20.0000      515.390  2.14038e-10      0.00000  6.29044e-12
      20.0000      515.818  2.04265e-10      0.00000  6.79026e-12
      20.0000      516.249  2.07277e-10      0.00000  7.40093e-12
      20.0000      516.678  2.09985e-10      0.00000  7.95805e-12
      20.0000      517.109  2.08499e-10      0.00000  7.98671e-12
      20.0000      517.539  1.90096e-10      0.00000  9.18459e-12
      20.0000      517.971  2.41845e-10      0.00000  1.06819e-11
      20.0000      518.403  2.42439e-10      0.00000  1.25570e-11
      20.0000      518.836  1.53876e-10      0.00000  1.61259e-11
      20.0000      519.267  1.24391e-10      2.00000  1.77895e-11
      20.0000      519.702  1.12967e-10      2.00000  1.84275e-11
      20.0000      520.134  1.27365e-10      2.00000  2.06962e-11
      20.0000      520.568  1.39711e-10      2.00000  2.04002e-11
      20.0000      521.002  1.52816e-10      0.00000  2.24758e-11
      20.0000      521.436  8.14598e-11      0.00000  2.99391e-11
      20.0000      521.872  4.43941e-11      0.00000  3.30948e-11
      20.0000      522.308  9.01405e-11      0.00000  4.08565e-11
      20.0000      522.742  3.78464e-11      0.00000  4.53078e-11
      20.0000      523.177  5.96380e-11      0.00000  4.16761e-11
      20.0000      523.615  7.67341e-11      2.00000  4.53509e-11
      20.0000      524.051  7.96754e-11      2.00000  4.90175e-11
      20.0000      524.488  8.52083e-11      0.00000  4.84368e-11
      20.0000      524.923 -8.01455e-11      0.00000  6.17346e-11
      20.0000      525.362 -5.06154e-11      0.00000  7.76983e-11
      20.0000      525.801 -6.49907e-11      2.00000  8.15267e-11
      20.0000      526.238 -2.06338e-10      2.00000  8.86990e-11
      20.0000      526.676 -2.20284e-10      3.00000  8.14283e-11
