      11.0000      271.534  2.61828e-08      258.000  1.87961e-10
      11.0000      271.761  3.92434e-08      258.000  3.71366e-10
      11.0000      271.987  2.79665e-08      0.00000  2.00899e-10
      11.0000      272.214  2.30571e-08      0.00000  1.63847e-10
      11.0000      272.441  2.85218e-08      256.000  2.22992e-10
      11.0000      272.668  2.58142e-08      258.000  3.69164e-10
      11.0000      272.895  2.78251e-08      258.000  3.80179e-10
      11.0000      273.123  2.58173e-08      258.000  1.99960e-10
      11.0000      273.350  3.22210e-08      258.000  5.65218e-10
      11.0000      273.578  2.42574e-08      258.000  1.54364e-10
      11.0000      273.806  2.69660e-08      258.000  3.50142e-10
      11.0000      274.035  2.98757e-08      258.000  1.93850e-10
      11.0000      274.263  2.72221e-08      256.000  1.69037e-10
      11.0000      274.492  2.85835e-08      0.00000  1.70092e-10
      11.0000      274.721  2.52678e-08      0.00000  1.42898e-10
      11.0000      274.950  2.28906e-08      2.00000  1.31714e-10
      11.0000      275.179  2.64182e-08      2.00000  1.47262e-10
      11.0000      275.409  2.69648e-08      256.000  1.49101e-10
      11.0000      275.638  2.11799e-08      258.000  1.33446e-10
      11.0000      275.867  2.21618e-08      258.000  1.38994e-10
      11.0000      276.097  2.59273e-08      256.000  1.73755e-10
      11.0000      276.328  2.18176e-08      256.000  1.26965e-10
      11.0000      276.558  2.15990e-08      258.000  1.35906e-10
      11.0000      276.789  2.07513e-08      2.00000  1.01487e-10
      11.0000      277.020  2.35951e-08      258.000  1.34647e-10
      11.0000      277.250  2.18498e-08      258.000  1.09741e-10
      11.0000      277.482  2.23597e-08      2.00000  1.22497e-10
      11.0000      277.713  2.15775e-08      2.00000  1.15873e-10
      11.0000      277.945  2.13745e-08      0.00000  1.09606e-10
      11.0000      278.177  2.21095e-08      0.00000  1.17794e-10
      11.0000      278.408  2.25077e-08      0.00000  1.19765e-10
      11.0000      278.640  2.50979e-08      2.00000  1.40843e-10
      11.0000      278.872  2.43146e-08      2.00000  1.36911e-10
      11.0000      279.105  2.31555e-08      2.00000  1.29636e-10
      11.0000      279.337  2.56626e-08      0.00000  1.48143e-10
      11.0000      279.571  2.07264e-08      2.00000  1.12408e-10
      11.0000      279.804  2.19493e-08      2.00000  1.19111e-10
      11.0000      280.037  1.99726e-08      0.00000  9.52486e-11
      11.0000      280.271  2.05556e-08      2.00000  9.29349e-11
      11.0000      280.504  1.93247e-08      2.00000  8.12953e-11
      11.0000      280.738  2.06410e-08      2.00000  8.86893e-11
      11.0000      280.971  2.01138e-08      2.00000  8.60220e-11
      11.0000      281.206  1.89009e-08      2.00000  8.29211e-11
      11.0000      281.440  2.01274e-08      2.00000  8.99998e-11
      11.0000      281.675  1.75702e-08      0.00000  7.88696e-11
      11.0000      281.910  1.79761e-08      256.000  8.60532e-11
      11.0000      282.145  1.88615e-08      258.000  8.87340e-11
      11.0000      282.381  1.87250e-08      2.00000  8.82477e-11
      11.0000      282.616  1.83890e-08      0.00000  8.17409e-11
      11.0000      282.851  1.88909e-08      0.00000  8.47789e-11
      11.0000      283.087  1.83426e-08      258.000  7.88648e-11
      11.0000      283.323  1.76359e-08      258.000  7.63226e-11
      11.0000      283.559  1.80086e-08      2.00000  7.83120e-11
      11.0000      283.796  1.80257e-08      2.00000  7.49290e-11
      11.0000      284.032  1.80125e-08      2.00000  7.66421e-11
      11.0000      284.269  1.74074e-08      8.00000  7.63405e-11
      11.0000      284.506  1.75316e-08      8.00000  7.95409e-11
      11.0000      284.743  1.70067e-08      0.00000  7.75391e-11
      11.0000      284.981  1.48398e-08      0.00000  6.55161e-11
      11.0000      285.218  1.66206e-08      2.00000  7.40061e-11
      11.0000      285.456  1.69143e-08      2.00000  7.50780e-11
      11.0000      285.694  1.65686e-08      0.00000  7.60033e-11
      11.0000      285.932  1.55482e-08      0.00000  6.85239e-11
      11.0000      286.171  1.55448e-08      2.00000  6.58511e-11
      11.0000      286.409  1.66806e-08      258.000  7.00111e-11
      11.0000      286.648  1.66721e-08      256.000  7.16275e-11
      11.0000      286.887  1.59065e-08      2.00000  6.83522e-11
      11.0000      287.126  1.55534e-08      2.00000  6.51995e-11
      11.0000      287.365  1.51953e-08      0.00000  6.15815e-11
      11.0000      287.605  1.46278e-08      0.00000  5.94601e-11
      11.0000      287.844  1.54202e-08      0.00000  6.74291e-11
      11.0000      288.085  1.56509e-08      0.00000  6.96977e-11
      11.0000      288.325  1.54957e-08      0.00000  7.06651e-11
      11.0000      288.565  1.51849e-08      0.00000  6.92812e-11
      11.0000      288.806  1.45369e-08      0.00000  6.97963e-11
      11.0000      289.047  1.38317e-08      0.00000  7.21893e-11
      11.0000      289.287  1.49842e-08      0.00000  8.00220e-11
      11.0000      289.529  1.40666e-08      2.00000  7.31727e-11
      11.0000      289.770  1.44574e-08      2.00000  7.72175e-11
      11.0000      290.011  1.42092e-08      258.000  7.72859e-11
      11.0000      290.254  1.32349e-08      0.00000  7.27306e-11
      11.0000      290.495  1.41201e-08      0.00000  7.83125e-11
      11.0000      290.737  1.39100e-08      2.00000  7.34675e-11
      11.0000      290.980  1.30296e-08      2.00000  6.67619e-11
      11.0000      291.223  1.28596e-08      2.00000  6.78611e-11
      11.0000      291.465  1.33715e-08      0.00000  7.24712e-11
      11.0000      291.708  1.36758e-08      2.00000  7.49900e-11
      11.0000      291.951  1.44092e-08      258.000  8.35451e-11
      11.0000      292.195  1.32232e-08      258.000  7.94448e-11
      11.0000      292.439  1.38122e-08      256.000  8.34195e-11
      11.0000      292.683  1.33201e-08      0.00000  8.24557e-11
      11.0000      292.926  1.23349e-08      2.00000  7.57702e-11
      11.0000      293.171  1.43035e-08      2.00000  8.77488e-11
      12.0000      295.377  1.41975e-08      256.000  7.54089e-11
      12.0000      295.624  1.37865e-08      2.00000  7.00619e-11
      12.0000      295.870  1.33678e-08      2.00000  7.61693e-11
      12.0000      296.117  1.26659e-08      2.00000  7.34101e-11
      12.0000      296.364  1.28348e-08      2.00000  7.25654e-11
      12.0000      296.611  1.23758e-08      0.00000  6.44021e-11
      12.0000      296.858  1.26532e-08      0.00000  6.30814e-11
      12.0000      297.105  1.29782e-08      2.00000  6.64713e-11
      12.0000      297.354  1.15619e-08      2.00000  6.05848e-11
      12.0000      297.601  1.21936e-08      0.00000  6.37323e-11
      12.0000      297.850  1.25584e-08      0.00000  5.75549e-11
      12.0000      298.097  1.17660e-08      2.00000  4.75521e-11
      12.0000      298.346  1.19591e-08      2.00000  5.12790e-11
      12.0000      298.595  1.18569e-08      2.00000  5.34442e-11
      12.0000      298.844  1.18951e-08      0.00000  5.57747e-11
      12.0000      299.093  1.16564e-08      2.00000  5.29600e-11
      12.0000      299.342  1.16015e-08      2.00000  4.97386e-11
      12.0000      299.592  1.10396e-08      2.00000  4.57525e-11
      12.0000      299.842  1.07561e-08      0.00000  4.51686e-11
      12.0000      300.091  1.11008e-08      0.00000  4.75553e-11
      12.0000      300.342  1.15202e-08      2.00000  4.81767e-11
      12.0000      300.592  1.08831e-08      2.00000  4.74284e-11
      12.0000      300.843  1.06017e-08      2.00000  4.68367e-11
      12.0000      301.093  1.11967e-08      258.000  6.62200e-11
      12.0000      301.345  1.17797e-08      258.000  3.53560e-10
      12.0000      301.595  1.15454e-08      2.00000  4.18544e-11
      12.0000      301.848  1.13525e-08      2.00000  3.98709e-11
      12.0000      302.099  1.09865e-08      2.00000  4.17212e-11
      12.0000      302.350  1.06361e-08      2.00000  4.31724e-11
      12.0000      302.603  1.06673e-08      0.00000  4.34153e-11
      12.0000      302.855  1.06973e-08      0.00000  4.09148e-11
      12.0000      303.107  1.06868e-08      0.00000  4.03387e-11
      12.0000      303.360  1.00496e-08      2.00000  3.90550e-11
      12.0000      303.614  1.00051e-08      2.00000  3.60073e-11
      12.0000      303.866  1.02929e-08      0.00000  3.56699e-11
      12.0000      304.120  1.03104e-08      0.00000  3.59130e-11
      12.0000      304.373  9.95094e-09      0.00000  3.68910e-11
      12.0000      304.627  9.84435e-09      2.00000  3.85682e-11
      12.0000      304.881  1.01106e-08      2.00000  3.82336e-11
      12.0000      305.135  9.87747e-09      2.00000  3.47730e-11
      12.0000      305.389  9.84438e-09      2.00000  3.38409e-11
      12.0000      305.644  9.69176e-09      2.00000  3.33042e-11
      12.0000      305.899  9.85594e-09      2.00000  3.37593e-11
      12.0000      306.154  9.72313e-09      2.00000  3.23767e-11
      12.0000      306.409  9.77099e-09      0.00000  3.30767e-11
      12.0000      306.665  9.70431e-09      0.00000  3.49810e-11
      12.0000      306.921  9.47159e-09      2.00000  3.65173e-11
      12.0000      307.176  9.58371e-09      2.00000  3.72072e-11
      12.0000      307.432  9.28739e-09      2.00000  3.43747e-11
      12.0000      307.689  9.15494e-09      2.00000  3.35168e-11
      12.0000      307.945  9.14156e-09      256.000  3.38366e-11
      12.0000      308.202  9.47267e-09      256.000  3.57387e-11
      12.0000      308.458  9.81257e-09      2.00000  3.21896e-11
      12.0000      308.715  9.59638e-09      10.0000  2.94529e-11
      12.0000      308.973  8.90721e-09      8.00000  2.78077e-11
      12.0000      309.231  8.79965e-09      2.00000  2.91218e-11
      12.0000      309.488  8.83359e-09      2.00000  2.95787e-11
      12.0000      309.746  8.93548e-09      0.00000  2.96697e-11
      12.0000      310.004  8.88868e-09      0.00000  3.02490e-11
      12.0000      310.263  8.61862e-09      0.00000  3.09732e-11
      12.0000      310.522  8.72511e-09      2.00000  3.21768e-11
      12.0000      310.781  8.91830e-09      2.00000  3.15293e-11
      12.0000      311.040  8.88419e-09      0.00000  2.99575e-11
      12.0000      311.300  8.89123e-09      0.00000  3.07162e-11
      12.0000      311.559  8.63115e-09      0.00000  3.13195e-11
      12.0000      311.819  8.69715e-09      2.00000  3.15807e-11
      12.0000      312.079  8.84530e-09      2.00000  3.09425e-11
      12.0000      312.339  8.49593e-09      2.00000  2.93333e-11
      12.0000      312.599  8.30049e-09      2.00000  3.08483e-11
      12.0000      312.860  8.25205e-09      2.00000  3.15406e-11
      12.0000      313.120  8.46376e-09      2.00000  3.12220e-11
      12.0000      313.381  8.28034e-09      2.00000  2.90580e-11
      12.0000      313.643  8.02846e-09      2.00000  2.80999e-11
      12.0000      313.905  7.98245e-09      0.00000  2.91459e-11
      12.0000      314.166  8.05230e-09      2.00000  3.11926e-11
      12.0000      314.428  8.14601e-09      2.00000  3.22886e-11
      12.0000      314.690  8.15585e-09      2.00000  3.16008e-11
      12.0000      314.953  8.11749e-09      2.00000  3.11415e-11
      12.0000      315.215  8.17038e-09      2.00000  2.99066e-11
      12.0000      315.477  8.32447e-09      2.00000  2.75806e-11
      12.0000      315.740  8.41078e-09      2.00000  2.63406e-11
      12.0000      316.004  8.41078e-09      2.00000  2.73541e-11
      12.0000      316.268  8.23303e-09      0.00000  2.96133e-11
      12.0000      316.531  7.94401e-09      2.00000  3.01391e-11
      12.0000      316.795  8.05749e-09      2.00000  2.88618e-11
      12.0000      317.059  7.81044e-09      2.00000  2.70346e-11
      12.0000      317.323  7.56691e-09      10.0000  2.82409e-11
      12.0000      317.587  7.73392e-09      8.00000  2.97277e-11
      12.0000      317.853  7.93828e-09      0.00000  2.76159e-11
      12.0000      318.118  7.60380e-09      2.00000  2.89289e-11
      12.0000      318.383  7.20141e-09      2.00000  3.33576e-11
      12.0000      318.648  7.46648e-09      0.00000  3.17627e-11
      12.0000      318.914  7.69473e-09      2.00000  2.98345e-11
      13.0000      319.180  7.50731e-09      2.00000  3.28478e-11
      13.0000      319.446  7.47482e-09      2.00000  3.30671e-11
      13.0000      319.713  7.49193e-09      2.00000  3.98761e-11
      13.0000      319.978  7.30623e-09      2.00000  4.42681e-11
      13.0000      320.246  7.39387e-09      2.00000  4.10468e-11
      13.0000      320.513  7.59437e-09      2.00000  3.46728e-11
      13.0000      320.780  7.49342e-09      0.00000  3.11959e-11
      13.0000      321.047  7.44345e-09      2.00000  3.24012e-11
      13.0000      321.315  7.53945e-09      2.00000  3.19578e-11
      13.0000      321.583  7.54947e-09      2.00000  2.91926e-11
      13.0000      321.851  7.47256e-09      0.00000  2.66984e-11
      13.0000      322.119  7.27347e-09      2.00000  2.51386e-11
      13.0000      322.387  7.20159e-09      2.00000  2.47151e-11
      13.0000      322.657  7.06491e-09      2.00000  2.45498e-11
      13.0000      322.925  7.18890e-09      2.00000  2.55028e-11
      13.0000      323.195  7.14319e-09      2.00000  2.85013e-11
      13.0000      323.464  7.06357e-09      0.00000  3.01289e-11
      13.0000      323.734  7.19459e-09      8.00000  2.76578e-11
      13.0000      324.003  7.14273e-09      8.00000  2.30716e-11
      13.0000      324.273  6.99047e-09      0.00000  2.12686e-11
      13.0000      324.544  6.74603e-09      0.00000  2.18555e-11
      13.0000      324.815  6.78817e-09      2.00000  2.25993e-11
      13.0000      325.085  7.00885e-09      2.00000  2.21343e-11
      13.0000      325.357  6.86269e-09      0.00000  2.10712e-11
      13.0000      325.628  6.60976e-09      2.00000  2.07868e-11
      13.0000      325.900  6.49362e-09      2.00000  2.04877e-11
      13.0000      326.171  6.59025e-09      2.00000  1.99106e-11
      13.0000      326.443  6.73743e-09      2.00000  2.03061e-11
      13.0000      326.715  6.67289e-09      0.00000  2.22990e-11
      13.0000      326.988  6.63778e-09      0.00000  2.51003e-11
      13.0000      327.259  6.76160e-09      0.00000  2.52120e-11
      13.0000      327.533  7.08753e-09      0.00000  2.32150e-11
      13.0000      327.805  6.80215e-09      2.00000  2.04737e-11
      13.0000      328.079  6.56434e-09      0.00000  1.89765e-11
      13.0000      328.352  6.59399e-09      2.00000  1.80291e-11
      13.0000      328.626  6.66607e-09      2.00000  1.70039e-11
      13.0000      328.900  6.47895e-09      2.00000  1.68309e-11
      13.0000      329.175  6.28769e-09      0.00000  1.92483e-11
      13.0000      329.449  6.28078e-09      2.00000  2.21375e-11
      13.0000      329.724  6.37916e-09      2.00000  2.24316e-11
      13.0000      329.998  6.42132e-09      2.00000  2.19882e-11
      13.0000      330.274  6.24899e-09      0.00000  2.19633e-11
      13.0000      330.549  6.18571e-09      2.00000  2.13791e-11
      13.0000      330.825  6.28704e-09      2.00000  1.90127e-11
      13.0000      331.101  6.33255e-09      2.00000  1.62735e-11
      13.0000      331.376  6.24161e-09      2.00000  1.55070e-11
      13.0000      331.653  6.09763e-09      2.00000  1.61078e-11
      13.0000      331.929  6.11453e-09      2.00000  1.65871e-11
      13.0000      332.206  6.22217e-09      2.00000  1.67153e-11
      13.0000      332.483  6.10236e-09      2.00000  1.79879e-11
      13.0000      332.760  5.92056e-09      2.00000  2.06809e-11
      13.0000      333.037  5.95143e-09      3.00000  2.28080e-11
      13.0000      333.316  6.19643e-09      3.00000  2.26025e-11
      13.0000      333.592  6.24147e-09      2.00000  2.14814e-11
      13.0000      333.871  6.00157e-09      2.00000  2.02770e-11
      13.0000      334.150  6.05058e-09      0.00000  2.00646e-11
      13.0000      334.428  6.20500e-09      0.00000  1.78912e-11
      13.0000      334.707  6.26872e-09      0.00000  1.57902e-11
      13.0000      334.986  6.11422e-09      2.00000  1.53748e-11
      13.0000      335.264  6.02167e-09      2.00000  1.61905e-11
      13.0000      335.545  6.03411e-09      0.00000  1.64166e-11
      13.0000      335.824  5.97483e-09      8.00000  1.62196e-11
      13.0000      336.104  5.78779e-09      8.00000  1.69900e-11
      13.0000      336.384  5.80660e-09      0.00000  1.94719e-11
      13.0000      336.665  5.90245e-09      2.00000  2.02391e-11
      13.0000      336.945  5.92790e-09      2.00000  1.91207e-11
      13.0000      337.226  5.88585e-09      10.0000  1.95732e-11
      13.0000      337.507  5.82689e-09      8.00000  2.03249e-11
      13.0000      337.789  5.65733e-09      0.00000  1.94791e-11
      13.0000      338.071  5.86392e-09      0.00000  1.87503e-11
      13.0000      338.352  5.74053e-09      2.00000  1.81035e-11
      13.0000      338.634  5.59068e-09      2.00000  1.93730e-11
      13.0000      338.916  5.38269e-09      2.00000  2.07205e-11
      13.0000      339.199  5.57730e-09      0.00000  2.14714e-11
      13.0000      339.482  5.47322e-09      0.00000  2.08036e-11
      13.0000      339.765  5.37505e-09      0.00000  2.22190e-11
      13.0000      340.048  5.58189e-09      0.00000  2.62718e-11
      13.0000      340.332  5.65781e-09      0.00000  2.32308e-11
      13.0000      340.616  5.69197e-09      2.00000  2.17014e-11
      13.0000      340.899  5.48725e-09      2.00000  2.11480e-11
      13.0000      341.184  5.46788e-09      0.00000  2.14190e-11
      13.0000      341.468  5.54436e-09      2.00000  2.04456e-11
      13.0000      341.753  5.53084e-09      2.00000  1.87394e-11
      13.0000      342.038  5.38225e-09      2.00000  1.87243e-11
      13.0000      342.323  5.22998e-09      0.00000  2.00863e-11
      13.0000      342.608  5.38089e-09      0.00000  2.16332e-11
      13.0000      342.894  5.38729e-09      0.00000  2.11369e-11
      13.0000      343.180  5.26485e-09      2.00000  2.13706e-11
      14.0000      343.180  5.31309e-09      10.0000  2.96855e-11
      13.0000      343.466  5.20363e-09      2.00000  2.32318e-11
      14.0000      343.466  5.11512e-09      10.0000  3.07346e-11
      13.0000      343.752  5.36119e-09      0.00000  2.36972e-11
      14.0000      343.752  5.15969e-09      10.0000  3.26474e-11
      13.0000      344.039  5.51011e-09      2.00000  2.23774e-11
      14.0000      344.039  5.32329e-09      0.00000  2.51205e-11
      13.0000      344.325  5.32643e-09      2.00000  2.15594e-11
      14.0000      344.325  5.27110e-09      2.00000  2.20388e-11
      13.0000      344.612  5.15583e-09      0.00000  2.28582e-11
      14.0000      344.612  5.12276e-09      2.00000  2.30230e-11
      14.0000      344.900  5.17440e-09      2.00000  2.46022e-11
      14.0000      345.187  5.31466e-09      2.00000  2.31280e-11
      14.0000      345.476  5.03654e-09      2.00000  2.12062e-11
      14.0000      345.764  4.90425e-09      0.00000  2.12532e-11
      14.0000      346.052  4.93165e-09      0.00000  2.09972e-11
      14.0000      346.340  5.07705e-09      0.00000  2.03569e-11
      14.0000      346.629  5.16518e-09      2.00000  2.19370e-11
      14.0000      346.917  4.99402e-09      2.00000  2.44330e-11
      14.0000      347.207  5.02676e-09      0.00000  2.53345e-11
      14.0000      347.496  5.15768e-09      2.00000  2.14554e-11
      14.0000      347.786  5.06044e-09      2.00000  1.80144e-11
      14.0000      348.077  4.88051e-09      0.00000  1.75517e-11
      14.0000      348.367  4.91263e-09      0.00000  1.85508e-11
      14.0000      348.657  5.00647e-09      0.00000  1.86658e-11
      14.0000      348.948  4.92500e-09      0.00000  1.97708e-11
      14.0000      349.239  4.75105e-09      1.00000  2.20808e-11
      14.0000      349.529  4.95687e-09      3.00000  2.43317e-11
      14.0000      349.820  5.18859e-09      2.00000  2.23704e-11
      14.0000      350.112  5.11905e-09      2.00000  2.03158e-11
      14.0000      350.404  4.99397e-09      2.00000  2.05576e-11
      14.0000      350.696  5.08216e-09      0.00000  2.15106e-11
      14.0000      350.989  5.32350e-09      0.00000  2.10059e-11
      14.0000      351.281  5.31791e-09      0.00000  1.98109e-11
      14.0000      351.574  4.99009e-09      0.00000  1.98073e-11
      14.0000      351.867  4.76220e-09      2.00000  1.94599e-11
      14.0000      352.161  4.70497e-09      2.00000  1.78409e-11
      14.0000      352.454  4.63167e-09      2.00000  1.58005e-11
      14.0000      352.749  4.52484e-09      0.00000  1.56132e-11
      14.0000      353.043  4.41556e-09      2.00000  1.69376e-11
      14.0000      353.337  4.49164e-09      2.00000  1.68540e-11
      14.0000      353.632  4.60652e-09      2.00000  1.64631e-11
      14.0000      353.926  4.50747e-09      2.00000  1.75422e-11
      14.0000      354.221  4.98388e-09      2.00000  2.02523e-11
      14.0000      354.517  4.75886e-09      0.00000  1.83352e-11
      14.0000      354.812  4.43177e-09      2.00000  1.48748e-11
      14.0000      355.107  4.39178e-09      0.00000  1.40921e-11
      14.0000      355.404  4.33480e-09      0.00000  1.45226e-11
      14.0000      355.700  4.32726e-09      0.00000  1.41544e-11
      14.0000      355.996  4.35351e-09      0.00000  1.34687e-11
      14.0000      356.294  4.27869e-09      0.00000  1.41873e-11
      14.0000      356.590  4.27869e-09      10.0000  1.66716e-11
      14.0000      356.888  4.41925e-09      8.00000  1.62595e-11
      14.0000      357.185  4.48201e-09      0.00000  1.57756e-11
      14.0000      357.482  4.34857e-09      0.00000  1.64909e-11
      14.0000      357.780  4.23576e-09      2.00000  1.76817e-11
      14.0000      358.079  4.27165e-09      3.00000  1.67958e-11
      14.0000      358.378  4.23010e-09      3.00000  1.47160e-11
      14.0000      358.676  4.23146e-09      0.00000  1.43444e-11
      14.0000      358.976  4.15231e-09      2.00000  1.47000e-11
      14.0000      359.275  4.24411e-09      0.00000  1.42588e-11
      14.0000      359.575  4.23674e-09      0.00000  1.32645e-11
      14.0000      359.874  4.14024e-09      0.00000  1.32892e-11
      14.0000      360.175  4.11036e-09      0.00000  1.38692e-11
      14.0000      360.475  4.19691e-09      0.00000  1.34328e-11
      14.0000      360.775  4.20963e-09      0.00000  1.28419e-11
      14.0000      361.076  4.05270e-09      0.00000  1.34339e-11
      14.0000      361.377  4.02826e-09      0.00000  1.43287e-11
      14.0000      361.678  4.11454e-09      0.00000  1.41138e-11
      14.0000      361.979  4.10217e-09      0.00000  1.41209e-11
      14.0000      362.282  4.00814e-09      2.00000  1.56543e-11
      14.0000      362.583  4.03604e-09      2.00000  1.72884e-11
      14.0000      362.886  4.10702e-09      2.00000  1.69991e-11
      14.0000      363.189  4.05009e-09      0.00000  1.64165e-11
      14.0000      363.491  3.95748e-09      0.00000  1.75367e-11
      14.0000      363.794  3.93684e-09      0.00000  1.79986e-11
      14.0000      364.097  3.98417e-09      0.00000  1.65779e-11
      14.0000      364.401  3.90614e-09      0.00000  1.54339e-11
      14.0000      364.704  3.83712e-09      0.00000  1.59699e-11
      14.0000      365.009  3.86279e-09      2.00000  1.64349e-11
      14.0000      365.313  3.87556e-09      2.00000  1.53451e-11
      14.0000      365.617  3.81823e-09      2.00000  1.47281e-11
      14.0000      365.922  3.67388e-09      2.00000  1.53684e-11
      14.0000      366.228  3.71006e-09      2.00000  1.59142e-11
      14.0000      366.533  3.79061e-09      2.00000  1.50745e-11
      14.0000      366.838  3.77079e-09      0.00000  1.46778e-11
      14.0000      367.144  3.61702e-09      2.00000  1.52616e-11
      15.0000      367.144  3.61172e-09      256.000  2.36617e-11
      14.0000      367.450  3.68556e-09      2.00000  1.58157e-11
      15.0000      367.450  3.64313e-09      2.00000  2.36117e-11
      14.0000      367.757  3.75389e-09      0.00000  1.48911e-11
      15.0000      367.757  3.74454e-09      2.00000  2.32690e-11
      14.0000      368.062  3.65106e-09      2.00000  1.45333e-11
      15.0000      368.062  3.66574e-09      2.00000  2.37211e-11
      14.0000      368.370  3.53741e-09      2.00000  1.53436e-11
      15.0000      368.370  3.56794e-09      0.00000  2.32587e-11
      14.0000      368.677  3.62954e-09      2.00000  1.60151e-11
      15.0000      368.677  3.59538e-09      0.00000  2.04867e-11
      14.0000      368.985  3.66319e-09      2.00000  1.52658e-11
      15.0000      368.985  3.62389e-09      0.00000  1.80187e-11
      14.0000      369.293  3.62988e-09      2.00000  1.54638e-11
      15.0000      369.293  3.54090e-09      0.00000  1.86624e-11
      14.0000      369.600  3.55411e-09      2.00000  1.71573e-11
      15.0000      369.600  3.45652e-09      2.00000  2.14451e-11
      14.0000      369.909  3.52829e-09      2.00000  1.71877e-11
      15.0000      369.909  3.53539e-09      2.00000  2.14128e-11
      14.0000      370.217  3.62077e-09      2.00000  1.65836e-11
      15.0000      370.217  3.55347e-09      0.00000  1.85533e-11
      14.0000      370.525  3.53065e-09      2.00000  1.68771e-11
      15.0000      370.525  3.45199e-09      0.00000  1.69571e-11
      15.0000      370.835  3.41007e-09      0.00000  1.68502e-11
      15.0000      371.143  3.47891e-09      2.00000  1.61021e-11
      15.0000      371.453  3.48546e-09      2.00000  1.65698e-11
      15.0000      371.762  3.39208e-09      2.00000  1.83116e-11
      15.0000      372.072  3.34414e-09      2.00000  1.86001e-11
      15.0000      372.383  3.36782e-09      0.00000  1.58620e-11
      15.0000      372.692  3.35029e-09      0.00000  1.35815e-11
      15.0000      373.003  3.28461e-09      0.00000  1.37380e-11
      15.0000      373.314  3.28444e-09      0.00000  1.42932e-11
      15.0000      373.626  3.31360e-09      0.00000  1.41240e-11
      15.0000      373.937  3.25505e-09      2.00000  1.50920e-11
      15.0000      374.249  3.18603e-09      0.00000  1.62855e-11
      15.0000      374.561  3.23015e-09      2.00000  1.54138e-11
      15.0000      374.873  3.26919e-09      0.00000  1.31329e-11
      15.0000      375.185  3.19780e-09      0.00000  1.24560e-11
      15.0000      375.498  3.15107e-09      0.00000  1.23819e-11
      15.0000      375.811  3.20492e-09      0.00000  1.23071e-11
      15.0000      376.125  3.21539e-09      0.00000  1.21664e-11
      15.0000      376.438  3.08815e-09      0.00000  1.33064e-11
      15.0000      376.753  3.03642e-09      0.00000  1.47812e-11
      15.0000      377.067  3.10512e-09      0.00000  1.37109e-11
      15.0000      377.381  3.11376e-09      0.00000  1.21075e-11
      15.0000      377.695  3.00397e-09      0.00000  1.16846e-11
      15.0000      378.010  2.98516e-09      0.00000  1.15371e-11
      15.0000      378.325  3.05068e-09      0.00000  1.07013e-11
      15.0000      378.640  3.02215e-09      0.00000  1.06898e-11
      15.0000      378.956  2.92641e-09      0.00000  1.16014e-11
      15.0000      379.272  2.95885e-09      0.00000  1.20954e-11
      15.0000      379.589  3.01678e-09      0.00000  1.19735e-11
      15.0000      379.905  2.91046e-09      0.00000  1.28340e-11
      15.0000      380.222  2.80373e-09      0.00000  1.29425e-11
      15.0000      380.539  2.89614e-09      0.00000  1.22113e-11
      15.0000      380.855  2.89144e-09      0.00000  1.08120e-11
      15.0000      381.173  2.72962e-09      0.00000  9.81465e-12
      15.0000      381.492  2.79719e-09      0.00000  1.07379e-11
      15.0000      381.809  2.88349e-09      0.00000  1.03075e-11
      15.0000      382.127  2.86862e-09      0.00000  9.35477e-12
      15.0000      382.446  2.76270e-09      0.00000  9.86298e-12
      15.0000      382.765  2.76781e-09      0.00000  1.04133e-11
      15.0000      383.085  2.79596e-09      0.00000  1.01721e-11
      15.0000      383.403  2.72941e-09      0.00000  1.06977e-11
      15.0000      383.723  2.64350e-09      0.00000  1.24418e-11
      15.0000      384.044  2.73327e-09      0.00000  1.34564e-11
      15.0000      384.363  2.75521e-09      0.00000  1.22336e-11
      15.0000      384.683  2.64151e-09      0.00000  1.18422e-11
      15.0000      385.005  2.63881e-09      0.00000  1.19789e-11
      15.0000      385.325  2.73196e-09      0.00000  1.10128e-11
      15.0000      385.646  2.71223e-09      0.00000  9.64766e-12
      15.0000      385.968  2.58084e-09      0.00000  9.29587e-12
      15.0000      386.290  2.55307e-09      0.00000  9.43465e-12
      15.0000      386.612  2.61193e-09      0.00000  9.03989e-12
      15.0000      386.934  2.55309e-09      0.00000  8.94641e-12
      15.0000      387.256  2.46663e-09      0.00000  9.59224e-12
      15.0000      387.580  2.52077e-09      0.00000  9.95762e-12
      15.0000      387.902  2.56981e-09      0.00000  9.52364e-12
      15.0000      388.226  2.51457e-09      0.00000  9.55939e-12
      15.0000      388.550  2.47629e-09      0.00000  9.99452e-12
      15.0000      388.874  2.54399e-09      0.00000  9.59730e-12
      15.0000      389.197  2.52185e-09      0.00000  9.14610e-12
      15.0000      389.522  2.40384e-09      0.00000  9.76082e-12
      15.0000      389.847  2.39554e-09      0.00000  1.05499e-11
      15.0000      390.172  2.45448e-09      0.00000  1.05577e-11
      15.0000      390.497  2.39930e-09      0.00000  1.08126e-11
      15.0000      390.823  2.31400e-09      0.00000  1.22573e-11
      15.0000      391.149  2.38963e-09      0.00000  1.25291e-11
      16.0000      391.149  2.34677e-09      2.00000  2.54855e-11
      15.0000      391.475  2.46797e-09      0.00000  1.17464e-11
      16.0000      391.475  2.36175e-09      0.00000  2.03031e-11
      15.0000      391.802  2.35477e-09      0.00000  1.18272e-11
      16.0000      391.802  2.33168e-09      2.00000  1.84376e-11
      15.0000      392.128  2.31325e-09      0.00000  1.24258e-11
      16.0000      392.128  2.25253e-09      2.00000  1.94360e-11
      15.0000      392.455  2.38001e-09      0.00000  1.18566e-11
      16.0000      392.455  2.30449e-09      2.00000  1.88463e-11
      15.0000      392.782  2.34185e-09      0.00000  1.11889e-11
      16.0000      392.782  2.34099e-09      0.00000  1.75467e-11
      15.0000      393.110  2.20887e-09      0.00000  1.20572e-11
      16.0000      393.110  2.18043e-09      0.00000  1.61934e-11
      15.0000      393.437  2.22430e-09      0.00000  1.33370e-11
      16.0000      393.437  2.18765e-09      0.00000  1.57669e-11
      15.0000      393.766  2.27926e-09      2.00000  1.44815e-11
      16.0000      393.766  2.25115e-09      0.00000  1.46812e-11
      15.0000      394.093  2.26411e-09      0.00000  1.34758e-11
      16.0000      394.093  2.24984e-09      0.00000  1.53688e-11
      15.0000      394.421  2.18803e-09      2.00000  1.47994e-11
      16.0000      394.421  2.18037e-09      2.00000  1.83421e-11
      15.0000      394.751  2.24818e-09      2.00000  1.46242e-11
      16.0000      394.751  2.18475e-09      2.00000  1.79631e-11
      15.0000      395.080  2.30175e-09      0.00000  1.31545e-11
      16.0000      395.080  2.26429e-09      2.00000  1.50395e-11
      15.0000      395.409  2.20356e-09      0.00000  1.31470e-11
      16.0000      395.409  2.15965e-09      0.00000  1.29309e-11
      15.0000      395.739  2.16552e-09      0.00000  1.34166e-11
      16.0000      395.739  2.11281e-09      0.00000  1.22633e-11
      15.0000      396.069  2.22264e-09      0.00000  1.25376e-11
      16.0000      396.069  2.16606e-09      0.00000  1.13914e-11
      15.0000      396.399  2.16726e-09      0.00000  1.21307e-11
      16.0000      396.399  2.14396e-09      0.00000  1.16050e-11
      16.0000      396.729  2.05078e-09      0.00000  1.40230e-11
      16.0000      397.060  2.07761e-09      10.0000  1.56749e-11
      16.0000      397.392  2.13505e-09      0.00000  1.31500e-11
      16.0000      397.722  2.06797e-09      0.00000  1.18210e-11
      16.0000      398.054  2.03248e-09      0.00000  1.16239e-11
      16.0000      398.386  2.10188e-09      0.00000  1.07063e-11
      16.0000      398.718  2.13215e-09      0.00000  1.01647e-11
      16.0000      399.050  2.01454e-09      0.00000  1.10010e-11
      16.0000      399.383  1.98713e-09      0.00000  1.21075e-11
      16.0000      399.717  2.02286e-09      0.00000  1.12572e-11
      16.0000      400.050  1.96920e-09      0.00000  1.03738e-11
      16.0000      400.383  1.91250e-09      0.00000  1.05939e-11
      16.0000      400.716  1.95806e-09      0.00000  1.02988e-11
      16.0000      401.051  1.97390e-09      0.00000  9.54492e-12
      16.0000      401.386  1.92335e-09      0.00000  9.86414e-12
      16.0000      401.719  1.91153e-09      0.00000  1.01842e-11
      16.0000      402.055  1.96252e-09      0.00000  9.87254e-12
      16.0000      402.390  1.93328e-09      0.00000  1.00785e-11
      16.0000      402.726  1.84012e-09      0.00000  1.05396e-11
      16.0000      403.062  1.86103e-09      0.00000  9.96327e-12
      16.0000      403.397  1.87428e-09      0.00000  8.92687e-12
      16.0000      403.734  1.80051e-09      0.00000  8.94337e-12
      16.0000      404.070  1.81574e-09      0.00000  9.23423e-12
      16.0000      404.406  1.86630e-09      0.00000  8.68217e-12
      16.0000      404.744  1.83416e-09      0.00000  8.47263e-12
      16.0000      405.081  1.78282e-09      0.00000  8.94322e-12
      16.0000      405.420  1.81722e-09      0.00000  8.89475e-12
      16.0000      405.757  1.81498e-09      0.00000  8.78607e-12
      16.0000      406.095  1.70946e-09      0.00000  9.69990e-12
      16.0000      406.435  1.69046e-09      0.00000  1.03415e-11
      16.0000      406.774  1.75189e-09      0.00000  9.58283e-12
      16.0000      407.111  1.72094e-09      0.00000  9.01616e-12
      16.0000      407.451  1.66617e-09      0.00000  9.12367e-12
      16.0000      407.790  1.73036e-09      0.00000  8.76928e-12
      16.0000      408.132  1.74169e-09      0.00000  7.70250e-12
      16.0000      408.472  1.66392e-09      0.00000  7.44767e-12
      16.0000      408.812  1.65352e-09      0.00000  7.49788e-12
      16.0000      409.152  1.67683e-09      0.00000  7.18285e-12
      16.0000      409.494  1.60965e-09      0.00000  7.51800e-12
      16.0000      409.834  1.56491e-09      0.00000  8.71806e-12
      16.0000      410.177  1.61026e-09      0.00000  9.09806e-12
      16.0000      410.519  1.63239e-09      0.00000  9.20153e-12
      16.0000      410.862  1.56980e-09      0.00000  1.03120e-11
      16.0000      411.203  1.60677e-09      0.00000  1.08317e-11
      16.0000      411.546  1.66426e-09      0.00000  9.89685e-12
      16.0000      411.889  1.59331e-09      0.00000  9.34160e-12
      16.0000      412.233  1.52127e-09      0.00000  9.47372e-12
      16.0000      412.577  1.55525e-09      0.00000  9.11065e-12
      16.0000      412.919  1.56404e-09      0.00000  8.44688e-12
      16.0000      413.264  1.46087e-09      0.00000  8.75062e-12
      16.0000      413.609  1.47587e-09      0.00000  9.44565e-12
      16.0000      413.954  1.52896e-09      0.00000  8.83223e-12
      16.0000      414.298  1.50805e-09      0.00000  8.42343e-12
      16.0000      414.644  1.48482e-09      0.00000  8.60186e-12
      16.0000      414.989  1.51726e-09      0.00000  8.06123e-12
      16.0000      415.336  1.50074e-09      0.00000  7.31352e-12
      17.0000      415.336  1.48109e-09      0.00000  2.07629e-11
      16.0000      415.683  1.43801e-09      0.00000  7.47618e-12
      17.0000      415.683  1.34301e-09      2.00000  2.00967e-11
      16.0000      416.029  1.44733e-09      0.00000  7.79019e-12
      17.0000      416.029  1.32728e-09      2.00000  1.98630e-11
      16.0000      416.375  1.44270e-09      0.00000  7.65619e-12
      17.0000      416.375  1.38944e-09      2.00000  2.00705e-11
      16.0000      416.722  1.39326e-09      0.00000  8.01912e-12
      17.0000      416.722  1.33915e-09      2.00000  2.14010e-11
      16.0000      417.070  1.39381e-09      0.00000  8.61922e-12
      17.0000      417.070  1.39287e-09      2.00000  2.21545e-11
      16.0000      417.418  1.43915e-09      0.00000  8.50664e-12
      17.0000      417.418  1.50832e-09      2.00000  1.88156e-11
      16.0000      417.767  1.43281e-09      0.00000  8.16730e-12
      17.0000      417.767  1.40192e-09      2.00000  1.58837e-11
      16.0000      418.114  1.40269e-09      0.00000  8.30188e-12
      17.0000      418.114  1.35359e-09      2.00000  1.61738e-11
      16.0000      418.463  1.41467e-09      0.00000  8.09784e-12
      17.0000      418.463  1.37532e-09      2.00000  1.64032e-11
      16.0000      418.811  1.41766e-09      0.00000  7.69874e-12
      17.0000      418.811  1.39389e-09      2.00000  1.52992e-11
      16.0000      419.161  1.34443e-09      0.00000  8.06398e-12
      17.0000      419.161  1.36951e-09      2.00000  1.54496e-11
      16.0000      419.511  1.33515e-09      0.00000  8.62617e-12
      17.0000      419.511  1.29865e-09      0.00000  1.41139e-11
      16.0000      419.859  1.35585e-09      0.00000  8.69867e-12
      17.0000      419.859  1.32945e-09      0.00000  1.26325e-11
      16.0000      420.210  1.31796e-09      0.00000  8.95118e-12
      17.0000      420.210  1.28813e-09      0.00000  1.24909e-11
      16.0000      420.560  1.29609e-09      0.00000  9.48631e-12
      17.0000      420.560  1.25494e-09      0.00000  1.39543e-11
      16.0000      420.911  1.31390e-09      0.00000  9.38502e-12
      17.0000      420.911  1.29324e-09      0.00000  1.39511e-11
      16.0000      421.262  1.31015e-09      0.00000  8.95465e-12
      17.0000      421.262  1.30328e-09      0.00000  1.34174e-11
      16.0000      421.614  1.26424e-09      0.00000  9.06261e-12
      17.0000      421.614  1.25245e-09      0.00000  1.27207e-11
      16.0000      421.964  1.27300e-09      0.00000  9.19313e-12
      17.0000      421.964  1.25873e-09      0.00000  1.10733e-11
      16.0000      422.317  1.29290e-09      0.00000  8.99474e-12
      17.0000      422.317  1.26467e-09      0.00000  9.51554e-12
      17.0000      422.669  1.21633e-09      0.00000  9.67978e-12
      17.0000      423.021  1.19952e-09      0.00000  1.06537e-11
      17.0000      423.374  1.24131e-09      0.00000  1.09416e-11
      17.0000      423.727  1.22706e-09      0.00000  1.17277e-11
      17.0000      424.079  1.16759e-09      0.00000  1.21832e-11
      17.0000      424.434  1.21883e-09      0.00000  1.04861e-11
      17.0000      424.787  1.21910e-09      0.00000  8.80546e-12
      17.0000      425.141  1.16085e-09      0.00000  8.51648e-12
      17.0000      425.496  1.16061e-09      0.00000  8.30058e-12
      17.0000      425.851  1.18023e-09      0.00000  8.03330e-12
      17.0000      426.205  1.13664e-09      0.00000  8.92484e-12
      17.0000      426.561  1.11373e-09      0.00000  1.01203e-11
      17.0000      426.916  1.15087e-09      0.00000  1.00618e-11
      17.0000      427.272  1.13961e-09      0.00000  9.64737e-12
      17.0000      427.628  1.11056e-09      0.00000  9.12237e-12
      17.0000      427.985  1.13502e-09      0.00000  8.14154e-12
      17.0000      428.343  1.13932e-09      0.00000  7.03482e-12
      17.0000      428.699  1.08363e-09      0.00000  7.04321e-12
      17.0000      429.056  1.08313e-09      0.00000  7.15058e-12
      17.0000      429.415  1.10426e-09      0.00000  7.02512e-12
      17.0000      429.771  1.06951e-09      0.00000  7.65648e-12
      17.0000      430.130  1.06173e-09      0.00000  8.42691e-12
      17.0000      430.489  1.10113e-09      0.00000  8.36425e-12
      17.0000      430.847  1.05813e-09      0.00000  8.46988e-12
      17.0000      431.207  1.04208e-09      0.00000  8.68767e-12
      17.0000      431.566  1.07019e-09      0.00000  7.79120e-12
      17.0000      431.926  1.05450e-09      0.00000  6.86233e-12
      17.0000      432.287  1.00849e-09      0.00000  6.83440e-12
      17.0000      432.646  1.01330e-09      0.00000  6.76494e-12
      17.0000      433.007  1.02763e-09      0.00000  6.34094e-12
      17.0000      433.368  9.92738e-10      0.00000  6.34167e-12
      17.0000      433.730  9.97400e-10      0.00000  6.42965e-12
      17.0000      434.092  1.01318e-09      0.00000  6.12490e-12
      17.0000      434.452  9.77402e-10      0.00000  6.24674e-12
      17.0000      434.815  9.65031e-10      0.00000  6.68303e-12
      17.0000      435.178  9.75399e-10      0.00000  6.53746e-12
      17.0000      435.540  9.62664e-10      0.00000  6.88085e-12
      17.0000      435.905  9.39614e-10      0.00000  7.76458e-12
      17.0000      436.268  9.67845e-10      0.00000  8.06224e-12
      17.0000      436.630  9.75291e-10      0.00000  7.90668e-12
      17.0000      436.994  9.13038e-10      0.00000  8.00798e-12
      17.0000      437.359  9.41730e-10      0.00000  7.68123e-12
      17.0000      437.723  9.51275e-10      0.00000  6.88505e-12
      17.0000      438.089  9.01880e-10      0.00000  6.83136e-12
      17.0000      438.454  8.90975e-10      0.00000  6.92195e-12
      17.0000      438.820  9.06478e-10      0.00000  6.50316e-12
      17.0000      439.186  8.92152e-10      0.00000  6.39651e-12
      17.0000      439.551  8.79922e-10      0.00000  6.61936e-12
      18.0000      439.551  8.37802e-10      0.00000  2.56865e-11
      17.0000      439.918  8.95070e-10      0.00000  6.39999e-12
      18.0000      439.918  8.53892e-10      0.00000  2.17419e-11
      17.0000      440.284  8.74533e-10      0.00000  6.21346e-12
      18.0000      440.284  8.49318e-10      0.00000  2.11444e-11
      17.0000      440.651  8.43879e-10      0.00000  6.92195e-12
      18.0000      440.651  8.57249e-10      0.00000  2.39977e-11
      17.0000      441.018  8.64128e-10      0.00000  6.64584e-12
      18.0000      441.018  8.52241e-10      0.00000  2.15377e-11
      17.0000      441.386  8.63133e-10      0.00000  5.90711e-12
      18.0000      441.386  8.34312e-10      2.00000  1.70573e-11
      17.0000      441.755  8.45250e-10      0.00000  6.24906e-12
      18.0000      441.755  8.18993e-10      2.00000  1.64664e-11
      17.0000      442.124  8.55563e-10      0.00000  6.35238e-12
      18.0000      442.124  8.15436e-10      2.00000  1.54128e-11
      17.0000      442.492  8.50424e-10      0.00000  6.17381e-12
      18.0000      442.492  8.25205e-10      2.00000  1.50955e-11
      17.0000      442.860  8.30925e-10      0.00000  6.30506e-12
      18.0000      442.860  8.11934e-10      2.00000  1.69534e-11
      17.0000      443.229  8.46574e-10      0.00000  6.37915e-12
      18.0000      443.229  7.99832e-10      2.00000  1.63190e-11
      17.0000      443.599  8.40923e-10      0.00000  6.14501e-12
      18.0000      443.599  8.28839e-10      0.00000  1.32781e-11
      17.0000      443.969  8.00214e-10      0.00000  6.20854e-12
      18.0000      443.969  7.95503e-10      0.00000  1.15513e-11
      17.0000      444.340  7.96244e-10      0.00000  6.42213e-12
      18.0000      444.340  7.82493e-10      0.00000  1.10926e-11
      17.0000      444.709  8.10640e-10      0.00000  6.38117e-12
      18.0000      444.709  7.83197e-10      0.00000  1.06137e-11
      17.0000      445.079  7.78902e-10      0.00000  6.61213e-12
      18.0000      445.079  7.62746e-10      0.00000  1.14462e-11
      17.0000      445.452  7.75711e-10      0.00000  7.04119e-12
      18.0000      445.452  7.73340e-10      0.00000  1.31276e-11
      17.0000      445.824  8.05229e-10      0.00000  6.96507e-12
      18.0000      445.824  7.83237e-10      0.00000  1.22159e-11
      17.0000      446.194  7.83033e-10      0.00000  6.84713e-12
      18.0000      446.194  7.82964e-10      0.00000  1.03061e-11
      17.0000      446.566  7.76255e-10      0.00000  7.03482e-12
      18.0000      446.566  7.72890e-10      0.00000  9.54434e-12
      17.0000      446.939  7.98782e-10      0.00000  6.97968e-12
      18.0000      446.939  7.80581e-10      0.00000  8.39883e-12
      17.0000      447.311  7.77470e-10      0.00000  6.92716e-12
      18.0000      447.311  7.67826e-10      0.00000  8.01869e-12
      17.0000      447.684  7.59574e-10      0.00000  7.27836e-12
      18.0000      447.684  7.51520e-10      0.00000  8.88852e-12
      17.0000      448.057  7.76517e-10      0.00000  7.50280e-12
      18.0000      448.057  7.54894e-10      0.00000  9.33408e-12
      17.0000      448.431  7.63078e-10      0.00000  7.78990e-12
      18.0000      448.431  7.50832e-10      0.00000  9.57878e-12
      18.0000      448.805  7.30185e-10      0.00000  9.64665e-12
      18.0000      449.180  7.21925e-10      0.00000  8.40187e-12
      18.0000      449.553  7.19805e-10      0.00000  7.07664e-12
      18.0000      449.928  7.10988e-10      0.00000  6.61806e-12
      18.0000      450.302  7.20633e-10      0.00000  6.44181e-12
      18.0000      450.678  7.23588e-10      0.00000  6.63615e-12
      18.0000      451.054  6.77302e-10      0.00000  7.27691e-12
      18.0000      451.431  6.92562e-10      0.00000  8.08641e-12
      18.0000      451.806  6.84830e-10      0.00000  8.39246e-12
      18.0000      452.184  6.93667e-10      0.00000  7.99452e-12
      18.0000      452.560  6.94221e-10      0.00000  7.53884e-12
      18.0000      452.938  7.06461e-10      0.00000  6.30260e-12
      18.0000      453.315  6.88098e-10      0.00000  5.79713e-12
      18.0000      453.694  6.67984e-10      0.00000  5.81016e-12
      18.0000      454.071  6.78647e-10      0.00000  5.72695e-12
      18.0000      454.450  6.58022e-10      0.00000  6.10666e-12
      18.0000      454.829  6.43134e-10      0.00000  6.90748e-12
      18.0000      455.208  6.66241e-10      0.00000  6.89156e-12
      18.0000      455.587  6.60899e-10      0.00000  7.10847e-12
      18.0000      455.967  6.36703e-10      0.00000  7.62971e-12
      18.0000      456.348  6.56028e-10      0.00000  6.83686e-12
      18.0000      456.727  6.57348e-10      0.00000  6.00638e-12
      18.0000      457.109  6.14697e-10      0.00000  6.05008e-12
      18.0000      457.490  6.41273e-10      0.00000  6.08829e-12
      18.0000      457.871  6.39752e-10      0.00000  5.76660e-12
      18.0000      458.253  6.01697e-10      0.00000  5.99408e-12
      18.0000      458.636  6.12391e-10      0.00000  5.87325e-12
      18.0000      459.017  6.23241e-10      0.00000  5.34680e-12
      18.0000      459.400  6.01071e-10      0.00000  5.36808e-12
      18.0000      459.783  6.05064e-10      0.00000  5.21469e-12
      18.0000      460.166  6.03217e-10      0.00000  5.17590e-12
      18.0000      460.549  5.68123e-10      0.00000  5.86153e-12
      18.0000      460.934  5.73913e-10      0.00000  6.60808e-12
      18.0000      461.318  5.95881e-10      0.00000  6.80864e-12
      18.0000      461.702  5.73633e-10      0.00000  7.33769e-12
      18.0000      462.088  5.74045e-10      0.00000  7.68325e-12
      18.0000      462.473  5.86211e-10      0.00000  6.83845e-12
      18.0000      462.858  5.62730e-10      0.00000  6.42748e-12
      18.0000      463.244  5.50283e-10      0.00000  6.35571e-12
      18.0000      463.631  5.52570e-10      0.00000  6.00030e-12
      19.0000      463.631  5.34507e-10      2.00000  3.50346e-11
      18.0000      464.018  5.34365e-10      0.00000  5.97570e-12
      19.0000      464.018  5.11936e-10      0.00000  3.56726e-11
      18.0000      464.403  5.28963e-10      0.00000  6.62139e-12
      19.0000      464.403  5.32275e-10      0.00000  3.31670e-11
      18.0000      464.792  5.45225e-10      0.00000  6.45165e-12
      19.0000      464.792  5.34899e-10      0.00000  2.81364e-11
      18.0000      465.179  5.33765e-10      0.00000  6.19971e-12
      19.0000      465.179  5.48809e-10      1.00000  2.64523e-11
      18.0000      465.567  5.27309e-10      0.00000  6.09205e-12
      19.0000      465.567  5.40692e-10      1.00000  2.62889e-11
      18.0000      465.955  5.49193e-10      0.00000  5.64939e-12
      19.0000      465.955  5.42395e-10      0.00000  2.30382e-11
      18.0000      466.342  5.36817e-10      0.00000  5.66907e-12
      19.0000      466.342  5.45300e-10      0.00000  2.04423e-11
      18.0000      466.731  5.11281e-10      0.00000  5.33161e-12
      19.0000      466.731  5.53519e-10      0.00000  1.84078e-11
      18.0000      467.122  5.12630e-10      0.00000  5.50873e-12
      19.0000      467.122  5.30085e-10      0.00000  1.58592e-11
      18.0000      467.510  5.03680e-10      0.00000  5.84084e-12
      19.0000      467.510  5.15886e-10      0.00000  1.61254e-11
      18.0000      467.900  4.92040e-10      0.00000  6.56105e-12
      19.0000      467.900  5.15737e-10      2.00000  1.84444e-11
      18.0000      468.290  5.09785e-10      0.00000  6.85842e-12
      19.0000      468.290  7.50939e-10      2.00000  2.00699e-11
      18.0000      468.680  5.07709e-10      0.00000  6.44340e-12
      19.0000      468.680  5.70124e-10      2.00000  1.80579e-11
      18.0000      469.072  5.00421e-10      0.00000  6.03778e-12
      19.0000      469.072  5.07944e-10      2.00000  1.62853e-11
      18.0000      469.462  5.05405e-10      0.00000  5.77166e-12
      19.0000      469.462  5.09420e-10      0.00000  1.21997e-11
      18.0000      469.854  4.85273e-10      0.00000  5.84604e-12
      19.0000      469.854  5.10390e-10      0.00000  1.11131e-11
      18.0000      470.245  4.78731e-10      0.00000  6.21230e-12
      19.0000      470.245  4.81123e-10      0.00000  1.19338e-11
      18.0000      470.637  4.80451e-10      0.00000  6.62761e-12
      19.0000      470.637  4.82242e-10      0.00000  1.22359e-11
      18.0000      471.029  4.62870e-10      0.00000  7.22496e-12
      19.0000      471.029  4.63025e-10      0.00000  1.42989e-11
      18.0000      471.422  4.55991e-10      0.00000  7.87441e-12
      19.0000      471.422  4.49955e-10      258.000  1.55127e-11
      18.0000      471.816  4.78818e-10      0.00000  7.74519e-12
      19.0000      471.816  4.84750e-10      0.00000  1.31966e-11
      18.0000      472.208  4.83652e-10      0.00000  7.35636e-12
      19.0000      472.208  4.83032e-10      0.00000  1.06351e-11
      18.0000      472.603  4.67366e-10      0.00000  7.30369e-12
      19.0000      472.603  4.61495e-10      0.00000  9.67993e-12
      18.0000      472.997  4.68945e-10      0.00000  7.00327e-12
      19.0000      472.997  4.61487e-10      0.00000  8.47480e-12
      18.0000      473.391  4.42339e-10      0.00000  7.24117e-12
      19.0000      473.391  4.51122e-10      0.00000  8.57017e-12
      18.0000      473.785  4.20345e-10      0.00000  8.35788e-12
      19.0000      473.785  4.40184e-10      0.00000  1.02492e-11
      18.0000      474.181  4.42451e-10      0.00000  9.19921e-12
      19.0000      474.181  4.51552e-10      0.00000  1.09415e-11
      18.0000      474.577  4.33199e-10      0.00000  9.80250e-12
      19.0000      474.577  4.52251e-10      0.00000  1.17873e-11
      19.0000      474.971  4.32442e-10      0.00000  1.19524e-11
      19.0000      475.367  4.60632e-10      0.00000  9.39992e-12
      19.0000      475.765  4.50787e-10      0.00000  7.74374e-12
      19.0000      476.161  4.29689e-10      0.00000  7.42625e-12
      19.0000      476.558  4.35171e-10      0.00000  7.13105e-12
      19.0000      476.954  4.25413e-10      0.00000  7.57458e-12
      19.0000      477.352  4.18436e-10      0.00000  8.67812e-12
      19.0000      477.751  4.30606e-10      0.00000  8.94308e-12
      19.0000      478.149  4.21464e-10      0.00000  8.99242e-12
      19.0000      478.547  4.02234e-10      0.00000  9.15913e-12
      19.0000      478.946  4.37315e-10      0.00000  7.86370e-12
      19.0000      479.345  4.30312e-10      0.00000  6.95595e-12
      19.0000      479.745  4.01189e-10      0.00000  6.84742e-12
      19.0000      480.146  4.01348e-10      0.00000  6.60764e-12
      19.0000      480.545  3.93803e-10      0.00000  6.64136e-12
      19.0000      480.945  3.94593e-10      0.00000  6.70706e-12
      19.0000      481.348  4.10997e-10      0.00000  6.31215e-12
      19.0000      481.749  3.95873e-10      0.00000  6.01781e-12
      19.0000      482.151  3.97594e-10      0.00000  6.18813e-12
      19.0000      482.551  3.96884e-10      0.00000  5.91811e-12
      19.0000      482.954  3.72074e-10      0.00000  6.43327e-12
      19.0000      483.356  3.96155e-10      0.00000  7.35014e-12
      19.0000      483.760  3.81257e-10      0.00000  7.73737e-12
      19.0000      484.163  3.60454e-10      0.00000  7.91131e-12
      19.0000      484.567  3.71950e-10      0.00000  7.34985e-12
      19.0000      484.971  3.78299e-10      0.00000  6.38103e-12
      19.0000      485.376  3.67687e-10      0.00000  5.89973e-12
      19.0000      485.779  3.71674e-10      0.00000  5.64562e-12
      19.0000      486.185  3.56930e-10      0.00000  5.29442e-12
      19.0000      486.590  3.47888e-10      0.00000  5.55359e-12
      19.0000      486.995  3.55902e-10      0.00000  5.82029e-12
      19.0000      487.401  3.61120e-10      0.00000  5.87354e-12
      19.0000      487.807  3.57072e-10      0.00000  5.84503e-12
      19.0000      488.215  3.54724e-10      0.00000  5.52812e-12
      20.0000      488.215  2.12801e-10      3.00000  5.87021e-11
      19.0000      488.622  3.47335e-10      0.00000  5.27228e-12
      20.0000      488.622  3.10497e-10      2.00000  5.34637e-11
      19.0000      489.029  3.44666e-10      0.00000  5.34680e-12
      20.0000      489.029  2.97550e-10      2.00000  4.41632e-11
      19.0000      489.436  3.45850e-10      0.00000  5.45258e-12
      20.0000      489.436  2.90824e-10      2.00000  3.53295e-11
      19.0000      489.845  3.31239e-10      0.00000  5.91927e-12
      20.0000      489.845  3.01502e-10      0.00000  3.22286e-11
      19.0000      490.254  3.29485e-10      0.00000  6.54180e-12
      20.0000      490.254  2.96400e-10      2.00000  3.40062e-11
      19.0000      490.663  3.32414e-10      0.00000  6.60952e-12
      20.0000      490.663  3.07748e-10      2.00000  3.37150e-11
      19.0000      491.070  3.14917e-10      0.00000  7.10978e-12
      20.0000      491.070  3.27784e-10      0.00000  3.44087e-11
      19.0000      491.480  3.68113e-10      0.00000  6.85581e-12
      20.0000      491.480  2.89285e-10      2.00000  3.00578e-11
      19.0000      491.889  3.46404e-10      0.00000  6.83266e-12
      20.0000      491.889  3.47887e-10      2.00000  2.20082e-11
      19.0000      492.300  3.29604e-10      0.00000  6.57117e-12
      20.0000      492.300  3.01796e-10      2.00000  1.95747e-11
      19.0000      492.710  3.32279e-10      0.00000  6.96449e-12
      20.0000      492.710  3.03462e-10      0.00000  1.86447e-11
      19.0000      493.121  3.22226e-10      0.00000  7.25144e-12
      20.0000      493.121  3.07668e-10      0.00000  1.88294e-11
      19.0000      493.532  2.93691e-10      0.00000  8.10898e-12
      20.0000      493.532  3.03967e-10      2.00000  2.14086e-11
      19.0000      493.944  2.98739e-10      0.00000  8.50172e-12
      20.0000      493.944  3.48986e-10      2.00000  2.13389e-11
      19.0000      494.354  3.20490e-10      0.00000  8.17830e-12
      20.0000      494.354  3.34486e-10      2.00000  1.81507e-11
      19.0000      494.768  2.99680e-10      0.00000  8.36367e-12
      20.0000      494.768  2.94338e-10      2.00000  1.52005e-11
      19.0000      495.179  3.19827e-10      0.00000  8.16499e-12
      20.0000      495.179  3.01622e-10      0.00000  1.27040e-11
      19.0000      495.592  2.41556e-10      0.00000  8.15153e-12
      20.0000      495.592  2.83487e-10      0.00000  1.17591e-11
      19.0000      496.005  2.46446e-10      0.00000  8.78954e-12
      20.0000      496.005  2.82181e-10      0.00000  1.27755e-11
      19.0000      496.418  2.74129e-10      0.00000  9.00516e-12
      20.0000      496.418  3.02379e-10      0.00000  1.33758e-11
      19.0000      496.833  2.65799e-10      0.00000  9.40658e-12
      20.0000      496.833  3.09233e-10      0.00000  1.40031e-11
      19.0000      497.248  2.83141e-10      0.00000  1.01436e-11
      20.0000      497.248  2.99459e-10      0.00000  1.37869e-11
      19.0000      497.661  2.94757e-10      0.00000  9.75359e-12
      20.0000      497.661  3.19877e-10      0.00000  1.13920e-11
      19.0000      498.077  2.75042e-10      0.00000  9.27142e-12
      20.0000      498.077  3.04407e-10      0.00000  9.54984e-12
      19.0000      498.492  2.95674e-10      0.00000  9.75344e-12
      20.0000      498.492  3.03733e-10      0.00000  8.92412e-12
      19.0000      498.907  2.79226e-10      0.00000  9.13713e-12
      20.0000      498.907  2.97636e-10      0.00000  8.33878e-12
      19.0000      499.323  2.71038e-10      0.00000  9.61568e-12
      20.0000      499.323  2.90908e-10      0.00000  8.86957e-12
      19.0000      499.740  2.65002e-10      0.00000  1.05951e-11
      20.0000      499.740  2.98453e-10      0.00000  9.86530e-12
      19.0000      500.158  2.71123e-10      0.00000  1.05240e-11
      20.0000      500.158  2.97479e-10      0.00000  1.00093e-11
      19.0000      500.573  2.43036e-10      0.00000  1.07483e-11
      20.0000      500.573  2.91026e-10      0.00000  1.01210e-11
      19.0000      500.992  2.54905e-10      0.00000  1.05671e-11
      20.0000      500.992  2.93043e-10      0.00000  9.16072e-12
      20.0000      501.409  3.12286e-10      0.00000  7.70395e-12
      20.0000      501.827  2.87591e-10      0.00000  7.04683e-12
      20.0000      502.245  2.78258e-10      0.00000  6.86898e-12
      20.0000      502.664  2.68556e-10      0.00000  6.69432e-12
      20.0000      503.081  2.59021e-10      0.00000  6.97911e-12
      20.0000      503.502  2.89497e-10      0.00000  7.12179e-12
      20.0000      503.921  2.78265e-10      0.00000  6.96377e-12
      20.0000      504.342  2.75122e-10      0.00000  7.18662e-12
      20.0000      504.762  2.76200e-10      0.00000  7.17012e-12
      20.0000      505.183  2.64046e-10      0.00000  7.12700e-12
      20.0000      505.605  2.63441e-10      0.00000  6.69360e-12
      20.0000      506.027  2.59924e-10      0.00000  6.46279e-12
      20.0000      506.447  2.51382e-10      0.00000  6.18278e-12
      20.0000      506.871  2.58818e-10      0.00000  5.73216e-12
      20.0000      507.292  2.57468e-10      0.00000  5.27300e-12
      20.0000      507.715  2.58024e-10      0.00000  5.00269e-12
      20.0000      508.138  2.60546e-10      0.00000  4.94640e-12
      20.0000      508.562  2.48125e-10      0.00000  5.24580e-12
      20.0000      508.986  2.43285e-10      0.00000  5.62710e-12
      20.0000      509.411  2.37655e-10      0.00000  5.96022e-12
      20.0000      509.835  2.44262e-10      0.00000  6.16281e-12
      20.0000      510.261  2.43065e-10      0.00000  6.13734e-12
      20.0000      510.686  2.32818e-10      0.00000  6.18698e-12
      20.0000      511.112  2.31334e-10      0.00000  6.18220e-12
      20.0000      511.538  2.21516e-10      0.00000  6.10695e-12
      20.0000      511.965  2.23434e-10      0.00000  6.07005e-12
      20.0000      512.392  2.22467e-10      0.00000  6.11216e-12
      20.0000      512.818  2.25715e-10      0.00000  5.92433e-12
      20.0000      513.244  2.23427e-10      0.00000  5.73317e-12
      20.0000      513.674  2.11271e-10      0.00000  5.31294e-12
      20.0000      514.102  2.16220e-10      0.00000  5.20021e-12
      20.0000      514.530  2.19321e-10      0.00000  5.19558e-12
      20.0000      514.960  2.15785e-10      0.00000  5.48500e-12
      20.0000      515.390  2.05668e-10      0.00000  6.21621e-12
      20.0000      515.818  2.02602e-10      0.00000  6.77565e-12
      20.0000      516.249  1.97629e-10      0.00000  7.36707e-12
      20.0000      516.678  2.43352e-10      0.00000  8.05689e-12
      20.0000      517.109  2.38321e-10      0.00000  8.06022e-12
      20.0000      517.539  2.01458e-10      0.00000  9.17345e-12
      20.0000      517.971  2.40176e-10      0.00000  1.06406e-11
      20.0000      518.403  2.07873e-10      0.00000  1.24602e-11
      20.0000      518.836  1.31490e-10      0.00000  1.60886e-11
      20.0000      519.267  1.07535e-10      2.00000  1.77307e-11
      20.0000      519.702  1.24548e-10      2.00000  1.84643e-11
      20.0000      520.134  1.26746e-10      2.00000  2.06779e-11
      20.0000      520.568  1.31868e-10      2.00000  2.03757e-11
      20.0000      521.002  1.27590e-10      0.00000  2.24090e-11
      20.0000      521.436  7.46708e-11      0.00000  2.99312e-11
      20.0000      521.872  8.50035e-11      0.00000  3.32043e-11
      20.0000      522.308  7.85117e-11      0.00000  4.07741e-11
      20.0000      522.742  9.54982e-11      0.00000  4.55123e-11
      20.0000      523.177  1.24565e-10      0.00000  4.17816e-11
      20.0000      523.615  8.53374e-11      2.00000  4.54711e-11
      20.0000      524.051  8.82322e-11      2.00000  4.90560e-11
      20.0000      524.488  1.02995e-10      0.00000  4.85005e-11
      20.0000      524.923 -2.79159e-11      0.00000  6.19899e-11
      20.0000      525.362 -8.90919e-11      1.00000  7.67893e-11
      20.0000      525.801 -1.65977e-10      3.00000  7.99066e-11
      20.0000      526.238 -2.61524e-10      3.00000  8.84747e-11
      20.0000      526.676 -2.22977e-10      2.00000  8.18723e-11
