      11.0000      271.534  2.60457e-08      258.000  1.87372e-10
      11.0000      271.761  3.86561e-08      258.000  3.67848e-10
      11.0000      271.987  2.74809e-08      0.00000  1.99205e-10
      11.0000      272.214  2.26398e-08      0.00000  1.62433e-10
      11.0000      272.441  2.78701e-08      256.000  2.16383e-10
      11.0000      272.668  2.52763e-08      258.000  3.63072e-10
      11.0000      272.895  2.73992e-08      258.000  3.75066e-10
      11.0000      273.123  2.55532e-08      258.000  1.99180e-10
      11.0000      273.350  3.14155e-08      258.000  5.57893e-10
      11.0000      273.578  2.40149e-08      258.000  1.53899e-10
      11.0000      273.806  2.67769e-08      258.000  3.51246e-10
      11.0000      274.035  2.95594e-08      258.000  1.93193e-10
      11.0000      274.263  2.68339e-08      256.000  1.68098e-10
      11.0000      274.492  2.82577e-08      0.00000  1.69192e-10
      11.0000      274.721  2.47935e-08      0.00000  1.41565e-10
      11.0000      274.950  2.24864e-08      2.00000  1.30663e-10
      11.0000      275.179  2.60147e-08      2.00000  1.46605e-10
      11.0000      275.409  2.65376e-08      256.000  1.48309e-10
      11.0000      275.638  2.06752e-08      258.000  1.32191e-10
      11.0000      275.867  2.18007e-08      258.000  1.38247e-10
      11.0000      276.097  2.52641e-08      256.000  1.72010e-10
      11.0000      276.328  2.15036e-08      256.000  1.26206e-10
      11.0000      276.558  2.13407e-08      258.000  1.35415e-10
      11.0000      276.789  2.05210e-08      2.00000  1.01054e-10
      11.0000      277.020  2.32263e-08      258.000  1.33853e-10
      11.0000      277.250  2.14559e-08      258.000  1.08953e-10
      11.0000      277.482  2.19717e-08      2.00000  1.21552e-10
      11.0000      277.713  2.10182e-08      2.00000  1.14248e-10
      11.0000      277.945  2.10848e-08      0.00000  1.08860e-10
      11.0000      278.177  2.17141e-08      0.00000  1.16776e-10
      11.0000      278.408  2.20021e-08      0.00000  1.18736e-10
      11.0000      278.640  2.44595e-08      2.00000  1.39368e-10
      11.0000      278.872  2.39211e-08      2.00000  1.36211e-10
      11.0000      279.105  2.27346e-08      2.00000  1.28809e-10
      11.0000      279.337  2.50468e-08      8.00000  1.46670e-10
      11.0000      279.571  2.02486e-08      10.0000  1.13225e-10
      11.0000      279.804  2.16217e-08      2.00000  1.18270e-10
      11.0000      280.037  1.97588e-08      0.00000  9.48043e-11
      11.0000      280.271  2.02352e-08      2.00000  9.21623e-11
      11.0000      280.504  1.89123e-08      2.00000  8.05376e-11
      11.0000      280.738  2.02054e-08      2.00000  8.80092e-11
      11.0000      280.971  1.98173e-08      2.00000  8.54573e-11
      11.0000      281.206  1.86183e-08      2.00000  8.23139e-11
      11.0000      281.440  1.97275e-08      2.00000  8.93163e-11
      11.0000      281.675  1.72462e-08      0.00000  7.83039e-11
      11.0000      281.910  1.75571e-08      256.000  8.50825e-11
      11.0000      282.145  1.86288e-08      258.000  8.82008e-11
      11.0000      282.381  1.84386e-08      2.00000  8.76254e-11
      11.0000      282.616  1.80926e-08      0.00000  8.11723e-11
      11.0000      282.851  1.85707e-08      0.00000  8.41838e-11
      11.0000      283.087  1.80502e-08      258.000  7.84880e-11
      11.0000      283.323  1.73240e-08      258.000  7.59184e-11
      11.0000      283.559  1.77701e-08      2.00000  7.79702e-11
      11.0000      283.796  1.77771e-08      2.00000  7.45871e-11
      11.0000      284.032  1.76861e-08      2.00000  7.61158e-11
      11.0000      284.269  1.70123e-08      0.00000  7.55889e-11
      11.0000      284.506  1.71305e-08      0.00000  7.83295e-11
      11.0000      284.743  1.66713e-08      0.00000  7.68564e-11
      11.0000      284.981  1.45701e-08      0.00000  6.49435e-11
      11.0000      285.218  1.63214e-08      2.00000  7.32816e-11
      11.0000      285.456  1.66236e-08      2.00000  7.44169e-11
      11.0000      285.694  1.62868e-08      0.00000  7.53947e-11
      11.0000      285.932  1.52478e-08      0.00000  6.78536e-11
      11.0000      286.171  1.53393e-08      2.00000  6.54631e-11
      11.0000      286.409  1.64200e-08      258.000  6.95511e-11
      11.0000      286.648  1.64109e-08      256.000  7.11228e-11
      11.0000      286.887  1.56697e-08      2.00000  6.81939e-11
      11.0000      287.126  1.53421e-08      2.00000  6.49190e-11
      11.0000      287.365  1.50742e-08      0.00000  6.14649e-11
      11.0000      287.605  1.44544e-08      0.00000  5.92297e-11
      11.0000      287.844  1.51461e-08      0.00000  6.70594e-11
      11.0000      288.085  1.54093e-08      0.00000  6.93776e-11
      11.0000      288.325  1.52241e-08      0.00000  7.02583e-11
      11.0000      288.565  1.48918e-08      0.00000  6.88697e-11
      11.0000      288.806  1.42026e-08      0.00000  6.92381e-11
      11.0000      289.047  1.36385e-08      0.00000  7.19783e-11
      11.0000      289.287  1.46265e-08      0.00000  7.95703e-11
      11.0000      289.529  1.37897e-08      2.00000  7.27033e-11
      11.0000      289.770  1.42159e-08      2.00000  7.63819e-11
      11.0000      290.011  1.40313e-08      258.000  7.68807e-11
      11.0000      290.254  1.29633e-08      0.00000  7.20640e-11
      11.0000      290.495  1.39389e-08      0.00000  7.79105e-11
      11.0000      290.737  1.36407e-08      2.00000  7.28837e-11
      11.0000      290.980  1.27054e-08      2.00000  6.60537e-11
      11.0000      291.223  1.26375e-08      2.00000  6.73610e-11
      11.0000      291.465  1.31288e-08      0.00000  7.18521e-11
      11.0000      291.708  1.34088e-08      2.00000  7.43831e-11
      11.0000      291.951  1.40790e-08      258.000  8.27728e-11
      11.0000      292.195  1.30201e-08      258.000  7.89803e-11
      11.0000      292.439  1.35983e-08      256.000  8.29421e-11
      11.0000      292.683  1.32151e-08      256.000  8.23484e-11
      11.0000      292.926  1.21206e-08      2.00000  7.51929e-11
      11.0000      293.171  1.39886e-08      2.00000  8.69100e-11
      12.0000      295.377  1.39910e-08      256.000  7.48256e-11
      12.0000      295.624  1.36341e-08      2.00000  6.97798e-11
      12.0000      295.870  1.32093e-08      258.000  7.59746e-11
      12.0000      296.117  1.23744e-08      258.000  7.31057e-11
      12.0000      296.364  1.26662e-08      2.00000  7.21116e-11
      12.0000      296.611  1.23258e-08      0.00000  6.43036e-11
      12.0000      296.858  1.25372e-08      0.00000  6.28562e-11
      12.0000      297.105  1.28507e-08      2.00000  6.63582e-11
      12.0000      297.354  1.14535e-08      2.00000  6.05172e-11
      12.0000      297.601  1.20706e-08      0.00000  6.38818e-11
      12.0000      297.850  1.25206e-08      0.00000  5.74646e-11
      12.0000      298.097  1.15889e-08      2.00000  4.71955e-11
      12.0000      298.346  1.17975e-08      2.00000  5.09912e-11
      12.0000      298.595  1.16668e-08      2.00000  5.31223e-11
      12.0000      298.844  1.17834e-08      0.00000  5.56138e-11
      12.0000      299.093  1.14532e-08      2.00000  5.24474e-11
      12.0000      299.342  1.14534e-08      2.00000  4.94214e-11
      12.0000      299.592  1.07872e-08      2.00000  4.52760e-11
      12.0000      299.842  1.05750e-08      0.00000  4.48181e-11
      12.0000      300.091  1.10338e-08      0.00000  4.74870e-11
      12.0000      300.342  1.14182e-08      2.00000  4.80133e-11
      12.0000      300.592  1.07132e-08      2.00000  4.71296e-11
      12.0000      300.843  1.04032e-08      2.00000  4.64076e-11
      12.0000      301.093  1.10300e-08      258.000  6.58308e-11
      12.0000      301.345  1.15785e-08      258.000  3.52920e-10
      12.0000      301.595  1.13522e-08      2.00000  4.15163e-11
      12.0000      301.848  1.11384e-08      2.00000  3.95346e-11
      12.0000      302.099  1.07692e-08      2.00000  4.13842e-11
      12.0000      302.350  1.04475e-08      2.00000  4.28869e-11
      12.0000      302.603  1.04771e-08      0.00000  4.30375e-11
      12.0000      302.855  1.05306e-08      0.00000  4.05626e-11
      12.0000      303.107  1.04527e-08      0.00000  3.98755e-11
      12.0000      303.360  9.90960e-09      2.00000  3.87864e-11
      12.0000      303.614  9.90140e-09      2.00000  3.58170e-11
      12.0000      303.866  1.01863e-08      0.00000  3.55333e-11
      12.0000      304.120  1.01276e-08      0.00000  3.56675e-11
      12.0000      304.373  9.80538e-09      0.00000  3.67385e-11
      12.0000      304.627  9.70494e-09      2.00000  3.83626e-11
      12.0000      304.881  1.00019e-08      2.00000  3.80335e-11
      12.0000      305.135  9.71312e-09      2.00000  3.44005e-11
      12.0000      305.389  9.63557e-09      2.00000  3.33803e-11
      12.0000      305.644  9.48463e-09      2.00000  3.29611e-11
      12.0000      305.899  9.66279e-09      2.00000  3.34134e-11
      12.0000      306.154  9.62342e-09      2.00000  3.22459e-11
      12.0000      306.409  9.60708e-09      0.00000  3.28543e-11
      12.0000      306.665  9.47039e-09      0.00000  3.46453e-11
      12.0000      306.921  9.36424e-09      2.00000  3.63203e-11
      12.0000      307.176  9.53442e-09      2.00000  3.71737e-11
      12.0000      307.432  9.22638e-09      2.00000  3.43591e-11
      12.0000      307.689  9.00936e-09      2.00000  3.32437e-11
      12.0000      307.945  8.98260e-09      256.000  3.35311e-11
      12.0000      308.202  9.21262e-09      256.000  3.52677e-11
      12.0000      308.458  9.61856e-09      2.00000  3.18306e-11
      12.0000      308.715  9.34450e-09      2.00000  2.87800e-11
      12.0000      308.973  8.71018e-09      0.00000  2.72800e-11
      12.0000      309.231  8.63612e-09      2.00000  2.88808e-11
      12.0000      309.488  8.72685e-09      2.00000  2.94321e-11
      12.0000      309.746  8.80498e-09      8.00000  3.05362e-11
      12.0000      310.004  8.69387e-09      8.00000  3.03925e-11
      12.0000      310.263  8.45312e-09      0.00000  3.07727e-11
      12.0000      310.522  8.59706e-09      2.00000  3.20287e-11
      12.0000      310.781  8.83878e-09      2.00000  3.14558e-11
      12.0000      311.040  8.80314e-09      0.00000  2.98623e-11
      12.0000      311.300  8.71641e-09      0.00000  3.04578e-11
      12.0000      311.559  8.43388e-09      0.00000  3.09922e-11
      12.0000      311.819  8.53398e-09      2.00000  3.12964e-11
      12.0000      312.079  8.70894e-09      2.00000  3.06838e-11
      12.0000      312.339  8.31782e-09      2.00000  2.90108e-11
      12.0000      312.599  8.08446e-09      2.00000  3.04951e-11
      12.0000      312.860  8.13090e-09      2.00000  3.12586e-11
      12.0000      313.120  8.38419e-09      2.00000  3.09948e-11
      12.0000      313.381  8.16017e-09      2.00000  2.88175e-11
      12.0000      313.643  7.88096e-09      2.00000  2.78499e-11
      12.0000      313.905  7.82405e-09      0.00000  2.88831e-11
      12.0000      314.166  7.91407e-09      2.00000  3.09250e-11
      12.0000      314.428  8.08210e-09      2.00000  3.21616e-11
      12.0000      314.690  8.03877e-09      2.00000  3.14211e-11
      12.0000      314.953  7.97843e-09      2.00000  3.09214e-11
      12.0000      315.215  8.06976e-09      2.00000  2.97354e-11
      12.0000      315.477  8.22940e-09      2.00000  2.75099e-11
      12.0000      315.740  8.27159e-09      2.00000  2.61407e-11
      12.0000      316.004  8.21503e-09      2.00000  2.70773e-11
      12.0000      316.268  7.99491e-09      0.00000  2.92357e-11
      12.0000      316.531  7.80264e-09      2.00000  2.99153e-11
      12.0000      316.795  7.96484e-09      2.00000  2.87141e-11
      12.0000      317.059  7.68269e-09      2.00000  2.69449e-11
      12.0000      317.323  7.44654e-09      2.00000  2.74123e-11
      12.0000      317.587  7.63167e-09      0.00000  2.85432e-11
      12.0000      317.853  7.80571e-09      0.00000  2.74176e-11
      12.0000      318.118  7.35833e-09      2.00000  2.85585e-11
      12.0000      318.383  7.07322e-09      2.00000  3.31875e-11
      12.0000      318.648  7.46317e-09      0.00000  3.17710e-11
      12.0000      318.914  7.57874e-09      2.00000  2.96279e-11
      13.0000      319.180  7.44558e-09      2.00000  3.27145e-11
      13.0000      319.446  7.41493e-09      2.00000  3.29770e-11
      13.0000      319.713  7.28927e-09      2.00000  3.95220e-11
      13.0000      319.978  7.20038e-09      2.00000  4.40884e-11
      13.0000      320.246  7.39082e-09      2.00000  4.11033e-11
      13.0000      320.513  7.60510e-09      2.00000  3.49099e-11
      13.0000      320.780  7.38666e-09      0.00000  3.10223e-11
      13.0000      321.047  7.33619e-09      2.00000  3.22300e-11
      13.0000      321.315  7.46354e-09      2.00000  3.18451e-11
      13.0000      321.583  7.49573e-09      2.00000  2.90901e-11
      13.0000      321.851  7.32656e-09      0.00000  2.64093e-11
      13.0000      322.119  7.10628e-09      2.00000  2.48200e-11
      13.0000      322.387  7.08196e-09      2.00000  2.44834e-11
      13.0000      322.657  7.00425e-09      2.00000  2.44204e-11
      13.0000      322.925  7.06915e-09      2.00000  2.53102e-11
      13.0000      323.195  6.97373e-09      2.00000  2.82138e-11
      13.0000      323.464  6.93249e-09      0.00000  2.98503e-11
      13.0000      323.734  7.12972e-09      0.00000  2.74292e-11
      13.0000      324.003  7.04226e-09      0.00000  2.27660e-11
      13.0000      324.273  6.87205e-09      0.00000  2.10961e-11
      13.0000      324.544  6.61582e-09      0.00000  2.16814e-11
      13.0000      324.815  6.73018e-09      2.00000  2.25510e-11
      13.0000      325.085  6.93653e-09      2.00000  2.20367e-11
      13.0000      325.357  6.73900e-09      0.00000  2.08781e-11
      13.0000      325.628  6.43701e-09      2.00000  2.04961e-11
      13.0000      325.900  6.37323e-09      2.00000  2.02816e-11
      13.0000      326.171  6.52417e-09      2.00000  1.98008e-11
      13.0000      326.443  6.62677e-09      2.00000  2.01602e-11
      13.0000      326.715  6.52156e-09      0.00000  2.20970e-11
      13.0000      326.988  6.54445e-09      0.00000  2.49968e-11
      13.0000      327.259  6.72490e-09      0.00000  2.51707e-11
      13.0000      327.533  7.00870e-09      0.00000  2.30825e-11
      13.0000      327.805  6.65916e-09      2.00000  2.02336e-11
      13.0000      328.079  6.44903e-09      0.00000  1.87894e-11
      13.0000      328.352  6.49503e-09      2.00000  1.78720e-11
      13.0000      328.626  6.56014e-09      2.00000  1.68597e-11
      13.0000      328.900  6.32499e-09      2.00000  1.66376e-11
      13.0000      329.175  6.11848e-09      0.00000  1.90377e-11
      13.0000      329.449  6.18133e-09      2.00000  2.20277e-11
      13.0000      329.724  6.30412e-09      2.00000  2.23491e-11
      13.0000      329.998  6.30588e-09      2.00000  2.17881e-11
      13.0000      330.274  6.09957e-09      0.00000  2.16727e-11
      13.0000      330.549  6.11424e-09      2.00000  2.12124e-11
      13.0000      330.825  6.25809e-09      2.00000  1.89185e-11
      13.0000      331.101  6.28195e-09      2.00000  1.61825e-11
      13.0000      331.376  6.09794e-09      2.00000  1.53402e-11
      13.0000      331.653  5.96996e-09      2.00000  1.59675e-11
      13.0000      331.929  6.03206e-09      2.00000  1.65023e-11
      13.0000      332.206  6.12494e-09      2.00000  1.66236e-11
      13.0000      332.483  5.97059e-09      2.00000  1.78342e-11
      13.0000      332.760  5.77218e-09      2.00000  2.04828e-11
      13.0000      333.037  5.93749e-09      2.00000  2.29084e-11
      13.0000      333.316  6.13930e-09      2.00000  2.25064e-11
      13.0000      333.592  6.11884e-09      2.00000  2.12662e-11
      13.0000      333.871  5.86404e-09      2.00000  2.00112e-11
      13.0000      334.150  6.01276e-09      0.00000  1.99545e-11
      13.0000      334.428  6.18672e-09      0.00000  1.78477e-11
      13.0000      334.707  6.16615e-09      0.00000  1.56606e-11
      13.0000      334.986  5.96709e-09      2.00000  1.51837e-11
      13.0000      335.264  5.89003e-09      2.00000  1.60123e-11
      13.0000      335.545  5.92287e-09      0.00000  1.62673e-11
      13.0000      335.824  5.84499e-09      0.00000  1.59409e-11
      13.0000      336.104  5.63397e-09      0.00000  1.66803e-11
      13.0000      336.384  5.67147e-09      0.00000  1.93065e-11
      13.0000      336.665  5.80649e-09      2.00000  2.01887e-11
      13.0000      336.945  5.82698e-09      2.00000  1.90963e-11
      13.0000      337.226  5.72065e-09      2.00000  1.86812e-11
      13.0000      337.507  5.69135e-09      0.00000  2.01437e-11
      13.0000      337.789  5.60816e-09      0.00000  1.94435e-11
      13.0000      338.071  5.81213e-09      0.00000  1.86974e-11
      13.0000      338.352  5.61711e-09      2.00000  1.79504e-11
      13.0000      338.634  5.42222e-09      2.00000  1.91114e-11
      13.0000      338.916  5.27240e-09      2.00000  2.05359e-11
      13.0000      339.199  5.51956e-09      0.00000  2.13713e-11
      13.0000      339.482  5.37482e-09      0.00000  2.06184e-11
      13.0000      339.765  5.26923e-09      0.00000  2.20016e-11
      13.0000      340.048  5.50819e-09      0.00000  2.60471e-11
      13.0000      340.332  5.62011e-09      0.00000  2.31390e-11
      13.0000      340.616  5.60632e-09      2.00000  2.15144e-11
      13.0000      340.899  5.41830e-09      2.00000  2.09700e-11
      13.0000      341.184  5.41135e-09      0.00000  2.12819e-11
      13.0000      341.468  5.48803e-09      2.00000  2.03298e-11
      13.0000      341.753  5.43361e-09      2.00000  1.85692e-11
      13.0000      342.038  5.24215e-09      2.00000  1.84654e-11
      13.0000      342.323  5.10295e-09      0.00000  1.98125e-11
      13.0000      342.608  5.28846e-09      0.00000  2.14203e-11
      13.0000      342.894  5.30509e-09      0.00000  2.09748e-11
      13.0000      343.180  5.15575e-09      2.00000  2.11508e-11
      14.0000      343.180  5.15408e-09      2.00000  2.63008e-11
      13.0000      343.466  5.10277e-09      2.00000  2.29927e-11
      14.0000      343.466  5.02549e-09      2.00000  3.03322e-11
      13.0000      343.752  5.31262e-09      0.00000  2.35891e-11
      14.0000      343.752  5.15798e-09      2.00000  3.02998e-11
      13.0000      344.039  5.44675e-09      2.00000  2.22439e-11
      14.0000      344.039  5.28352e-09      0.00000  2.50255e-11
      13.0000      344.325  5.22274e-09      2.00000  2.13406e-11
      14.0000      344.325  5.17853e-09      2.00000  2.18844e-11
      13.0000      344.612  5.05664e-09      0.00000  2.26271e-11
      14.0000      344.612  5.02548e-09      2.00000  2.28791e-11
      14.0000      344.900  5.13298e-09      2.00000  2.45372e-11
      14.0000      345.187  5.28595e-09      2.00000  2.30787e-11
      14.0000      345.476  4.95787e-09      2.00000  2.10712e-11
      14.0000      345.764  4.79096e-09      0.00000  2.10226e-11
      14.0000      346.052  4.87628e-09      0.00000  2.08796e-11
      14.0000      346.340  5.03615e-09      0.00000  2.02902e-11
      14.0000      346.629  5.04305e-09      2.00000  2.17394e-11
      14.0000      346.917  4.88951e-09      2.00000  2.42736e-11
      14.0000      347.207  4.93635e-09      0.00000  2.51415e-11
      14.0000      347.496  5.11562e-09      2.00000  2.13593e-11
      14.0000      347.786  4.98849e-09      2.00000  1.78817e-11
      14.0000      348.077  4.82664e-09      0.00000  1.74763e-11
      14.0000      348.367  4.85319e-09      0.00000  1.84546e-11
      14.0000      348.657  4.95747e-09      0.00000  1.86032e-11
      14.0000      348.948  4.81169e-09      0.00000  1.95756e-11
      14.0000      349.239  4.64559e-09      1.00000  2.18524e-11
      14.0000      349.529  4.88660e-09      3.00000  2.41618e-11
      14.0000      349.820  5.10641e-09      2.00000  2.21957e-11
      14.0000      350.112  5.00344e-09      2.00000  2.01076e-11
      14.0000      350.404  4.88055e-09      2.00000  2.03808e-11
      14.0000      350.696  5.03061e-09      0.00000  2.14322e-11
      14.0000      350.989  5.31037e-09      0.00000  2.09855e-11
      14.0000      351.281  5.25243e-09      0.00000  1.96947e-11
      14.0000      351.574  4.85041e-09      0.00000  1.95215e-11
      14.0000      351.867  4.66486e-09      2.00000  1.92395e-11
      14.0000      352.161  4.62836e-09      2.00000  1.76574e-11
      14.0000      352.454  4.56763e-09      2.00000  1.56921e-11
      14.0000      352.749  4.42186e-09      0.00000  1.54561e-11
      14.0000      353.043  4.33718e-09      2.00000  1.68118e-11
      14.0000      353.337  4.49179e-09      2.00000  1.68618e-11
      14.0000      353.632  4.58320e-09      2.00000  1.64246e-11
      14.0000      353.926  4.42391e-09      2.00000  1.74043e-11
      14.0000      354.221  4.93984e-09      2.00000  2.01670e-11
      14.0000      354.517  4.67835e-09      0.00000  1.81656e-11
      14.0000      354.812  4.38032e-09      2.00000  1.47852e-11
      14.0000      355.107  4.27724e-09      0.00000  1.39168e-11
      14.0000      355.404  4.23303e-09      0.00000  1.43556e-11
      14.0000      355.700  4.29080e-09      0.00000  1.40921e-11
      14.0000      355.996  4.30459e-09      0.00000  1.34361e-11
      14.0000      356.294  4.18890e-09      0.00000  1.40824e-11
      14.0000      356.590  4.20980e-09      2.00000  1.58704e-11
      14.0000      356.888  4.39464e-09      0.00000  1.62313e-11
      14.0000      357.185  4.42313e-09      0.00000  1.56917e-11
      14.0000      357.482  4.26129e-09      0.00000  1.63523e-11
      14.0000      357.780  4.16714e-09      2.00000  1.75436e-11
      14.0000      358.079  4.25849e-09      3.00000  1.67498e-11
      14.0000      358.378  4.20560e-09      3.00000  1.47016e-11
      14.0000      358.676  4.09436e-09      0.00000  1.41181e-11
      14.0000      358.976  4.06029e-09      2.00000  1.45218e-11
      14.0000      359.275  4.21622e-09      0.00000  1.42099e-11
      14.0000      359.575  4.18225e-09      0.00000  1.31869e-11
      14.0000      359.874  4.05398e-09      0.00000  1.31711e-11
      14.0000      360.175  4.04064e-09      0.00000  1.37672e-11
      14.0000      360.475  4.17142e-09      0.00000  1.34014e-11
      14.0000      360.775  4.13703e-09      0.00000  1.27401e-11
      14.0000      361.076  3.95365e-09      0.00000  1.32999e-11
      14.0000      361.377  3.97289e-09      0.00000  1.42679e-11
      14.0000      361.678  4.08944e-09      0.00000  1.40903e-11
      14.0000      361.979  4.03122e-09      0.00000  1.40146e-11
      14.0000      362.282  3.88884e-09      2.00000  1.54490e-11
      14.0000      362.583  3.96194e-09      3.00000  1.71674e-11
      14.0000      362.886  4.05676e-09      1.00000  1.69192e-11
      14.0000      363.189  3.96713e-09      0.00000  1.62699e-11
      14.0000      363.491  3.86756e-09      0.00000  1.73481e-11
      14.0000      363.794  3.89123e-09      0.00000  1.78882e-11
      14.0000      364.097  3.95168e-09      0.00000  1.64974e-11
      14.0000      364.401  3.84015e-09      0.00000  1.52957e-11
      14.0000      364.704  3.75695e-09      0.00000  1.57912e-11
      14.0000      365.009  3.82613e-09      2.00000  1.63355e-11
      14.0000      365.313  3.84645e-09      2.00000  1.52632e-11
      14.0000      365.617  3.74319e-09      2.00000  1.45868e-11
      14.0000      365.922  3.57939e-09      2.00000  1.51571e-11
      14.0000      366.228  3.68221e-09      2.00000  1.58359e-11
      14.0000      366.533  3.75824e-09      2.00000  1.50215e-11
      14.0000      366.838  3.66410e-09      0.00000  1.44825e-11
      14.0000      367.144  3.55747e-09      2.00000  1.51318e-11
      15.0000      367.144  3.58834e-09      256.000  2.35976e-11
      14.0000      367.450  3.66044e-09      2.00000  1.57605e-11
      15.0000      367.450  3.63407e-09      2.00000  2.35866e-11
      14.0000      367.757  3.70817e-09      0.00000  1.48116e-11
      15.0000      367.757  3.73461e-09      2.00000  2.32370e-11
      14.0000      368.062  3.57188e-09      0.00000  1.43864e-11
      15.0000      368.062  3.60620e-09      2.00000  2.35509e-11
      14.0000      368.370  3.48731e-09      2.00000  1.52460e-11
      15.0000      368.370  3.53386e-09      0.00000  2.31505e-11
      14.0000      368.677  3.61417e-09      2.00000  1.59683e-11
      15.0000      368.677  3.57155e-09      0.00000  2.04125e-11
      14.0000      368.985  3.63456e-09      2.00000  1.52138e-11
      15.0000      368.985  3.60222e-09      0.00000  1.79620e-11
      14.0000      369.293  3.55129e-09      2.00000  1.52753e-11
      15.0000      369.293  3.49111e-09      0.00000  1.85605e-11
      14.0000      369.600  3.50159e-09      2.00000  1.70311e-11
      15.0000      369.600  3.40227e-09      2.00000  2.13272e-11
      14.0000      369.909  3.52390e-09      2.00000  1.71335e-11
      15.0000      369.909  3.50272e-09      2.00000  2.13319e-11
      14.0000      370.217  3.58874e-09      2.00000  1.65223e-11
      15.0000      370.217  3.50866e-09      0.00000  1.84408e-11
      14.0000      370.525  3.45087e-09      2.00000  1.66967e-11
      15.0000      370.525  3.38296e-09      0.00000  1.68121e-11
      15.0000      370.835  3.36906e-09      0.00000  1.67654e-11
      15.0000      371.143  3.46240e-09      2.00000  1.60657e-11
      15.0000      371.453  3.44849e-09      2.00000  1.65056e-11
      15.0000      371.762  3.31981e-09      2.00000  1.81531e-11
      15.0000      372.072  3.33949e-09      2.00000  1.85524e-11
      15.0000      372.383  3.37488e-09      0.00000  1.58526e-11
      15.0000      372.692  3.31245e-09      0.00000  1.35167e-11
      15.0000      373.003  3.20718e-09      0.00000  1.36073e-11
      15.0000      373.314  3.24186e-09      0.00000  1.42268e-11
      15.0000      373.626  3.28399e-09      0.00000  1.40598e-11
      15.0000      373.937  3.20543e-09      2.00000  1.49976e-11
      15.0000      374.249  3.13717e-09      0.00000  1.61663e-11
      15.0000      374.561  3.23245e-09      2.00000  1.53940e-11
      15.0000      374.873  3.25171e-09      0.00000  1.30962e-11
      15.0000      375.185  3.13429e-09      0.00000  1.23410e-11
      15.0000      375.498  3.09683e-09      0.00000  1.22867e-11
      15.0000      375.811  3.19731e-09      0.00000  1.22961e-11
      15.0000      376.125  3.18829e-09      0.00000  1.21177e-11
      15.0000      376.438  3.00701e-09      0.00000  1.31607e-11
      15.0000      376.753  2.98877e-09      0.00000  1.46796e-11
      15.0000      377.067  3.10442e-09      0.00000  1.36973e-11
      15.0000      377.381  3.07302e-09      0.00000  1.20314e-11
      15.0000      377.695  2.94642e-09      0.00000  1.15734e-11
      15.0000      378.010  2.97400e-09      0.00000  1.15137e-11
      15.0000      378.325  3.04436e-09      0.00000  1.06943e-11
      15.0000      378.640  2.98693e-09      0.00000  1.04425e-11
      15.0000      378.956  2.90352e-09      0.00000  1.13831e-11
      15.0000      379.272  2.94819e-09      0.00000  1.20776e-11
      15.0000      379.589  3.00143e-09      0.00000  1.19531e-11
      15.0000      379.905  2.83727e-09      0.00000  1.26993e-11
      15.0000      380.222  2.77772e-09      0.00000  1.28719e-11
      15.0000      380.539  2.88531e-09      0.00000  1.21760e-11
      15.0000      380.855  2.89416e-09      0.00000  1.08758e-11
      15.0000      381.173  2.73508e-09      0.00000  1.03822e-11
      15.0000      381.492  2.78556e-09      0.00000  1.05677e-11
      15.0000      381.809  2.86182e-09      0.00000  9.87543e-12
      15.0000      382.127  2.81755e-09      0.00000  9.28169e-12
      15.0000      382.446  2.71653e-09      0.00000  9.79873e-12
      15.0000      382.765  2.75495e-09      0.00000  1.04139e-11
      15.0000      383.085  2.79026e-09      0.00000  1.01660e-11
      15.0000      383.403  2.68302e-09      0.00000  1.06188e-11
      15.0000      383.723  2.59553e-09      0.00000  1.23640e-11
      15.0000      384.044  2.73061e-09      0.00000  1.34569e-11
      15.0000      384.363  2.73323e-09      0.00000  1.21870e-11
      15.0000      384.683  2.58986e-09      0.00000  1.17368e-11
      15.0000      385.005  2.59985e-09      0.00000  1.18925e-11
      15.0000      385.325  2.72146e-09      0.00000  1.09807e-11
      15.0000      385.646  2.69274e-09      0.00000  9.61872e-12
      15.0000      385.968  2.54947e-09      0.00000  9.23669e-12
      15.0000      386.290  2.53438e-09      0.00000  9.39847e-12
      15.0000      386.612  2.59330e-09      0.00000  9.00530e-12
      15.0000      386.934  2.52605e-09      0.00000  8.90632e-12
      15.0000      387.256  2.42824e-09      0.00000  9.52958e-12
      15.0000      387.580  2.50063e-09      0.00000  9.93273e-12
      15.0000      387.902  2.54309e-09      0.00000  9.48834e-12
      15.0000      388.226  2.46299e-09      0.00000  9.47965e-12
      15.0000      388.550  2.44128e-09      0.00000  9.96052e-12
      15.0000      388.874  2.53689e-09      0.00000  9.58963e-12
      15.0000      389.197  2.49545e-09      0.00000  9.09705e-12
      15.0000      389.522  2.36899e-09      0.00000  9.70496e-12
      15.0000      389.847  2.37257e-09      0.00000  1.05132e-11
      15.0000      390.172  2.44138e-09      0.00000  1.05380e-11
      15.0000      390.497  2.35336e-09      0.00000  1.07198e-11
      15.0000      390.823  2.27781e-09      0.00000  1.22012e-11
      15.0000      391.149  2.39259e-09      0.00000  1.25434e-11
      16.0000      391.149  2.32189e-09      2.00000  2.53819e-11
      15.0000      391.475  2.41477e-09      0.00000  1.16077e-11
      16.0000      391.475  2.35012e-09      0.00000  2.02769e-11
      15.0000      391.802  2.30324e-09      0.00000  1.17410e-11
      16.0000      391.802  2.28782e-09      2.00000  1.83362e-11
      15.0000      392.128  2.29475e-09      0.00000  1.24006e-11
      16.0000      392.128  2.23774e-09      2.00000  1.93814e-11
      15.0000      392.455  2.38114e-09      0.00000  1.18614e-11
      16.0000      392.455  2.32433e-09      2.00000  1.88901e-11
      15.0000      392.782  2.30880e-09      0.00000  1.11209e-11
      16.0000      392.782  2.31781e-09      0.00000  1.74776e-11
      15.0000      393.110  2.16021e-09      0.00000  1.19682e-11
      16.0000      393.110  2.15398e-09      0.00000  1.61000e-11
      15.0000      393.437  2.20351e-09      0.00000  1.33101e-11
      16.0000      393.437  2.18493e-09      0.00000  1.57527e-11
      15.0000      393.766  2.30067e-09      2.00000  1.45383e-11
      16.0000      393.766  2.25622e-09      0.00000  1.46849e-11
      15.0000      394.093  2.23602e-09      0.00000  1.34154e-11
      16.0000      394.093  2.21576e-09      0.00000  1.52764e-11
      15.0000      394.421  2.16257e-09      2.00000  1.47519e-11
      16.0000      394.421  2.14151e-09      2.00000  1.82511e-11
      15.0000      394.751  2.23766e-09      2.00000  1.46026e-11
      16.0000      394.751  2.19204e-09      2.00000  1.80074e-11
      15.0000      395.080  2.28031e-09      0.00000  1.31154e-11
      16.0000      395.080  2.24690e-09      2.00000  1.49903e-11
      15.0000      395.409  2.16504e-09      0.00000  1.30742e-11
      16.0000      395.409  2.13242e-09      0.00000  1.28566e-11
      15.0000      395.739  2.15523e-09      0.00000  1.34098e-11
      16.0000      395.739  2.11517e-09      0.00000  1.22379e-11
      15.0000      396.069  2.22334e-09      0.00000  1.25443e-11
      16.0000      396.069  2.17288e-09      0.00000  1.13907e-11
      15.0000      396.399  2.12415e-09      0.00000  1.20390e-11
      16.0000      396.399  2.11612e-09      0.00000  1.15406e-11
      16.0000      396.729  2.00561e-09      0.00000  1.39380e-11
      16.0000      397.060  2.06240e-09      2.00000  1.50991e-11
      16.0000      397.392  2.13544e-09      0.00000  1.31306e-11
      16.0000      397.722  2.04575e-09      0.00000  1.17695e-11
      16.0000      398.054  2.01465e-09      0.00000  1.15792e-11
      16.0000      398.386  2.09690e-09      0.00000  1.06888e-11
      16.0000      398.718  2.10514e-09      0.00000  1.01046e-11
      16.0000      399.050  1.98250e-09      0.00000  1.09403e-11
      16.0000      399.383  1.98408e-09      0.00000  1.24739e-11
      16.0000      399.717  2.01654e-09      0.00000  1.12403e-11
      16.0000      400.050  1.92089e-09      0.00000  1.02753e-11
      16.0000      400.383  1.86695e-09      0.00000  1.04980e-11
      16.0000      400.716  1.96170e-09      0.00000  1.02857e-11
      16.0000      401.051  1.97355e-09      0.00000  9.53942e-12
      16.0000      401.386  1.90589e-09      0.00000  9.83100e-12
      16.0000      401.719  1.92130e-09      0.00000  1.02070e-11
      16.0000      402.055  1.96957e-09      0.00000  9.87398e-12
      16.0000      402.390  1.90565e-09      0.00000  1.00128e-11
      16.0000      402.726  1.80246e-09      0.00000  1.04366e-11
      16.0000      403.062  1.85853e-09      0.00000  9.93606e-12
      16.0000      403.397  1.85467e-09      0.00000  8.97520e-12
      16.0000      403.734  1.77831e-09      0.00000  9.32901e-12
      16.0000      404.070  1.82530e-09      0.00000  9.28604e-12
      16.0000      404.406  1.87154e-09      0.00000  8.74078e-12
      16.0000      404.744  1.81056e-09      0.00000  8.42618e-12
      16.0000      405.081  1.77248e-09      0.00000  8.91992e-12
      16.0000      405.420  1.83175e-09      0.00000  8.91631e-12
      16.0000      405.757  1.79533e-09      0.00000  8.73962e-12
      16.0000      406.095  1.67294e-09      0.00000  9.61698e-12
      16.0000      406.435  1.68419e-09      0.00000  1.03179e-11
      16.0000      406.774  1.74404e-09      0.00000  9.55924e-12
      16.0000      407.111  1.69804e-09      0.00000  8.96001e-12
      16.0000      407.451  1.63995e-09      0.00000  9.05899e-12
      16.0000      407.790  1.72541e-09      0.00000  8.74425e-12
      16.0000      408.132  1.73648e-09      0.00000  7.69411e-12
      16.0000      408.472  1.63708e-09      0.00000  7.40122e-12
      16.0000      408.812  1.63942e-09      0.00000  7.47270e-12
      16.0000      409.152  1.65281e-09      0.00000  7.12714e-12
      16.0000      409.494  1.57704e-09      0.00000  7.46185e-12
      16.0000      409.834  1.55533e-09      0.00000  8.70735e-12
      16.0000      410.177  1.61269e-09      0.00000  9.10037e-12
      16.0000      410.519  1.62581e-09      0.00000  9.18966e-12
      16.0000      410.862  1.54177e-09      0.00000  1.02475e-11
      16.0000      411.203  1.60231e-09      0.00000  1.08353e-11
      16.0000      411.546  1.66305e-09      0.00000  9.88758e-12
      16.0000      411.889  1.57442e-09      0.00000  9.29341e-12
      16.0000      412.233  1.50627e-09      0.00000  9.42568e-12
      16.0000      412.577  1.56142e-09      0.00000  9.12136e-12
      16.0000      412.919  1.54146e-09      0.00000  8.40390e-12
      16.0000      413.264  1.42643e-09      0.00000  8.67088e-12
      16.0000      413.609  1.47949e-09      0.00000  9.44492e-12
      16.0000      413.954  1.53440e-09      0.00000  8.84091e-12
      16.0000      414.298  1.49656e-09      0.00000  8.40202e-12
      16.0000      414.644  1.48040e-09      0.00000  8.57769e-12
      16.0000      414.989  1.53367e-09      0.00000  8.09220e-12
      16.0000      415.336  1.48914e-09      0.00000  7.29327e-12
      17.0000      415.336  1.47440e-09      0.00000  2.07344e-11
      16.0000      415.683  1.41613e-09      0.00000  7.43074e-12
      17.0000      415.683  1.34985e-09      2.00000  2.01228e-11
      16.0000      416.029  1.44191e-09      0.00000  7.77775e-12
      17.0000      416.029  1.36304e-09      2.00000  1.99668e-11
      16.0000      416.375  1.43677e-09      0.00000  7.64563e-12
      17.0000      416.375  1.42048e-09      2.00000  2.01398e-11
      16.0000      416.722  1.37885e-09      0.00000  7.99365e-12
      17.0000      416.722  1.35309e-09      2.00000  2.14529e-11
      16.0000      417.070  1.39662e-09      0.00000  8.62270e-12
      17.0000      417.070  1.36426e-09      2.00000  2.20335e-11
      16.0000      417.418  1.44859e-09      0.00000  8.52328e-12
      17.0000      417.418  1.53929e-09      2.00000  1.89079e-11
      16.0000      417.767  1.41849e-09      0.00000  8.14053e-12
      17.0000      417.767  1.39331e-09      2.00000  1.58469e-11
      16.0000      418.114  1.39327e-09      0.00000  8.27612e-12
      17.0000      418.114  1.34939e-09      2.00000  1.61459e-11
      16.0000      418.463  1.42336e-09      0.00000  8.10479e-12
      17.0000      418.463  1.39320e-09      2.00000  1.64615e-11
      16.0000      418.811  1.42079e-09      0.00000  7.70322e-12
      17.0000      418.811  1.40538e-09      2.00000  1.53347e-11
      16.0000      419.161  1.31318e-09      0.00000  8.03504e-12
      17.0000      419.161  1.35139e-09      2.00000  1.53869e-11
      16.0000      419.511  1.29907e-09      0.00000  8.58681e-12
      17.0000      419.511  1.29700e-09      0.00000  1.41019e-11
      16.0000      419.859  1.34645e-09      0.00000  8.68521e-12
      17.0000      419.859  1.32049e-09      0.00000  1.26050e-11
      16.0000      420.210  1.30788e-09      0.00000  8.93483e-12
      17.0000      420.210  1.27679e-09      0.00000  1.24722e-11
      16.0000      420.560  1.28738e-09      0.00000  9.47271e-12
      17.0000      420.560  1.30573e-09      0.00000  1.40934e-11
      16.0000      420.911  1.30841e-09      0.00000  9.37821e-12
      17.0000      420.911  1.34321e-09      0.00000  1.40718e-11
      16.0000      421.262  1.29132e-09      0.00000  8.91963e-12
      17.0000      421.262  1.30663e-09      0.00000  1.34090e-11
      16.0000      421.614  1.24533e-09      0.00000  9.02411e-12
      17.0000      421.614  1.25036e-09      0.00000  1.27024e-11
      16.0000      421.964  1.26903e-09      0.00000  9.18575e-12
      17.0000      421.964  1.27892e-09      0.00000  1.12520e-11
      16.0000      422.317  1.28174e-09      0.00000  8.97622e-12
      17.0000      422.317  1.25580e-09      0.00000  9.50006e-12
      17.0000      422.669  1.19982e-09      0.00000  9.64448e-12
      17.0000      423.021  1.20557e-09      0.00000  1.06783e-11
      17.0000      423.374  1.25171e-09      0.00000  1.09655e-11
      17.0000      423.727  1.20826e-09      0.00000  1.16682e-11
      17.0000      424.079  1.16728e-09      0.00000  1.21798e-11
      17.0000      424.434  1.21923e-09      0.00000  1.04583e-11
      17.0000      424.787  1.19973e-09      0.00000  8.76986e-12
      17.0000      425.141  1.14777e-09      0.00000  8.49145e-12
      17.0000      425.496  1.16839e-09      0.00000  8.31635e-12
      17.0000      425.851  1.17692e-09      0.00000  8.02158e-12
      17.0000      426.205  1.11724e-09      0.00000  8.87868e-12
      17.0000      426.561  1.12702e-09      0.00000  1.01637e-11
      17.0000      426.916  1.16165e-09      0.00000  1.00745e-11
      17.0000      427.272  1.12850e-09      0.00000  9.61655e-12
      17.0000      427.628  1.10765e-09      0.00000  9.10660e-12
      17.0000      427.985  1.14343e-09      0.00000  8.13677e-12
      17.0000      428.343  1.12597e-09      0.00000  7.01195e-12
      17.0000      428.699  1.07123e-09      0.00000  7.01774e-12
      17.0000      429.056  1.08783e-09      0.00000  7.16086e-12
      17.0000      429.415  1.10327e-09      0.00000  7.02107e-12
      17.0000      429.771  1.05917e-09      0.00000  7.63087e-12
      17.0000      430.130  1.06798e-09      0.00000  8.44977e-12
      17.0000      430.489  1.10036e-09      0.00000  8.35991e-12
      17.0000      430.847  1.05720e-09      0.00000  8.46395e-12
      17.0000      431.207  1.03331e-09      0.00000  8.65916e-12
      17.0000      431.566  1.07942e-09      0.00000  7.81161e-12
      17.0000      431.926  1.05055e-09      0.00000  6.85437e-12
      17.0000      432.287  1.00828e-09      0.00000  6.82687e-12
      17.0000      432.646  1.02727e-09      0.00000  6.79272e-12
      17.0000      433.007  1.02680e-09      0.00000  6.34152e-12
      17.0000      433.368  9.87773e-10      0.00000  6.33255e-12
      17.0000      433.730  1.00016e-09      0.00000  6.43515e-12
      17.0000      434.092  1.02038e-09      0.00000  6.46583e-12
      17.0000      434.452  9.82672e-10      0.00000  6.32937e-12
      17.0000      434.815  9.70460e-10      0.00000  6.69186e-12
      17.0000      435.178  9.81427e-10      0.00000  6.55207e-12
      17.0000      435.540  9.55104e-10      0.00000  6.85958e-12
      17.0000      435.905  9.35077e-10      0.00000  7.75344e-12
      17.0000      436.268  9.77707e-10      0.00000  8.08728e-12
      17.0000      436.630  9.75470e-10      0.00000  7.91146e-12
      17.0000      436.994  9.18683e-10      0.00000  8.02664e-12
      17.0000      437.359  9.42871e-10      0.00000  7.68296e-12
      17.0000      437.723  9.44227e-10      0.00000  6.86667e-12
      17.0000      438.089  8.93189e-10      0.00000  6.81110e-12
      17.0000      438.454  8.89399e-10      0.00000  6.91196e-12
      17.0000      438.820  9.12919e-10      0.00000  6.52270e-12
      17.0000      439.186  8.90040e-10      0.00000  6.39058e-12
      17.0000      439.551  8.85594e-10      0.00000  6.62645e-12
      18.0000      439.551  8.78124e-10      0.00000  2.57946e-11
      17.0000      439.918  9.04951e-10      0.00000  6.43168e-12
      18.0000      439.918  8.88843e-10      0.00000  2.18378e-11
      17.0000      440.284  8.71899e-10      0.00000  6.21143e-12
      18.0000      440.284  8.67445e-10      0.00000  2.12160e-11
      17.0000      440.651  8.39933e-10      0.00000  6.91413e-12
      18.0000      440.651  8.72618e-10      0.00000  2.40572e-11
      17.0000      441.018  8.62298e-10      0.00000  6.63789e-12
      18.0000      441.018  8.85043e-10      0.00000  2.16688e-11
      17.0000      441.386  8.57240e-10      0.00000  5.89640e-12
      18.0000      441.386  8.39619e-10      2.00000  1.70871e-11
      17.0000      441.755  8.34589e-10      0.00000  6.22966e-12
      18.0000      441.755  8.10895e-10      2.00000  1.64379e-11
      17.0000      442.124  8.48012e-10      0.00000  6.34022e-12
      18.0000      442.124  8.32386e-10      2.00000  1.54436e-11
      17.0000      442.492  8.48313e-10      0.00000  6.16759e-12
      18.0000      442.492  8.46058e-10      2.00000  1.51429e-11
      17.0000      442.860  8.35384e-10      0.00000  6.31490e-12
      18.0000      442.860  8.18494e-10      2.00000  1.69774e-11
      17.0000      443.229  8.51575e-10      0.00000  6.38986e-12
      18.0000      443.229  8.26381e-10      2.00000  1.64080e-11
      17.0000      443.599  8.45317e-10      0.00000  6.15471e-12
      18.0000      443.599  8.31538e-10      0.00000  1.32908e-11
      17.0000      443.969  8.05546e-10      0.00000  6.22084e-12
      18.0000      443.969  7.88660e-10      0.00000  1.15928e-11
      17.0000      444.340  8.02335e-10      0.00000  6.43457e-12
      18.0000      444.340  7.86148e-10      0.00000  1.16537e-11
      17.0000      444.709  8.10293e-10      0.00000  6.38045e-12
      18.0000      444.709  7.89472e-10      0.00000  1.09133e-11
      17.0000      445.079  7.80365e-10      0.00000  6.61820e-12
      18.0000      445.079  7.68678e-10      0.00000  1.14662e-11
      17.0000      445.452  7.87409e-10      0.00000  7.06767e-12
      18.0000      445.452  7.76647e-10      0.00000  1.31393e-11
      17.0000      445.824  8.07845e-10      0.00000  6.97100e-12
      18.0000      445.824  7.80342e-10      0.00000  1.22019e-11
      17.0000      446.194  7.80357e-10      0.00000  6.84366e-12
      18.0000      446.194  7.78407e-10      0.00000  1.02784e-11
      17.0000      446.566  7.79496e-10      0.00000  7.04176e-12
      18.0000      446.566  7.81201e-10      0.00000  9.55287e-12
      17.0000      446.939  8.02337e-10      0.00000  6.98489e-12
      18.0000      446.939  7.94590e-10      0.00000  8.42850e-12
      17.0000      447.311  7.82129e-10      0.00000  6.87521e-12
      18.0000      447.311  7.80484e-10      0.00000  8.04300e-12
      17.0000      447.684  7.64019e-10      0.00000  7.22424e-12
      18.0000      447.684  7.49463e-10      0.00000  8.87506e-12
      17.0000      448.057  7.77424e-10      0.00000  7.50468e-12
      18.0000      448.057  7.52245e-10      0.00000  9.32655e-12
      17.0000      448.431  7.51428e-10      0.00000  7.77051e-12
      18.0000      448.431  7.55968e-10      0.00000  9.59253e-12
      18.0000      448.805  7.35880e-10      0.00000  9.65649e-12
      18.0000      449.180  7.37989e-10      0.00000  8.43211e-12
      18.0000      449.553  7.42605e-10      0.00000  7.09994e-12
      18.0000      449.928  7.22724e-10      0.00000  6.62110e-12
      18.0000      450.302  7.26735e-10      0.00000  6.45367e-12
      18.0000      450.678  7.24551e-10      0.00000  6.63745e-12
      18.0000      451.054  6.74979e-10      0.00000  7.26707e-12
      18.0000      451.431  7.02158e-10      0.00000  8.11492e-12
      18.0000      451.806  7.14139e-10      0.00000  8.47379e-12
      18.0000      452.184  6.91316e-10      0.00000  7.98309e-12
      18.0000      452.560  6.99529e-10      0.00000  7.54911e-12
      18.0000      452.938  7.10386e-10      0.00000  6.31432e-12
      18.0000      453.315  6.84341e-10      0.00000  5.78802e-12
      18.0000      453.694  6.71412e-10      0.00000  5.81754e-12
      18.0000      454.071  6.78295e-10      0.00000  5.69671e-12
      18.0000      454.450  6.54575e-10      0.00000  6.08597e-12
      18.0000      454.829  6.55243e-10      0.00000  6.94843e-12
      18.0000      455.208  6.77155e-10      0.00000  6.91341e-12
      18.0000      455.587  6.60467e-10      0.00000  7.10500e-12
      18.0000      455.967  6.36143e-10      0.00000  7.61871e-12
      18.0000      456.348  6.64928e-10      0.00000  6.86175e-12
      18.0000      456.727  6.58577e-10      0.00000  6.01101e-12
      18.0000      457.109  6.13191e-10      0.00000  6.04675e-12
      18.0000      457.490  6.38466e-10      0.00000  6.07946e-12
      18.0000      457.871  6.39926e-10      0.00000  5.76949e-12
      18.0000      458.253  6.05502e-10      0.00000  6.00305e-12
      18.0000      458.636  6.27821e-10      0.00000  5.90885e-12
      18.0000      459.017  6.31987e-10      0.00000  5.36214e-12
      18.0000      459.400  6.11764e-10      0.00000  5.39427e-12
      18.0000      459.783  6.18096e-10      0.00000  5.23943e-12
      18.0000      460.166  6.04489e-10      0.00000  5.17286e-12
      18.0000      460.549  5.71644e-10      0.00000  5.87397e-12
      18.0000      460.934  5.78511e-10      0.00000  6.61864e-12
      18.0000      461.318  5.93569e-10      0.00000  6.79938e-12
      18.0000      461.702  5.63257e-10      0.00000  7.30122e-12
      18.0000      462.088  5.82129e-10      0.00000  7.70670e-12
      18.0000      462.473  5.97718e-10      0.00000  6.87289e-12
      18.0000      462.858  5.53547e-10      0.00000  6.40129e-12
      18.0000      463.244  5.51979e-10      0.00000  6.35484e-12
      18.0000      463.631  5.71563e-10      0.00000  6.04212e-12
      19.0000      463.631  5.40911e-10      258.000  3.54100e-11
      18.0000      464.018  5.32067e-10      0.00000  5.96586e-12
      19.0000      464.018  5.06943e-10      0.00000  3.56506e-11
      18.0000      464.403  5.35115e-10      0.00000  6.63919e-12
      19.0000      464.403  5.14297e-10      0.00000  3.30949e-11
      18.0000      464.792  5.49242e-10      0.00000  6.46756e-12
      19.0000      464.792  5.32283e-10      0.00000  2.81289e-11
      18.0000      465.179  5.33551e-10      0.00000  6.19580e-12
      19.0000      465.179  5.42256e-10      0.00000  2.64269e-11
      18.0000      465.567  5.37108e-10      0.00000  6.12027e-12
      19.0000      465.567  5.36491e-10      0.00000  2.59367e-11
      18.0000      465.955  5.53412e-10      0.00000  5.66082e-12
      19.0000      465.955  5.66836e-10      0.00000  2.31431e-11
      18.0000      466.342  5.34556e-10      0.00000  5.66038e-12
      19.0000      466.342  5.38828e-10      0.00000  2.04109e-11
      18.0000      466.731  5.18244e-10      0.00000  5.34521e-12
      19.0000      466.731  5.61431e-10      0.00000  1.84382e-11
      18.0000      467.122  5.18256e-10      0.00000  5.52696e-12
      19.0000      467.122  5.43518e-10      0.00000  1.59008e-11
      18.0000      467.510  4.98421e-10      0.00000  5.83128e-12
      19.0000      467.510  5.21656e-10      0.00000  1.61427e-11
      18.0000      467.900  4.92893e-10      0.00000  6.43341e-12
      19.0000      467.900  5.23805e-10      2.00000  1.84769e-11
      18.0000      468.290  5.09590e-10      0.00000  6.48811e-12
      19.0000      468.290  7.43901e-10      2.00000  2.00597e-11
      18.0000      468.680  5.08146e-10      0.00000  6.22026e-12
      19.0000      468.680  5.59463e-10      2.00000  1.80071e-11
      18.0000      469.072  5.16142e-10      0.00000  6.07642e-12
      19.0000      469.072  5.15196e-10      2.00000  1.62935e-11
      18.0000      469.462  5.19391e-10      0.00000  5.71378e-12
      19.0000      469.462  5.20551e-10      0.00000  1.22408e-11
      18.0000      469.854  4.80579e-10      0.00000  5.70684e-12
      19.0000      469.854  5.04995e-10      0.00000  1.11079e-11
      18.0000      470.245  4.73411e-10      0.00000  6.19783e-12
      19.0000      470.245  4.68225e-10      0.00000  1.17637e-11
      18.0000      470.637  4.81330e-10      0.00000  6.62978e-12
      19.0000      470.637  4.82398e-10      0.00000  1.22023e-11
      18.0000      471.029  4.64912e-10      0.00000  7.23263e-12
      19.0000      471.029  4.54526e-10      0.00000  1.38976e-11
      18.0000      471.422  4.62930e-10      0.00000  8.21737e-12
      19.0000      471.422  4.45397e-10      2.00000  1.55069e-11
      18.0000      471.816  4.85574e-10      0.00000  8.12968e-12
      19.0000      471.816  4.92618e-10      0.00000  1.32335e-11
      18.0000      472.208  4.84188e-10      0.00000  7.41554e-12
      19.0000      472.208  4.81269e-10      0.00000  1.06246e-11
      18.0000      472.603  4.71127e-10      0.00000  7.38385e-12
      19.0000      472.603  4.69036e-10      0.00000  9.69020e-12
      18.0000      472.997  4.77499e-10      0.00000  7.02758e-12
      19.0000      472.997  4.76842e-10      0.00000  8.70113e-12
      18.0000      473.391  4.41379e-10      0.00000  7.23770e-12
      19.0000      473.391  4.59057e-10      0.00000  8.70098e-12
      18.0000      473.785  4.22434e-10      0.00000  8.36627e-12
      19.0000      473.785  4.42574e-10      0.00000  1.02550e-11
      18.0000      474.181  4.47794e-10      0.00000  9.22265e-12
      19.0000      474.181  4.55612e-10      0.00000  1.09512e-11
      18.0000      474.577  4.34959e-10      0.00000  9.80192e-12
      19.0000      474.577  4.55931e-10      0.00000  1.18103e-11
      19.0000      474.971  4.36193e-10      0.00000  1.19653e-11
      19.0000      475.367  4.65072e-10      0.00000  9.42090e-12
      19.0000      475.765  4.49994e-10      0.00000  7.74403e-12
      19.0000      476.161  4.37903e-10      0.00000  7.44622e-12
      19.0000      476.558  4.46602e-10      0.00000  7.15362e-12
      19.0000      476.954  4.23739e-10      0.00000  7.55967e-12
      19.0000      477.352  4.16647e-10      0.00000  8.67175e-12
      19.0000      477.751  4.39989e-10      0.00000  8.98027e-12
      19.0000      478.149  4.14646e-10      0.00000  8.96102e-12
      19.0000      478.547  4.21650e-10      0.00000  9.23466e-12
      19.0000      478.946  4.42218e-10      0.00000  7.88208e-12
      19.0000      479.345  4.26293e-10      0.00000  6.94192e-12
      19.0000      479.745  4.02081e-10      0.00000  6.85509e-12
      19.0000      480.146  4.07724e-10      0.00000  6.72153e-12
      19.0000      480.545  3.92035e-10      0.00000  6.63644e-12
      19.0000      480.945  3.96099e-10      0.00000  6.71487e-12
      19.0000      481.348  4.07172e-10      0.00000  6.30129e-12
      19.0000      481.749  3.96997e-10      0.00000  6.02288e-12
      19.0000      482.151  4.01182e-10      0.00000  6.19407e-12
      19.0000      482.551  4.05334e-10      0.00000  5.94025e-12
      19.0000      482.954  3.73892e-10      0.00000  6.43573e-12
      19.0000      483.356  3.96707e-10      0.00000  7.35520e-12
      19.0000      483.760  3.86733e-10      0.00000  7.75315e-12
      19.0000      484.163  3.61675e-10      0.00000  7.91102e-12
      19.0000      484.567  3.87197e-10      0.00000  7.39818e-12
      19.0000      484.971  3.95058e-10      0.00000  6.43153e-12
      19.0000      485.376  3.76814e-10      0.00000  5.92549e-12
      19.0000      485.779  3.79509e-10      0.00000  5.66473e-12
      19.0000      486.185  3.63158e-10      0.00000  5.30079e-12
      19.0000      486.590  3.56077e-10      0.00000  5.57515e-12
      19.0000      486.995  3.61562e-10      0.00000  5.83432e-12
      19.0000      487.401  3.64137e-10      0.00000  5.88222e-12
      19.0000      487.807  3.58794e-10      0.00000  5.85748e-12
      19.0000      488.215  3.61569e-10      0.00000  5.54896e-12
      20.0000      488.215  2.47288e-10      2.00000  5.87445e-11
      19.0000      488.622  3.50092e-10      0.00000  5.27445e-12
      20.0000      488.622  3.15555e-10      2.00000  5.34806e-11
      19.0000      489.029  3.50611e-10      0.00000  5.36475e-12
      20.0000      489.029  3.13701e-10      2.00000  4.42311e-11
      19.0000      489.436  3.50349e-10      0.00000  5.46098e-12
      20.0000      489.436  3.15756e-10      2.00000  3.54286e-11
      19.0000      489.845  3.38575e-10      0.00000  5.94256e-12
      20.0000      489.845  3.24395e-10      0.00000  3.23163e-11
      19.0000      490.254  3.32052e-10      0.00000  6.54498e-12
      20.0000      490.254  2.87588e-10      2.00000  3.39651e-11
      19.0000      490.663  3.41193e-10      0.00000  6.64136e-12
      20.0000      490.663  2.99022e-10      2.00000  3.36946e-11
      19.0000      491.070  3.21555e-10      0.00000  7.12917e-12
      20.0000      491.070  3.30322e-10      0.00000  3.43957e-11
      19.0000      491.480  3.30551e-10      0.00000  6.75973e-12
      20.0000      491.480  3.22198e-10      2.00000  3.02367e-11
      19.0000      491.889  3.39734e-10      0.00000  6.43616e-12
      20.0000      491.889  3.18945e-10      2.00000  2.19989e-11
      19.0000      492.300  3.26078e-10      0.00000  6.55540e-12
      20.0000      492.300  3.15727e-10      2.00000  1.95969e-11
      19.0000      492.710  3.32835e-10      0.00000  6.96478e-12
      20.0000      492.710  3.26582e-10      0.00000  1.87174e-11
      19.0000      493.121  3.24324e-10      0.00000  7.25940e-12
      20.0000      493.121  3.21700e-10      0.00000  1.88867e-11
      19.0000      493.532  2.99514e-10      0.00000  8.16629e-12
      20.0000      493.532  3.01458e-10      2.00000  2.13836e-11
      19.0000      493.944  3.14522e-10      0.00000  8.55179e-12
      20.0000      493.944  3.47144e-10      2.00000  2.13366e-11
      19.0000      494.354  3.28939e-10      0.00000  8.20507e-12
      20.0000      494.354  3.20366e-10      2.00000  1.80837e-11
      19.0000      494.768  3.04161e-10      0.00000  8.38089e-12
      20.0000      494.768  2.97311e-10      2.00000  1.52470e-11
      19.0000      495.179  3.25432e-10      0.00000  8.16788e-12
      20.0000      495.179  3.07804e-10      0.00000  1.27269e-11
      19.0000      495.592  2.51935e-10      0.00000  8.18930e-12
      20.0000      495.592  2.91551e-10      0.00000  1.17880e-11
      19.0000      496.005  2.44087e-10      0.00000  8.78216e-12
      20.0000      496.005  2.94680e-10      0.00000  1.28121e-11
      19.0000      496.418  2.85670e-10      0.00000  9.05855e-12
      20.0000      496.418  3.01232e-10      0.00000  1.33567e-11
      19.0000      496.833  2.73218e-10      0.00000  9.44102e-12
      20.0000      496.833  3.07635e-10      0.00000  1.39906e-11
      19.0000      497.248  2.81337e-10      0.00000  1.01376e-11
      20.0000      497.248  3.13060e-10      0.00000  1.38377e-11
      19.0000      497.661  2.93915e-10      0.00000  9.75156e-12
      20.0000      497.661  3.22541e-10      0.00000  1.14011e-11
      19.0000      498.077  2.70860e-10      0.00000  9.26274e-12
      20.0000      498.077  3.07555e-10      0.00000  9.55519e-12
      19.0000      498.492  2.83164e-10      0.00000  9.71871e-12
      20.0000      498.492  3.13390e-10      0.00000  8.94409e-12
      19.0000      498.907  2.84908e-10      0.00000  9.14567e-12
      20.0000      498.907  3.05954e-10      0.00000  8.35643e-12
      19.0000      499.323  2.66138e-10      0.00000  9.59050e-12
      20.0000      499.323  2.96703e-10      0.00000  8.88766e-12
      19.0000      499.740  2.75584e-10      0.00000  1.06257e-11
      20.0000      499.740  2.96963e-10      0.00000  9.85705e-12
      19.0000      500.158  2.73911e-10      0.00000  1.05255e-11
      20.0000      500.158  3.03388e-10      0.00000  1.00361e-11
      19.0000      500.573  2.49039e-10      0.00000  1.07693e-11
      20.0000      500.573  2.91870e-10      0.00000  1.01256e-11
      19.0000      500.992  2.60117e-10      0.00000  1.05787e-11
      20.0000      500.992  2.96190e-10      0.00000  9.17345e-12
      20.0000      501.409  3.05414e-10      0.00000  7.68398e-12
      20.0000      501.827  2.84637e-10      0.00000  7.04451e-12
      20.0000      502.245  2.75754e-10      0.00000  6.86016e-12
      20.0000      502.664  2.72999e-10      0.00000  6.70445e-12
      20.0000      503.081  2.68262e-10      0.00000  7.00313e-12
      20.0000      503.502  2.77769e-10      0.00000  7.08981e-12
      20.0000      503.921  2.70212e-10      0.00000  6.95132e-12
      20.0000      504.342  2.75952e-10      0.00000  7.19226e-12
      20.0000      504.762  2.82500e-10      0.00000  7.19356e-12
      20.0000      505.183  2.66160e-10      0.00000  7.13481e-12
      20.0000      505.605  2.71952e-10      0.00000  7.13582e-12
      20.0000      506.027  2.66337e-10      0.00000  6.47726e-12
      20.0000      506.447  2.63169e-10      0.00000  6.22113e-12
      20.0000      506.871  2.68420e-10      0.00000  5.76269e-12
      20.0000      507.292  2.67325e-10      0.00000  5.30252e-12
      20.0000      507.715  2.66095e-10      0.00000  5.02411e-12
      20.0000      508.138  2.64932e-10      0.00000  4.95783e-12
      20.0000      508.562  2.47528e-10      0.00000  5.24203e-12
      20.0000      508.986  2.40258e-10      0.00000  5.61914e-12
      20.0000      509.411  2.43892e-10      0.00000  5.98279e-12
      20.0000      509.835  2.47363e-10      0.00000  6.16831e-12
      20.0000      510.261  2.51560e-10      0.00000  6.16570e-12
      20.0000      510.686  2.35424e-10      0.00000  6.19219e-12
      20.0000      511.112  2.38080e-10      0.00000  6.19653e-12
      20.0000      511.538  2.28820e-10      0.00000  6.53543e-12
      20.0000      511.965  2.22320e-10      0.00000  6.06889e-12
      20.0000      512.392  2.31449e-10      0.00000  6.14487e-12
      20.0000      512.818  2.27919e-10      0.00000  5.93417e-12
      20.0000      513.244  2.27345e-10      0.00000  5.73795e-12
      20.0000      513.674  2.25769e-10      0.00000  5.34463e-12
      20.0000      514.102  2.21363e-10      0.00000  5.15015e-12
      20.0000      514.530  2.19579e-10      0.00000  5.19891e-12
      20.0000      514.960  2.15002e-10      0.00000  5.48283e-12
      20.0000      515.390  2.13596e-10      0.00000  6.23878e-12
      20.0000      515.818  2.15582e-10      0.00000  6.81747e-12
      20.0000      516.249  2.00984e-10      0.00000  7.38255e-12
      20.0000      516.678  2.50404e-10      0.00000  8.07830e-12
      20.0000      517.109  2.50681e-10      0.00000  8.09523e-12
      20.0000      517.539  2.00801e-10      0.00000  9.19921e-12
      20.0000      517.971  2.22988e-10      0.00000  1.06116e-11
      20.0000      518.403  2.21306e-10      0.00000  1.25052e-11
      20.0000      518.836  1.45689e-10      0.00000  1.61073e-11
      20.0000      519.267  1.39386e-10      2.00000  1.78520e-11
      20.0000      519.702  1.38075e-10      2.00000  1.84793e-11
      20.0000      520.134  1.47268e-10      2.00000  2.07108e-11
      20.0000      520.568  1.52299e-10      2.00000  2.04165e-11
      20.0000      521.002  1.72625e-10      0.00000  2.25250e-11
      20.0000      521.436  1.01522e-10      0.00000  2.99708e-11
      20.0000      521.872  8.39082e-11      0.00000  3.31790e-11
      20.0000      522.308  7.95654e-11      0.00000  4.07782e-11
      20.0000      522.742  2.81770e-11      0.00000  4.53284e-11
      20.0000      523.177  1.14344e-10      0.00000  4.17984e-11
      20.0000      523.615  1.17543e-10      2.00000  4.54093e-11
      20.0000      524.051  6.90733e-11      2.00000  4.89712e-11
      20.0000      524.488  4.93947e-11      0.00000  4.83502e-11
      20.0000      524.923 -8.55250e-11      0.00000  6.16934e-11
      20.0000      525.362 -1.07168e-10      0.00000  7.75302e-11
      20.0000      525.801 -1.49257e-10      2.00000  8.15568e-11
      20.0000      526.238 -1.59966e-10      3.00000  8.85802e-11
      20.0000      526.676 -7.31588e-11      3.00000  8.18412e-11
