      11.0000      271.534  2.64142e-08      258.000  1.88487e-10
      11.0000      271.761  3.94442e-08      258.000  3.71792e-10
      11.0000      271.987  2.80980e-08      0.00000  2.00953e-10
      11.0000      272.214  2.32249e-08      0.00000  1.64017e-10
      11.0000      272.441  2.84979e-08      256.000  2.17675e-10
      11.0000      272.668  2.58016e-08      258.000  3.67657e-10
      11.0000      272.895  2.79104e-08      258.000  3.78868e-10
      11.0000      273.123  2.59185e-08      258.000  1.99944e-10
      11.0000      273.350  3.20944e-08      258.000  5.62940e-10
      11.0000      273.578  2.44342e-08      258.000  1.54765e-10
      11.0000      273.806  2.70789e-08      258.000  3.50538e-10
      11.0000      274.035  2.98387e-08      258.000  1.93532e-10
      11.0000      274.263  2.71434e-08      256.000  1.68807e-10
      11.0000      274.492  2.85692e-08      0.00000  1.69893e-10
      11.0000      274.721  2.52874e-08      0.00000  1.42685e-10
      11.0000      274.950  2.29340e-08      2.00000  1.31915e-10
      11.0000      275.179  2.64418e-08      2.00000  1.47476e-10
      11.0000      275.409  2.69741e-08      256.000  1.49042e-10
      11.0000      275.638  2.13154e-08      258.000  1.33229e-10
      11.0000      275.867  2.22945e-08      258.000  1.39201e-10
      11.0000      276.097  2.57701e-08      256.000  1.72984e-10
      11.0000      276.328  2.19407e-08      256.000  1.27047e-10
      11.0000      276.558  2.17837e-08      258.000  1.36082e-10
      11.0000      276.789  2.08336e-08      2.00000  1.01572e-10
      11.0000      277.020  2.36276e-08      258.000  1.34403e-10
      11.0000      277.250  2.18595e-08      258.000  1.09731e-10
      11.0000      277.482  2.24416e-08      2.00000  1.22603e-10
      11.0000      277.713  2.15304e-08      10.0000  1.14731e-10
      11.0000      277.945  2.14766e-08      8.00000  1.14354e-10
      11.0000      278.177  2.21245e-08      0.00000  1.17582e-10
      11.0000      278.408  2.24711e-08      0.00000  1.19530e-10
      11.0000      278.640  2.49518e-08      2.00000  1.40253e-10
      11.0000      278.872  2.43627e-08      2.00000  1.36966e-10
      11.0000      279.105  2.32137e-08      2.00000  1.29741e-10
      11.0000      279.337  2.56330e-08      0.00000  1.47939e-10
      11.0000      279.571  2.06536e-08      2.00000  1.12068e-10
      11.0000      279.804  2.20236e-08      2.00000  1.19002e-10
      11.0000      280.037  2.00162e-08      0.00000  9.52347e-11
      11.0000      280.271  2.06131e-08      2.00000  9.29100e-11
      11.0000      280.504  1.93482e-08      2.00000  8.11803e-11
      11.0000      280.738  2.07490e-08      2.00000  8.88331e-11
      11.0000      280.971  2.02044e-08      2.00000  8.61889e-11
      11.0000      281.206  1.89337e-08      2.00000  8.29878e-11
      11.0000      281.440  2.01967e-08      2.00000  9.01743e-11
      11.0000      281.675  1.76154e-08      0.00000  7.89431e-11
      11.0000      281.910  1.80038e-08      256.000  8.58765e-11
      11.0000      282.145  1.89788e-08      258.000  8.88007e-11
      11.0000      282.381  1.88362e-08      2.00000  8.83086e-11
      11.0000      282.616  1.85078e-08      0.00000  8.18161e-11
      11.0000      282.851  1.90190e-08      1.00000  8.50333e-11
      11.0000      283.087  1.83239e-08      259.000  7.88742e-11
      11.0000      283.323  1.76436e-08      258.000  7.62421e-11
      11.0000      283.559  1.80578e-08      2.00000  7.84023e-11
      11.0000      283.796  1.80585e-08      2.00000  7.50341e-11
      11.0000      284.032  1.80104e-08      2.00000  7.66447e-11
      11.0000      284.269  1.74467e-08      0.00000  7.63748e-11
      11.0000      284.506  1.76146e-08      0.00000  7.92478e-11
      11.0000      284.743  1.69443e-08      0.00000  7.73765e-11
      11.0000      284.981  1.48679e-08      0.00000  6.54349e-11
      11.0000      285.218  1.68237e-08      2.00000  7.42023e-11
      11.0000      285.456  1.70876e-08      2.00000  7.52839e-11
      11.0000      285.694  1.66523e-08      0.00000  7.60301e-11
      11.0000      285.932  1.55350e-08      0.00000  6.83858e-11
      11.0000      286.171  1.55767e-08      2.00000  6.58722e-11
      11.0000      286.409  1.66571e-08      258.000  6.98715e-11
      11.0000      286.648  1.67119e-08      256.000  7.16048e-11
      11.0000      286.887  1.60053e-08      2.00000  6.84796e-11
      11.0000      287.126  1.55924e-08      2.00000  6.51866e-11
      11.0000      287.365  1.52376e-08      0.00000  6.16796e-11
      11.0000      287.605  1.47245e-08      0.00000  5.96275e-11
      11.0000      287.844  1.55529e-08      0.00000  6.76734e-11
      11.0000      288.085  1.57873e-08      0.00000  6.99301e-11
      11.0000      288.325  1.56108e-08      0.00000  7.08832e-11
      11.0000      288.565  1.52843e-08      0.00000  6.95018e-11
      11.0000      288.806  1.45782e-08      0.00000  6.98630e-11
      11.0000      289.047  1.39034e-08      0.00000  7.23585e-11
      11.0000      289.287  1.50069e-08      0.00000  8.01044e-11
      11.0000      289.529  1.40994e-08      2.00000  7.32894e-11
      11.0000      289.770  1.44814e-08      2.00000  7.72196e-11
      11.0000      290.011  1.43710e-08      258.000  7.75935e-11
      11.0000      290.254  1.32717e-08      0.00000  7.26959e-11
      11.0000      290.495  1.42811e-08      0.00000  7.86312e-11
      11.0000      290.737  1.38834e-08      2.00000  7.33532e-11
      11.0000      290.980  1.29832e-08      2.00000  6.67455e-11
      11.0000      291.223  1.28592e-08      2.00000  6.78016e-11
      11.0000      291.465  1.33614e-08      0.00000  7.23457e-11
      11.0000      291.708  1.37134e-08      2.00000  7.50481e-11
      11.0000      291.951  1.44490e-08      258.000  8.35441e-11
      11.0000      292.195  1.33079e-08      258.000  7.95792e-11
      11.0000      292.439  1.38365e-08      256.000  8.33562e-11
      11.0000      292.683  1.35175e-08      0.00000  8.28328e-11
      11.0000      292.926  1.24071e-08      2.00000  7.58817e-11
      11.0000      293.171  1.43384e-08      2.00000  8.78017e-11
      12.0000      295.377  1.41275e-08      256.000  7.50706e-11
      12.0000      295.624  1.37902e-08      2.00000  7.00824e-11
      12.0000      295.870  1.34231e-08      2.00000  7.63347e-11
      12.0000      296.117  1.27056e-08      2.00000  7.34163e-11
      12.0000      296.364  1.29447e-08      2.00000  7.27152e-11
      12.0000      296.611  1.24336e-08      0.00000  6.44961e-11
      12.0000      296.858  1.27239e-08      0.00000  6.31755e-11
      12.0000      297.105  1.31018e-08      2.00000  6.67678e-11
      12.0000      297.354  1.16275e-08      2.00000  6.06892e-11
      12.0000      297.601  1.22762e-08      0.00000  6.37847e-11
      12.0000      297.850  1.26239e-08      0.00000  5.75702e-11
      12.0000      298.097  1.18953e-08      2.00000  4.76227e-11
      12.0000      298.346  1.21267e-08      2.00000  5.14831e-11
      12.0000      298.595  1.18609e-08      2.00000  5.34139e-11
      12.0000      298.844  1.20066e-08      0.00000  5.60022e-11
      12.0000      299.093  1.16976e-08      2.00000  5.29527e-11
      12.0000      299.342  1.16321e-08      2.00000  4.97297e-11
      12.0000      299.592  1.10546e-08      2.00000  4.56859e-11
      12.0000      299.842  1.08529e-08      0.00000  4.52353e-11
      12.0000      300.091  1.12147e-08      8.00000  5.00784e-11
      12.0000      300.342  1.15388e-08      10.0000  5.17475e-11
      12.0000      300.592  1.10019e-08      10.0000  4.78027e-11
      12.0000      300.843  1.06017e-08      10.0000  4.98275e-11
      12.0000      301.093  1.12237e-08      266.000  6.63032e-11
      12.0000      301.345  1.17825e-08      258.000  3.55771e-10
      12.0000      301.595  1.15350e-08      2.00000  4.17506e-11
      12.0000      301.848  1.13737e-08      2.00000  3.98383e-11
      12.0000      302.099  1.10295e-08      2.00000  4.17733e-11
      12.0000      302.350  1.06791e-08      2.00000  4.32538e-11
      12.0000      302.603  1.06345e-08      0.00000  4.33110e-11
      12.0000      302.855  1.07631e-08      0.00000  4.09335e-11
      12.0000      303.107  1.07086e-08      0.00000  4.03012e-11
      12.0000      303.360  1.00703e-08      2.00000  3.90401e-11
      12.0000      303.614  1.00866e-08      2.00000  3.61157e-11
      12.0000      303.866  1.03085e-08      0.00000  3.56568e-11
      12.0000      304.120  1.03010e-08      0.00000  3.58868e-11
      12.0000      304.373  9.99156e-09      0.00000  3.69718e-11
      12.0000      304.627  9.85471e-09      2.00000  3.85844e-11
      12.0000      304.881  1.01482e-08      2.00000  3.82930e-11
      12.0000      305.135  9.87024e-09      2.00000  3.46296e-11
      12.0000      305.389  9.86635e-09      2.00000  3.37357e-11
      12.0000      305.644  9.70317e-09      2.00000  3.32868e-11
      12.0000      305.899  9.81588e-09      2.00000  3.36217e-11
      12.0000      306.154  9.77508e-09      2.00000  3.23877e-11
      12.0000      306.409  9.84026e-09      0.00000  3.31466e-11
      12.0000      306.665  9.71753e-09      0.00000  3.49774e-11
      12.0000      306.921  9.54199e-09      2.00000  3.66859e-11
      12.0000      307.176  9.63587e-09      2.00000  3.73090e-11
      12.0000      307.432  9.30995e-09      2.00000  3.43031e-11
      12.0000      307.689  9.19395e-09      2.00000  3.35538e-11
      12.0000      307.945  9.17299e-09      256.000  3.38596e-11
      12.0000      308.202  9.38411e-09      256.000  3.55882e-11
      12.0000      308.458  9.78102e-09      2.00000  3.20915e-11
      12.0000      308.715  9.53854e-09      2.00000  2.90367e-11
      12.0000      308.973  8.94872e-09      0.00000  2.75999e-11
      12.0000      309.231  8.84262e-09      2.00000  2.91670e-11
      12.0000      309.488  8.88011e-09      2.00000  2.96192e-11
      12.0000      309.746  8.96357e-09      0.00000  2.96845e-11
      12.0000      310.004  8.90450e-09      0.00000  3.02757e-11
      12.0000      310.263  8.66477e-09      0.00000  3.10457e-11
      12.0000      310.522  8.73206e-09      2.00000  3.21704e-11
      12.0000      310.781  8.94950e-09      2.00000  3.15958e-11
      12.0000      311.040  8.94481e-09      0.00000  3.00740e-11
      12.0000      311.300  8.90991e-09      0.00000  3.07499e-11
      12.0000      311.559  8.68478e-09      0.00000  3.13977e-11
      12.0000      311.819  8.70648e-09      2.00000  3.15793e-11
      12.0000      312.079  8.85728e-09      2.00000  3.09340e-11
      12.0000      312.339  8.50263e-09      2.00000  2.92923e-11
      12.0000      312.599  8.40380e-09      2.00000  3.10109e-11
      12.0000      312.860  8.29196e-09      2.00000  3.15347e-11
      12.0000      313.120  8.50213e-09      2.00000  3.11747e-11
      12.0000      313.381  8.33434e-09      2.00000  2.90670e-11
      12.0000      313.643  8.13206e-09      2.00000  2.82291e-11
      12.0000      313.905  8.05735e-09      0.00000  2.92237e-11
      12.0000      314.166  8.11733e-09      2.00000  3.12503e-11
      12.0000      314.428  8.20346e-09      2.00000  3.23626e-11
      12.0000      314.690  8.19028e-09      2.00000  3.16180e-11
      12.0000      314.953  8.17316e-09      2.00000  3.12101e-11
      12.0000      315.215  8.19721e-09      2.00000  2.99212e-11
      12.0000      315.477  8.35891e-09      2.00000  2.75997e-11
      12.0000      315.740  8.44802e-09      2.00000  2.63672e-11
      12.0000      316.004  8.44191e-09      2.00000  2.73680e-11
      12.0000      316.268  8.26253e-09      0.00000  2.96261e-11
      12.0000      316.531  7.96767e-09      2.00000  3.01455e-11
      12.0000      316.795  8.09704e-09      2.00000  2.88711e-11
      12.0000      317.059  7.87518e-09      2.00000  2.71898e-11
      12.0000      317.323  7.65711e-09      2.00000  2.76900e-11
      12.0000      317.587  7.81681e-09      0.00000  2.88201e-11
      12.0000      317.853  7.95099e-09      0.00000  2.76008e-11
      12.0000      318.118  7.63897e-09      2.00000  2.89488e-11
      12.0000      318.383  7.24360e-09      2.00000  3.34162e-11
      12.0000      318.648  7.45761e-09      0.00000  3.17402e-11
      12.0000      318.914  7.68714e-09      2.00000  2.97237e-11
      13.0000      319.180  7.53756e-09      2.00000  3.28701e-11
      13.0000      319.446  7.56697e-09      2.00000  3.32315e-11
      13.0000      319.713  7.50135e-09      2.00000  3.98743e-11
      13.0000      319.978  7.36324e-09      2.00000  4.44056e-11
      13.0000      320.246  7.41941e-09      2.00000  4.10689e-11
      13.0000      320.513  7.64250e-09      2.00000  3.47378e-11
      13.0000      320.780  7.53994e-09      0.00000  3.12521e-11
      13.0000      321.047  7.47784e-09      2.00000  3.24462e-11
      13.0000      321.315  7.52334e-09      2.00000  3.19206e-11
      13.0000      321.583  7.53672e-09      2.00000  2.91463e-11
      13.0000      321.851  7.50829e-09      0.00000  2.67253e-11
      13.0000      322.119  7.25899e-09      2.00000  2.50780e-11
      13.0000      322.387  7.15502e-09      2.00000  2.45990e-11
      13.0000      322.657  7.06877e-09      2.00000  2.45426e-11
      13.0000      322.925  7.20171e-09      2.00000  2.55149e-11
      13.0000      323.195  7.16081e-09      10.0000  2.85206e-11
      13.0000      323.464  7.08822e-09      8.00000  3.13419e-11
      13.0000      323.734  7.21405e-09      0.00000  2.75918e-11
      13.0000      324.003  7.13867e-09      0.00000  2.28951e-11
      13.0000      324.273  7.01586e-09      0.00000  2.12801e-11
      13.0000      324.544  6.77942e-09      0.00000  2.19001e-11
      13.0000      324.815  6.80448e-09      2.00000  2.26224e-11
      13.0000      325.085  6.99217e-09      2.00000  2.21071e-11
      13.0000      325.357  6.91006e-09      0.00000  2.11215e-11
      13.0000      325.628  6.62033e-09      2.00000  2.07670e-11
      13.0000      325.900  6.50876e-09      2.00000  2.04848e-11
      13.0000      326.171  6.62255e-09      2.00000  1.99203e-11
      13.0000      326.443  6.78223e-09      2.00000  2.04520e-11
      13.0000      326.715  6.72968e-09      0.00000  2.23818e-11
      13.0000      326.988  6.66585e-09      0.00000  2.51467e-11
      13.0000      327.259  6.77347e-09      0.00000  2.52285e-11
      13.0000      327.533  7.10368e-09      0.00000  2.32182e-11
      13.0000      327.805  6.84775e-09      2.00000  2.05062e-11
      13.0000      328.079  6.58797e-09      0.00000  1.89784e-11
      13.0000      328.352  6.60190e-09      2.00000  1.80053e-11
      13.0000      328.626  6.67763e-09      2.00000  1.69794e-11
      13.0000      328.900  6.49054e-09      2.00000  1.68305e-11
      13.0000      329.175  6.30929e-09      0.00000  1.92732e-11
      13.0000      329.449  6.30377e-09      2.00000  2.21841e-11
      13.0000      329.724  6.38020e-09      2.00000  2.24333e-11
      13.0000      329.998  6.43131e-09      2.00000  2.19811e-11
      13.0000      330.274  6.27111e-09      0.00000  2.19590e-11
      13.0000      330.549  6.22819e-09      2.00000  2.14137e-11
      13.0000      330.825  6.30048e-09      2.00000  1.90113e-11
      13.0000      331.101  6.33922e-09      2.00000  1.62418e-11
      13.0000      331.376  6.27123e-09      2.00000  1.55287e-11
      13.0000      331.653  6.13101e-09      2.00000  1.61397e-11
      13.0000      331.929  6.12641e-09      2.00000  1.66000e-11
      13.0000      332.206  6.23168e-09      2.00000  1.67430e-11
      13.0000      332.483  6.13309e-09      2.00000  1.80377e-11
      13.0000      332.760  5.95751e-09      2.00000  2.07441e-11
      13.0000      333.037  5.98968e-09      3.00000  2.28764e-11
      13.0000      333.316  6.22332e-09      3.00000  2.26446e-11
      13.0000      333.592  6.25893e-09      2.00000  2.14902e-11
      13.0000      333.871  6.01830e-09      2.00000  2.02604e-11
      13.0000      334.150  6.09525e-09      0.00000  2.01142e-11
      13.0000      334.428  6.19151e-09      0.00000  1.78430e-11
      13.0000      334.707  6.27616e-09      0.00000  1.57720e-11
      13.0000      334.986  6.13994e-09      2.00000  1.53762e-11
      13.0000      335.264  6.04216e-09      2.00000  1.61973e-11
      13.0000      335.545  6.03923e-09      0.00000  1.64072e-11
      13.0000      335.824  5.96710e-09      0.00000  1.60845e-11
      13.0000      336.104  5.79405e-09      0.00000  1.68728e-11
      13.0000      336.384  5.85163e-09      0.00000  1.95419e-11
      13.0000      336.665  5.92982e-09      2.00000  2.03333e-11
      13.0000      336.945  5.92497e-09      2.00000  1.92419e-11
      13.0000      337.226  5.83981e-09      2.00000  1.88396e-11
      13.0000      337.507  5.82267e-09      0.00000  2.03152e-11
      13.0000      337.789  5.67724e-09      0.00000  1.95219e-11
      13.0000      338.071  5.87602e-09      0.00000  1.87773e-11
      13.0000      338.352  5.79155e-09      2.00000  1.82246e-11
      13.0000      338.634  5.60515e-09      2.00000  1.94166e-11
      13.0000      338.916  5.41078e-09      2.00000  2.07618e-11
      13.0000      339.199  5.60641e-09      0.00000  2.14999e-11
      13.0000      339.482  5.51036e-09      0.00000  2.08490e-11
      13.0000      339.765  5.42523e-09      0.00000  2.22860e-11
      13.0000      340.048  5.61272e-09      0.00000  2.62417e-11
      13.0000      340.332  5.67827e-09      0.00000  2.32296e-11
      13.0000      340.616  5.73436e-09      2.00000  2.17328e-11
      13.0000      340.899  5.52490e-09      2.00000  2.11751e-11
      13.0000      341.184  5.50236e-09      0.00000  2.14476e-11
      13.0000      341.468  5.54384e-09      2.00000  2.04201e-11
      13.0000      341.753  5.51394e-09      2.00000  1.86786e-11
      13.0000      342.038  5.39452e-09      2.00000  1.87017e-11
      13.0000      342.323  5.24956e-09      0.00000  2.00639e-11
      13.0000      342.608  5.40625e-09      0.00000  2.16299e-11
      13.0000      342.894  5.41725e-09      0.00000  2.11500e-11
      13.0000      343.180  5.32220e-09      2.00000  2.14380e-11
      14.0000      343.180  5.27568e-09      2.00000  2.64394e-11
      13.0000      343.466  5.24086e-09      2.00000  2.32224e-11
      14.0000      343.466  5.08373e-09      2.00000  3.04160e-11
      13.0000      343.752  5.42176e-09      0.00000  2.37833e-11
      14.0000      343.752  5.15582e-09      2.00000  3.03158e-11
      13.0000      344.039  5.54743e-09      10.0000  2.25382e-11
      14.0000      344.039  5.33001e-09      0.00000  2.50982e-11
      13.0000      344.325  5.38272e-09      10.0000  2.28227e-11
      14.0000      344.325  5.29779e-09      2.00000  2.20634e-11
      13.0000      344.612  5.21431e-09      0.00000  2.29291e-11
      14.0000      344.612  5.16827e-09      2.00000  2.30998e-11
      14.0000      344.900  5.13220e-09      2.00000  2.44928e-11
      14.0000      345.187  5.30788e-09      2.00000  2.31328e-11
      14.0000      345.476  5.06351e-09      2.00000  2.12483e-11
      14.0000      345.764  4.92790e-09      0.00000  2.12674e-11
      14.0000      346.052  4.94152e-09      0.00000  2.09990e-11
      14.0000      346.340  5.09515e-09      0.00000  2.03756e-11
      14.0000      346.629  5.17321e-09      2.00000  2.19451e-11
      14.0000      346.917  5.01480e-09      2.00000  2.44850e-11
      14.0000      347.207  5.04201e-09      0.00000  2.53516e-11
      14.0000      347.496  5.16332e-09      2.00000  2.14305e-11
      14.0000      347.786  5.08986e-09      2.00000  1.80217e-11
      14.0000      348.077  4.91781e-09      0.00000  1.75978e-11
      14.0000      348.367  4.92129e-09      0.00000  1.85511e-11
      14.0000      348.657  5.01231e-09      0.00000  1.86794e-11
      14.0000      348.948  4.94554e-09      0.00000  1.98074e-11
      14.0000      349.239  4.81805e-09      1.00000  2.21880e-11
      14.0000      349.529  4.94787e-09      3.00000  2.42925e-11
      14.0000      349.820  5.14366e-09      2.00000  2.22419e-11
      14.0000      350.112  5.12695e-09      2.00000  2.02921e-11
      14.0000      350.404  5.00478e-09      2.00000  2.05598e-11
      14.0000      350.696  5.11503e-09      0.00000  2.15635e-11
      14.0000      350.989  5.35916e-09      0.00000  2.10554e-11
      14.0000      351.281  5.34270e-09      0.00000  1.98427e-11
      14.0000      351.574  5.01253e-09      0.00000  1.98106e-11
      14.0000      351.867  4.77455e-09      2.00000  1.94487e-11
      14.0000      352.161  4.69280e-09      2.00000  1.77786e-11
      14.0000      352.454  4.64213e-09      2.00000  1.57919e-11
      14.0000      352.749  4.54470e-09      0.00000  1.56242e-11
      14.0000      353.043  4.42648e-09      2.00000  1.69318e-11
      14.0000      353.337  4.49780e-09      2.00000  1.68511e-11
      14.0000      353.632  4.62097e-09      2.00000  1.64860e-11
      14.0000      353.926  4.54339e-09      2.00000  1.76031e-11
      14.0000      354.221  5.04134e-09      2.00000  2.03209e-11
      14.0000      354.517  4.76632e-09      0.00000  1.83229e-11
      14.0000      354.812  4.43804e-09      2.00000  1.48621e-11
      14.0000      355.107  4.39986e-09      0.00000  1.40786e-11
      14.0000      355.404  4.34463e-09      0.00000  1.45214e-11
      14.0000      355.700  4.35472e-09      0.00000  1.41829e-11
      14.0000      355.996  4.38735e-09      0.00000  1.35368e-11
      14.0000      356.294  4.31531e-09      0.00000  1.42511e-11
      14.0000      356.590  4.28946e-09      2.00000  1.59676e-11
      14.0000      356.888  4.42245e-09      0.00000  1.62591e-11
      14.0000      357.185  4.48902e-09      0.00000  1.57882e-11
      14.0000      357.482  4.36668e-09      0.00000  1.65179e-11
      14.0000      357.780  4.25500e-09      2.00000  1.76996e-11
      14.0000      358.079  4.28950e-09      3.00000  1.68006e-11
      14.0000      358.378  4.29686e-09      3.00000  1.48304e-11
      14.0000      358.676  4.24885e-09      0.00000  1.43184e-11
      14.0000      358.976  4.17855e-09      2.00000  1.46822e-11
      14.0000      359.275  4.26660e-09      0.00000  1.42754e-11
      14.0000      359.575  4.26823e-09      0.00000  1.32908e-11
      14.0000      359.874  4.16883e-09      0.00000  1.33193e-11
      14.0000      360.175  4.12537e-09      0.00000  1.38802e-11
      14.0000      360.475  4.22503e-09      0.00000  1.34704e-11
      14.0000      360.775  4.22342e-09      0.00000  1.28515e-11
      14.0000      361.076  4.08021e-09      0.00000  1.34730e-11
      14.0000      361.377  4.04257e-09      0.00000  1.43426e-11
      14.0000      361.678  4.13654e-09      0.00000  1.41547e-11
      14.0000      361.979  4.12309e-09      0.00000  1.41511e-11
      14.0000      362.282  4.03442e-09      2.00000  1.56948e-11
      14.0000      362.583  4.04209e-09      2.00000  1.73150e-11
      14.0000      362.886  4.10784e-09      2.00000  1.70013e-11
      14.0000      363.189  4.06567e-09      0.00000  1.64384e-11
      14.0000      363.491  3.99030e-09      0.00000  1.75789e-11
      14.0000      363.794  3.97612e-09      0.00000  1.80579e-11
      14.0000      364.097  4.00797e-09      0.00000  1.65949e-11
      14.0000      364.401  3.94663e-09      0.00000  1.54797e-11
      14.0000      364.704  3.86212e-09      0.00000  1.59929e-11
      14.0000      365.009  3.86746e-09      2.00000  1.64181e-11
      14.0000      365.313  3.89677e-09      2.00000  1.53455e-11
      14.0000      365.617  3.84542e-09      2.00000  1.47472e-11
      14.0000      365.922  3.68334e-09      2.00000  1.53434e-11
      14.0000      366.228  3.72932e-09      2.00000  1.59138e-11
      14.0000      366.533  3.83928e-09      2.00000  1.51768e-11
      14.0000      366.838  3.79199e-09      0.00000  1.46907e-11
      14.0000      367.144  3.66541e-09      2.00000  1.53240e-11
      15.0000      367.144  3.67632e-09      256.000  2.37698e-11
      14.0000      367.450  3.72082e-09      2.00000  1.58644e-11
      15.0000      367.450  3.65728e-09      2.00000  2.36264e-11
      14.0000      367.757  3.77171e-09      0.00000  1.49013e-11
      15.0000      367.757  3.75882e-09      2.00000  2.32916e-11
      14.0000      368.062  3.67956e-09      2.00000  1.45579e-11
      15.0000      368.062  3.70877e-09      2.00000  2.38027e-11
      14.0000      368.370  3.58211e-09      2.00000  1.54124e-11
      15.0000      368.370  3.58630e-09      0.00000  2.32771e-11
      14.0000      368.677  3.66664e-09      2.00000  1.60608e-11
      15.0000      368.677  3.59340e-09      0.00000  2.04547e-11
      14.0000      368.985  3.69701e-09      2.00000  1.53054e-11
      15.0000      368.985  3.62202e-09      0.00000  1.80011e-11
      14.0000      369.293  3.65703e-09      2.00000  1.55082e-11
      15.0000      369.293  3.55456e-09      0.00000  1.86915e-11
      14.0000      369.600  3.58681e-09      2.00000  1.71853e-11
      15.0000      369.600  3.46946e-09      2.00000  2.14648e-11
      14.0000      369.909  3.56273e-09      2.00000  1.72341e-11
      15.0000      369.909  3.53608e-09      2.00000  2.14005e-11
      14.0000      370.217  3.63945e-09      2.00000  1.65945e-11
      15.0000      370.217  3.54215e-09      0.00000  1.85046e-11
      14.0000      370.525  3.56497e-09      2.00000  1.69088e-11
      15.0000      370.525  3.46209e-09      0.00000  1.69583e-11
      15.0000      370.835  3.42439e-09      0.00000  1.68628e-11
      15.0000      371.143  3.49442e-09      2.00000  1.61417e-11
      15.0000      371.453  3.49664e-09      2.00000  1.65951e-11
      15.0000      371.762  3.41754e-09      2.00000  1.83638e-11
      15.0000      372.072  3.38039e-09      2.00000  1.86741e-11
      15.0000      372.383  3.37542e-09      0.00000  1.58452e-11
      15.0000      372.692  3.37419e-09      0.00000  1.36045e-11
      15.0000      373.003  3.29368e-09      0.00000  1.37432e-11
      15.0000      373.314  3.29459e-09      0.00000  1.43067e-11
      15.0000      373.626  3.34178e-09      0.00000  1.41928e-11
      15.0000      373.937  3.28346e-09      2.00000  1.51405e-11
      15.0000      374.249  3.20264e-09      0.00000  1.63071e-11
      15.0000      374.561  3.24044e-09      2.00000  1.54145e-11
      15.0000      374.873  3.27943e-09      0.00000  1.31305e-11
      15.0000      375.185  3.20787e-09      0.00000  1.24557e-11
      15.0000      375.498  3.15583e-09      0.00000  1.23784e-11
      15.0000      375.811  3.21324e-09      0.00000  1.23191e-11
      15.0000      376.125  3.23208e-09      0.00000  1.21939e-11
      15.0000      376.438  3.10858e-09      0.00000  1.33381e-11
      15.0000      376.753  3.03559e-09      0.00000  1.47654e-11
      15.0000      377.067  3.12956e-09      0.00000  1.37443e-11
      15.0000      377.381  3.12748e-09      0.00000  1.21139e-11
      15.0000      377.695  3.02956e-09      0.00000  1.17047e-11
      15.0000      378.010  3.01782e-09      0.00000  1.15975e-11
      15.0000      378.325  3.06606e-09      0.00000  1.07334e-11
      15.0000      378.640  3.04395e-09      0.00000  1.05247e-11
      15.0000      378.956  2.94206e-09      0.00000  1.14261e-11
      15.0000      379.272  2.95442e-09      0.00000  1.20801e-11
      15.0000      379.589  3.02799e-09      0.00000  1.19954e-11
      15.0000      379.905  2.92715e-09      0.00000  1.28544e-11
      15.0000      380.222  2.82301e-09      0.00000  1.29658e-11
      15.0000      380.539  2.90386e-09      0.00000  1.22071e-11
      15.0000      380.855  2.94173e-09      0.00000  1.09361e-11
      15.0000      381.173  2.82087e-09      0.00000  1.04988e-11
      15.0000      381.492  2.81651e-09      0.00000  1.06220e-11
      15.0000      381.809  2.87764e-09      0.00000  9.89916e-12
      15.0000      382.127  2.87015e-09      0.00000  9.35246e-12
      15.0000      382.446  2.78276e-09      0.00000  9.88831e-12
      15.0000      382.765  2.77161e-09      0.00000  1.04126e-11
      15.0000      383.085  2.81585e-09      0.00000  1.02071e-11
      15.0000      383.403  2.75187e-09      0.00000  1.07283e-11
      15.0000      383.723  2.66392e-09      0.00000  1.28561e-11
      15.0000      384.044  2.75343e-09      0.00000  1.39058e-11
      15.0000      384.363  2.76631e-09      0.00000  1.22413e-11
      15.0000      384.683  2.66493e-09      0.00000  1.18659e-11
      15.0000      385.005  2.64256e-09      0.00000  1.19824e-11
      15.0000      385.325  2.73070e-09      0.00000  1.09947e-11
      15.0000      385.646  2.73357e-09      0.00000  9.67544e-12
      15.0000      385.968  2.60242e-09      0.00000  9.31266e-12
      15.0000      386.290  2.57351e-09      0.00000  9.45853e-12
      15.0000      386.612  2.61849e-09      0.00000  9.04408e-12
      15.0000      386.934  2.56931e-09      0.00000  8.96073e-12
      15.0000      387.256  2.48217e-09      0.00000  9.60642e-12
      15.0000      387.580  2.53456e-09      0.00000  9.96631e-12
      15.0000      387.902  2.59008e-09      0.00000  9.54231e-12
      15.0000      388.226  2.52636e-09      0.00000  9.57053e-12
      15.0000      388.550  2.48796e-09      0.00000  1.00094e-11
      15.0000      388.874  2.55669e-09      0.00000  9.61264e-12
      15.0000      389.197  2.53966e-09      0.00000  9.16752e-12
      15.0000      389.522  2.43995e-09      0.00000  9.81957e-12
      15.0000      389.847  2.41093e-09      0.00000  1.05606e-11
      15.0000      390.172  2.45833e-09      0.00000  1.05558e-11
      15.0000      390.497  2.41018e-09      0.00000  1.08224e-11
      15.0000      390.823  2.32747e-09      0.00000  1.22855e-11
      15.0000      391.149  2.40324e-09      0.00000  1.25457e-11
      16.0000      391.149  2.35266e-09      2.00000  2.54645e-11
      15.0000      391.475  2.45541e-09      0.00000  1.17154e-11
      16.0000      391.475  2.38710e-09      0.00000  2.03708e-11
      15.0000      391.802  2.35459e-09      0.00000  1.18287e-11
      16.0000      391.802  2.33647e-09      2.00000  1.84411e-11
      15.0000      392.128  2.32104e-09      0.00000  1.24366e-11
      16.0000      392.128  2.26455e-09      2.00000  1.94609e-11
      15.0000      392.455  2.40953e-09      0.00000  1.19058e-11
      16.0000      392.455  2.31766e-09      2.00000  1.88789e-11
      15.0000      392.782  2.36172e-09      0.00000  1.12202e-11
      16.0000      392.782  2.36415e-09      0.00000  1.75898e-11
      15.0000      393.110  2.22764e-09      0.00000  1.20934e-11
      16.0000      393.110  2.22683e-09      0.00000  1.62866e-11
      15.0000      393.437  2.23140e-09      0.00000  1.33541e-11
      16.0000      393.437  2.20641e-09      0.00000  1.58109e-11
      15.0000      393.766  2.30176e-09      2.00000  1.45201e-11
      16.0000      393.766  2.24880e-09      0.00000  1.46754e-11
      15.0000      394.093  2.30574e-09      0.00000  1.35610e-11
      16.0000      394.093  2.24266e-09      0.00000  1.53423e-11
      15.0000      394.421  2.19370e-09      2.00000  1.48052e-11
      16.0000      394.421  2.18890e-09      2.00000  1.83682e-11
      15.0000      394.751  2.25325e-09      10.0000  1.57857e-11
      16.0000      394.751  2.18614e-09      10.0000  1.79560e-11
      15.0000      395.080  2.31032e-09      0.00000  1.31934e-11
      16.0000      395.080  2.27017e-09      10.0000  1.55957e-11
      15.0000      395.409  2.20943e-09      0.00000  1.31532e-11
      16.0000      395.409  2.17471e-09      0.00000  1.29293e-11
      15.0000      395.739  2.17333e-09      0.00000  1.34364e-11
      16.0000      395.739  2.12275e-09      0.00000  1.21879e-11
      15.0000      396.069  2.23086e-09      0.00000  1.25518e-11
      16.0000      396.069  2.17951e-09      0.00000  1.13976e-11
      15.0000      396.399  2.17872e-09      0.00000  1.21466e-11
      16.0000      396.399  2.16678e-09      0.00000  1.16468e-11
      16.0000      396.729  2.07560e-09      0.00000  1.40955e-11
      16.0000      397.060  2.07777e-09      2.00000  1.51270e-11
      16.0000      397.392  2.16840e-09      0.00000  1.31934e-11
      16.0000      397.722  2.08620e-09      0.00000  1.18479e-11
      16.0000      398.054  2.04576e-09      0.00000  1.16467e-11
      16.0000      398.386  2.09981e-09      0.00000  1.06956e-11
      16.0000      398.718  2.14031e-09      0.00000  1.01847e-11
      16.0000      399.050  2.02953e-09      0.00000  1.10253e-11
      16.0000      399.383  2.00600e-09      0.00000  1.21430e-11
      16.0000      399.717  2.03845e-09      0.00000  1.12775e-11
      16.0000      400.050  1.98536e-09      0.00000  1.04022e-11
      16.0000      400.383  1.91373e-09      0.00000  1.05951e-11
      16.0000      400.716  1.96832e-09      0.00000  1.03038e-11
      16.0000      401.051  1.99558e-09      0.00000  9.57603e-12
      16.0000      401.386  1.93891e-09      0.00000  9.88035e-12
      16.0000      401.719  1.92235e-09      0.00000  1.02074e-11
      16.0000      402.055  1.96764e-09      0.00000  9.87254e-12
      16.0000      402.390  1.93658e-09      0.00000  1.00753e-11
      16.0000      402.726  1.84823e-09      0.00000  1.05482e-11
      16.0000      403.062  1.85796e-09      0.00000  9.93490e-12
      16.0000      403.397  1.87735e-09      0.00000  8.91428e-12
      16.0000      403.734  1.82192e-09      0.00000  8.97072e-12
      16.0000      404.070  1.83181e-09      0.00000  9.25492e-12
      16.0000      404.406  1.88386e-09      0.00000  8.70836e-12
      16.0000      404.744  1.84375e-09      0.00000  8.48161e-12
      16.0000      405.081  1.77552e-09      0.00000  8.91269e-12
      16.0000      405.420  1.82800e-09      0.00000  8.90893e-12
      16.0000      405.757  1.82882e-09      0.00000  8.80734e-12
      16.0000      406.095  1.72347e-09      0.00000  9.72421e-12
      16.0000      406.435  1.70530e-09      0.00000  1.03686e-11
      16.0000      406.774  1.76811e-09      0.00000  9.60483e-12
      16.0000      407.111  1.73659e-09      0.00000  9.04148e-12
      16.0000      407.451  1.67275e-09      0.00000  9.12975e-12
      16.0000      407.790  1.73493e-09      0.00000  8.77088e-12
      16.0000      408.132  1.74887e-09      0.00000  7.70713e-12
      16.0000      408.472  1.68020e-09      0.00000  7.47864e-12
      16.0000      408.812  1.65881e-09      0.00000  7.50888e-12
      16.0000      409.152  1.69009e-09      0.00000  7.21020e-12
      16.0000      409.494  1.62933e-09      0.00000  7.54708e-12
      16.0000      409.834  1.57600e-09      0.00000  8.73122e-12
      16.0000      410.177  1.61989e-09      0.00000  9.16680e-12
      16.0000      410.519  1.64817e-09      0.00000  9.23481e-12
      16.0000      410.862  1.58446e-09      0.00000  1.03389e-11
      16.0000      411.203  1.62314e-09      0.00000  1.08648e-11
      16.0000      411.546  1.66288e-09      0.00000  9.88889e-12
      16.0000      411.889  1.60413e-09      0.00000  9.36099e-12
      16.0000      412.233  1.53471e-09      0.00000  9.49441e-12
      16.0000      412.577  1.56898e-09      0.00000  9.13149e-12
      16.0000      412.919  1.58081e-09      0.00000  8.47365e-12
      16.0000      413.264  1.46639e-09      0.00000  8.75684e-12
      16.0000      413.609  1.47716e-09      0.00000  9.43523e-12
      16.0000      413.954  1.53791e-09      0.00000  8.84280e-12
      16.0000      414.298  1.51594e-09      0.00000  8.44109e-12
      16.0000      414.644  1.48156e-09      0.00000  8.58854e-12
      16.0000      414.989  1.52759e-09      0.00000  8.07440e-12
      16.0000      415.336  1.51742e-09      0.00000  7.33624e-12
      17.0000      415.336  1.46241e-09      0.00000  2.06929e-11
      16.0000      415.683  1.45025e-09      0.00000  7.49557e-12
      17.0000      415.683  1.37905e-09      2.00000  2.02012e-11
      16.0000      416.029  1.45392e-09      0.00000  7.79772e-12
      17.0000      416.029  1.36817e-09      2.00000  1.99605e-11
      16.0000      416.375  1.45936e-09      0.00000  7.68412e-12
      17.0000      416.375  1.42374e-09      2.00000  2.01547e-11
      16.0000      416.722  1.40714e-09      0.00000  8.04242e-12
      17.0000      416.722  1.38052e-09      2.00000  2.15334e-11
      16.0000      417.070  1.40957e-09      0.00000  8.64469e-12
      17.0000      417.070  1.38607e-09      2.00000  2.21378e-11
      16.0000      417.418  1.45577e-09      0.00000  8.53500e-12
      17.0000      417.418  1.49889e-09      2.00000  1.87572e-11
      16.0000      417.767  1.44292e-09      0.00000  8.18438e-12
      17.0000      417.767  1.40308e-09      2.00000  1.58711e-11
      16.0000      418.114  1.41438e-09      0.00000  8.31519e-12
      17.0000      418.114  1.34505e-09      2.00000  1.61223e-11
      16.0000      418.463  1.42717e-09      0.00000  8.11246e-12
      17.0000      418.463  1.37241e-09      2.00000  1.64133e-11
      16.0000      418.811  1.43391e-09      0.00000  7.72609e-12
      17.0000      418.811  1.40146e-09      2.00000  1.53218e-11
      16.0000      419.161  1.35285e-09      0.00000  8.12230e-12
      17.0000      419.161  1.36873e-09      2.00000  1.54423e-11
      16.0000      419.511  1.33310e-09      0.00000  8.67465e-12
      17.0000      419.511  1.29052e-09      0.00000  1.40860e-11
      16.0000      419.859  1.36687e-09      0.00000  8.73238e-12
      17.0000      419.859  1.33201e-09      0.00000  1.26357e-11
      16.0000      420.210  1.34016e-09      0.00000  8.98345e-12
      17.0000      420.210  1.31029e-09      0.00000  1.25450e-11
      16.0000      420.560  1.30843e-09      0.00000  9.50657e-12
      17.0000      420.560  1.28637e-09      0.00000  1.40248e-11
      16.0000      420.911  1.31653e-09      0.00000  9.39211e-12
      17.0000      420.911  1.32621e-09      0.00000  1.40401e-11
      16.0000      421.262  1.31691e-09      0.00000  8.96551e-12
      17.0000      421.262  1.32556e-09      0.00000  1.34727e-11
      16.0000      421.614  1.27594e-09      0.00000  9.08171e-12
      17.0000      421.614  1.24897e-09      0.00000  1.27063e-11
      16.0000      421.964  1.28417e-09      0.00000  9.21223e-12
      17.0000      421.964  1.25552e-09      0.00000  1.10607e-11
      16.0000      422.317  1.30267e-09      0.00000  9.00690e-12
      17.0000      422.317  1.26625e-09      0.00000  9.51221e-12
      17.0000      422.669  1.23039e-09      0.00000  9.70236e-12
      17.0000      423.021  1.21211e-09      0.00000  1.06573e-11
      17.0000      423.374  1.25909e-09      0.00000  1.09837e-11
      17.0000      423.727  1.24475e-09      0.00000  1.17681e-11
      17.0000      424.079  1.18792e-09      0.00000  1.22420e-11
      17.0000      424.434  1.21459e-09      0.00000  1.06142e-11
      17.0000      424.787  1.23505e-09      0.00000  9.38415e-12
      17.0000      425.141  1.17909e-09      0.00000  8.55381e-12
      17.0000      425.496  1.17223e-09      0.00000  8.32489e-12
      17.0000      425.851  1.19683e-09      0.00000  8.06716e-12
      17.0000      426.205  1.15853e-09      0.00000  8.96334e-12
      17.0000      426.561  1.12918e-09      0.00000  1.01553e-11
      17.0000      426.916  1.17568e-09      0.00000  1.01110e-11
      17.0000      427.272  1.14950e-09      0.00000  9.67009e-12
      17.0000      427.628  1.11213e-09      0.00000  9.11745e-12
      17.0000      427.985  1.13724e-09      0.00000  8.11738e-12
      17.0000      428.343  1.14252e-09      0.00000  7.05623e-12
      17.0000      428.699  1.09329e-09      0.00000  7.10355e-12
      17.0000      429.056  1.09871e-09      0.00000  7.18126e-12
      17.0000      429.415  1.11562e-09      0.00000  7.04408e-12
      17.0000      429.771  1.07523e-09      0.00000  7.66213e-12
      17.0000      430.130  1.06862e-09      0.00000  8.43978e-12
      17.0000      430.489  1.10301e-09      0.00000  8.36425e-12
      17.0000      430.847  1.07416e-09      0.00000  8.50505e-12
      17.0000      431.207  1.05292e-09      0.00000  8.71415e-12
      17.0000      431.566  1.07229e-09      0.00000  7.79251e-12
      17.0000      431.926  1.05718e-09      0.00000  6.86623e-12
      17.0000      432.287  1.01533e-09      0.00000  6.86985e-12
      17.0000      432.646  1.02465e-09      0.00000  6.91399e-12
      17.0000      433.007  1.02910e-09      0.00000  6.33950e-12
      17.0000      433.368  1.00552e-09      0.00000  6.36482e-12
      17.0000      433.730  1.00697e-09      0.00000  6.44427e-12
      17.0000      434.092  1.01281e-09      0.00000  6.11216e-12
      17.0000      434.452  9.89304e-10      0.00000  6.25311e-12
      17.0000      434.815  9.72549e-10      0.00000  6.68824e-12
      17.0000      435.178  9.89029e-10      0.00000  6.56437e-12
      17.0000      435.540  9.67191e-10      0.00000  6.88331e-12
      17.0000      435.905  9.46030e-10      0.00000  7.77616e-12
      17.0000      436.268  9.76431e-10      0.00000  8.07613e-12
      17.0000      436.630  9.75948e-10      0.00000  7.90668e-12
      17.0000      436.994  9.25842e-10      0.00000  8.04329e-12
      17.0000      437.359  9.41397e-10      0.00000  7.67515e-12
      17.0000      437.723  9.61181e-10      0.00000  6.90429e-12
      17.0000      438.089  9.10404e-10      0.00000  6.85306e-12
      17.0000      438.454  8.93472e-10      0.00000  6.92730e-12
      17.0000      438.820  9.11388e-10      0.00000  6.51315e-12
      17.0000      439.186  9.01639e-10      0.00000  6.41373e-12
      17.0000      439.551  8.84534e-10      0.00000  6.61792e-12
      18.0000      439.551  8.46890e-10      0.00000  2.56957e-11
      17.0000      439.918  9.01594e-10      0.00000  6.42415e-12
      18.0000      439.918  8.90468e-10      0.00000  2.18358e-11
      17.0000      440.284  8.84203e-10      0.00000  6.23169e-12
      18.0000      440.284  8.70750e-10      0.00000  2.12240e-11
      17.0000      440.651  8.54409e-10      0.00000  6.94235e-12
      18.0000      440.651  8.87636e-10      0.00000  2.41118e-11
      17.0000      441.018  8.70861e-10      0.00000  6.65974e-12
      18.0000      441.018  8.79412e-10      0.00000  2.16347e-11
      17.0000      441.386  8.69512e-10      0.00000  5.91796e-12
      18.0000      441.386  8.47931e-10      2.00000  1.70930e-11
      17.0000      441.755  8.51437e-10      0.00000  6.26251e-12
      18.0000      441.755  8.45212e-10      2.00000  1.65347e-11
      17.0000      442.124  8.61529e-10      0.00000  6.36685e-12
      18.0000      442.124  8.43222e-10      2.00000  1.54801e-11
      17.0000      442.492  8.58918e-10      0.00000  6.18842e-12
      18.0000      442.492  8.37529e-10      2.00000  1.51081e-11
      17.0000      442.860  8.39142e-10      0.00000  6.31996e-12
      18.0000      442.860  8.13548e-10      2.00000  1.69580e-11
      17.0000      443.229  8.50486e-10      0.00000  6.38609e-12
      18.0000      443.229  7.94508e-10      2.00000  1.63010e-11
      17.0000      443.599  8.51786e-10      0.00000  6.16498e-12
      18.0000      443.599  8.31385e-10      0.00000  1.32840e-11
      17.0000      443.969  8.14855e-10      0.00000  6.23516e-12
      18.0000      443.969  7.88530e-10      0.00000  1.15397e-11
      17.0000      444.340  8.05382e-10      0.00000  6.43775e-12
      18.0000      444.340  7.77501e-10      0.00000  1.10726e-11
      17.0000      444.709  8.17298e-10      0.00000  6.39261e-12
      18.0000      444.709  7.90473e-10      0.00000  1.06270e-11
      17.0000      445.079  7.88667e-10      0.00000  6.63948e-12
      18.0000      445.079  7.80538e-10      0.00000  1.14983e-11
      17.0000      445.452  7.89328e-10      0.00000  7.07317e-12
      18.0000      445.452  7.81688e-10      0.00000  1.31490e-11
      17.0000      445.824  8.18159e-10      0.00000  6.99068e-12
      18.0000      445.824  7.75206e-10      0.00000  1.21870e-11
      17.0000      446.194  7.95033e-10      0.00000  6.87275e-12
      18.0000      446.194  7.78072e-10      0.00000  1.02944e-11
      17.0000      446.566  7.85245e-10      0.00000  7.05160e-12
      18.0000      446.566  7.73759e-10      0.00000  9.56546e-12
      17.0000      446.939  8.06900e-10      0.00000  6.99517e-12
      18.0000      446.939  7.93991e-10      0.00000  8.43023e-12
      17.0000      447.311  7.93534e-10      0.00000  6.89981e-12
      18.0000      447.311  7.78260e-10      0.00000  8.04083e-12
      17.0000      447.684  7.72866e-10      0.00000  7.24059e-12
      18.0000      447.684  7.62725e-10      0.00000  8.91298e-12
      17.0000      448.057  7.75685e-10      0.00000  7.49947e-12
      18.0000      448.057  7.58890e-10      0.00000  9.34088e-12
      17.0000      448.431  7.58277e-10      0.00000  7.78064e-12
      18.0000      448.431  7.68584e-10      0.00000  9.62914e-12
      18.0000      448.805  7.45592e-10      0.00000  9.68731e-12
      18.0000      449.180  7.39489e-10      0.00000  8.45440e-12
      18.0000      449.553  7.21487e-10      0.00000  7.07563e-12
      18.0000      449.928  7.13024e-10      0.00000  6.61271e-12
      18.0000      450.302  7.26872e-10      0.00000  6.45960e-12
      18.0000      450.678  7.31021e-10      0.00000  6.65843e-12
      18.0000      451.054  6.90139e-10      0.00000  7.30947e-12
      18.0000      451.431  6.94582e-10      0.00000  8.08945e-12
      18.0000      451.806  7.20161e-10      0.00000  8.49043e-12
      18.0000      452.184  7.06743e-10      0.00000  8.02824e-12
      18.0000      452.560  7.02364e-10      0.00000  7.56170e-12
      18.0000      452.938  7.07962e-10      0.00000  6.30419e-12
      18.0000      453.315  6.91767e-10      0.00000  5.80220e-12
      18.0000      453.694  6.71595e-10      0.00000  5.81594e-12
      18.0000      454.071  6.86034e-10      0.00000  5.71277e-12
      18.0000      454.450  6.67791e-10      0.00000  6.11231e-12
      18.0000      454.829  6.58092e-10      0.00000  6.95074e-12
      18.0000      455.208  6.76122e-10      0.00000  6.91326e-12
      18.0000      455.587  6.63646e-10      0.00000  7.11368e-12
      18.0000      455.967  6.42989e-10      0.00000  7.64259e-12
      18.0000      456.348  6.55310e-10      0.00000  6.83310e-12
      18.0000      456.727  6.63431e-10      0.00000  6.01998e-12
      18.0000      457.109  6.18413e-10      0.00000  6.06701e-12
      18.0000      457.490  6.29252e-10      0.00000  6.05442e-12
      18.0000      457.871  6.43440e-10      0.00000  5.77181e-12
      18.0000      458.253  6.13154e-10      0.00000  6.04487e-12
      18.0000      458.636  6.25185e-10      0.00000  5.95935e-12
      18.0000      459.017  6.31132e-10      0.00000  5.37878e-12
      18.0000      459.400  6.26927e-10      0.00000  5.83505e-12
      18.0000      459.783  6.24755e-10      0.00000  5.72825e-12
      18.0000      460.166  6.12071e-10      0.00000  5.58615e-12
      18.0000      460.549  5.84498e-10      0.00000  5.94025e-12
      18.0000      460.934  5.81535e-10      0.00000  6.62197e-12
      18.0000      461.318  6.02169e-10      0.00000  6.82369e-12
      18.0000      461.702  5.71049e-10      0.00000  7.32496e-12
      18.0000      462.088  5.72091e-10      0.00000  7.67529e-12
      18.0000      462.473  5.94204e-10      0.00000  6.86276e-12
      18.0000      462.858  5.62526e-10      0.00000  6.42719e-12
      18.0000      463.244  5.54772e-10      0.00000  6.36352e-12
      18.0000      463.631  5.72551e-10      0.00000  6.03272e-12
      19.0000      463.631  5.47880e-10      2.00000  3.51359e-11
      18.0000      464.018  5.42375e-10      0.00000  5.99104e-12
      19.0000      464.018  4.84558e-10      0.00000  3.55859e-11
      18.0000      464.403  5.42673e-10      0.00000  6.66552e-12
      19.0000      464.403  4.46950e-10      1.00000  3.28175e-11
      18.0000      464.792  5.44844e-10      0.00000  6.45005e-12
      19.0000      464.792  5.16930e-10      1.00000  2.80878e-11
      18.0000      465.179  5.38557e-10      0.00000  6.21244e-12
      19.0000      465.179  5.54675e-10      0.00000  2.64517e-11
      18.0000      465.567  5.26707e-10      0.00000  6.09335e-12
      19.0000      465.567  5.30643e-10      0.00000  2.59076e-11
      18.0000      465.955  5.45604e-10      0.00000  5.63853e-12
      19.0000      465.955  5.43163e-10      0.00000  2.30363e-11
      18.0000      466.342  5.38056e-10      0.00000  5.66733e-12
      19.0000      466.342  5.44840e-10      0.00000  2.04329e-11
      18.0000      466.731  5.20982e-10      0.00000  5.35013e-12
      19.0000      466.731  5.60932e-10      0.00000  1.84291e-11
      18.0000      467.122  5.20145e-10      0.00000  5.52783e-12
      19.0000      467.122  5.35427e-10      0.00000  1.58717e-11
      18.0000      467.510  5.06528e-10      0.00000  5.84532e-12
      19.0000      467.510  5.27538e-10      0.00000  1.61569e-11
      18.0000      467.900  4.98248e-10      0.00000  6.45121e-12
      19.0000      467.900  5.43497e-10      2.00000  1.85333e-11
      18.0000      468.290  5.09774e-10      0.00000  6.48739e-12
      19.0000      468.290  7.01382e-10      2.00000  1.99559e-11
      18.0000      468.680  5.07827e-10      0.00000  6.22026e-12
      19.0000      468.680  5.87859e-10      2.00000  1.81394e-11
      18.0000      469.072  5.04230e-10      0.00000  6.04777e-12
      19.0000      469.072  5.09071e-10      2.00000  1.62866e-11
      18.0000      469.462  5.14324e-10      0.00000  5.70090e-12
      19.0000      469.462  5.08920e-10      0.00000  1.22029e-11
      18.0000      469.854  4.88901e-10      0.00000  5.72550e-12
      19.0000      469.854  5.15864e-10      0.00000  1.11408e-11
      18.0000      470.245  4.78575e-10      0.00000  6.21592e-12
      19.0000      470.245  4.88140e-10      0.00000  1.18181e-11
      18.0000      470.637  4.86990e-10      0.00000  6.64801e-12
      19.0000      470.637  4.85557e-10      0.00000  1.22048e-11
      18.0000      471.029  4.71562e-10      0.00000  7.24320e-12
      19.0000      471.029  4.86610e-10      0.00000  1.40241e-11
      18.0000      471.422  4.60484e-10      0.00000  7.88382e-12
      19.0000      471.422  4.63289e-10      2.00000  1.55509e-11
      18.0000      471.816  4.83164e-10      0.00000  7.75474e-12
      19.0000      471.816  4.84547e-10      0.00000  1.31876e-11
      18.0000      472.208  4.95867e-10      0.00000  7.50975e-12
      19.0000      472.208  4.90533e-10      0.00000  1.06545e-11
      18.0000      472.603  5.41938e-10      0.00000  7.99336e-12
      19.0000      472.603  4.73730e-10      0.00000  9.71755e-12
      18.0000      472.997  5.39921e-10      0.00000  7.97079e-12
      19.0000      472.997  4.77971e-10      0.00000  8.52125e-12
      18.0000      473.391  4.52503e-10      0.00000  7.67732e-12
      19.0000      473.391  4.57402e-10      0.00000  8.58420e-12
      18.0000      473.785  4.30280e-10      0.00000  8.37742e-12
      19.0000      473.785  4.46388e-10      0.00000  1.02663e-11
      18.0000      474.181  4.38897e-10      0.00000  9.18098e-12
      19.0000      474.181  4.63617e-10      0.00000  1.09826e-11
      18.0000      474.577  4.33232e-10      0.00000  9.80177e-12
      19.0000      474.577  4.60481e-10      0.00000  1.18242e-11
      19.0000      474.971  4.34072e-10      0.00000  1.19565e-11
      19.0000      475.367  4.62317e-10      0.00000  9.40687e-12
      19.0000      475.765  4.50344e-10      0.00000  7.80047e-12
      19.0000      476.161  4.46428e-10      0.00000  7.80437e-12
      19.0000      476.558  4.46737e-10      0.00000  7.19067e-12
      19.0000      476.954  4.31733e-10      0.00000  7.58138e-12
      19.0000      477.352  4.15526e-10      0.00000  8.65713e-12
      19.0000      477.751  4.27129e-10      0.00000  8.93034e-12
      19.0000      478.149  4.19384e-10      0.00000  8.98548e-12
      19.0000      478.547  4.18538e-10      0.00000  9.21976e-12
      19.0000      478.946  4.36489e-10      0.00000  7.85864e-12
      19.0000      479.345  4.27006e-10      0.00000  6.94394e-12
      19.0000      479.745  4.02138e-10      0.00000  6.84048e-12
      19.0000      480.146  4.16815e-10      0.00000  6.64990e-12
      19.0000      480.545  4.07987e-10      0.00000  6.70648e-12
      19.0000      480.945  4.02979e-10      0.00000  6.77131e-12
      19.0000      481.348  4.13944e-10      0.00000  6.31649e-12
      19.0000      481.749  4.03794e-10      0.00000  6.03822e-12
      19.0000      482.151  4.02743e-10      0.00000  6.19841e-12
      19.0000      482.551  3.98585e-10      0.00000  5.92375e-12
      19.0000      482.954  3.76439e-10      0.00000  6.44354e-12
      19.0000      483.356  3.99575e-10      0.00000  7.36215e-12
      19.0000      483.760  3.97825e-10      0.00000  7.79280e-12
      19.0000      484.163  3.62183e-10      0.00000  7.91450e-12
      19.0000      484.567  3.82044e-10      0.00000  7.38125e-12
      19.0000      484.971  3.87022e-10      0.00000  6.40245e-12
      19.0000      485.376  3.77557e-10      0.00000  5.93186e-12
      19.0000      485.779  3.76995e-10      0.00000  5.64534e-12
      19.0000      486.185  3.72604e-10      0.00000  5.32104e-12
      19.0000      486.590  3.49022e-10      0.00000  5.56010e-12
      19.0000      486.995  3.50475e-10      0.00000  5.80683e-12
      19.0000      487.401  3.59961e-10      0.00000  5.87021e-12
      19.0000      487.807  3.58762e-10      0.00000  5.85863e-12
      19.0000      488.215  3.61553e-10      0.00000  5.54954e-12
      20.0000      488.215  2.41302e-10      2.00000  5.81062e-11
      19.0000      488.622  3.48546e-10      0.00000  5.26938e-12
      20.0000      488.622  3.01366e-10      2.00000  5.34607e-11
      19.0000      489.029  3.45329e-10      0.00000  5.35187e-12
      20.0000      489.029  2.86574e-10      2.00000  4.40937e-11
      19.0000      489.436  3.49708e-10      0.00000  5.46373e-12
      20.0000      489.436  3.13247e-10      2.00000  3.54250e-11
      19.0000      489.845  3.38760e-10      0.00000  5.94329e-12
      20.0000      489.845  3.25180e-10      0.00000  3.22937e-11
      19.0000      490.254  3.31196e-10      0.00000  6.54194e-12
      20.0000      490.254  2.83909e-10      2.00000  3.39436e-11
      19.0000      490.663  3.39801e-10      0.00000  6.63571e-12
      20.0000      490.663  3.06475e-10      2.00000  3.37124e-11
      19.0000      491.070  3.25388e-10      0.00000  7.14074e-12
      20.0000      491.070  3.16528e-10      0.00000  3.43545e-11
      19.0000      491.480  3.39126e-10      0.00000  6.79084e-12
      20.0000      491.480  2.82869e-10      2.00000  3.00801e-11
      19.0000      491.889  3.33930e-10      0.00000  6.40534e-12
      20.0000      491.889  3.33685e-10      2.00000  2.19714e-11
      19.0000      492.300  3.29131e-10      0.00000  6.57291e-12
      20.0000      492.300  3.24915e-10      2.00000  1.96622e-11
      19.0000      492.710  3.34325e-10      0.00000  6.97216e-12
      20.0000      492.710  3.11374e-10      0.00000  1.86706e-11
      19.0000      493.121  3.25331e-10      0.00000  7.26548e-12
      20.0000      493.121  3.06540e-10      0.00000  1.88185e-11
      19.0000      493.532  3.04939e-10      0.00000  8.15153e-12
      20.0000      493.532  3.13531e-10      2.00000  2.14312e-11
      19.0000      493.944  3.05208e-10      0.00000  8.52270e-12
      20.0000      493.944  3.43944e-10      2.00000  2.13303e-11
      19.0000      494.354  3.20187e-10      0.00000  8.17425e-12
      20.0000      494.354  3.15614e-10      2.00000  1.80707e-11
      19.0000      494.768  3.10262e-10      0.00000  8.40462e-12
      20.0000      494.768  2.94151e-10      2.00000  1.52186e-11
      19.0000      495.179  3.11951e-10      0.00000  8.13228e-12
      20.0000      495.179  3.02692e-10      0.00000  1.27030e-11
      19.0000      495.592  2.50104e-10      0.00000  8.18481e-12
      20.0000      495.592  2.96325e-10      0.00000  1.17999e-11
      19.0000      496.005  2.52043e-10      0.00000  8.80850e-12
      20.0000      496.005  2.98631e-10      0.00000  1.28278e-11
      19.0000      496.418  2.85990e-10      0.00000  9.03858e-12
      20.0000      496.418  3.03147e-10      0.00000  1.33624e-11
      19.0000      496.833  2.83318e-10      0.00000  9.48125e-12
      20.0000      496.833  3.19967e-10      0.00000  1.40437e-11
      19.0000      497.248  2.77619e-10      0.00000  1.01253e-11
      20.0000      497.248  3.15377e-10      0.00000  1.38672e-11
      19.0000      497.661  2.98011e-10      0.00000  9.76979e-12
      20.0000      497.661  3.20171e-10      0.00000  1.13896e-11
      19.0000      498.077  2.65730e-10      0.00000  9.24190e-12
      20.0000      498.077  3.13188e-10      0.00000  9.57588e-12
      19.0000      498.492  2.83928e-10      0.00000  9.72696e-12
      20.0000      498.492  3.04331e-10      0.00000  8.92658e-12
      19.0000      498.907  2.94887e-10      0.00000  9.18286e-12
      20.0000      498.907  2.88968e-10      0.00000  8.30998e-12
      19.0000      499.323  2.76432e-10      0.00000  9.62711e-12
      20.0000      499.323  2.89665e-10      0.00000  8.86899e-12
      19.0000      499.740  2.91049e-10      0.00000  1.06884e-11
      20.0000      499.740  2.96939e-10      0.00000  9.86356e-12
      19.0000      500.158  2.73472e-10      0.00000  1.05252e-11
      20.0000      500.158  2.97925e-10      0.00000  1.00096e-11
      19.0000      500.573  2.47655e-10      0.00000  1.07639e-11
      20.0000      500.573  2.94659e-10      0.00000  1.06707e-11
      19.0000      500.992  2.57872e-10      0.00000  1.05689e-11
      20.0000      500.992  3.01133e-10      0.00000  9.19805e-12
      20.0000      501.409  2.94986e-10      0.00000  7.64983e-12
      20.0000      501.827  2.79128e-10      0.00000  7.02237e-12
      20.0000      502.245  2.79055e-10      0.00000  6.87000e-12
      20.0000      502.664  2.72991e-10      0.00000  6.70590e-12
      20.0000      503.081  2.60005e-10      0.00000  6.97954e-12
      20.0000      503.502  2.84965e-10      0.00000  7.10326e-12
      20.0000      503.921  2.82320e-10      0.00000  6.98258e-12
      20.0000      504.342  2.73905e-10      0.00000  7.17851e-12
      20.0000      504.762  2.75590e-10      0.00000  7.16723e-12
      20.0000      505.183  2.69472e-10      0.00000  7.14407e-12
      20.0000      505.605  2.68682e-10      0.00000  6.71125e-12
      20.0000      506.027  2.61534e-10      0.00000  6.47220e-12
      20.0000      506.447  2.57277e-10      0.00000  6.19190e-12
      20.0000      506.871  2.73078e-10      0.00000  5.79178e-12
      20.0000      507.292  2.61464e-10      0.00000  5.28704e-12
      20.0000      507.715  2.61900e-10      0.00000  5.01426e-12
      20.0000      508.138  2.64388e-10      0.00000  4.95595e-12
      20.0000      508.562  2.47307e-10      0.00000  5.24160e-12
      20.0000      508.986  2.41277e-10      0.00000  5.62638e-12
      20.0000      509.411  2.42391e-10      0.00000  5.97889e-12
      20.0000      509.835  2.44162e-10      0.00000  6.15774e-12
      20.0000      510.261  2.49386e-10      0.00000  6.16339e-12
      20.0000      510.686  2.32943e-10      0.00000  6.18698e-12
      20.0000      511.112  2.25892e-10      0.00000  6.16238e-12
      20.0000      511.538  2.26109e-10      0.00000  6.12171e-12
      20.0000      511.965  2.24143e-10      0.00000  6.07584e-12
      20.0000      512.392  2.21788e-10      0.00000  6.11173e-12
      20.0000      512.818  2.24779e-10      0.00000  5.92751e-12
      20.0000      513.244  2.19428e-10      0.00000  5.71450e-12
      20.0000      513.674  2.19991e-10      0.00000  5.32032e-12
      20.0000      514.102  2.20827e-10      0.00000  5.14609e-12
      20.0000      514.530  2.18833e-10      0.00000  5.19254e-12
      20.0000      514.960  2.22375e-10      0.00000  5.50193e-12
      20.0000      515.390  2.16313e-10      0.00000  6.24370e-12
      20.0000      515.818  2.11558e-10      0.00000  6.79894e-12
      20.0000      516.249  2.03425e-10      0.00000  7.38660e-12
      20.0000      516.678  2.48923e-10      0.00000  8.05023e-12
      20.0000      517.109  2.51609e-10      0.00000  8.07802e-12
      20.0000      517.539  1.95126e-10      0.00000  9.31006e-12
      20.0000      517.971  2.29964e-10      0.00000  1.06942e-11
      20.0000      518.403  2.30521e-10      0.00000  1.25288e-11
      20.0000      518.836  1.35142e-10      0.00000  1.60801e-11
      20.0000      519.267  1.17375e-10      2.00000  1.77927e-11
      20.0000      519.702  1.38931e-10      2.00000  1.84967e-11
      20.0000      520.134  1.40800e-10      2.00000  2.06760e-11
      20.0000      520.568  1.45339e-10      2.00000  2.04026e-11
      20.0000      521.002  1.42142e-10      0.00000  2.24505e-11
      20.0000      521.436  9.03848e-11      0.00000  2.99555e-11
      20.0000      521.872  6.99602e-11      0.00000  3.31451e-11
      20.0000      522.308  2.39473e-11      0.00000  4.06537e-11
      20.0000      522.742  2.71981e-11      0.00000  4.53711e-11
      20.0000      523.177  1.04077e-10      0.00000  4.17717e-11
      20.0000      523.615  8.82495e-11      2.00000  4.53321e-11
      20.0000      524.051  6.41369e-11      2.00000  4.89824e-11
      20.0000      524.488  2.19994e-11      0.00000  4.82703e-11
      20.0000      524.923 -4.42441e-11      0.00000  6.18431e-11
      20.0000      525.362 -5.11548e-11      0.00000  7.76802e-11
      20.0000      525.801 -4.28188e-11      2.00000  8.17535e-11
      20.0000      526.238 -1.23953e-10      3.00000  8.85932e-11
      20.0000      526.676 -1.52183e-10      3.00000  8.17778e-11
