      11.0000      271.534  2.67469e-08      258.000  1.88124e-10
      11.0000      271.761  2.87763e-08      258.000  3.46780e-10
      11.0000      271.987  2.65702e-08      0.00000  1.85462e-10
      11.0000      272.214  2.17349e-08      0.00000  1.51464e-10
      11.0000      272.441  3.05035e-08      256.000  2.42679e-10
      11.0000      272.668  2.50260e-08      258.000  3.17872e-10
      11.0000      272.895  3.23196e-08      258.000  3.51634e-10
      11.0000      273.123  2.85918e-08      258.000  2.04941e-10
      11.0000      273.350  2.78970e-08      258.000  4.94920e-10
      11.0000      273.578  2.32009e-08      258.000  1.47360e-10
      11.0000      273.806  3.39044e-08      258.000  4.21956e-10
      11.0000      274.035  2.93094e-08      258.000  2.00355e-10
      11.0000      274.263  2.51638e-08      256.000  1.60995e-10
      11.0000      274.492  2.52495e-08      0.00000  1.46234e-10
      11.0000      274.721  2.41275e-08      0.00000  1.29075e-10
      11.0000      274.950  2.37779e-08      2.00000  1.37129e-10
      11.0000      275.179  2.83566e-08      2.00000  1.66412e-10
      11.0000      275.409  2.77133e-08      256.000  1.63285e-10
      11.0000      275.638  2.42912e-08      258.000  1.50826e-10
      11.0000      275.867  2.48034e-08      258.000  1.41994e-10
      11.0000      276.097  2.65170e-08      256.000  1.61355e-10
      11.0000      276.328  2.35488e-08      256.000  1.28562e-10
      11.0000      276.558  2.42337e-08      258.000  1.41936e-10
      11.0000      276.789  2.11648e-08      2.00000  1.06401e-10
      11.0000      277.020  2.18267e-08      258.000  1.32053e-10
      11.0000      277.250  2.13151e-08      258.000  1.11529e-10
      11.0000      277.482  2.03134e-08      2.00000  1.05703e-10
      11.0000      277.713  2.06088e-08      2.00000  1.02635e-10
      11.0000      277.945  2.13912e-08      0.00000  1.03750e-10
      11.0000      278.177  2.09200e-08      0.00000  1.09243e-10
      11.0000      278.408  2.19219e-08      0.00000  1.25368e-10
      11.0000      278.640  2.18988e-08      2.00000  1.36343e-10
      11.0000      278.872  2.35924e-08      2.00000  1.43661e-10
      11.0000      279.105  2.40972e-08      2.00000  1.36062e-10
      11.0000      279.337  2.34802e-08      0.00000  1.31536e-10
      11.0000      279.571  2.15316e-08      2.00000  1.07071e-10
      11.0000      279.804  2.16425e-08      2.00000  1.08729e-10
      11.0000      280.037  1.95622e-08      0.00000  8.88838e-11
      11.0000      280.271  2.04974e-08      2.00000  8.84854e-11
      11.0000      280.504  2.10421e-08      2.00000  8.94801e-11
      11.0000      280.738  2.17145e-08      2.00000  1.00311e-10
      11.0000      280.971  1.93021e-08      2.00000  8.94623e-11
      11.0000      281.206  2.09015e-08      2.00000  9.30735e-11
      11.0000      281.440  2.13105e-08      2.00000  9.20179e-11
      11.0000      281.675  1.85735e-08      0.00000  7.75533e-11
      11.0000      281.910  1.82932e-08      256.000  7.90351e-11
      11.0000      282.145  1.98031e-08      258.000  8.41151e-11
      11.0000      282.381  1.89542e-08      2.00000  8.27029e-11
      11.0000      282.616  1.94738e-08      0.00000  8.36041e-11
      11.0000      282.851  1.98370e-08      0.00000  8.91583e-11
      11.0000      283.087  1.84824e-08      258.000  8.28301e-11
      11.0000      283.323  1.71213e-08      258.000  7.93677e-11
      11.0000      283.559  1.85403e-08      2.00000  8.69038e-11
      11.0000      283.796  1.85714e-08      2.00000  8.26130e-11
      11.0000      284.032  1.84632e-08      2.00000  8.02870e-11
      11.0000      284.269  1.79305e-08      0.00000  7.68631e-11
      11.0000      284.506  1.85852e-08      0.00000  7.82977e-11
      11.0000      284.743  1.73345e-08      0.00000  7.25962e-11
      11.0000      284.981  1.59777e-08      0.00000  6.21156e-11
      11.0000      285.218  1.76112e-08      2.00000  6.95372e-11
      11.0000      285.456  1.79902e-08      2.00000  7.19391e-11
      11.0000      285.694  1.72929e-08      256.000  7.24645e-11
      11.0000      285.932  1.58336e-08      256.000  6.73753e-11
      11.0000      286.171  1.60223e-08      2.00000  6.67092e-11
      11.0000      286.409  1.74768e-08      258.000  7.37387e-11
      11.0000      286.648  1.69833e-08      256.000  7.41790e-11
      11.0000      286.887  1.65359e-08      2.00000  7.45686e-11
      11.0000      287.126  1.58127e-08      2.00000  7.11370e-11
      11.0000      287.365  1.55973e-08      0.00000  6.89824e-11
      11.0000      287.605  1.48080e-08      0.00000  6.59650e-11
      11.0000      287.844  1.70094e-08      0.00000  7.90198e-11
      11.0000      288.085  1.69943e-08      0.00000  8.02845e-11
      11.0000      288.325  1.64166e-08      0.00000  7.86590e-11
      11.0000      288.565  1.56671e-08      0.00000  7.39245e-11
      11.0000      288.806  1.54564e-08      0.00000  7.41509e-11
      11.0000      289.047  1.50918e-08      0.00000  7.62096e-11
      11.0000      289.287  1.55498e-08      0.00000  8.00173e-11
      11.0000      289.529  1.48111e-08      2.00000  7.33836e-11
      11.0000      289.770  1.51658e-08      2.00000  7.53724e-11
      11.0000      290.011  1.48385e-08      258.000  7.39656e-11
      11.0000      290.254  1.44279e-08      0.00000  7.08160e-11
      11.0000      290.495  1.53758e-08      0.00000  7.68334e-11
      11.0000      290.737  1.44918e-08      2.00000  6.95129e-11
      11.0000      290.980  1.42800e-08      2.00000  6.47424e-11
      11.0000      291.223  1.45311e-08      2.00000  6.68830e-11
      11.0000      291.465  1.39890e-08      0.00000  6.68457e-11
      11.0000      291.708  1.42905e-08      2.00000  6.88104e-11
      11.0000      291.951  1.47934e-08      258.000  7.30406e-11
      11.0000      292.195  1.50725e-08      258.000  7.38395e-11
      11.0000      292.439  1.52200e-08      256.000  7.98824e-11
      11.0000      292.683  1.37771e-08      0.00000  7.52899e-11
      11.0000      292.926  1.30825e-08      2.00000  7.10879e-11
      11.0000      293.171  1.39489e-08      2.00000  7.69383e-11
      12.0000      295.377  1.56284e-08      256.000  8.43625e-11
      12.0000      295.624  1.43017e-08      2.00000  7.60682e-11
      12.0000      295.870  1.38902e-08      2.00000  7.74714e-11
      12.0000      296.117  1.36416e-08      2.00000  7.32795e-11
      12.0000      296.364  1.37597e-08      2.00000  7.15335e-11
      12.0000      296.611  1.30973e-08      0.00000  6.68406e-11
      12.0000      296.858  1.27389e-08      0.00000  6.69590e-11
      12.0000      297.105  1.31105e-08      2.00000  7.06211e-11
      12.0000      297.354  1.25683e-08      2.00000  6.32458e-11
      12.0000      297.601  1.32898e-08      0.00000  6.28397e-11
      12.0000      297.850  1.26586e-08      0.00000  5.38930e-11
      12.0000      298.097  1.17271e-08      2.00000  4.73916e-11
      12.0000      298.346  1.27995e-08      2.00000  5.73300e-11
      12.0000      298.595  1.27477e-08      2.00000  5.96107e-11
      12.0000      298.844  1.22837e-08      0.00000  5.62518e-11
      12.0000      299.093  1.22301e-08      2.00000  5.10566e-11
      12.0000      299.342  1.20077e-08      2.00000  4.78137e-11
      12.0000      299.592  1.16028e-08      2.00000  4.72527e-11
      12.0000      299.842  1.14157e-08      0.00000  4.86074e-11
      12.0000      300.091  1.15571e-08      0.00000  5.23354e-11
      12.0000      300.342  1.13988e-08      2.00000  4.98422e-11
      12.0000      300.592  1.12772e-08      2.00000  4.76169e-11
      12.0000      300.843  1.09083e-08      2.00000  4.38402e-11
      12.0000      301.093  1.12027e-08      258.000  6.30579e-11
      12.0000      301.345  1.14997e-08      258.000  3.44009e-10
      12.0000      301.595  1.15280e-08      2.00000  4.22988e-11
      12.0000      301.848  1.13171e-08      2.00000  4.19720e-11
      12.0000      302.099  1.12806e-08      2.00000  4.52718e-11
      12.0000      302.350  1.10507e-08      2.00000  4.51045e-11
      12.0000      302.603  1.05429e-08      0.00000  4.04979e-11
      12.0000      302.855  1.08224e-08      0.00000  3.76047e-11
      12.0000      303.107  1.12740e-08      0.00000  3.90828e-11
      12.0000      303.360  1.06971e-08      2.00000  3.84617e-11
      12.0000      303.614  1.04058e-08      2.00000  3.77415e-11
      12.0000      303.866  1.07751e-08      0.00000  3.96195e-11
      12.0000      304.120  1.09007e-08      0.00000  4.09104e-11
      12.0000      304.373  1.05950e-08      0.00000  4.08832e-11
      12.0000      304.627  1.02739e-08      2.00000  3.97419e-11
      12.0000      304.881  1.02698e-08      2.00000  3.62768e-11
      12.0000      305.135  1.01690e-08      2.00000  3.23385e-11
      12.0000      305.389  1.02143e-08      2.00000  3.20109e-11
      12.0000      305.644  9.96207e-09      2.00000  3.23746e-11
      12.0000      305.899  9.98843e-09      2.00000  3.38499e-11
      12.0000      306.154  9.93222e-09      2.00000  3.34647e-11
      12.0000      306.409  1.01402e-08      0.00000  3.59920e-11
      12.0000      306.665  9.82838e-09      0.00000  3.81684e-11
      12.0000      306.921  9.66184e-09      2.00000  3.99123e-11
      12.0000      307.176  1.01172e-08      2.00000  4.02164e-11
      12.0000      307.432  9.76260e-09      2.00000  3.54635e-11
      12.0000      307.689  9.47760e-09      2.00000  3.21112e-11
      12.0000      307.945  9.61842e-09      256.000  3.18491e-11
      12.0000      308.202  1.00923e-08      256.000  3.39185e-11
      12.0000      308.458  1.06796e-08      2.00000  3.19730e-11
      12.0000      308.715  1.02140e-08      2.00000  2.90829e-11
      12.0000      308.973  9.57774e-09      0.00000  2.86395e-11
      12.0000      309.231  9.46089e-09      2.00000  3.08394e-11
      12.0000      309.488  9.38238e-09      2.00000  3.18218e-11
      12.0000      309.746  9.48611e-09      8.00000  3.30881e-11
      12.0000      310.004  9.26547e-09      8.00000  3.40963e-11
      12.0000      310.263  8.92879e-09      8.00000  3.44558e-11
      12.0000      310.522  8.92245e-09      2.00000  3.54829e-11
      12.0000      310.781  8.97363e-09      2.00000  3.40449e-11
      12.0000      311.040  8.95326e-09      0.00000  3.13069e-11
      12.0000      311.300  9.12553e-09      0.00000  3.12495e-11
      12.0000      311.559  8.93095e-09      0.00000  3.08579e-11
      12.0000      311.819  9.04790e-09      2.00000  3.03969e-11
      12.0000      312.079  9.22991e-09      2.00000  2.91959e-11
      12.0000      312.339  9.03387e-09      2.00000  2.76943e-11
      12.0000      312.599  8.94087e-09      2.00000  2.90159e-11
      12.0000      312.860  9.00214e-09      2.00000  3.06226e-11
      12.0000      313.120  9.09958e-09      2.00000  3.03497e-11
      12.0000      313.381  8.88936e-09      2.00000  2.83856e-11
      12.0000      313.643  8.66225e-09      2.00000  2.78338e-11
      12.0000      313.905  8.67720e-09      8.00000  3.02320e-11
      12.0000      314.166  8.61378e-09      10.0000  3.18698e-11
      12.0000      314.428  8.58296e-09      2.00000  3.23275e-11
      12.0000      314.690  8.60548e-09      2.00000  3.18749e-11
      12.0000      314.953  8.50298e-09      2.00000  3.14987e-11
      12.0000      315.215  8.47723e-09      2.00000  3.00574e-11
      12.0000      315.477  8.66668e-09      2.00000  2.81015e-11
      12.0000      315.740  8.85498e-09      2.00000  2.70829e-11
      12.0000      316.004  8.64660e-09      2.00000  2.77785e-11
      12.0000      316.268  8.49588e-09      0.00000  3.07288e-11
      12.0000      316.531  8.84219e-09      1.00000  3.27699e-11
      12.0000      316.795  8.54288e-09      1.00000  3.01526e-11
      12.0000      317.059  8.19577e-09      2.00000  2.89074e-11
      12.0000      317.323  8.21678e-09      2.00000  3.02043e-11
      12.0000      317.587  8.31017e-09      0.00000  3.12661e-11
      12.0000      317.853  8.41724e-09      0.00000  2.96638e-11
      12.0000      318.118  8.39134e-09      2.00000  3.16903e-11
      12.0000      318.383  7.84560e-09      2.00000  3.62940e-11
      12.0000      318.648  8.03335e-09      0.00000  3.38151e-11
      12.0000      318.914  7.97193e-09      2.00000  3.08065e-11
      13.0000      319.180  7.81265e-09      2.00000  3.34505e-11
      13.0000      319.446  7.90346e-09      2.00000  3.52873e-11
      13.0000      319.713  8.05387e-09      2.00000  4.29721e-11
      13.0000      319.978  7.58028e-09      2.00000  4.44676e-11
      13.0000      320.246  7.55672e-09      2.00000  3.93017e-11
      13.0000      320.513  7.87196e-09      2.00000  3.40231e-11
      13.0000      320.780  7.69934e-09      0.00000  3.19528e-11
      13.0000      321.047  7.61189e-09      2.00000  3.44746e-11
      13.0000      321.315  7.60729e-09      2.00000  3.36024e-11
      13.0000      321.583  7.48285e-09      2.00000  2.84531e-11
      13.0000      321.851  7.59875e-09      0.00000  2.50373e-11
      13.0000      322.119  7.45355e-09      2.00000  2.42990e-11
      13.0000      322.387  7.24013e-09      2.00000  2.50606e-11
      13.0000      322.657  7.33677e-09      2.00000  2.63424e-11
      13.0000      322.925  7.56518e-09      2.00000  2.78250e-11
      13.0000      323.195  7.55600e-09      2.00000  2.93437e-11
      13.0000      323.464  7.28784e-09      0.00000  2.87127e-11
      13.0000      323.734  7.48880e-09      0.00000  2.67676e-11
      13.0000      324.003  7.45271e-09      0.00000  2.32373e-11
      13.0000      324.273  7.32745e-09      0.00000  2.26344e-11
      13.0000      324.544  7.16215e-09      0.00000  2.43038e-11
      13.0000      324.815  7.12825e-09      2.00000  2.51317e-11
      13.0000      325.085  7.28633e-09      2.00000  2.28952e-11
      13.0000      325.357  7.23207e-09      0.00000  2.04951e-11
      13.0000      325.628  6.98110e-09      2.00000  2.00585e-11
      13.0000      325.900  6.73335e-09      2.00000  2.02430e-11
      13.0000      326.171  6.78046e-09      2.00000  2.04685e-11
      13.0000      326.443  6.96273e-09      2.00000  2.15247e-11
      13.0000      326.715  6.93733e-09      0.00000  2.42382e-11
      13.0000      326.988  6.74690e-09      0.00000  2.73599e-11
      13.0000      327.259  6.89313e-09      0.00000  2.66023e-11
      13.0000      327.533  7.14397e-09      0.00000  2.19581e-11
      13.0000      327.805  6.97374e-09      2.00000  1.92929e-11
      13.0000      328.079  6.69329e-09      0.00000  1.82113e-11
      13.0000      328.352  6.65804e-09      2.00000  1.76995e-11
      13.0000      328.626  6.70515e-09      2.00000  1.70473e-11
      13.0000      328.900  6.64877e-09      2.00000  1.77089e-11
      13.0000      329.175  6.51886e-09      0.00000  2.09079e-11
      13.0000      329.449  6.45760e-09      2.00000  2.41254e-11
      13.0000      329.724  6.51770e-09      2.00000  2.31176e-11
      13.0000      329.998  6.63155e-09      2.00000  2.14680e-11
      13.0000      330.274  6.57128e-09      0.00000  2.09137e-11
      13.0000      330.549  6.48230e-09      2.00000  2.06470e-11
      13.0000      330.825  6.57367e-09      2.00000  1.87476e-11
      13.0000      331.101  6.73316e-09      2.00000  1.67736e-11
      13.0000      331.376  6.72018e-09      2.00000  1.66451e-11
      13.0000      331.653  6.54889e-09      2.00000  1.76115e-11
      13.0000      331.929  6.44988e-09      2.00000  1.87191e-11
      13.0000      332.206  6.48683e-09      2.00000  1.86430e-11
      13.0000      332.483  6.45483e-09      2.00000  1.99513e-11
      13.0000      332.760  6.23132e-09      2.00000  2.23343e-11
      13.0000      333.037  6.24264e-09      2.00000  2.34875e-11
      13.0000      333.316  6.39406e-09      2.00000  2.20796e-11
      13.0000      333.592  6.47154e-09      2.00000  2.04104e-11
      13.0000      333.871  6.29116e-09      2.00000  1.93109e-11
      13.0000      334.150  6.24803e-09      0.00000  1.90634e-11
      13.0000      334.428  6.34319e-09      0.00000  1.71790e-11
      13.0000      334.707  6.36595e-09      0.00000  1.52586e-11
      13.0000      334.986  6.27630e-09      2.00000  1.51937e-11
      13.0000      335.264  6.13876e-09      2.00000  1.62540e-11
      13.0000      335.545  6.10222e-09      0.00000  1.66427e-11
      13.0000      335.824  6.09765e-09      0.00000  1.66975e-11
      13.0000      336.104  5.99469e-09      0.00000  1.79116e-11
      13.0000      336.384  6.09535e-09      0.00000  2.11319e-11
      13.0000      336.665  6.09399e-09      2.00000  2.21066e-11
      13.0000      336.945  6.22104e-09      2.00000  2.13988e-11
      13.0000      337.226  6.18298e-09      2.00000  2.11380e-11
      13.0000      337.507  6.66369e-09      8.00000  2.46146e-11
      13.0000      337.789  6.04951e-09      8.00000  2.17967e-11
      13.0000      338.071  6.31139e-09      0.00000  2.06229e-11
      13.0000      338.352  6.30522e-09      3.00000  1.95010e-11
      13.0000      338.634  5.96431e-09      3.00000  1.98809e-11
      13.0000      338.916  5.78713e-09      1.00000  2.05961e-11
      13.0000      339.199  5.88008e-09      0.00000  2.08521e-11
      13.0000      339.482  5.83248e-09      0.00000  2.01886e-11
      13.0000      339.765  5.75368e-09      0.00000  2.12874e-11
      13.0000      340.048  5.80699e-09      0.00000  2.46811e-11
      13.0000      340.332  5.90446e-09      0.00000  2.21559e-11
      13.0000      340.616  5.97558e-09      2.00000  2.05855e-11
      13.0000      340.899  5.80585e-09      2.00000  2.01002e-11
      13.0000      341.184  5.71821e-09      0.00000  2.02811e-11
      13.0000      341.468  5.71791e-09      2.00000  1.93406e-11
      13.0000      341.753  5.69242e-09      2.00000  1.75936e-11
      13.0000      342.038  5.54239e-09      2.00000  1.74276e-11
      13.0000      342.323  5.42950e-09      0.00000  1.88609e-11
      13.0000      342.608  5.53792e-09      0.00000  2.03232e-11
      13.0000      342.894  5.62555e-09      0.00000  2.01009e-11
      13.0000      343.180  5.60587e-09      2.00000  2.05224e-11
      14.0000      343.180  5.54252e-09      2.00000  2.82843e-11
      13.0000      343.466  5.57759e-09      2.00000  2.24139e-11
      14.0000      343.466  5.48116e-09      2.00000  3.21449e-11
      13.0000      343.752  5.63979e-09      0.00000  2.28901e-11
      14.0000      343.752  5.36372e-09      2.00000  3.04035e-11
      13.0000      344.039  5.72235e-09      2.00000  2.13568e-11
      14.0000      344.039  5.54415e-09      0.00000  2.50178e-11
      13.0000      344.325  5.74226e-09      2.00000  2.10052e-11
      14.0000      344.325  5.51576e-09      2.00000  2.25611e-11
      13.0000      344.612  5.55556e-09      0.00000  2.21510e-11
      14.0000      344.612  5.47125e-09      2.00000  2.46350e-11
      14.0000      344.900  5.28002e-09      2.00000  2.64307e-11
      14.0000      345.187  5.30343e-09      258.000  2.48279e-11
      14.0000      345.476  5.31468e-09      258.000  2.13769e-11
      14.0000      345.764  5.12702e-09      0.00000  2.09580e-11
      14.0000      346.052  5.11419e-09      0.00000  2.12123e-11
      14.0000      346.340  5.28031e-09      0.00000  2.12360e-11
      14.0000      346.629  5.33099e-09      2.00000  2.33976e-11
      14.0000      346.917  5.21240e-09      2.00000  2.57817e-11
      14.0000      347.207  5.14595e-09      0.00000  2.49511e-11
      14.0000      347.496  5.26546e-09      2.00000  2.07194e-11
      14.0000      347.786  5.29944e-09      2.00000  1.79377e-11
      14.0000      348.077  5.10239e-09      0.00000  1.79864e-11
      14.0000      348.367  4.99400e-09      0.00000  1.93235e-11
      14.0000      348.657  5.04838e-09      0.00000  1.97128e-11
      14.0000      348.948  5.04292e-09      0.00000  2.03444e-11
      14.0000      349.239  4.88595e-09      2.00000  2.13144e-11
      14.0000      349.529  4.94395e-09      2.00000  2.31623e-11
      14.0000      349.820  5.13423e-09      2.00000  2.15823e-11
      14.0000      350.112  5.17480e-09      2.00000  2.03217e-11
      14.0000      350.404  5.12989e-09      2.00000  2.10068e-11
      14.0000      350.696  5.15142e-09      0.00000  2.25754e-11
      14.0000      350.989  5.31976e-09      0.00000  2.21992e-11
      14.0000      351.281  5.27855e-09      0.00000  2.01058e-11
      14.0000      351.574  5.07351e-09      0.00000  1.90246e-11
      14.0000      351.867  4.86426e-09      2.00000  1.84751e-11
      14.0000      352.161  4.73876e-09      2.00000  1.70166e-11
      14.0000      352.454  4.69504e-09      2.00000  1.54681e-11
      14.0000      352.749  4.67364e-09      0.00000  1.59233e-11
      14.0000      353.043  4.57972e-09      2.00000  1.75610e-11
      14.0000      353.337  4.57619e-09      2.00000  1.77536e-11
      14.0000      353.632  4.72390e-09      2.00000  1.76746e-11
      14.0000      353.926  4.73706e-09      2.00000  1.84955e-11
      14.0000      354.221  5.14665e-09      2.00000  2.01737e-11
      14.0000      354.517  4.90127e-09      0.00000  1.77203e-11
      14.0000      354.812  4.63234e-09      2.00000  1.45849e-11
      14.0000      355.107  4.60940e-09      0.00000  1.40398e-11
      14.0000      355.404  4.51086e-09      0.00000  1.45653e-11
      14.0000      355.700  4.54326e-09      0.00000  1.45981e-11
      14.0000      355.996  4.59090e-09      0.00000  1.42384e-11
      14.0000      356.294  4.54213e-09      2.00000  1.53027e-11
      14.0000      356.590  4.48421e-09      2.00000  1.73036e-11
      14.0000      356.888  4.56851e-09      0.00000  1.77351e-11
      14.0000      357.185  4.74764e-09      0.00000  1.72892e-11
      14.0000      357.482  4.64831e-09      0.00000  1.72677e-11
      14.0000      357.780  4.41361e-09      2.00000  1.72683e-11
      14.0000      358.079  4.49855e-09      2.00000  1.63881e-11
      14.0000      358.378  4.52050e-09      2.00000  1.46072e-11
      14.0000      358.676  4.42036e-09      0.00000  1.39465e-11
      14.0000      358.976  4.28162e-09      0.00000  1.42698e-11
      14.0000      359.275  4.36998e-09      0.00000  1.40706e-11
      14.0000      359.575  4.37988e-09      0.00000  1.32575e-11
      14.0000      359.874  4.29535e-09      0.00000  1.36027e-11
      14.0000      360.175  4.24845e-09      0.00000  1.43858e-11
      14.0000      360.475  4.32396e-09      0.00000  1.39129e-11
      14.0000      360.775  4.35169e-09      0.00000  1.34222e-11
      14.0000      361.076  4.20221e-09      0.00000  1.41227e-11
      14.0000      361.377  4.10905e-09      0.00000  1.50871e-11
      14.0000      361.678  4.18573e-09      0.00000  1.50319e-11
      14.0000      361.979  4.23257e-09      0.00000  1.50741e-11
      14.0000      362.282  4.13524e-09      2.00000  1.65870e-11
      14.0000      362.583  4.07461e-09      2.00000  1.79759e-11
      14.0000      362.886  4.13692e-09      2.00000  1.74583e-11
      14.0000      363.189  4.16302e-09      0.00000  1.63944e-11
      14.0000      363.491  4.08687e-09      0.00000  1.70298e-11
      14.0000      363.794  4.05321e-09      0.00000  1.73245e-11
      14.0000      364.097  4.07798e-09      0.00000  1.58231e-11
      14.0000      364.401  4.06756e-09      0.00000  1.48079e-11
      14.0000      364.704  4.01634e-09      0.00000  1.53626e-11
      14.0000      365.009  3.98212e-09      2.00000  1.58096e-11
      14.0000      365.313  4.00967e-09      2.00000  1.48554e-11
      14.0000      365.617  4.01653e-09      0.00000  1.43570e-11
      14.0000      365.922  3.85783e-09      2.00000  1.50235e-11
      14.0000      366.228  3.91912e-09      2.00000  1.56286e-11
      14.0000      366.533  4.01555e-09      2.00000  1.49788e-11
      14.0000      366.838  4.01640e-09      256.000  1.45521e-11
      14.0000      367.144  3.89478e-09      258.000  1.53326e-11
      15.0000      367.144  3.78824e-09      0.00000  2.37468e-11
      14.0000      367.450  3.85703e-09      2.00000  1.55455e-11
      15.0000      367.450  3.76012e-09      2.00000  2.44473e-11
      14.0000      367.757  3.91658e-09      0.00000  1.45984e-11
      15.0000      367.757  3.78586e-09      2.00000  2.49654e-11
      14.0000      368.062  3.86683e-09      0.00000  1.43523e-11
      15.0000      368.062  3.85128e-09      2.00000  2.39558e-11
      14.0000      368.370  3.74827e-09      2.00000  1.51837e-11
      15.0000      368.370  3.69786e-09      0.00000  2.27533e-11
      14.0000      368.677  3.79669e-09      2.00000  1.57639e-11
      15.0000      368.677  3.65194e-09      0.00000  2.03365e-11
      14.0000      368.985  3.82138e-09      2.00000  1.50214e-11
      15.0000      368.985  3.70615e-09      0.00000  1.83460e-11
      14.0000      369.293  3.75297e-09      2.00000  1.50839e-11
      15.0000      369.293  3.67656e-09      0.00000  1.95292e-11
      14.0000      369.600  3.70011e-09      2.00000  1.66149e-11
      15.0000      369.600  3.58631e-09      2.00000  2.25462e-11
      14.0000      369.909  3.73014e-09      2.00000  1.68638e-11
      15.0000      369.909  3.58906e-09      2.00000  2.15622e-11
      14.0000      370.217  3.76800e-09      2.00000  1.62200e-11
      15.0000      370.217  3.63414e-09      0.00000  1.81391e-11
      14.0000      370.525  3.70599e-09      2.00000  1.63442e-11
      15.0000      370.525  3.59356e-09      0.00000  1.67385e-11
      15.0000      370.835  3.52510e-09      0.00000  1.70590e-11
      15.0000      371.143  3.55037e-09      2.00000  1.67912e-11
      15.0000      371.453  3.67621e-09      2.00000  1.77956e-11
      15.0000      371.762  3.50964e-09      2.00000  1.87071e-11
      15.0000      372.072  3.41807e-09      2.00000  1.84619e-11
      15.0000      372.383  3.44351e-09      0.00000  1.55716e-11
      15.0000      372.692  3.47339e-09      0.00000  1.36629e-11
      15.0000      373.003  3.41470e-09      0.00000  1.40994e-11
      15.0000      373.314  3.35558e-09      0.00000  1.48768e-11
      15.0000      373.626  3.43217e-09      2.00000  1.50749e-11
      15.0000      373.937  3.42643e-09      2.00000  1.57824e-11
      15.0000      374.249  3.34475e-09      0.00000  1.64026e-11
      15.0000      374.561  3.34305e-09      2.00000  1.51846e-11
      15.0000      374.873  3.37786e-09      0.00000  1.30733e-11
      15.0000      375.185  3.34721e-09      0.00000  1.22588e-11
      15.0000      375.498  3.28589e-09      0.00000  1.28234e-11
      15.0000      375.811  3.31348e-09      0.00000  1.29468e-11
      15.0000      376.125  3.37402e-09      0.00000  1.30610e-11
      15.0000      376.438  3.28713e-09      0.00000  1.42203e-11
      15.0000      376.753  3.17487e-09      0.00000  1.50699e-11
      15.0000      377.067  3.22874e-09      0.00000  1.36423e-11
      15.0000      377.381  3.30679e-09      0.00000  1.21567e-11
      15.0000      377.695  3.18602e-09      0.00000  1.18828e-11
      15.0000      378.010  3.14530e-09      0.00000  1.18777e-11
      15.0000      378.325  3.19716e-09      0.00000  1.11701e-11
      15.0000      378.640  3.20262e-09      0.00000  1.12104e-11
      15.0000      378.956  3.09583e-09      0.00000  1.22492e-11
      15.0000      379.272  3.06470e-09      0.00000  1.29473e-11
      15.0000      379.589  3.16308e-09      0.00000  1.27392e-11
      15.0000      379.905  3.07393e-09      0.00000  1.26192e-11
      15.0000      380.222  2.96366e-09      0.00000  1.27592e-11
      15.0000      380.539  3.00692e-09      0.00000  1.20565e-11
      15.0000      380.855  3.07445e-09      0.00000  1.08551e-11
      15.0000      381.173  2.99459e-09      0.00000  1.05844e-11
      15.0000      381.492  2.92417e-09      0.00000  1.07704e-11
      15.0000      381.809  2.97882e-09      0.00000  1.04861e-11
      15.0000      382.127  2.99220e-09      0.00000  9.87413e-12
      15.0000      382.446  2.90416e-09      0.00000  1.04108e-11
      15.0000      382.765  2.91151e-09      0.00000  1.10963e-11
      15.0000      383.085  2.93929e-09      0.00000  1.08768e-11
      15.0000      383.403  2.87703e-09      0.00000  1.14484e-11
      15.0000      383.723  2.78814e-09      0.00000  1.30603e-11
      15.0000      384.044  2.84290e-09      0.00000  1.36472e-11
      15.0000      384.363  2.86598e-09      0.00000  1.21018e-11
      15.0000      384.683  2.81202e-09      0.00000  1.19549e-11
      15.0000      385.005  2.75486e-09      0.00000  1.17885e-11
      15.0000      385.325  2.80634e-09      0.00000  1.08143e-11
      15.0000      385.646  2.83824e-09      0.00000  9.64592e-12
      15.0000      385.968  2.71576e-09      0.00000  9.27402e-12
      15.0000      386.290  2.64618e-09      0.00000  9.43566e-12
      15.0000      386.612  2.70226e-09      0.00000  9.11311e-12
      15.0000      386.934  2.67903e-09      0.00000  9.06970e-12
      15.0000      387.256  2.59133e-09      0.00000  9.82261e-12
      15.0000      387.580  2.60398e-09      0.00000  1.01447e-11
      15.0000      387.902  2.66156e-09      0.00000  9.77182e-12
      15.0000      388.226  2.61848e-09      0.00000  9.92868e-12
      15.0000      388.550  2.55576e-09      0.00000  1.04048e-11
      15.0000      388.874  2.59309e-09      0.00000  9.95126e-12
      15.0000      389.197  2.61859e-09      0.00000  9.55143e-12
      15.0000      389.522  2.51794e-09      0.00000  1.02182e-11
      15.0000      389.847  2.46786e-09      0.00000  1.10244e-11
      15.0000      390.172  2.52693e-09      0.00000  1.10151e-11
      15.0000      390.497  2.49736e-09      0.00000  1.13525e-11
      15.0000      390.823  2.41998e-09      0.00000  1.29830e-11
      15.0000      391.149  2.47004e-09      0.00000  1.32023e-11
      16.0000      391.149  2.39420e-09      2.00000  2.52631e-11
      15.0000      391.475  2.53062e-09      0.00000  1.23323e-11
      16.0000      391.475  2.43097e-09      0.00000  2.03990e-11
      15.0000      391.802  2.48510e-09      0.00000  1.25450e-11
      16.0000      391.802  2.41453e-09      2.00000  1.87647e-11
      15.0000      392.128  2.39766e-09      0.00000  1.32578e-11
      16.0000      392.128  2.34044e-09      2.00000  2.01243e-11
      15.0000      392.455  2.43648e-09      0.00000  1.26007e-11
      16.0000      392.455  2.35145e-09      2.00000  1.95076e-11
      15.0000      392.782  2.46211e-09      0.00000  1.18657e-11
      16.0000      392.782  2.42774e-09      0.00000  1.78688e-11
      15.0000      393.110  2.34120e-09      0.00000  1.27078e-11
      16.0000      393.110  2.32585e-09      0.00000  1.62828e-11
      15.0000      393.437  2.31775e-09      0.00000  1.40504e-11
      16.0000      393.437  2.26344e-09      0.00000  1.59336e-11
      15.0000      393.766  2.37622e-09      0.00000  1.37245e-11
      16.0000      393.766  2.32061e-09      0.00000  1.50010e-11
      15.0000      394.093  2.40017e-09      0.00000  1.40887e-11
      16.0000      394.093  2.33908e-09      0.00000  1.57950e-11
      15.0000      394.421  2.35052e-09      2.00000  1.57291e-11
      16.0000      394.421  2.27908e-09      2.00000  1.89377e-11
      15.0000      394.751  2.32346e-09      10.0000  1.74543e-11
      16.0000      394.751  2.22507e-09      2.00000  1.82827e-11
      15.0000      395.080  2.45884e-09      0.00000  1.41416e-11
      16.0000      395.080  2.27978e-09      2.00000  1.48661e-11
      15.0000      395.409  2.37673e-09      0.00000  1.41077e-11
      16.0000      395.409  2.25622e-09      0.00000  1.29778e-11
      15.0000      395.739  2.29070e-09      0.00000  1.42954e-11
      16.0000      395.739  2.20070e-09      0.00000  1.23472e-11
      15.0000      396.069  2.35133e-09      0.00000  1.33787e-11
      16.0000      396.069  2.22948e-09      0.00000  1.15953e-11
      15.0000      396.399  2.31466e-09      0.00000  1.29887e-11
      16.0000      396.399  2.23180e-09      0.00000  1.20109e-11
      16.0000      396.729  2.12032e-09      2.00000  1.46912e-11
      16.0000      397.060  2.09717e-09      2.00000  1.67883e-11
      16.0000      397.392  2.11510e-09      0.00000  1.31421e-11
      16.0000      397.722  2.15903e-09      0.00000  1.18479e-11
      16.0000      398.054  2.09976e-09      0.00000  1.16786e-11
      16.0000      398.386  2.11976e-09      0.00000  1.08338e-11
      16.0000      398.718  2.19080e-09      0.00000  1.05155e-11
      16.0000      399.050  2.08506e-09      0.00000  1.13999e-11
      16.0000      399.383  2.04573e-09      0.00000  1.22767e-11
      16.0000      399.717  2.06023e-09      0.00000  1.11202e-11
      16.0000      400.050  2.03520e-09      0.00000  1.02878e-11
      16.0000      400.383  1.97029e-09      0.00000  1.05446e-11
      16.0000      400.716  1.99434e-09      0.00000  1.03171e-11
      16.0000      401.051  2.01942e-09      0.00000  9.68022e-12
      16.0000      401.386  1.98656e-09      0.00000  1.01146e-11
      16.0000      401.719  1.96779e-09      0.00000  1.05557e-11
      16.0000      402.055  2.01047e-09      0.00000  1.02682e-11
      16.0000      402.390  1.98288e-09      0.00000  1.02949e-11
      16.0000      402.726  1.88199e-09      0.00000  1.03663e-11
      16.0000      403.062  1.90157e-09      0.00000  9.77602e-12
      16.0000      403.397  1.93031e-09      0.00000  8.85408e-12
      16.0000      403.734  1.86231e-09      0.00000  8.96999e-12
      16.0000      404.070  1.83486e-09      0.00000  9.28039e-12
      16.0000      404.406  1.89836e-09      0.00000  8.77001e-12
      16.0000      404.744  1.90101e-09      0.00000  8.69722e-12
      16.0000      405.081  1.83727e-09      0.00000  9.22497e-12
      16.0000      405.420  1.84241e-09      0.00000  9.23944e-12
      16.0000      405.757  1.87289e-09      0.00000  9.12729e-12
      16.0000      406.095  1.79163e-09      0.00000  9.86834e-12
      16.0000      406.435  1.73968e-09      0.00000  1.01989e-11
      16.0000      406.774  1.78564e-09      0.00000  9.48269e-12
      16.0000      407.111  1.78589e-09      0.00000  8.95697e-12
      16.0000      407.451  1.71885e-09      0.00000  9.08894e-12
      16.0000      407.790  1.75041e-09      0.00000  8.72963e-12
      16.0000      408.132  1.78839e-09      0.00000  7.75647e-12
      16.0000      408.472  1.72859e-09      0.00000  7.56257e-12
      16.0000      408.812  1.70316e-09      0.00000  7.63420e-12
      16.0000      409.152  1.73823e-09      0.00000  7.36244e-12
      16.0000      409.494  1.69222e-09      0.00000  7.75054e-12
      16.0000      409.834  1.63059e-09      0.00000  8.94105e-12
      16.0000      410.177  1.64933e-09      0.00000  9.32293e-12
      16.0000      410.519  1.68020e-09      0.00000  9.60338e-12
      16.0000      410.862  1.62857e-09      0.00000  1.07095e-11
      16.0000      411.203  1.62797e-09      0.00000  1.11523e-11
      16.0000      411.546  1.68102e-09      0.00000  1.00071e-11
      16.0000      411.889  1.65678e-09      0.00000  9.32409e-12
      16.0000      412.233  1.57465e-09      0.00000  9.44637e-12
      16.0000      412.577  1.58480e-09      0.00000  8.99951e-12
      16.0000      412.919  1.59381e-09      0.00000  8.35600e-12
      16.0000      413.264  1.55096e-09      0.00000  8.71198e-12
      16.0000      413.609  1.54949e-09      0.00000  9.56894e-12
      16.0000      413.954  1.59205e-09      0.00000  8.86276e-12
      16.0000      414.298  1.58895e-09      0.00000  8.48884e-12
      16.0000      414.644  1.54323e-09      0.00000  8.65771e-12
      16.0000      414.989  1.57406e-09      0.00000  8.15355e-12
      16.0000      415.336  1.56365e-09      0.00000  7.40961e-12
      17.0000      415.336  1.52648e-09      0.00000  2.08990e-11
      16.0000      415.683  1.49933e-09      0.00000  7.58847e-12
      17.0000      415.683  1.44207e-09      2.00000  2.02568e-11
      16.0000      416.029  1.48051e-09      0.00000  7.98381e-12
      17.0000      416.029  1.33621e-09      2.00000  2.05602e-11
      16.0000      416.375  1.50385e-09      0.00000  7.88657e-12
      17.0000      416.375  1.44544e-09      2.00000  2.32335e-11
      16.0000      416.722  1.46606e-09      0.00000  8.21665e-12
      17.0000      416.722  1.41375e-09      2.00000  2.17111e-11
      16.0000      417.070  1.42945e-09      0.00000  8.81038e-12
      17.0000      417.070  1.37879e-09      2.00000  2.22479e-11
      16.0000      417.418  1.49261e-09      0.00000  8.67002e-12
      17.0000      417.418  1.38933e-09      2.00000  1.88699e-11
      16.0000      417.767  1.50019e-09      0.00000  8.44890e-12
      17.0000      417.767  1.40674e-09      2.00000  1.59941e-11
      16.0000      418.114  1.46686e-09      0.00000  8.62212e-12
      17.0000      418.114  1.41390e-09      2.00000  1.66427e-11
      16.0000      418.463  1.48117e-09      0.00000  8.27916e-12
      17.0000      418.463  1.41720e-09      2.00000  1.68040e-11
      16.0000      418.811  1.48530e-09      0.00000  7.93099e-12
      17.0000      418.811  1.42912e-09      2.00000  1.56500e-11
      16.0000      419.161  1.40004e-09      0.00000  8.26744e-12
      17.0000      419.161  1.39957e-09      2.00000  1.57138e-11
      16.0000      419.511  1.37099e-09      0.00000  8.76104e-12
      17.0000      419.511  1.32696e-09      0.00000  1.42520e-11
      16.0000      419.859  1.42812e-09      0.00000  8.91341e-12
      17.0000      419.859  1.37678e-09      0.00000  1.28105e-11
      16.0000      420.210  1.38890e-09      0.00000  9.14408e-12
      17.0000      420.210  1.34679e-09      0.00000  1.27382e-11
      16.0000      420.560  1.34277e-09      0.00000  9.65793e-12
      17.0000      420.560  1.29958e-09      0.00000  1.42769e-11
      16.0000      420.911  1.37872e-09      0.00000  9.60801e-12
      17.0000      420.911  1.29408e-09      0.00000  1.43171e-11
      16.0000      421.262  1.36592e-09      0.00000  9.11977e-12
      17.0000      421.262  1.35234e-09      0.00000  1.35911e-11
      16.0000      421.614  1.30525e-09      0.00000  9.15667e-12
      17.0000      421.614  1.30623e-09      0.00000  1.28770e-11
      16.0000      421.964  1.29930e-09      0.00000  9.27591e-12
      17.0000      421.964  1.29573e-09      0.00000  1.11636e-11
      16.0000      422.317  1.31375e-09      0.00000  9.04785e-12
      17.0000      422.317  1.30958e-09      0.00000  9.58616e-12
      17.0000      422.669  1.28241e-09      0.00000  9.86154e-12
      17.0000      423.021  1.25577e-09      0.00000  1.08655e-11
      17.0000      423.374  1.27838e-09      0.00000  1.11175e-11
      17.0000      423.727  1.25561e-09      0.00000  1.19688e-11
      17.0000      424.079  1.22585e-09      0.00000  1.24423e-11
      17.0000      424.434  1.22549e-09      0.00000  1.05641e-11
      17.0000      424.787  1.26655e-09      0.00000  8.86812e-12
      17.0000      425.141  1.22560e-09      0.00000  8.60258e-12
      17.0000      425.496  1.19944e-09      0.00000  8.44543e-12
      17.0000      425.851  1.22506e-09      0.00000  8.23806e-12
      17.0000      426.205  1.17525e-09      0.00000  9.16260e-12
      17.0000      426.561  1.16517e-09      0.00000  1.04135e-11
      17.0000      426.916  1.18643e-09      0.00000  1.03084e-11
      17.0000      427.272  1.18899e-09      0.00000  9.69194e-12
      17.0000      427.628  1.14965e-09      0.00000  9.19950e-12
      17.0000      427.985  1.15618e-09      0.00000  8.14227e-12
      17.0000      428.343  1.17381e-09      0.00000  7.09487e-12
      17.0000      428.699  1.12677e-09      0.00000  7.15840e-12
      17.0000      429.056  1.11591e-09      0.00000  7.25868e-12
      17.0000      429.415  1.11922e-09      0.00000  7.12048e-12
      17.0000      429.771  1.10284e-09      0.00000  7.84648e-12
      17.0000      430.130  1.07993e-09      0.00000  8.63225e-12
      17.0000      430.489  1.12637e-09      0.00000  8.57103e-12
      17.0000      430.847  1.12964e-09      0.00000  8.60895e-12
      17.0000      431.207  1.07306e-09      0.00000  8.90299e-12
      17.0000      431.566  1.08178e-09      0.00000  7.85299e-12
      17.0000      431.926  1.08684e-09      0.00000  6.93381e-12
      17.0000      432.287  1.04772e-09      0.00000  6.88808e-12
      17.0000      432.646  1.04156e-09      0.00000  6.84901e-12
      17.0000      433.007  1.04817e-09      0.00000  6.40288e-12
      17.0000      433.368  1.03251e-09      0.00000  6.44210e-12
      17.0000      433.730  1.02264e-09      0.00000  6.54281e-12
      17.0000      434.092  1.03669e-09      0.00000  6.29174e-12
      17.0000      434.452  1.01631e-09      0.00000  6.38566e-12
      17.0000      434.815  9.96625e-10      0.00000  6.84250e-12
      17.0000      435.178  1.01936e-09      0.00000  6.79894e-12
      17.0000      435.540  9.98010e-10      0.00000  7.02194e-12
      17.0000      435.905  9.71341e-10      0.00000  7.95458e-12
      17.0000      436.268  9.82340e-10      0.00000  8.20652e-12
      17.0000      436.630  1.00557e-09      0.00000  8.03822e-12
      17.0000      436.994  9.54425e-10      0.00000  8.12345e-12
      17.0000      437.359  9.42508e-10      0.00000  8.47741e-12
      17.0000      437.723  9.76615e-10      0.00000  6.97476e-12
      17.0000      438.089  9.33664e-10      0.00000  6.89778e-12
      17.0000      438.454  9.13116e-10      0.00000  6.94843e-12
      17.0000      438.820  9.39016e-10      0.00000  6.53948e-12
      17.0000      439.186  9.28634e-10      0.00000  6.50316e-12
      17.0000      439.551  9.00851e-10      0.00000  6.64063e-12
      18.0000      439.551  8.72212e-10      0.00000  2.59668e-11
      17.0000      439.918  9.19850e-10      0.00000  6.38436e-12
      18.0000      439.918  9.33104e-10      0.00000  2.20236e-11
      17.0000      440.284  9.22882e-10      0.00000  6.07150e-12
      18.0000      440.284  9.53084e-10      0.00000  2.15101e-11
      17.0000      440.651  8.89943e-10      0.00000  6.16990e-12
      18.0000      440.651  9.89914e-10      0.00000  2.49933e-11
      17.0000      441.018  8.90681e-10      0.00000  6.05688e-12
      18.0000      441.018  8.97166e-10      0.00000  2.17484e-11
      17.0000      441.386  8.90895e-10      0.00000  6.15832e-12
      18.0000      441.386  8.93009e-10      2.00000  1.73250e-11
      17.0000      441.755  8.69876e-10      0.00000  6.52660e-12
      18.0000      441.755  8.82216e-10      2.00000  1.68797e-11
      17.0000      442.124  8.76798e-10      0.00000  6.41677e-12
      18.0000      442.124  8.36611e-10      2.00000  1.59863e-11
      17.0000      442.492  8.78746e-10      0.00000  6.38899e-12
      18.0000      442.492  8.66129e-10      2.00000  1.52632e-11
      17.0000      442.860  8.53206e-10      0.00000  6.50316e-12
      18.0000      442.860  8.47985e-10      2.00000  1.71266e-11
      17.0000      443.229  8.65142e-10      0.00000  6.46583e-12
      18.0000      443.229  8.22520e-10      2.00000  1.64219e-11
      17.0000      443.599  8.78244e-10      0.00000  6.22185e-12
      18.0000      443.599  8.47237e-10      0.00000  1.32318e-11
      17.0000      443.969  8.52037e-10      0.00000  6.31924e-12
      18.0000      443.969  8.10141e-10      0.00000  1.16309e-11
      17.0000      444.340  8.39848e-10      0.00000  6.49028e-12
      18.0000      444.340  7.96395e-10      0.00000  1.11649e-11
      17.0000      444.709  8.47911e-10      0.00000  6.42488e-12
      18.0000      444.709  8.00311e-10      0.00000  1.05893e-11
      17.0000      445.079  8.15136e-10      0.00000  6.66523e-12
      18.0000      445.079  8.04533e-10      0.00000  1.14611e-11
      17.0000      445.452  7.95799e-10      0.00000  7.12092e-12
      18.0000      445.452  7.69908e-10      0.00000  1.32529e-11
      17.0000      445.824  8.28391e-10      0.00000  7.08199e-12
      18.0000      445.824  7.78103e-10      0.00000  1.22067e-11
      17.0000      446.194  8.22139e-10      0.00000  6.96073e-12
      18.0000      446.194  7.99170e-10      0.00000  1.02715e-11
      17.0000      446.566  7.89832e-10      0.00000  7.10471e-12
      18.0000      446.566  7.65126e-10      0.00000  9.49210e-12
      17.0000      446.939  8.05237e-10      0.00000  7.15493e-12
      18.0000      446.939  7.86220e-10      0.00000  8.42242e-12
      17.0000      447.311  8.15612e-10      0.00000  7.05406e-12
      18.0000      447.311  7.82086e-10      0.00000  8.07136e-12
      17.0000      447.684  7.85478e-10      0.00000  7.29920e-12
      18.0000      447.684  7.66550e-10      0.00000  8.94149e-12
      17.0000      448.057  7.94070e-10      0.00000  7.58919e-12
      18.0000      448.057  7.74224e-10      0.00000  9.33726e-12
      17.0000      448.431  8.03616e-10      0.00000  7.83751e-12
      18.0000      448.431  7.60893e-10      0.00000  9.70381e-12
      18.0000      448.805  7.40355e-10      0.00000  9.81697e-12
      18.0000      449.180  7.31852e-10      0.00000  8.46381e-12
      18.0000      449.553  7.37656e-10      0.00000  7.14972e-12
      18.0000      449.928  7.36746e-10      0.00000  6.71270e-12
      18.0000      450.302  7.27245e-10      0.00000  6.50866e-12
      18.0000      450.678  7.34854e-10      0.00000  6.69765e-12
      18.0000      451.054  7.11303e-10      0.00000  7.33292e-12
      18.0000      451.431  6.92331e-10      0.00000  8.17555e-12
      18.0000      451.806  7.19399e-10      0.00000  8.51127e-12
      18.0000      452.184  7.08755e-10      0.00000  8.13199e-12
      18.0000      452.560  6.86468e-10      0.00000  7.61264e-12
      18.0000      452.938  7.10849e-10      0.00000  6.33617e-12
      18.0000      453.315  6.86065e-10      0.00000  5.85791e-12
      18.0000      453.694  6.67161e-10      0.00000  5.87571e-12
      18.0000      454.071  6.81390e-10      0.00000  5.75300e-12
      18.0000      454.450  6.73116e-10      0.00000  6.16628e-12
      18.0000      454.829  6.48498e-10      0.00000  6.95508e-12
      18.0000      455.208  6.56191e-10      0.00000  6.91732e-12
      18.0000      455.587  6.68282e-10      0.00000  7.08836e-12
      18.0000      455.967  6.36989e-10      0.00000  7.69280e-12
      18.0000      456.348  6.60085e-10      0.00000  6.86276e-12
      18.0000      456.727  6.58491e-10      0.00000  6.06282e-12
      18.0000      457.109  6.29918e-10      0.00000  6.13112e-12
      18.0000      457.490  6.34385e-10      0.00000  6.10724e-12
      18.0000      457.871  6.50103e-10      0.00000  5.81812e-12
      18.0000      458.253  6.16080e-10      0.00000  6.00710e-12
      18.0000      458.636  6.18755e-10      0.00000  5.85661e-12
      18.0000      459.017  6.32430e-10      0.00000  5.35722e-12
      18.0000      459.400  6.14987e-10      0.00000  5.39123e-12
      18.0000      459.783  6.06276e-10      0.00000  5.24753e-12
      18.0000      460.166  6.18405e-10      0.00000  5.19095e-12
      18.0000      460.549  5.84378e-10      0.00000  5.91941e-12
      18.0000      460.934  5.77509e-10      0.00000  6.61560e-12
      18.0000      461.318  5.94706e-10      0.00000  8.05081e-12
      18.0000      461.702  5.56877e-10      0.00000  7.77225e-12
      18.0000      462.088  5.63599e-10      0.00000  7.67573e-12
      18.0000      462.473  5.98861e-10      0.00000  6.87000e-12
      18.0000      462.858  5.86500e-10      0.00000  6.45772e-12
      18.0000      463.244  5.50254e-10      0.00000  6.44542e-12
      18.0000      463.631  5.64192e-10      0.00000  6.06933e-12
      19.0000      463.631  4.95808e-10      258.000  3.53239e-11
      18.0000      464.018  5.45101e-10      0.00000  6.03836e-12
      19.0000      464.018  5.39321e-10      0.00000  3.56143e-11
      18.0000      464.403  5.39240e-10      0.00000  6.67869e-12
      19.0000      464.403  4.84110e-10      0.00000  3.29362e-11
      18.0000      464.792  5.46908e-10      0.00000  6.44977e-12
      19.0000      464.792  5.21834e-10      0.00000  2.81503e-11
      18.0000      465.179  5.49875e-10      0.00000  6.19768e-12
      19.0000      465.179  5.28069e-10      1.00000  2.64352e-11
      18.0000      465.567  5.49604e-10      0.00000  6.07208e-12
      19.0000      465.567  5.27330e-10      1.00000  2.59168e-11
      18.0000      465.955  5.52352e-10      0.00000  5.60829e-12
      19.0000      465.955  5.67293e-10      0.00000  2.31223e-11
      18.0000      466.342  5.39476e-10      0.00000  5.58383e-12
      19.0000      466.342  5.16893e-10      0.00000  2.05363e-11
      18.0000      466.731  5.30399e-10      0.00000  5.33074e-12
      19.0000      466.731  5.38841e-10      0.00000  1.86223e-11
      18.0000      467.122  5.26891e-10      0.00000  5.54187e-12
      19.0000      467.122  5.54228e-10      0.00000  1.60301e-11
      18.0000      467.510  5.18530e-10      0.00000  5.88208e-12
      19.0000      467.510  5.46472e-10      0.00000  1.62301e-11
      18.0000      467.900  5.12441e-10      0.00000  6.43819e-12
      19.0000      467.900  5.23420e-10      2.00000  1.85560e-11
      18.0000      468.290  5.27970e-10      0.00000  6.45989e-12
      19.0000      468.290  7.44103e-10      2.00000  1.99611e-11
      18.0000      468.680  5.22819e-10      0.00000  6.23314e-12
      19.0000      468.680  5.30121e-10      2.00000  1.83404e-11
      18.0000      469.072  5.11325e-10      0.00000  6.07092e-12
      19.0000      469.072  5.09921e-10      2.00000  1.65381e-11
      18.0000      469.462  5.14580e-10      0.00000  5.71841e-12
      19.0000      469.462  5.19174e-10      0.00000  1.23447e-11
      18.0000      469.854  4.94233e-10      0.00000  5.72449e-12
      19.0000      469.854  5.24808e-10      0.00000  1.13351e-11
      18.0000      470.245  4.78247e-10      0.00000  6.22388e-12
      19.0000      470.245  5.13915e-10      0.00000  1.18886e-11
      18.0000      470.637  4.92416e-10      0.00000  6.65019e-12
      19.0000      470.637  5.17790e-10      0.00000  1.22363e-11
      18.0000      471.029  4.78926e-10      0.00000  7.24117e-12
      19.0000      471.029  5.08376e-10      0.00000  1.39202e-11
      18.0000      471.422  4.70729e-10      0.00000  7.86689e-12
      19.0000      471.422  4.66097e-10      2.00000  1.56652e-11
      18.0000      471.816  5.00865e-10      0.00000  7.74302e-12
      19.0000      471.816  4.80166e-10      0.00000  1.32639e-11
      18.0000      472.208  5.01285e-10      0.00000  7.40628e-12
      19.0000      472.208  5.00204e-10      0.00000  1.07065e-11
      18.0000      472.603  4.78002e-10      0.00000  7.34406e-12
      19.0000      472.603  4.81705e-10      0.00000  9.72103e-12
      18.0000      472.997  4.74100e-10      0.00000  7.04032e-12
      19.0000      472.997  4.75869e-10      0.00000  8.52140e-12
      18.0000      473.391  4.66762e-10      0.00000  7.26982e-12
      19.0000      473.391  4.64204e-10      0.00000  8.67609e-12
      18.0000      473.785  4.37302e-10      0.00000  8.37684e-12
      19.0000      473.785  4.52453e-10      0.00000  1.02644e-11
      18.0000      474.181  4.33891e-10      0.00000  9.21701e-12
      19.0000      474.181  4.60081e-10      0.00000  1.09551e-11
      18.0000      474.577  4.25766e-10      0.00000  9.81986e-12
      19.0000      474.577  4.50719e-10      0.00000  1.18977e-11
      19.0000      474.971  4.32554e-10      0.00000  1.20271e-11
      19.0000      475.367  4.54584e-10      0.00000  9.44275e-12
      19.0000      475.765  4.45649e-10      0.00000  7.81016e-12
      19.0000      476.161  4.42192e-10      0.00000  7.47314e-12
      19.0000      476.558  4.47280e-10      0.00000  7.15883e-12
      19.0000      476.954  4.32582e-10      0.00000  7.58109e-12
      19.0000      477.352  4.17537e-10      0.00000  8.63514e-12
      19.0000      477.751  4.29372e-10      0.00000  9.10703e-12
      19.0000      478.149  4.22904e-10      0.00000  1.04405e-11
      19.0000      478.547  4.17145e-10      0.00000  9.23394e-12
      19.0000      478.946  4.35266e-10      0.00000  7.99322e-12
      19.0000      479.345  4.31774e-10      0.00000  7.04104e-12
      19.0000      479.745  3.99785e-10      0.00000  6.95407e-12
      19.0000      480.146  3.97540e-10      0.00000  7.68224e-12
      19.0000      480.545  3.90878e-10      0.00000  7.84663e-12
      19.0000      480.945  3.93189e-10      0.00000  7.81609e-12
      19.0000      481.348  3.87022e-10      0.00000  7.33610e-12
      19.0000      481.749  3.77973e-10      0.00000  6.87159e-12
      19.0000      482.151  3.90118e-10      0.00000  6.88693e-12
      19.0000      482.551  3.96073e-10      0.00000  5.98974e-12
      19.0000      482.954  3.80226e-10      0.00000  6.56032e-12
      19.0000      483.356  3.83765e-10      0.00000  7.39210e-12
      19.0000      483.760  3.95692e-10      0.00000  7.85343e-12
      19.0000      484.163  3.59824e-10      0.00000  7.94778e-12
      19.0000      484.567  3.68256e-10      0.00000  7.38747e-12
      19.0000      484.971  3.78812e-10      0.00000  6.44383e-12
      19.0000      485.376  3.71747e-10      0.00000  5.96253e-12
      19.0000      485.779  3.67599e-10      0.00000  5.57848e-12
      19.0000      486.185  3.61092e-10      0.00000  5.36084e-12
      19.0000      486.590  3.55302e-10      0.00000  5.57573e-12
      19.0000      486.995  3.51502e-10      0.00000  5.80611e-12
      19.0000      487.401  3.55221e-10      0.00000  5.89322e-12
      19.0000      487.807  3.59524e-10      0.00000  5.85762e-12
      19.0000      488.215  3.58612e-10      0.00000  5.52306e-12
      20.0000      488.215  1.81861e-10      259.000  6.11701e-11
      19.0000      488.622  3.51443e-10      0.00000  5.24478e-12
      20.0000      488.622  1.80908e-10      258.000  5.41634e-11
      19.0000      489.029  3.43523e-10      0.00000  5.32886e-12
      20.0000      489.029  3.28564e-10      2.00000  4.39399e-11
      19.0000      489.436  3.43359e-10      0.00000  5.43247e-12
      20.0000      489.436  3.30318e-10      2.00000  3.53626e-11
      19.0000      489.845  3.32680e-10      0.00000  5.92954e-12
      20.0000      489.845  3.42296e-10      0.00000  3.21313e-11
      19.0000      490.254  3.24721e-10      0.00000  6.49376e-12
      20.0000      490.254  2.74762e-10      2.00000  3.39873e-11
      19.0000      490.663  3.34149e-10      0.00000  6.59404e-12
      20.0000      490.663  3.21811e-10      2.00000  3.37943e-11
      19.0000      491.070  3.30398e-10      0.00000  7.03742e-12
      20.0000      491.070  2.95596e-10      256.000  3.47446e-11
      19.0000      491.480  3.27927e-10      0.00000  6.77955e-12
      20.0000      491.480  2.93909e-10      258.000  3.06586e-11
      19.0000      491.889  3.28206e-10      0.00000  6.30853e-12
      20.0000      491.889  3.29696e-10      2.00000  2.21000e-11
      19.0000      492.300  3.24026e-10      0.00000  6.60359e-12
      20.0000      492.300  2.99244e-10      2.00000  1.96749e-11
      19.0000      492.710  3.20068e-10      0.00000  6.91847e-12
      20.0000      492.710  3.17270e-10      0.00000  1.86155e-11
      19.0000      493.121  3.18265e-10      0.00000  7.31150e-12
      20.0000      493.121  3.15312e-10      0.00000  1.87126e-11
      19.0000      493.532  3.12054e-10      0.00000  8.92398e-12
      20.0000      493.532  3.23142e-10      2.00000  2.13366e-11
      19.0000      493.944  3.12743e-10      0.00000  8.59317e-12
      20.0000      493.944  2.87630e-10      2.00000  2.13587e-11
      19.0000      494.354  3.22873e-10      0.00000  8.16860e-12
      20.0000      494.354  2.84630e-10      2.00000  1.84472e-11
      19.0000      494.768  3.01396e-10      0.00000  8.28611e-12
      20.0000      494.768  2.68443e-10      2.00000  1.60456e-11
      19.0000      495.179  3.01782e-10      0.00000  7.93345e-12
      20.0000      495.179  2.82583e-10      0.00000  1.28568e-11
      19.0000      495.592  2.91202e-10      0.00000  7.85242e-12
      20.0000      495.592  2.94085e-10      0.00000  1.16805e-11
      19.0000      496.005  2.78696e-10      0.00000  8.51937e-12
      20.0000      496.005  2.87839e-10      0.00000  1.27664e-11
      19.0000      496.418  2.72906e-10      0.00000  9.14509e-12
      20.0000      496.418  2.93069e-10      0.00000  1.33363e-11
      19.0000      496.833  2.72101e-10      0.00000  9.46272e-12
      20.0000      496.833  2.80605e-10      0.00000  1.40116e-11
      19.0000      497.248  2.66403e-10      0.00000  1.01481e-11
      20.0000      497.248  2.74863e-10      0.00000  1.37702e-11
      19.0000      497.661  2.96261e-10      0.00000  9.73173e-12
      20.0000      497.661  2.87562e-10      0.00000  1.14118e-11
      19.0000      498.077  2.86712e-10      0.00000  9.26462e-12
      20.0000      498.077  2.96756e-10      0.00000  9.53898e-12
      19.0000      498.492  2.86205e-10      0.00000  9.66242e-12
      20.0000      498.492  2.84266e-10      0.00000  8.91674e-12
      19.0000      498.907  2.88445e-10      0.00000  9.11094e-12
      20.0000      498.907  2.98608e-10      0.00000  8.22345e-12
      19.0000      499.323  2.77090e-10      0.00000  9.58587e-12
      20.0000      499.323  3.03889e-10      0.00000  9.39312e-12
      19.0000      499.740  2.66536e-10      0.00000  1.05595e-11
      20.0000      499.740  2.91903e-10      0.00000  9.93273e-12
      19.0000      500.158  2.55911e-10      0.00000  1.04282e-11
      20.0000      500.158  3.00638e-10      0.00000  9.98642e-12
      19.0000      500.573  2.48635e-10      0.00000  1.07920e-11
      20.0000      500.573  2.92395e-10      0.00000  1.02569e-11
      19.0000      500.992  2.48837e-10      0.00000  1.04949e-11
      20.0000      500.992  2.84753e-10      0.00000  9.22309e-12
      20.0000      501.409  2.95413e-10      0.00000  7.79367e-12
      20.0000      501.827  2.85923e-10      0.00000  7.16115e-12
      20.0000      502.245  2.75782e-10      0.00000  6.92180e-12
      20.0000      502.664  2.78904e-10      0.00000  6.70054e-12
      20.0000      503.081  2.61334e-10      0.00000  6.91717e-12
      20.0000      503.502  2.72056e-10      0.00000  7.05884e-12
      20.0000      503.921  2.72383e-10      0.00000  6.98214e-12
      20.0000      504.342  2.70231e-10      0.00000  7.12873e-12
      20.0000      504.762  2.51095e-10      0.00000  7.16708e-12
      20.0000      505.183  2.54726e-10      0.00000  7.11962e-12
      20.0000      505.605  2.54387e-10      0.00000  6.76696e-12
      20.0000      506.027  2.53865e-10      0.00000  6.49477e-12
      20.0000      506.447  2.51221e-10      0.00000  6.16339e-12
      20.0000      506.871  2.50782e-10      0.00000  5.79988e-12
      20.0000      507.292  2.42788e-10      0.00000  5.26186e-12
      20.0000      507.715  2.43474e-10      0.00000  5.01398e-12
      20.0000      508.138  2.40220e-10      0.00000  4.95566e-12
      20.0000      508.562  2.34247e-10      0.00000  5.18965e-12
      20.0000      508.986  2.40747e-10      0.00000  5.50164e-12
      20.0000      509.411  2.41650e-10      0.00000  5.94850e-12
      20.0000      509.835  2.31180e-10      0.00000  6.20304e-12
      20.0000      510.261  2.31680e-10      0.00000  6.18495e-12
      20.0000      510.686  2.39400e-10      0.00000  6.00088e-12
      20.0000      511.112  2.34189e-10      0.00000  6.10869e-12
      20.0000      511.538  2.20659e-10      0.00000  6.07627e-12
      20.0000      511.965  2.16272e-10      0.00000  6.14125e-12
      20.0000      512.392  2.16982e-10      0.00000  6.11100e-12
      20.0000      512.818  2.17498e-10      0.00000  5.91232e-12
      20.0000      513.244  2.23604e-10      0.00000  5.63130e-12
      20.0000      513.674  2.23338e-10      0.00000  5.24811e-12
      20.0000      514.102  2.19868e-10      0.00000  5.12757e-12
      20.0000      514.530  2.05510e-10      0.00000  5.17561e-12
      20.0000      514.960  2.06277e-10      0.00000  5.51843e-12
      20.0000      515.390  2.04180e-10      0.00000  6.27409e-12
      20.0000      515.818  2.07045e-10      0.00000  6.78766e-12
      20.0000      516.249  2.06853e-10      0.00000  7.34695e-12
      20.0000      516.678  5.23105e-10      0.00000  8.14993e-12
      20.0000      517.109  5.18311e-10      0.00000  8.19711e-12
      20.0000      517.539  2.04821e-10      0.00000  9.03511e-12
      20.0000      517.971  2.30960e-10      0.00000  1.05508e-11
      20.0000      518.403  1.87685e-10      0.00000  1.24768e-11
      20.0000      518.836  1.60983e-10      0.00000  1.59132e-11
      20.0000      519.267  1.56578e-10      2.00000  1.75666e-11
      20.0000      519.702  1.38099e-10      2.00000  1.82612e-11
      20.0000      520.134  1.62045e-10      2.00000  2.07006e-11
      20.0000      520.568  1.56093e-10      2.00000  2.01122e-11
      20.0000      521.002  1.69880e-10      0.00000  2.22847e-11
      20.0000      521.436  1.42042e-10      0.00000  2.96539e-11
      20.0000      521.872  1.33351e-10      0.00000  3.29478e-11
      20.0000      522.308  6.01551e-11      0.00000  4.04742e-11
      20.0000      522.742  9.71366e-11      0.00000  4.50815e-11
      20.0000      523.177  3.59174e-11      0.00000  4.16136e-11
      20.0000      523.615 -2.16241e-10      2.00000  4.55346e-11
      20.0000      524.051  7.30318e-12      2.00000  4.87371e-11
      20.0000      524.488  9.09718e-11      0.00000  4.81312e-11
      20.0000      524.923 -6.53749e-12      0.00000  6.15309e-11
      20.0000      525.362 -7.19651e-11      1.00000  7.60314e-11
      20.0000      525.801 -8.16996e-11      3.00000  7.92227e-11
      20.0000      526.238 -9.80181e-11      3.00000  8.79820e-11
      20.0000      526.676 -1.26803e-10      2.00000  8.15119e-11
