      11.0000      271.534  2.67798e-08      258.000  1.87939e-10
      11.0000      271.761  2.91019e-08      258.000  3.52637e-10
      11.0000      271.987  2.66922e-08      0.00000  1.86010e-10
      11.0000      272.214  2.18955e-08      0.00000  1.51422e-10
      11.0000      272.441  3.09102e-08      256.000  2.41812e-10
      11.0000      272.668  2.52003e-08      258.000  3.17027e-10
      11.0000      272.895  3.20001e-08      258.000  3.49884e-10
      11.0000      273.123  2.83546e-08      258.000  2.03667e-10
      11.0000      273.350  2.86348e-08      258.000  4.94148e-10
      11.0000      273.578  2.34738e-08      258.000  1.47571e-10
      11.0000      273.806  3.32831e-08      258.000  4.10252e-10
      11.0000      274.035  2.94121e-08      258.000  2.00167e-10
      11.0000      274.263  2.49753e-08      256.000  1.60529e-10
      11.0000      274.492  2.51645e-08      0.00000  1.46356e-10
      11.0000      274.721  2.41319e-08      0.00000  1.28798e-10
      11.0000      274.950  2.33343e-08      2.00000  1.35126e-10
      11.0000      275.179  2.82835e-08      2.00000  1.65702e-10
      11.0000      275.409  2.76319e-08      256.000  1.61842e-10
      11.0000      275.638  2.38549e-08      258.000  1.48961e-10
      11.0000      275.867  2.46407e-08      258.000  1.41537e-10
      11.0000      276.097  2.61110e-08      256.000  1.60249e-10
      11.0000      276.328  2.32181e-08      256.000  1.27448e-10
      11.0000      276.558  2.38485e-08      258.000  1.40156e-10
      11.0000      276.789  2.09749e-08      2.00000  1.05407e-10
      11.0000      277.020  2.18651e-08      258.000  1.31470e-10
      11.0000      277.250  2.12935e-08      258.000  1.11313e-10
      11.0000      277.482  2.04993e-08      2.00000  1.06732e-10
      11.0000      277.713  2.06716e-08      2.00000  1.02971e-10
      11.0000      277.945  2.12964e-08      0.00000  1.03211e-10
      11.0000      278.177  2.09103e-08      0.00000  1.08646e-10
      11.0000      278.408  2.19135e-08      0.00000  1.24238e-10
      11.0000      278.640  2.19809e-08      2.00000  1.35545e-10
      11.0000      278.872  2.32939e-08      2.00000  1.42208e-10
      11.0000      279.105  2.36770e-08      2.00000  1.34801e-10
      11.0000      279.337  2.35433e-08      0.00000  1.31940e-10
      11.0000      279.571  2.15082e-08      2.00000  1.06914e-10
      11.0000      279.804  2.16072e-08      2.00000  1.08513e-10
      11.0000      280.037  1.94757e-08      0.00000  8.84625e-11
      11.0000      280.271  2.05283e-08      2.00000  8.77850e-11
      11.0000      280.504  2.10468e-08      2.00000  8.84837e-11
      11.0000      280.738  2.14924e-08      2.00000  9.90647e-11
      11.0000      280.971  1.93062e-08      2.00000  8.88920e-11
      11.0000      281.206  2.07736e-08      2.00000  9.25486e-11
      11.0000      281.440  2.13369e-08      2.00000  9.22837e-11
      11.0000      281.675  1.85410e-08      0.00000  7.75912e-11
      11.0000      281.910  1.83684e-08      256.000  7.91243e-11
      11.0000      282.145  1.98504e-08      258.000  8.41817e-11
      11.0000      282.381  1.89304e-08      2.00000  8.24537e-11
      11.0000      282.616  1.93240e-08      0.00000  8.26616e-11
      11.0000      282.851  1.96743e-08      0.00000  8.78177e-11
      11.0000      283.087  1.84329e-08      258.000  8.20016e-11
      11.0000      283.323  1.72216e-08      258.000  7.90655e-11
      11.0000      283.559  1.84953e-08      2.00000  8.61325e-11
      11.0000      283.796  1.84587e-08      2.00000  8.20110e-11
      11.0000      284.032  1.83662e-08      2.00000  7.99361e-11
      11.0000      284.269  1.78720e-08      0.00000  7.68401e-11
      11.0000      284.506  1.84678e-08      0.00000  7.82317e-11
      11.0000      284.743  1.71979e-08      0.00000  7.22841e-11
      11.0000      284.981  1.59301e-08      0.00000  6.20438e-11
      11.0000      285.218  1.75835e-08      2.00000  6.94500e-11
      11.0000      285.456  1.79568e-08      2.00000  7.18339e-11
      11.0000      285.694  1.71391e-08      256.000  7.21172e-11
      11.0000      285.932  1.56709e-08      256.000  6.72811e-11
      11.0000      286.171  1.59896e-08      2.00000  6.62140e-11
      11.0000      286.409  1.73983e-08      258.000  7.29620e-11
      11.0000      286.648  1.69487e-08      256.000  7.34054e-11
      11.0000      286.887  1.61104e-08      2.00000  7.29839e-11
      11.0000      287.126  1.55232e-08      2.00000  6.98242e-11
      11.0000      287.365  1.54644e-08      0.00000  6.79088e-11
      11.0000      287.605  1.47768e-08      0.00000  6.52187e-11
      11.0000      287.844  1.69179e-08      0.00000  7.81515e-11
      11.0000      288.085  1.69141e-08      0.00000  7.95180e-11
      11.0000      288.325  1.62279e-08      0.00000  7.79311e-11
      11.0000      288.565  1.55559e-08      0.00000  7.35404e-11
      11.0000      288.806  1.54507e-08      0.00000  7.41308e-11
      11.0000      289.047  1.50613e-08      0.00000  7.60536e-11
      11.0000      289.287  1.55034e-08      0.00000  8.01006e-11
      11.0000      289.529  1.48077e-08      2.00000  7.35770e-11
      11.0000      289.770  1.51443e-08      2.00000  7.55504e-11
      11.0000      290.011  1.47647e-08      258.000  7.40471e-11
      11.0000      290.254  1.42765e-08      0.00000  7.05431e-11
      11.0000      290.495  1.53082e-08      0.00000  7.67689e-11
      11.0000      290.737  1.44941e-08      2.00000  6.97750e-11
      11.0000      290.980  1.41882e-08      2.00000  6.46525e-11
      11.0000      291.223  1.43971e-08      2.00000  6.65961e-11
      11.0000      291.465  1.39366e-08      0.00000  6.68641e-11
      11.0000      291.708  1.42522e-08      2.00000  6.90250e-11
      11.0000      291.951  1.47460e-08      258.000  7.32588e-11
      11.0000      292.195  1.49477e-08      258.000  7.37018e-11
      11.0000      292.439  1.50605e-08      256.000  7.96404e-11
      11.0000      292.683  1.36585e-08      0.00000  7.53406e-11
      11.0000      292.926  1.28902e-08      2.00000  7.08743e-11
      11.0000      293.171  1.39195e-08      2.00000  7.71205e-11
      12.0000      295.377  1.54125e-08      256.000  8.31495e-11
      12.0000      295.624  1.42552e-08      258.000  7.54360e-11
      12.0000      295.870  1.38542e-08      2.00000  7.74216e-11
      12.0000      296.117  1.34890e-08      2.00000  7.29577e-11
      12.0000      296.364  1.37013e-08      2.00000  7.13668e-11
      12.0000      296.611  1.29906e-08      0.00000  6.62787e-11
      12.0000      296.858  1.27447e-08      0.00000  6.64726e-11
      12.0000      297.105  1.30909e-08      2.00000  7.01350e-11
      12.0000      297.354  1.25260e-08      2.00000  6.32550e-11
      12.0000      297.601  1.31165e-08      0.00000  6.24457e-11
      12.0000      297.850  1.25447e-08      0.00000  5.36391e-11
      12.0000      298.097  1.16317e-08      2.00000  4.69290e-11
      12.0000      298.346  1.25805e-08      2.00000  5.61249e-11
      12.0000      298.595  1.26673e-08      2.00000  5.90100e-11
      12.0000      298.844  1.21906e-08      0.00000  5.60571e-11
      12.0000      299.093  1.20963e-08      2.00000  5.07015e-11
      12.0000      299.342  1.19308e-08      2.00000  4.75854e-11
      12.0000      299.592  1.14806e-08      2.00000  4.66863e-11
      12.0000      299.842  1.13195e-08      0.00000  4.80605e-11
      12.0000      300.091  1.14798e-08      0.00000  5.17613e-11
      12.0000      300.342  1.12740e-08      2.00000  4.94392e-11
      12.0000      300.592  1.12049e-08      2.00000  4.75437e-11
      12.0000      300.843  1.08726e-08      2.00000  4.38949e-11
      12.0000      301.093  1.10976e-08      258.000  6.34322e-11
      12.0000      301.345  1.14662e-08      258.000  3.50614e-10
      12.0000      301.595  1.14679e-08      2.00000  4.18402e-11
      12.0000      301.848  1.12704e-08      2.00000  4.15033e-11
      12.0000      302.099  1.11486e-08      2.00000  4.47406e-11
      12.0000      302.350  1.09965e-08      2.00000  4.49601e-11
      12.0000      302.603  1.04706e-08      0.00000  4.04331e-11
      12.0000      302.855  1.07487e-08      0.00000  3.75149e-11
      12.0000      303.107  1.11577e-08      0.00000  3.87886e-11
      12.0000      303.360  1.06233e-08      2.00000  3.81360e-11
      12.0000      303.614  1.03666e-08      2.00000  3.73762e-11
      12.0000      303.866  1.06571e-08      0.00000  3.89301e-11
      12.0000      304.120  1.07825e-08      0.00000  4.02488e-11
      12.0000      304.373  1.05541e-08      0.00000  4.06207e-11
      12.0000      304.627  1.02270e-08      2.00000  3.96676e-11
      12.0000      304.881  1.02305e-08      2.00000  3.62867e-11
      12.0000      305.135  1.01122e-08      2.00000  3.22880e-11
      12.0000      305.389  1.01728e-08      2.00000  3.17610e-11
      12.0000      305.644  9.86728e-09      2.00000  3.20292e-11
      12.0000      305.899  9.87003e-09      2.00000  3.35071e-11
      12.0000      306.154  9.84764e-09      2.00000  3.30726e-11
      12.0000      306.409  1.00013e-08      0.00000  3.53597e-11
      12.0000      306.665  9.76607e-09      0.00000  3.76787e-11
      12.0000      306.921  9.61821e-09      2.00000  3.95949e-11
      12.0000      307.176  9.99855e-09      2.00000  3.99021e-11
      12.0000      307.432  9.61412e-09      2.00000  3.51828e-11
      12.0000      307.689  9.43064e-09      2.00000  3.20737e-11
      12.0000      307.945  9.59325e-09      256.000  3.18658e-11
      12.0000      308.202  9.95020e-09      256.000  3.39231e-11
      12.0000      308.458  1.05163e-08      2.00000  3.16066e-11
      12.0000      308.715  1.01526e-08      2.00000  2.88954e-11
      12.0000      308.973  9.55040e-09      0.00000  2.84229e-11
      12.0000      309.231  9.43055e-09      2.00000  3.06339e-11
      12.0000      309.488  9.27865e-09      2.00000  3.13856e-11
      12.0000      309.746  9.39557e-09      0.00000  3.21972e-11
      12.0000      310.004  9.21980e-09      0.00000  3.28508e-11
      12.0000      310.263  8.83464e-09      0.00000  3.38154e-11
      12.0000      310.522  8.82881e-09      2.00000  3.49947e-11
      12.0000      310.781  8.86456e-09      2.00000  3.36500e-11
      12.0000      311.040  8.90680e-09      0.00000  3.11179e-11
      12.0000      311.300  9.10852e-09      0.00000  3.12338e-11
      12.0000      311.559  8.86141e-09      0.00000  3.07816e-11
      12.0000      311.819  8.94031e-09      2.00000  3.02466e-11
      12.0000      312.079  9.13867e-09      2.00000  2.90550e-11
      12.0000      312.339  8.98585e-09      2.00000  2.76083e-11
      12.0000      312.599  8.88176e-09      2.00000  2.88779e-11
      12.0000      312.860  8.87373e-09      2.00000  3.01737e-11
      12.0000      313.120  8.97004e-09      2.00000  3.00378e-11
      12.0000      313.381  8.74517e-09      2.00000  2.80928e-11
      12.0000      313.643  8.55927e-09      2.00000  2.76141e-11
      12.0000      313.905  8.57480e-09      0.00000  2.90310e-11
      12.0000      314.166  8.53059e-09      2.00000  3.11495e-11
      12.0000      314.428  8.50187e-09      2.00000  3.20746e-11
      12.0000      314.690  8.52413e-09      2.00000  3.15908e-11
      12.0000      314.953  8.41719e-09      2.00000  3.11932e-11
      12.0000      315.215  8.31075e-09      2.00000  2.96225e-11
      12.0000      315.477  8.50670e-09      2.00000  2.76897e-11
      12.0000      315.740  8.76645e-09      2.00000  2.67483e-11
      12.0000      316.004  8.65218e-09      2.00000  2.75664e-11
      12.0000      316.268  8.49138e-09      0.00000  3.04382e-11
      12.0000      316.531  8.65932e-09      1.00000  3.21034e-11
      12.0000      316.795  8.40112e-09      1.00000  2.96680e-11
      12.0000      317.059  8.14273e-09      2.00000  2.84938e-11
      12.0000      317.323  8.12509e-09      2.00000  2.96730e-11
      12.0000      317.587  8.18311e-09      0.00000  3.06938e-11
      12.0000      317.853  8.26452e-09      8.00000  2.96395e-11
      12.0000      318.118  8.38361e-09      10.0000  3.14389e-11
      12.0000      318.383  7.82596e-09      2.00000  3.59160e-11
      12.0000      318.648  7.91639e-09      0.00000  3.33868e-11
      12.0000      318.914  7.91330e-09      2.00000  3.05229e-11
      13.0000      319.180  7.79779e-09      2.00000  3.32953e-11
      13.0000      319.446  7.88164e-09      2.00000  3.49809e-11
      13.0000      319.713  8.07133e-09      2.00000  4.28885e-11
      13.0000      319.978  7.57978e-09      2.00000  4.45422e-11
      13.0000      320.246  7.38762e-09      2.00000  3.90165e-11
      13.0000      320.513  7.76452e-09      2.00000  3.38059e-11
      13.0000      320.780  7.67599e-09      0.00000  3.17758e-11
      13.0000      321.047  7.53780e-09      2.00000  3.40983e-11
      13.0000      321.315  7.49888e-09      2.00000  3.32467e-11
      13.0000      321.583  7.42317e-09      2.00000  2.83225e-11
      13.0000      321.851  7.55657e-09      0.00000  2.49548e-11
      13.0000      322.119  7.41651e-09      3.00000  2.42074e-11
      13.0000      322.387  7.20082e-09      3.00000  2.49320e-11
      13.0000      322.657  7.21701e-09      2.00000  2.58655e-11
      13.0000      322.925  7.47840e-09      2.00000  2.74733e-11
      13.0000      323.195  7.53617e-09      2.00000  2.92386e-11
      13.0000      323.464  7.24257e-09      0.00000  2.86747e-11
      13.0000      323.734  7.34749e-09      0.00000  2.65144e-11
      13.0000      324.003  7.33669e-09      0.00000  2.29457e-11
      13.0000      324.273  7.25790e-09      0.00000  2.23352e-11
      13.0000      324.544  7.07652e-09      0.00000  2.39031e-11
      13.0000      324.815  7.00308e-09      2.00000  2.47333e-11
      13.0000      325.085  7.20105e-09      2.00000  2.27236e-11
      13.0000      325.357  7.17206e-09      0.00000  2.04128e-11
      13.0000      325.628  6.99799e-09      2.00000  2.01138e-11
      13.0000      325.900  6.70858e-09      2.00000  2.02002e-11
      13.0000      326.171  6.70274e-09      2.00000  2.02096e-11
      13.0000      326.443  6.89961e-09      2.00000  2.12735e-11
      13.0000      326.715  6.92031e-09      0.00000  2.40372e-11
      13.0000      326.988  6.70152e-09      0.00000  2.71608e-11
      13.0000      327.259  6.76833e-09      0.00000  2.64106e-11
      13.0000      327.533  7.04392e-09      0.00000  2.18352e-11
      13.0000      327.805  6.94688e-09      2.00000  1.92597e-11
      13.0000      328.079  6.66136e-09      0.00000  1.81359e-11
      13.0000      328.352  6.57235e-09      2.00000  1.75255e-11
      13.0000      328.626  6.62662e-09      2.00000  1.68503e-11
      13.0000      328.900  6.60983e-09      2.00000  1.75060e-11
      13.0000      329.175  6.51994e-09      0.00000  2.07149e-11
      13.0000      329.449  6.41831e-09      2.00000  2.38962e-11
      13.0000      329.724  6.46666e-09      2.00000  2.30282e-11
      13.0000      329.998  6.58680e-09      2.00000  2.14004e-11
      13.0000      330.274  6.54434e-09      0.00000  2.08660e-11
      13.0000      330.549  6.40628e-09      2.00000  2.05210e-11
      13.0000      330.825  6.44405e-09      2.00000  1.84961e-11
      13.0000      331.101  6.61797e-09      2.00000  1.65260e-11
      13.0000      331.376  6.66588e-09      2.00000  1.64285e-11
      13.0000      331.653  6.50966e-09      2.00000  1.73860e-11
      13.0000      331.929  6.36509e-09      2.00000  1.84492e-11
      13.0000      332.206  6.40750e-09      2.00000  1.83821e-11
      13.0000      332.483  6.44832e-09      2.00000  1.97901e-11
      13.0000      332.760  6.25724e-09      2.00000  2.22989e-11
      13.0000      333.037  6.18941e-09      2.00000  2.34147e-11
      13.0000      333.316  6.31366e-09      2.00000  2.19823e-11
      13.0000      333.592  6.39659e-09      2.00000  2.03284e-11
      13.0000      333.871  6.24999e-09      2.00000  1.92704e-11
      13.0000      334.150  6.18475e-09      0.00000  1.89898e-11
      13.0000      334.428  6.24467e-09      0.00000  1.70490e-11
      13.0000      334.707  6.28796e-09      0.00000  1.51335e-11
      13.0000      334.986  6.25785e-09      2.00000  1.51147e-11
      13.0000      335.264  6.13504e-09      2.00000  1.61581e-11
      13.0000      335.545  6.04018e-09      0.00000  1.64498e-11
      13.0000      335.824  6.03411e-09      0.00000  1.64970e-11
      13.0000      336.104  5.98115e-09      0.00000  1.77413e-11
      13.0000      336.384  6.07453e-09      0.00000  2.09259e-11
      13.0000      336.665  6.02041e-09      2.00000  2.17490e-11
      13.0000      336.945  6.13060e-09      2.00000  2.09965e-11
      13.0000      337.226  6.14514e-09      2.00000  2.08382e-11
      13.0000      337.507  6.60110e-09      0.00000  2.41113e-11
      13.0000      337.789  5.95921e-09      0.00000  2.14642e-11
      13.0000      338.071  6.17230e-09      0.00000  2.02918e-11
      13.0000      338.352  6.22889e-09      2.00000  1.93211e-11
      13.0000      338.634  5.96428e-09      2.00000  1.98442e-11
      13.0000      338.916  5.74485e-09      2.00000  2.05518e-11
      13.0000      339.199  5.84056e-09      0.00000  2.08205e-11
      13.0000      339.482  5.81828e-09      0.00000  2.01928e-11
      13.0000      339.765  5.73668e-09      0.00000  2.12963e-11
      13.0000      340.048  5.78814e-09      0.00000  2.47426e-11
      13.0000      340.332  5.84643e-09      0.00000  2.20877e-11
      13.0000      340.616  5.92532e-09      2.00000  2.05224e-11
      13.0000      340.899  5.78849e-09      2.00000  2.00666e-11
      13.0000      341.184  5.68204e-09      0.00000  2.02530e-11
      13.0000      341.468  5.64510e-09      2.00000  1.92392e-11
      13.0000      341.753  5.64826e-09      2.00000  1.74549e-11
      13.0000      342.038  5.52177e-09      2.00000  1.74031e-11
      13.0000      342.323  5.40788e-09      0.00000  1.88391e-11
      13.0000      342.608  5.48723e-09      0.00000  2.02510e-11
      13.0000      342.894  5.59795e-09      0.00000  2.00597e-11
      13.0000      343.180  5.57995e-09      2.00000  2.04783e-11
      14.0000      343.180  5.51746e-09      2.00000  2.79852e-11
      13.0000      343.466  5.52450e-09      2.00000  2.23408e-11
      14.0000      343.466  5.39207e-09      2.00000  3.17907e-11
      13.0000      343.752  5.54691e-09      0.00000  2.27300e-11
      14.0000      343.752  5.22642e-09      2.00000  3.00830e-11
      13.0000      344.039  5.62191e-09      2.00000  2.11655e-11
      14.0000      344.039  5.45912e-09      0.00000  2.48132e-11
      13.0000      344.325  5.68069e-09      2.00000  2.08721e-11
      14.0000      344.325  5.46524e-09      2.00000  2.23722e-11
      13.0000      344.612  5.53415e-09      0.00000  2.20953e-11
      14.0000      344.612  5.44809e-09      2.00000  2.44291e-11
      14.0000      344.900  5.18671e-09      2.00000  2.60520e-11
      14.0000      345.187  5.19211e-09      258.000  2.45424e-11
      14.0000      345.476  5.27980e-09      258.000  2.13367e-11
      14.0000      345.764  5.15537e-09      0.00000  2.09997e-11
      14.0000      346.052  5.09305e-09      0.00000  2.11217e-11
      14.0000      346.340  5.21264e-09      0.00000  2.10317e-11
      14.0000      346.629  5.32241e-09      2.00000  2.32633e-11
      14.0000      346.917  5.20202e-09      2.00000  2.56737e-11
      14.0000      347.207  5.09018e-09      0.00000  2.48627e-11
      14.0000      347.496  5.19890e-09      2.00000  2.06229e-11
      14.0000      347.786  5.28864e-09      2.00000  1.78992e-11
      14.0000      348.077  5.12882e-09      0.00000  1.79656e-11
      14.0000      348.367  4.97916e-09      0.00000  1.91989e-11
      14.0000      348.657  5.00012e-09      0.00000  1.95274e-11
      14.0000      348.948  5.05170e-09      0.00000  2.03217e-11
      14.0000      349.239  4.88871e-09      2.00000  2.13480e-11
      14.0000      349.529  4.95014e-09      2.00000  2.31882e-11
      14.0000      349.820  5.08333e-09      2.00000  2.15117e-11
      14.0000      350.112  5.12476e-09      2.00000  2.01993e-11
      14.0000      350.404  5.08793e-09      2.00000  2.08401e-11
      14.0000      350.696  5.11908e-09      0.00000  2.23947e-11
      14.0000      350.989  5.23470e-09      0.00000  2.19024e-11
      14.0000      351.281  5.23857e-09      0.00000  1.99924e-11
      14.0000      351.574  5.06265e-09      0.00000  1.90262e-11
      14.0000      351.867  4.84820e-09      2.00000  1.84795e-11
      14.0000      352.161  4.70425e-09      2.00000  1.69702e-11
      14.0000      352.454  4.68210e-09      2.00000  1.54439e-11
      14.0000      352.749  4.69005e-09      0.00000  1.58930e-11
      14.0000      353.043  4.56662e-09      2.00000  1.74273e-11
      14.0000      353.337  4.49501e-09      2.00000  1.74991e-11
      14.0000      353.632  4.67265e-09      2.00000  1.74727e-11
      14.0000      353.926  4.71975e-09      2.00000  1.84130e-11
      14.0000      354.221  5.09891e-09      2.00000  2.00581e-11
      14.0000      354.517  4.88558e-09      0.00000  1.77200e-11
      14.0000      354.812  4.58606e-09      2.00000  1.45130e-11
      14.0000      355.107  4.60351e-09      0.00000  1.40021e-11
      14.0000      355.404  4.50106e-09      0.00000  1.45064e-11
      14.0000      355.700  4.49839e-09      0.00000  1.44609e-11
      14.0000      355.996  4.55983e-09      0.00000  1.40989e-11
      14.0000      356.294  4.54231e-09      2.00000  1.51814e-11
      14.0000      356.590  4.47402e-09      2.00000  1.71321e-11
      14.0000      356.888  4.50007e-09      0.00000  1.74442e-11
      14.0000      357.185  4.69084e-09      0.00000  1.70864e-11
      14.0000      357.482  4.63773e-09      0.00000  1.72166e-11
      14.0000      357.780  4.39537e-09      2.00000  1.72612e-11
      14.0000      358.079  4.44962e-09      2.00000  1.63291e-11
      14.0000      358.378  4.48223e-09      2.00000  1.45661e-11
      14.0000      358.676  4.39451e-09      0.00000  1.39605e-11
      14.0000      358.976  4.28218e-09      0.00000  1.43468e-11
      14.0000      359.275  4.33652e-09      0.00000  1.40232e-11
      14.0000      359.575  4.37023e-09      0.00000  1.32208e-11
      14.0000      359.874  4.31794e-09      0.00000  1.35849e-11
      14.0000      360.175  4.25117e-09      0.00000  1.43246e-11
      14.0000      360.475  4.28308e-09      0.00000  1.37866e-11
      14.0000      360.775  4.31339e-09      0.00000  1.33036e-11
      14.0000      361.076  4.20173e-09      0.00000  1.40521e-11
      14.0000      361.377  4.08434e-09      0.00000  1.49466e-11
      14.0000      361.678  4.15152e-09      0.00000  1.48768e-11
      14.0000      361.979  4.23309e-09      8.00000  1.54114e-11
      14.0000      362.282  4.16949e-09      10.0000  1.66789e-11
      14.0000      362.583  4.06996e-09      2.00000  1.79164e-11
      14.0000      362.886  4.12468e-09      2.00000  1.74093e-11
      14.0000      363.189  4.15966e-09      0.00000  1.64043e-11
      14.0000      363.491  4.08912e-09      0.00000  1.70661e-11
      14.0000      363.794  4.02110e-09      0.00000  1.73034e-11
      14.0000      364.097  4.04204e-09      0.00000  1.57831e-11
      14.0000      364.401  4.05732e-09      0.00000  1.48074e-11
      14.0000      364.704  4.00119e-09      0.00000  1.53510e-11
      14.0000      365.009  3.95262e-09      2.00000  1.57889e-11
      14.0000      365.313  3.93964e-09      2.00000  1.47378e-11
      14.0000      365.617  4.00734e-09      0.00000  1.43381e-11
      14.0000      365.922  3.86859e-09      2.00000  1.50612e-11
      14.0000      366.228  3.87611e-09      2.00000  1.55645e-11
      14.0000      366.533  3.95112e-09      2.00000  1.48557e-11
      14.0000      366.838  3.98515e-09      0.00000  1.44754e-11
      14.0000      367.144  3.90282e-09      2.00000  1.52167e-11
      15.0000      367.144  3.76990e-09      0.00000  2.36412e-11
      14.0000      367.450  3.85472e-09      2.00000  1.55099e-11
      15.0000      367.450  3.71946e-09      2.00000  2.42805e-11
      14.0000      367.757  3.91547e-09      0.00000  1.45906e-11
      15.0000      367.757  3.69320e-09      2.00000  2.46476e-11
      14.0000      368.062  3.88191e-09      0.00000  1.43653e-11
      15.0000      368.062  3.81059e-09      2.00000  2.38341e-11
      14.0000      368.370  3.75258e-09      2.00000  1.51985e-11
      15.0000      368.370  3.68422e-09      0.00000  2.27153e-11
      14.0000      368.677  3.75987e-09      2.00000  1.57109e-11
      15.0000      368.677  3.63434e-09      0.00000  2.02958e-11
      14.0000      368.985  3.78849e-09      2.00000  1.49254e-11
      15.0000      368.985  3.66878e-09      0.00000  1.82213e-11
      14.0000      369.293  3.72249e-09      2.00000  1.50564e-11
      15.0000      369.293  3.66779e-09      0.00000  1.94285e-11
      14.0000      369.600  3.64808e-09      2.00000  1.65760e-11
      15.0000      369.600  3.56853e-09      2.00000  2.24349e-11
      14.0000      369.909  3.70312e-09      2.00000  1.68181e-11
      15.0000      369.909  3.55539e-09      2.00000  2.14578e-11
      14.0000      370.217  3.76705e-09      2.00000  1.62155e-11
      15.0000      370.217  3.60385e-09      0.00000  1.80749e-11
      14.0000      370.525  3.69644e-09      2.00000  1.63609e-11
      15.0000      370.525  3.58507e-09      0.00000  1.66958e-11
      15.0000      370.835  3.50017e-09      0.00000  1.69571e-11
      15.0000      371.143  3.51822e-09      2.00000  1.66611e-11
      15.0000      371.453  3.65491e-09      2.00000  1.76629e-11
      15.0000      371.762  3.50037e-09      2.00000  1.86396e-11
      15.0000      372.072  3.38729e-09      2.00000  1.83899e-11
      15.0000      372.383  3.41758e-09      0.00000  1.55015e-11
      15.0000      372.692  3.46503e-09      0.00000  1.36153e-11
      15.0000      373.003  3.40040e-09      0.00000  1.40181e-11
      15.0000      373.314  3.33899e-09      0.00000  1.47655e-11
      15.0000      373.626  3.40142e-09      2.00000  1.49121e-11
      15.0000      373.937  3.41698e-09      2.00000  1.57040e-11
      15.0000      374.249  3.31093e-09      0.00000  1.63274e-11
      15.0000      374.561  3.29150e-09      2.00000  1.50901e-11
      15.0000      374.873  3.33357e-09      0.00000  1.29526e-11
      15.0000      375.185  3.34152e-09      0.00000  1.22180e-11
      15.0000      375.498  3.27126e-09      0.00000  1.27642e-11
      15.0000      375.811  3.27917e-09      0.00000  1.28052e-11
      15.0000      376.125  3.32695e-09      0.00000  1.28819e-11
      15.0000      376.438  3.29277e-09      0.00000  1.41488e-11
      15.0000      376.753  3.15966e-09      0.00000  1.50053e-11
      15.0000      377.067  3.18213e-09      0.00000  1.35595e-11
      15.0000      377.381  3.24441e-09      0.00000  1.20349e-11
      15.0000      377.695  3.16925e-09      0.00000  1.18164e-11
      15.0000      378.010  3.10489e-09      0.00000  1.17642e-11
      15.0000      378.325  3.14354e-09      0.00000  1.10363e-11
      15.0000      378.640  3.17509e-09      0.00000  1.11040e-11
      15.0000      378.956  3.07924e-09      0.00000  1.21314e-11
      15.0000      379.272  3.01895e-09      0.00000  1.27589e-11
      15.0000      379.589  3.12765e-09      0.00000  1.26090e-11
      15.0000      379.905  3.09674e-09      0.00000  1.26392e-11
      15.0000      380.222  2.98036e-09      0.00000  1.27841e-11
      15.0000      380.539  3.00988e-09      0.00000  1.20549e-11
      15.0000      380.855  3.06165e-09      0.00000  1.08191e-11
      15.0000      381.173  2.99673e-09      0.00000  1.05689e-11
      15.0000      381.492  2.91908e-09      0.00000  1.07392e-11
      15.0000      381.809  2.95261e-09      0.00000  1.01049e-11
      15.0000      382.127  2.98014e-09      0.00000  9.71119e-12
      15.0000      382.446  2.90459e-09      0.00000  1.03615e-11
      15.0000      382.765  2.88809e-09      0.00000  1.09892e-11
      15.0000      383.085  2.91023e-09      0.00000  1.07736e-11
      15.0000      383.403  2.88933e-09      0.00000  1.14169e-11
      15.0000      383.723  2.80107e-09      0.00000  1.30418e-11
      15.0000      384.044  2.79831e-09      0.00000  1.35601e-11
      15.0000      384.363  2.82237e-09      0.00000  1.20207e-11
      15.0000      384.683  2.81428e-09      0.00000  1.17584e-11
      15.0000      385.005  2.74868e-09      0.00000  1.17966e-11
      15.0000      385.325  2.77669e-09      0.00000  1.07636e-11
      15.0000      385.646  2.83054e-09      0.00000  9.60700e-12
      15.0000      385.968  2.73839e-09      0.00000  9.30514e-12
      15.0000      386.290  2.63640e-09      0.00000  9.42466e-12
      15.0000      386.612  2.67681e-09      0.00000  9.06651e-12
      15.0000      386.934  2.68232e-09      0.00000  9.05769e-12
      15.0000      387.256  2.59301e-09      0.00000  9.77066e-12
      15.0000      387.580  2.57505e-09      0.00000  1.00638e-11
      15.0000      387.902  2.64162e-09      0.00000  9.71712e-12
      15.0000      388.226  2.62409e-09      0.00000  9.90741e-12
      15.0000      388.550  2.55581e-09      0.00000  1.03525e-11
      15.0000      388.874  2.58020e-09      0.00000  9.89192e-12
      15.0000      389.197  2.61101e-09      0.00000  9.50628e-12
      15.0000      389.522  2.54657e-09      0.00000  1.02363e-11
      15.0000      389.847  2.46738e-09      0.00000  1.09691e-11
      15.0000      390.172  2.51286e-09      0.00000  1.09466e-11
      15.0000      390.497  2.51012e-09      0.00000  1.13376e-11
      15.0000      390.823  2.43897e-09      0.00000  1.29866e-11
      15.0000      391.149  2.45088e-09      0.00000  1.30879e-11
      16.0000      391.149  2.36899e-09      2.00000  2.52043e-11
      15.0000      391.475  2.52768e-09      0.00000  1.22512e-11
      16.0000      391.475  2.40175e-09      0.00000  2.03006e-11
      15.0000      391.802  2.48757e-09      0.00000  1.33535e-11
      16.0000      391.802  2.40006e-09      2.00000  1.87001e-11
      15.0000      392.128  2.41197e-09      0.00000  1.32228e-11
      16.0000      392.128  2.32462e-09      2.00000  2.00568e-11
      15.0000      392.455  2.41338e-09      0.00000  1.26544e-11
      16.0000      392.455  2.31597e-09      2.00000  1.93646e-11
      15.0000      392.782  2.46798e-09      0.00000  1.18171e-11
      16.0000      392.782  2.42888e-09      0.00000  1.78406e-11
      15.0000      393.110  2.38091e-09      0.00000  1.27305e-11
      16.0000      393.110  2.34890e-09      0.00000  1.63230e-11
      15.0000      393.437  2.30946e-09      0.00000  1.39595e-11
      16.0000      393.437  2.25988e-09      0.00000  1.59220e-11
      15.0000      393.766  2.36263e-09      0.00000  1.36374e-11
      16.0000      393.766  2.29106e-09      0.00000  1.49078e-11
      15.0000      394.093  2.41296e-09      0.00000  1.40811e-11
      16.0000      394.093  2.33177e-09      0.00000  1.57449e-11
      15.0000      394.421  2.37280e-09      2.00000  1.56964e-11
      16.0000      394.421  2.27716e-09      2.00000  1.88761e-11
      15.0000      394.751  2.29261e-09      2.00000  1.62324e-11
      16.0000      394.751  2.20345e-09      2.00000  1.81628e-11
      15.0000      395.080  2.40181e-09      0.00000  1.39278e-11
      16.0000      395.080  2.27545e-09      2.00000  1.48615e-11
      15.0000      395.409  2.36996e-09      0.00000  1.39945e-11
      16.0000      395.409  2.26988e-09      0.00000  1.29966e-11
      15.0000      395.739  2.28891e-09      0.00000  1.41912e-11
      16.0000      395.739  2.18459e-09      0.00000  1.22968e-11
      15.0000      396.069  2.33097e-09      0.00000  1.32224e-11
      16.0000      396.069  2.21387e-09      0.00000  1.15496e-11
      15.0000      396.399  2.31404e-09      0.00000  1.29052e-11
      16.0000      396.399  2.24233e-09      0.00000  1.19996e-11
      16.0000      396.729  2.13454e-09      2.00000  1.46936e-11
      16.0000      397.060  2.09277e-09      2.00000  1.67846e-11
      16.0000      397.392  2.09556e-09      0.00000  1.30577e-11
      16.0000      397.722  2.17063e-09      0.00000  1.18656e-11
      16.0000      398.054  2.10274e-09      0.00000  1.16756e-11
      16.0000      398.386  2.09995e-09      0.00000  1.07794e-11
      16.0000      398.718  2.17601e-09      0.00000  1.04440e-11
      16.0000      399.050  2.09387e-09      0.00000  1.13868e-11
      16.0000      399.383  2.04315e-09      0.00000  1.22564e-11
      16.0000      399.717  2.07336e-09      0.00000  1.11449e-11
      16.0000      400.050  2.06089e-09      0.00000  1.03388e-11
      16.0000      400.383  1.98198e-09      0.00000  1.05881e-11
      16.0000      400.716  1.97785e-09      0.00000  1.03446e-11
      16.0000      401.051  2.01271e-09      0.00000  9.62219e-12
      16.0000      401.386  1.98848e-09      0.00000  1.00851e-11
      16.0000      401.719  1.95763e-09      0.00000  1.05147e-11
      16.0000      402.055  2.00074e-09      0.00000  1.02153e-11
      16.0000      402.390  1.99828e-09      0.00000  1.03103e-11
      16.0000      402.726  1.91136e-09      0.00000  1.04409e-11
      16.0000      403.062  1.89697e-09      0.00000  9.78195e-12
      16.0000      403.397  1.92884e-09      0.00000  8.84106e-12
      16.0000      403.734  1.89202e-09      0.00000  9.00646e-12
      16.0000      404.070  1.84219e-09      0.00000  9.27446e-12
      16.0000      404.406  1.88557e-09      0.00000  8.73528e-12
      16.0000      404.744  1.89996e-09      0.00000  8.68000e-12
      16.0000      405.081  1.84575e-09      0.00000  9.21571e-12
      16.0000      405.420  1.82382e-09      0.00000  9.16709e-12
      16.0000      405.757  1.87819e-09      0.00000  9.11557e-12
      16.0000      406.095  1.82678e-09      0.00000  9.93534e-12
      16.0000      406.435  1.74724e-09      0.00000  1.07116e-11
      16.0000      406.774  1.78476e-09      0.00000  9.47647e-12
      16.0000      407.111  1.80518e-09      0.00000  8.98837e-12
      16.0000      407.451  1.73167e-09      0.00000  9.11948e-12
      16.0000      407.790  1.74052e-09      0.00000  8.70720e-12
      16.0000      408.132  1.78924e-09      0.00000  7.74823e-12
      16.0000      408.472  1.74902e-09      0.00000  7.58601e-12
      16.0000      408.812  1.71483e-09      0.00000  7.63738e-12
      16.0000      409.152  1.74203e-09      0.00000  7.35317e-12
      16.0000      409.494  1.71243e-09      0.00000  7.77080e-12
      16.0000      409.834  1.65404e-09      0.00000  8.95943e-12
      16.0000      410.177  1.65409e-09      0.00000  9.29920e-12
      16.0000      410.519  1.69331e-09      0.00000  9.60454e-12
      16.0000      410.862  1.64283e-09      0.00000  1.07042e-11
      16.0000      411.203  1.62927e-09      0.00000  1.11373e-11
      16.0000      411.546  1.67924e-09      0.00000  9.98425e-12
      16.0000      411.889  1.68140e-09      0.00000  9.36953e-12
      16.0000      412.233  1.59159e-09      0.00000  9.47589e-12
      16.0000      412.577  1.61451e-09      0.00000  9.04365e-12
      16.0000      412.919  1.64013e-09      0.00000  8.45715e-12
      16.0000      413.264  1.57447e-09      0.00000  8.75800e-12
      16.0000      413.609  1.55312e-09      0.00000  9.56474e-12
      16.0000      413.954  1.58521e-09      0.00000  8.83049e-12
      16.0000      414.298  1.58959e-09      0.00000  8.48001e-12
      16.0000      414.644  1.53618e-09      0.00000  8.69708e-12
      16.0000      414.989  1.55806e-09      0.00000  8.29985e-12
      16.0000      415.336  1.56319e-09      0.00000  7.38298e-12
      17.0000      415.336  1.51506e-09      0.00000  2.08832e-11
      16.0000      415.683  1.51291e-09      0.00000  7.59527e-12
      17.0000      415.683  1.45314e-09      2.00000  2.03034e-11
      16.0000      416.029  1.47726e-09      0.00000  7.96341e-12
      17.0000      416.029  1.34022e-09      2.00000  2.05476e-11
      16.0000      416.375  1.50779e-09      0.00000  7.87629e-12
      17.0000      416.375  1.44291e-09      2.00000  2.33085e-11
      16.0000      416.722  1.48485e-09      0.00000  8.22649e-12
      17.0000      416.722  1.43814e-09      2.00000  2.17721e-11
      16.0000      417.070  1.43853e-09      0.00000  8.79533e-12
      17.0000      417.070  1.38904e-09      2.00000  2.22760e-11
      16.0000      417.418  1.48059e-09      0.00000  8.61618e-12
      17.0000      417.418  1.40189e-09      2.00000  1.88820e-11
      16.0000      417.767  1.49297e-09      0.00000  8.40969e-12
      17.0000      417.767  1.43510e-09      2.00000  1.60977e-11
      16.0000      418.114  1.46579e-09      0.00000  8.59158e-12
      17.0000      418.114  1.41102e-09      2.00000  1.65641e-11
      16.0000      418.463  1.47267e-09      0.00000  8.23560e-12
      17.0000      418.463  1.41631e-09      2.00000  1.67855e-11
      16.0000      418.811  1.48460e-09      0.00000  7.90451e-12
      17.0000      418.811  1.44511e-09      2.00000  1.56794e-11
      16.0000      419.161  1.41537e-09      0.00000  8.26266e-12
      17.0000      419.161  1.41627e-09      2.00000  1.57524e-11
      16.0000      419.511  1.37467e-09      0.00000  8.73441e-12
      17.0000      419.511  1.33016e-09      0.00000  1.42572e-11
      16.0000      419.859  1.42110e-09      0.00000  8.87174e-12
      17.0000      419.859  1.37716e-09      0.00000  1.28063e-11
      16.0000      420.210  1.40025e-09      0.00000  9.15001e-12
      17.0000      420.210  1.35638e-09      0.00000  1.27459e-11
      16.0000      420.560  1.34672e-09      0.00000  9.64448e-12
      17.0000      420.560  1.30177e-09      0.00000  1.42583e-11
      16.0000      420.911  1.37289e-09      0.00000  9.56503e-12
      17.0000      420.911  1.28846e-09      0.00000  1.42735e-11
      16.0000      421.262  1.37635e-09      0.00000  9.11571e-12
      17.0000      421.262  1.34179e-09      0.00000  1.35318e-11
      16.0000      421.614  1.31913e-09      0.00000  9.16434e-12
      17.0000      421.614  1.28817e-09      0.00000  1.27888e-11
      16.0000      421.964  1.29656e-09      0.00000  9.25767e-12
      17.0000      421.964  1.28556e-09      0.00000  1.11370e-11
      16.0000      422.317  1.31098e-09      0.00000  9.03063e-12
      17.0000      422.317  1.30265e-09      0.00000  9.55302e-12
      17.0000      422.669  1.28476e-09      0.00000  9.84634e-12
      17.0000      423.021  1.24030e-09      0.00000  1.08034e-11
      17.0000      423.374  1.26927e-09      0.00000  1.10778e-11
      17.0000      423.727  1.26848e-09      0.00000  1.19879e-11
      17.0000      424.079  1.23429e-09      0.00000  1.24404e-11
      17.0000      424.434  1.24913e-09      0.00000  1.06042e-11
      17.0000      424.787  1.26454e-09      0.00000  8.84844e-12
      17.0000      425.141  1.23323e-09      0.00000  8.60012e-12
      17.0000      425.496  1.19467e-09      0.00000  8.41880e-12
      17.0000      425.851  1.22851e-09      0.00000  8.23835e-12
      17.0000      426.205  1.19152e-09      0.00000  9.31281e-12
      17.0000      426.561  1.16967e-09      0.00000  1.04048e-11
      17.0000      426.916  1.18746e-09      0.00000  1.02951e-11
      17.0000      427.272  1.19572e-09      0.00000  9.70106e-12
      17.0000      427.628  1.15319e-09      0.00000  9.19588e-12
      17.0000      427.985  1.15207e-09      0.00000  8.12143e-12
      17.0000      428.343  1.16846e-09      0.00000  7.07374e-12
      17.0000      428.699  1.13336e-09      0.00000  7.15623e-12
      17.0000      429.056  1.11210e-09      0.00000  7.23495e-12
      17.0000      429.415  1.12554e-09      0.00000  7.10732e-12
      17.0000      429.771  1.11385e-09      0.00000  7.84576e-12
      17.0000      430.130  1.08100e-09      0.00000  8.60764e-12
      17.0000      430.489  1.12159e-09      0.00000  8.52806e-12
      17.0000      430.847  1.13441e-09      0.00000  8.60273e-12
      17.0000      431.207  1.07852e-09      0.00000  8.88505e-12
      17.0000      431.566  1.07104e-09      0.00000  7.80987e-12
      17.0000      431.926  1.09245e-09      0.00000  6.92426e-12
      17.0000      432.287  1.05867e-09      0.00000  6.90661e-12
      17.0000      432.646  1.03785e-09      0.00000  6.82673e-12
      17.0000      433.007  1.06196e-09      0.00000  6.41098e-12
      17.0000      433.368  1.05206e-09      0.00000  6.46423e-12
      17.0000      433.730  1.02703e-09      0.00000  6.53370e-12
      17.0000      434.092  1.03394e-09      0.00000  6.26975e-12
      17.0000      434.452  1.02216e-09      0.00000  6.38580e-12
      17.0000      434.815  1.00237e-09      0.00000  6.83353e-12
      17.0000      435.178  1.00579e-09      0.00000  6.73932e-12
      17.0000      435.540  1.01038e-09      0.00000  7.04032e-12
      17.0000      435.905  9.70688e-10      0.00000  7.92665e-12
      17.0000      436.268  9.82257e-10      0.00000  8.18336e-12
      17.0000      436.630  1.01268e-09      0.00000  8.03634e-12
      17.0000      436.994  9.58911e-10      0.00000  8.12085e-12
      17.0000      437.359  9.36581e-10      0.00000  8.45570e-12
      17.0000      437.723  9.68318e-10      0.00000  6.93540e-12
      17.0000      438.089  9.46166e-10      0.00000  6.91355e-12
      17.0000      438.454  9.16408e-10      0.00000  6.95827e-12
      17.0000      438.820  9.21401e-10      0.00000  6.49839e-12
      17.0000      439.186  9.32608e-10      0.00000  6.49810e-12
      17.0000      439.551  9.10343e-10      0.00000  6.65713e-12
      18.0000      439.551  9.01593e-10      0.00000  2.60605e-11
      17.0000      439.918  9.22131e-10      0.00000  6.38479e-12
      18.0000      439.918  8.97648e-10      0.00000  2.19035e-11
      17.0000      440.284  9.31826e-10      0.00000  6.07598e-12
      18.0000      440.284  9.52855e-10      0.00000  2.15389e-11
      17.0000      440.651  8.96267e-10      0.00000  6.17598e-12
      18.0000      440.651  9.72204e-10      0.00000  2.48978e-11
      17.0000      441.018  8.95013e-10      0.00000  6.05819e-12
      18.0000      441.018  9.10796e-10      0.00000  2.17894e-11
      17.0000      441.386  9.02497e-10      0.00000  6.00059e-12
      18.0000      441.386  8.85196e-10      2.00000  1.72881e-11
      17.0000      441.755  8.80599e-10      0.00000  6.30810e-12
      18.0000      441.755  8.90308e-10      2.00000  1.66221e-11
      17.0000      442.124  8.77399e-10      0.00000  6.35136e-12
      18.0000      442.124  8.60844e-10      2.00000  1.56629e-11
      17.0000      442.492  8.82175e-10      0.00000  6.21375e-12
      18.0000      442.492  8.84821e-10      2.00000  1.52662e-11
      17.0000      442.860  8.63225e-10      0.00000  6.42473e-12
      18.0000      442.860  8.53739e-10      2.00000  1.71293e-11
      17.0000      443.229  8.59043e-10      0.00000  6.44210e-12
      18.0000      443.229  8.08767e-10      2.00000  1.63391e-11
      17.0000      443.599  8.68628e-10      0.00000  6.19030e-12
      18.0000      443.599  8.42587e-10      0.00000  1.32067e-11
      17.0000      443.969  8.53205e-10      0.00000  6.30940e-12
      18.0000      443.969  8.12010e-10      0.00000  1.16267e-11
      17.0000      444.340  8.39584e-10      0.00000  6.47538e-12
      18.0000      444.340  8.01454e-10      0.00000  1.11764e-11
      17.0000      444.709  8.49232e-10      0.00000  6.41561e-12
      18.0000      444.709  8.14185e-10      0.00000  1.06204e-11
      17.0000      445.079  8.27935e-10      0.00000  6.67869e-12
      18.0000      445.079  8.06951e-10      0.00000  1.14546e-11
      17.0000      445.452  7.99993e-10      0.00000  7.11180e-12
      18.0000      445.452  7.78987e-10      0.00000  1.32894e-11
      17.0000      445.824  8.18184e-10      0.00000  7.05088e-12
      18.0000      445.824  7.76510e-10      0.00000  1.21960e-11
      17.0000      446.194  8.24471e-10      0.00000  6.95798e-12
      18.0000      446.194  7.96260e-10      0.00000  1.02546e-11
      17.0000      446.566  8.03611e-10      0.00000  7.12150e-12
      18.0000      446.566  7.73738e-10      0.00000  9.51713e-12
      17.0000      446.939  8.05809e-10      0.00000  7.15623e-12
      18.0000      446.939  7.87917e-10      0.00000  8.42560e-12
      17.0000      447.311  8.17385e-10      0.00000  7.05609e-12
      18.0000      447.311  7.94613e-10      0.00000  8.10421e-12
      17.0000      447.684  7.90702e-10      0.00000  7.29732e-12
      18.0000      447.684  7.76199e-10      0.00000  8.95697e-12
      17.0000      448.057  7.77510e-10      0.00000  7.54477e-12
      18.0000      448.057  7.83350e-10      0.00000  9.36722e-12
      17.0000      448.431  7.78709e-10      0.00000  7.77919e-12
      18.0000      448.431  7.75381e-10      0.00000  9.74447e-12
      18.0000      448.805  7.49367e-10      0.00000  9.84576e-12
      18.0000      449.180  7.36324e-10      0.00000  8.47726e-12
      18.0000      449.553  7.41031e-10      0.00000  7.15493e-12
      18.0000      449.928  7.44337e-10      0.00000  6.72500e-12
      18.0000      450.302  7.31224e-10      0.00000  6.51199e-12
      18.0000      450.678  7.49062e-10      0.00000  6.72920e-12
      18.0000      451.054  7.19937e-10      0.00000  7.35361e-12
      18.0000      451.431  6.97990e-10      0.00000  8.18843e-12
      18.0000      451.806  7.26798e-10      0.00000  8.52748e-12
      18.0000      452.184  7.14964e-10      0.00000  8.13865e-12
      18.0000      452.560  6.96587e-10      0.00000  7.64288e-12
      18.0000      452.938  7.10798e-10      0.00000  6.32561e-12
      18.0000      453.315  6.99906e-10      0.00000  5.88179e-12
      18.0000      453.694  6.73531e-10      0.00000  5.88294e-12
      18.0000      454.071  6.82488e-10      0.00000  5.75083e-12
      18.0000      454.450  6.86855e-10      0.00000  6.19407e-12
      18.0000      454.829  6.63115e-10      0.00000  6.98866e-12
      18.0000      455.208  6.64461e-10      0.00000  6.93019e-12
      18.0000      455.587  6.76123e-10      0.00000  7.10095e-12
      18.0000      455.967  6.46963e-10      0.00000  7.71277e-12
      18.0000      456.348  6.57988e-10      0.00000  6.84496e-12
      18.0000      456.727  6.77665e-10      0.00000  6.25470e-12
      18.0000      457.109  6.43303e-10      0.00000  6.15876e-12
      18.0000      457.490  6.35870e-10      0.00000  6.10869e-12
      18.0000      457.871  6.53821e-10      0.00000  5.81508e-12
      18.0000      458.253  6.27516e-10      0.00000  6.02867e-12
      18.0000      458.636  6.29866e-10      0.00000  5.86052e-12
      18.0000      459.017  6.49009e-10      0.00000  5.37198e-12
      18.0000      459.400  6.22112e-10      0.00000  5.40671e-12
      18.0000      459.783  6.04292e-10      0.00000  5.24305e-12
      18.0000      460.166  6.20514e-10      0.00000  5.19226e-12
      18.0000      460.549  5.92452e-10      0.00000  5.93504e-12
      18.0000      460.934  5.80287e-10      0.00000  6.61589e-12
      18.0000      461.318  6.05021e-10      0.00000  8.07425e-12
      18.0000      461.702  5.55007e-10      0.00000  7.75604e-12
      18.0000      462.088  5.67320e-10      0.00000  7.67443e-12
      18.0000      462.473  5.96710e-10      0.00000  6.85943e-12
      18.0000      462.858  5.85809e-10      0.00000  6.44890e-12
      18.0000      463.244  5.48351e-10      0.00000  6.42270e-12
      18.0000      463.631  5.83115e-10      0.00000  6.10681e-12
      19.0000      463.631  5.00629e-10      258.000  3.53985e-11
      18.0000      464.018  5.62954e-10      0.00000  6.08076e-12
      19.0000      464.018  5.44957e-10      1.00000  3.56199e-11
      18.0000      464.403  5.46087e-10      0.00000  6.69157e-12
      19.0000      464.403  5.30438e-10      1.00000  3.31043e-11
      18.0000      464.792  5.55284e-10      0.00000  6.52241e-12
      19.0000      464.792  5.13794e-10      1.00000  2.80663e-11
      18.0000      465.179  5.62169e-10      0.00000  6.77405e-12
      19.0000      465.179  5.53191e-10      0.00000  2.65217e-11
      18.0000      465.567  5.47530e-10      0.00000  6.04748e-12
      19.0000      465.567  5.20270e-10      0.00000  2.58769e-11
      18.0000      465.955  5.59515e-10      0.00000  5.61263e-12
      19.0000      465.955  5.48306e-10      0.00000  2.30544e-11
      18.0000      466.342  5.57929e-10      0.00000  5.62667e-12
      19.0000      466.342  5.38720e-10      1.00000  2.06834e-11
      18.0000      466.731  5.42545e-10      0.00000  5.35520e-12
      19.0000      466.731  5.28940e-10      0.00000  1.85913e-11
      18.0000      467.122  5.31233e-10      0.00000  5.54549e-12
      19.0000      467.122  5.44353e-10      0.00000  1.60122e-11
      18.0000      467.510  5.22119e-10      0.00000  5.88396e-12
      19.0000      467.510  5.36657e-10      0.00000  1.62161e-11
      18.0000      467.900  5.16436e-10      0.00000  6.44977e-12
      19.0000      467.900  5.41829e-10      2.00000  1.86350e-11
      18.0000      468.290  5.27717e-10      0.00000  6.46872e-12
      19.0000      468.290  7.67818e-10      2.00000  2.00071e-11
      18.0000      468.680  5.25430e-10      0.00000  6.23010e-12
      19.0000      468.680  5.47164e-10      2.00000  1.84084e-11
      18.0000      469.072  5.16278e-10      0.00000  6.07772e-12
      19.0000      469.072  5.21094e-10      2.00000  1.65741e-11
      18.0000      469.462  5.14889e-10      0.00000  5.70915e-12
      19.0000      469.462  5.16766e-10      0.00000  1.24907e-11
      18.0000      469.854  5.01591e-10      0.00000  5.73346e-12
      19.0000      469.854  5.02519e-10      0.00000  1.11955e-11
      18.0000      470.245  4.83125e-10      0.00000  6.22894e-12
      19.0000      470.245  5.12312e-10      0.00000  1.18628e-11
      18.0000      470.637  4.96113e-10      0.00000  6.65322e-12
      19.0000      470.637  5.23065e-10      0.00000  1.22444e-11
      18.0000      471.029  4.90760e-10      0.00000  7.26823e-12
      19.0000      471.029  5.21188e-10      0.00000  1.39740e-11
      18.0000      471.422  4.72604e-10      0.00000  7.86631e-12
      19.0000      471.422  4.50456e-10      2.00000  1.56032e-11
      18.0000      471.816  4.91990e-10      0.00000  7.71552e-12
      19.0000      471.816  4.89062e-10      0.00000  1.32892e-11
      18.0000      472.208  4.92904e-10      0.00000  7.38617e-12
      19.0000      472.208  5.06286e-10      0.00000  1.07098e-11
      18.0000      472.603  4.78117e-10      0.00000  7.33567e-12
      19.0000      472.603  4.93718e-10      0.00000  9.75315e-12
      18.0000      472.997  4.84527e-10      0.00000  7.06173e-12
      19.0000      472.997  4.80966e-10      0.00000  8.52921e-12
      18.0000      473.391  4.72828e-10      0.00000  7.27908e-12
      19.0000      473.391  4.69824e-10      0.00000  8.68926e-12
      18.0000      473.785  4.53063e-10      0.00000  8.38972e-12
      19.0000      473.785  4.48910e-10      0.00000  1.02411e-11
      18.0000      474.181  4.65308e-10      0.00000  9.25217e-12
      19.0000      474.181  4.59082e-10      0.00000  1.09563e-11
      18.0000      474.577  4.47174e-10      0.00000  9.86979e-12
      19.0000      474.577  4.57847e-10      0.00000  1.19332e-11
      19.0000      474.971  4.24072e-10      0.00000  1.19838e-11
      19.0000      475.367  4.48676e-10      0.00000  9.41077e-12
      19.0000      475.765  4.53794e-10      0.00000  7.85169e-12
      19.0000      476.161  4.46661e-10      0.00000  7.53753e-12
      19.0000      476.558  4.53086e-10      0.00000  7.17374e-12
      19.0000      476.954  4.41487e-10      0.00000  7.60714e-12
      19.0000      477.352  4.33311e-10      0.00000  8.68723e-12
      19.0000      477.751  4.37616e-10      0.00000  9.24638e-12
      19.0000      478.149  4.31692e-10      0.00000  1.04748e-11
      19.0000      478.547  4.16000e-10      0.00000  9.22960e-12
      19.0000      478.946  4.37715e-10      0.00000  8.00161e-12
      19.0000      479.345  4.41344e-10      0.00000  7.11918e-12
      19.0000      479.745  4.11239e-10      0.00000  6.99112e-12
      19.0000      480.146  4.00785e-10      0.00000  7.69353e-12
      19.0000      480.545  3.92741e-10      0.00000  7.84619e-12
      19.0000      480.945  3.91814e-10      0.00000  7.80944e-12
      19.0000      481.348  3.85835e-10      0.00000  7.33480e-12
      19.0000      481.749  3.89584e-10      0.00000  6.90227e-12
      19.0000      482.151  4.03346e-10      0.00000  6.92021e-12
      19.0000      482.551  4.03421e-10      0.00000  6.00985e-12
      19.0000      482.954  3.88735e-10      0.00000  6.58926e-12
      19.0000      483.356  3.96207e-10      0.00000  7.43117e-12
      19.0000      483.760  3.87639e-10      0.00000  7.82290e-12
      19.0000      484.163  3.74624e-10      0.00000  7.99698e-12
      19.0000      484.567  3.74946e-10      0.00000  7.40845e-12
      19.0000      484.971  3.86021e-10      0.00000  6.46395e-12
      19.0000      485.376  3.76834e-10      0.00000  5.98221e-12
      19.0000      485.779  3.70604e-10      0.00000  5.59888e-12
      19.0000      486.185  3.72281e-10      0.00000  5.38862e-12
      19.0000      486.590  3.63614e-10      0.00000  5.59469e-12
      19.0000      486.995  3.64278e-10      0.00000  5.83606e-12
      19.0000      487.401  3.62183e-10      0.00000  5.90928e-12
      19.0000      487.807  3.57369e-10      0.00000  5.85169e-12
      19.0000      488.215  3.59244e-10      0.00000  5.52248e-12
      20.0000      488.215  2.23469e-10      259.000  6.06596e-11
      19.0000      488.622  3.60087e-10      0.00000  5.26967e-12
      20.0000      488.622  2.05761e-10      258.000  5.42550e-11
      19.0000      489.029  3.50718e-10      0.00000  5.34999e-12
      20.0000      489.029  3.34323e-10      2.00000  4.40037e-11
      19.0000      489.436  3.51370e-10      0.00000  5.45620e-12
      20.0000      489.436  3.17862e-10      2.00000  3.53295e-11
      19.0000      489.845  3.44693e-10      0.00000  5.96109e-12
      20.0000      489.845  3.69510e-10      0.00000  3.22545e-11
      19.0000      490.254  3.35246e-10      0.00000  6.52140e-12
      20.0000      490.254  3.13905e-10      2.00000  3.41410e-11
      19.0000      490.663  3.40193e-10      0.00000  6.60706e-12
      20.0000      490.663  2.80799e-10      2.00000  3.36489e-11
      19.0000      491.070  3.39873e-10      0.00000  7.13626e-12
      20.0000      491.070  4.05973e-10      0.00000  3.51938e-11
      19.0000      491.480  3.28289e-10      0.00000  6.78216e-12
      20.0000      491.480  2.89805e-10      2.00000  3.18827e-11
      19.0000      491.889  3.23064e-10      0.00000  6.30650e-12
      20.0000      491.889  3.29201e-10      2.00000  2.20877e-11
      19.0000      492.300  3.24407e-10      0.00000  6.60938e-12
      20.0000      492.300  3.14089e-10      2.00000  1.97470e-11
      19.0000      492.710  3.22059e-10      0.00000  6.92180e-12
      20.0000      492.710  3.32502e-10      0.00000  1.86654e-11
      19.0000      493.121  3.25343e-10      0.00000  7.33017e-12
      20.0000      493.121  3.29665e-10      0.00000  1.87674e-11
      19.0000      493.532  3.14785e-10      0.00000  8.93136e-12
      20.0000      493.532  3.37423e-10      2.00000  2.14260e-11
      19.0000      493.944  3.04656e-10      0.00000  8.40231e-12
      20.0000      493.944  2.91592e-10      2.00000  2.13745e-11
      19.0000      494.354  3.16316e-10      0.00000  8.15095e-12
      20.0000      494.354  2.79415e-10      2.00000  1.84142e-11
      19.0000      494.768  3.10854e-10      0.00000  8.32214e-12
      20.0000      494.768  2.77288e-10      2.00000  1.60808e-11
      19.0000      495.179  3.10821e-10      0.00000  7.96254e-12
      20.0000      495.179  2.80164e-10      0.00000  1.28512e-11
      19.0000      495.592  2.99091e-10      0.00000  7.87890e-12
      20.0000      495.592  2.94191e-10      0.00000  1.16892e-11
      19.0000      496.005  2.96550e-10      0.00000  8.57538e-12
      20.0000      496.005  2.82203e-10      0.00000  1.27383e-11
      19.0000      496.418  2.74112e-10      0.00000  9.14104e-12
      20.0000      496.418  2.83049e-10      0.00000  1.32944e-11
      19.0000      496.833  2.76639e-10      0.00000  9.47705e-12
      20.0000      496.833  2.82086e-10      0.00000  1.40155e-11
      19.0000      497.248  2.69724e-10      0.00000  1.01562e-11
      20.0000      497.248  2.78980e-10      0.00000  1.37886e-11
      19.0000      497.661  2.94615e-10      0.00000  9.72826e-12
      20.0000      497.661  2.91752e-10      0.00000  1.14294e-11
      19.0000      498.077  2.84801e-10      0.00000  9.26693e-12
      20.0000      498.077  2.98961e-10      0.00000  9.54463e-12
      19.0000      498.492  2.87126e-10      0.00000  9.67327e-12
      20.0000      498.492  2.87817e-10      0.00000  8.95075e-12
      19.0000      498.907  2.84546e-10      0.00000  9.09343e-12
      20.0000      498.907  3.00860e-10      0.00000  8.26136e-12
      19.0000      499.323  2.75872e-10      0.00000  9.57849e-12
      20.0000      499.323  3.09703e-10      0.00000  8.98765e-12
      19.0000      499.740  2.63510e-10      0.00000  1.05428e-11
      20.0000      499.740  2.91550e-10      0.00000  1.05415e-11
      19.0000      500.158  2.63437e-10      0.00000  1.04532e-11
      20.0000      500.158  2.98765e-10      0.00000  1.01297e-11
      19.0000      500.573  2.47822e-10      0.00000  1.07746e-11
      20.0000      500.573  2.85829e-10      0.00000  1.02311e-11
      19.0000      500.992  2.62573e-10      0.00000  1.05346e-11
      20.0000      500.992  2.84991e-10      0.00000  9.22627e-12
      20.0000      501.409  2.90307e-10      0.00000  7.77442e-12
      20.0000      501.827  2.83289e-10      0.00000  7.15362e-12
      20.0000      502.245  2.75139e-10      0.00000  6.91934e-12
      20.0000      502.664  2.85812e-10      0.00000  6.72167e-12
      20.0000      503.081  2.74826e-10      0.00000  6.95827e-12
      20.0000      503.502  2.76925e-10      0.00000  7.06709e-12
      20.0000      503.921  2.72207e-10      0.00000  6.98620e-12
      20.0000      504.342  2.69595e-10      0.00000  7.12815e-12
      20.0000      504.762  2.56937e-10      0.00000  7.18473e-12
      20.0000      505.183  2.59018e-10      0.00000  7.13351e-12
      20.0000      505.605  2.59049e-10      0.00000  6.77680e-12
      20.0000      506.027  2.57417e-10      0.00000  6.50490e-12
      20.0000      506.447  2.54234e-10      0.00000  6.16353e-12
      20.0000      506.871  2.55404e-10      0.00000  5.79800e-12
      20.0000      507.292  2.45678e-10      0.00000  5.27098e-12
      20.0000      507.715  2.43841e-10      0.00000  5.01600e-12
      20.0000      508.138  2.45392e-10      0.00000  4.97100e-12
      20.0000      508.562  2.47352e-10      0.00000  5.23075e-12
      20.0000      508.986  2.49785e-10      0.00000  5.52856e-12
      20.0000      509.411  2.49552e-10      0.00000  5.94474e-12
      20.0000      509.835  2.35784e-10      0.00000  6.11578e-12
      20.0000      510.261  2.43321e-10      0.00000  6.11940e-12
      20.0000      510.686  2.47980e-10      0.00000  6.03416e-12
      20.0000      511.112  2.33868e-10      0.00000  6.10391e-12
      20.0000      511.538  2.29725e-10      0.00000  6.11563e-12
      20.0000      511.965  2.21480e-10      0.00000  6.15992e-12
      20.0000      512.392  2.23791e-10      0.00000  6.13054e-12
      20.0000      512.818  2.28384e-10      0.00000  5.95776e-12
      20.0000      513.244  2.31469e-10      0.00000  5.88859e-12
      20.0000      513.674  2.29088e-10      0.00000  5.27228e-12
      20.0000      514.102  2.22420e-10      0.00000  5.14031e-12
      20.0000      514.530  2.07136e-10      0.00000  5.18184e-12
      20.0000      514.960  2.08319e-10      0.00000  5.52696e-12
      20.0000      515.390  2.06045e-10      0.00000  6.28494e-12
      20.0000      515.818  2.09608e-10      0.00000  6.79706e-12
      20.0000      516.249  2.20246e-10      0.00000  7.38733e-12
      20.0000      516.678  2.77140e-10      0.00000  7.93533e-12
      20.0000      517.109  2.64368e-10      0.00000  7.98439e-12
      20.0000      517.539  1.93319e-10      0.00000  9.01297e-12
      20.0000      517.971  2.27492e-10      0.00000  1.05602e-11
      20.0000      518.403  2.05686e-10      0.00000  1.25323e-11
      20.0000      518.836  1.90765e-10      0.00000  1.59957e-11
      20.0000      519.267  1.70322e-10      2.00000  1.75905e-11
      20.0000      519.702  1.49622e-10      2.00000  1.83142e-11
      20.0000      520.134  1.52008e-10      258.000  2.08757e-11
      20.0000      520.568  1.50880e-10      258.000  2.01381e-11
      20.0000      521.002  1.90880e-10      0.00000  2.23119e-11
      20.0000      521.436  1.29782e-10      0.00000  2.96189e-11
      20.0000      521.872  1.04967e-10      0.00000  3.28835e-11
      20.0000      522.308  1.09915e-10      0.00000  4.05857e-11
      20.0000      522.742  8.77753e-11      0.00000  4.50343e-11
      20.0000      523.177  9.16819e-11      0.00000  4.17875e-11
      20.0000      523.615  1.89976e-10      2.00000  4.56117e-11
      20.0000      524.051  1.99006e-10      2.00000  4.87031e-11
      20.0000      524.488  6.69060e-11      0.00000  4.80629e-11
      20.0000      524.923  1.57949e-11      0.00000  6.16268e-11
      20.0000      525.362 -6.13870e-12      256.000  7.83185e-11
      20.0000      525.801 -5.93196e-11      258.000  8.23539e-11
      20.0000      526.238 -5.99571e-12      258.000  9.05578e-11
      20.0000      526.676  2.27012e-11      259.000  8.31247e-11
