      11.0000      271.534  2.68973e-08      258.000  1.88464e-10
      11.0000      271.761  2.92806e-08      258.000  3.47728e-10
      11.0000      271.987  2.65871e-08      0.00000  1.85557e-10
      11.0000      272.214  2.15578e-08      0.00000  1.51104e-10
      11.0000      272.441  3.03618e-08      256.000  2.42462e-10
      11.0000      272.668  2.51159e-08      258.000  3.18973e-10
      11.0000      272.895  3.23355e-08      258.000  3.52259e-10
      11.0000      273.123  2.85877e-08      258.000  2.05062e-10
      11.0000      273.350  2.78925e-08      258.000  4.92463e-10
      11.0000      273.578  2.31000e-08      258.000  1.47168e-10
      11.0000      273.806  3.32130e-08      258.000  4.22949e-10
      11.0000      274.035  2.91822e-08      258.000  2.00514e-10
      11.0000      274.263  2.49238e-08      256.000  1.60404e-10
      11.0000      274.492  2.51243e-08      0.00000  1.45897e-10
      11.0000      274.721  2.42184e-08      0.00000  1.29234e-10
      11.0000      274.950  2.38353e-08      2.00000  1.37726e-10
      11.0000      275.179  2.83574e-08      2.00000  1.66764e-10
      11.0000      275.409  2.76578e-08      256.000  1.63226e-10
      11.0000      275.638  2.41999e-08      258.000  1.50756e-10
      11.0000      275.867  2.48064e-08      258.000  1.42009e-10
      11.0000      276.097  2.65414e-08      256.000  1.61488e-10
      11.0000      276.328  2.34623e-08      256.000  1.28413e-10
      11.0000      276.558  2.42055e-08      258.000  1.42089e-10
      11.0000      276.789  2.10422e-08      2.00000  1.06126e-10
      11.0000      277.020  2.19249e-08      258.000  1.32176e-10
      11.0000      277.250  2.13359e-08      258.000  1.11667e-10
      11.0000      277.482  2.02011e-08      2.00000  1.05459e-10
      11.0000      277.713  2.07209e-08      2.00000  1.02835e-10
      11.0000      277.945  2.15197e-08      0.00000  1.04007e-10
      11.0000      278.177  2.11204e-08      0.00000  1.10894e-10
      11.0000      278.408  2.20207e-08      0.00000  1.25716e-10
      11.0000      278.640  2.19221e-08      2.00000  1.36378e-10
      11.0000      278.872  2.34779e-08      2.00000  1.43406e-10
      11.0000      279.105  2.37687e-08      2.00000  1.35214e-10
      11.0000      279.337  2.35276e-08      0.00000  1.31667e-10
      11.0000      279.571  2.16292e-08      2.00000  1.07240e-10
      11.0000      279.804  2.16168e-08      2.00000  1.08701e-10
      11.0000      280.037  1.94436e-08      0.00000  8.86515e-11
      11.0000      280.271  2.03430e-08      2.00000  8.89324e-11
      11.0000      280.504  2.10478e-08      2.00000  8.99266e-11
      11.0000      280.738  2.17199e-08      2.00000  9.98607e-11
      11.0000      280.971  1.93368e-08      2.00000  8.95505e-11
      11.0000      281.206  2.09005e-08      2.00000  9.30411e-11
      11.0000      281.440  2.14124e-08      2.00000  9.22204e-11
      11.0000      281.675  1.86589e-08      0.00000  7.76859e-11
      11.0000      281.910  1.83770e-08      256.000  7.91678e-11
      11.0000      282.145  1.98234e-08      258.000  8.41229e-11
      11.0000      282.381  1.90109e-08      2.00000  8.27460e-11
      11.0000      282.616  1.95913e-08      256.000  8.45893e-11
      11.0000      282.851  2.02946e-08      257.000  9.15924e-11
      11.0000      283.087  1.84997e-08      259.000  8.28551e-11
      11.0000      283.323  1.73298e-08      258.000  7.93345e-11
      11.0000      283.559  1.85527e-08      2.00000  8.68988e-11
      11.0000      283.796  1.84983e-08      2.00000  8.24755e-11
      11.0000      284.032  1.84053e-08      2.00000  8.01659e-11
      11.0000      284.269  1.79613e-08      0.00000  7.69451e-11
      11.0000      284.506  1.85725e-08      0.00000  7.82667e-11
      11.0000      284.743  1.73395e-08      0.00000  7.25956e-11
      11.0000      284.981  1.60450e-08      0.00000  6.22184e-11
      11.0000      285.218  1.76304e-08      2.00000  6.96744e-11
      11.0000      285.456  1.79336e-08      2.00000  7.18919e-11
      11.0000      285.694  1.72754e-08      256.000  7.24664e-11
      11.0000      285.932  1.57947e-08      256.000  6.73390e-11
      11.0000      286.171  1.60016e-08      2.00000  6.67033e-11
      11.0000      286.409  1.74217e-08      258.000  7.36666e-11
      11.0000      286.648  1.70647e-08      256.000  7.44239e-11
      11.0000      286.887  1.60785e-08      2.00000  7.37529e-11
      11.0000      287.126  1.55030e-08      2.00000  7.07029e-11
      11.0000      287.365  1.56102e-08      0.00000  6.90630e-11
      11.0000      287.605  1.49075e-08      0.00000  6.61912e-11
      11.0000      287.844  1.70291e-08      0.00000  7.90730e-11
      11.0000      288.085  1.69839e-08      0.00000  8.02926e-11
      11.0000      288.325  1.62966e-08      0.00000  7.84245e-11
      11.0000      288.565  1.57056e-08      0.00000  7.40236e-11
      11.0000      288.806  1.54876e-08      0.00000  7.42156e-11
      11.0000      289.047  1.51848e-08      0.00000  7.64075e-11
      11.0000      289.287  1.55477e-08      0.00000  7.99971e-11
      11.0000      289.529  1.48518e-08      2.00000  7.34695e-11
      11.0000      289.770  1.51764e-08      2.00000  7.54184e-11
      11.0000      290.011  1.48406e-08      258.000  7.39419e-11
      11.0000      290.254  1.44576e-08      0.00000  7.09000e-11
      11.0000      290.495  1.53614e-08      0.00000  7.67770e-11
      11.0000      290.737  1.45601e-08      2.00000  6.96589e-11
      11.0000      290.980  1.43171e-08      2.00000  6.48217e-11
      11.0000      291.223  1.45635e-08      2.00000  6.69212e-11
      11.0000      291.465  1.40149e-08      0.00000  6.69196e-11
      11.0000      291.708  1.43087e-08      2.00000  6.88269e-11
      11.0000      291.951  1.48541e-08      258.000  7.31360e-11
      11.0000      292.195  1.51183e-08      258.000  7.38650e-11
      11.0000      292.439  1.53370e-08      256.000  8.00973e-11
      11.0000      292.683  1.38228e-08      0.00000  7.54293e-11
      11.0000      292.926  1.31002e-08      2.00000  7.11360e-11
      11.0000      293.171  1.40180e-08      2.00000  7.70269e-11
      12.0000      295.377  1.56687e-08      256.000  8.44857e-11
      12.0000      295.624  1.43677e-08      2.00000  7.62078e-11
      12.0000      295.870  1.39684e-08      2.00000  7.76459e-11
      12.0000      296.117  1.37146e-08      2.00000  7.34283e-11
      12.0000      296.364  1.37952e-08      2.00000  7.16469e-11
      12.0000      296.611  1.30718e-08      0.00000  6.68382e-11
      12.0000      296.858  1.28874e-08      0.00000  6.72682e-11
      12.0000      297.105  1.31115e-08      2.00000  7.04841e-11
      12.0000      297.354  1.25766e-08      2.00000  6.32880e-11
      12.0000      297.601  1.32453e-08      0.00000  6.28022e-11
      12.0000      297.850  1.25458e-08      0.00000  5.37140e-11
      12.0000      298.097  1.17273e-08      2.00000  4.74190e-11
      12.0000      298.346  1.28502e-08      2.00000  5.73230e-11
      12.0000      298.595  1.27900e-08      2.00000  5.96748e-11
      12.0000      298.844  1.23446e-08      0.00000  5.63769e-11
      12.0000      299.093  1.22584e-08      2.00000  5.11032e-11
      12.0000      299.342  1.20665e-08      2.00000  4.79398e-11
      12.0000      299.592  1.16535e-08      2.00000  4.73718e-11
      12.0000      299.842  1.14077e-08      0.00000  4.85619e-11
      12.0000      300.091  1.15651e-08      0.00000  5.23295e-11
      12.0000      300.342  1.13155e-08      2.00000  4.96716e-11
      12.0000      300.592  1.12843e-08      2.00000  4.76592e-11
      12.0000      300.843  1.08771e-08      2.00000  4.37951e-11
      12.0000      301.093  1.12748e-08      258.000  6.35967e-11
      12.0000      301.345  1.15347e-08      258.000  3.49323e-10
      12.0000      301.595  1.14888e-08      2.00000  4.21855e-11
      12.0000      301.848  1.13253e-08      2.00000  4.20231e-11
      12.0000      302.099  1.12794e-08      2.00000  4.52722e-11
      12.0000      302.350  1.10260e-08      2.00000  4.50582e-11
      12.0000      302.603  1.05598e-08      0.00000  4.05367e-11
      12.0000      302.855  1.08100e-08      0.00000  3.76062e-11
      12.0000      303.107  1.12489e-08      0.00000  3.92793e-11
      12.0000      303.360  1.07254e-08      2.00000  3.85002e-11
      12.0000      303.614  1.03981e-08      2.00000  3.77455e-11
      12.0000      303.866  1.07380e-08      0.00000  3.95663e-11
      12.0000      304.120  1.08633e-08      0.00000  4.08358e-11
      12.0000      304.373  1.06679e-08      0.00000  4.10381e-11
      12.0000      304.627  1.03002e-08      2.00000  3.97924e-11
      12.0000      304.881  1.02306e-08      2.00000  3.62410e-11
      12.0000      305.135  1.01043e-08      2.00000  3.23216e-11
      12.0000      305.389  1.02365e-08      2.00000  3.18723e-11
      12.0000      305.644  9.94075e-09      2.00000  3.22357e-11
      12.0000      305.899  9.88728e-09      2.00000  3.36732e-11
      12.0000      306.154  9.89858e-09      2.00000  3.34382e-11
      12.0000      306.409  1.01445e-08      0.00000  3.60137e-11
      12.0000      306.665  9.86689e-09      0.00000  3.82315e-11
      12.0000      306.921  9.66762e-09      2.00000  3.99476e-11
      12.0000      307.176  1.00505e-08      2.00000  4.01159e-11
      12.0000      307.432  9.69504e-09      2.00000  3.53356e-11
      12.0000      307.689  9.50457e-09      2.00000  3.21613e-11
      12.0000      307.945  9.65040e-09      256.000  3.18875e-11
      12.0000      308.202  1.00882e-08      256.000  3.38927e-11
      12.0000      308.458  1.06432e-08      2.00000  3.19083e-11
      12.0000      308.715  1.02405e-08      2.00000  2.91121e-11
      12.0000      308.973  9.64997e-09      0.00000  2.87598e-11
      12.0000      309.231  9.51986e-09      2.00000  3.10561e-11
      12.0000      309.488  9.39388e-09      2.00000  3.18461e-11
      12.0000      309.746  9.48764e-09      0.00000  3.26656e-11
      12.0000      310.004  9.32994e-09      0.00000  3.34078e-11
      12.0000      310.263  8.97047e-09      0.00000  3.44103e-11
      12.0000      310.522  8.96722e-09      2.00000  3.55955e-11
      12.0000      310.781  8.91421e-09      2.00000  3.39494e-11
      12.0000      311.040  8.94858e-09      0.00000  3.13035e-11
      12.0000      311.300  9.15809e-09      0.00000  3.13007e-11
      12.0000      311.559  8.93988e-09      0.00000  3.08774e-11
      12.0000      311.819  9.00422e-09      2.00000  3.03361e-11
      12.0000      312.079  9.22940e-09      2.00000  2.91816e-11
      12.0000      312.339  9.09326e-09      1.00000  2.77717e-11
      12.0000      312.599  8.99987e-09      1.00000  2.91592e-11
      12.0000      312.860  8.98366e-09      2.00000  3.04162e-11
      12.0000      313.120  9.06885e-09      2.00000  3.02630e-11
      12.0000      313.381  8.88309e-09      2.00000  2.83463e-11
      12.0000      313.643  8.69279e-09      2.00000  2.78723e-11
      12.0000      313.905  8.66900e-09      0.00000  2.92684e-11
      12.0000      314.166  8.60391e-09      2.00000  3.13872e-11
      12.0000      314.428  8.61768e-09      2.00000  3.24026e-11
      12.0000      314.690  8.62045e-09      2.00000  3.19080e-11
      12.0000      314.953  8.49555e-09      2.00000  3.14981e-11
      12.0000      315.215  8.40345e-09      2.00000  2.99419e-11
      12.0000      315.477  8.57877e-09      2.00000  2.79853e-11
      12.0000      315.740  8.84133e-09      2.00000  2.70804e-11
      12.0000      316.004  8.71716e-09      2.00000  2.78769e-11
      12.0000      316.268  8.57910e-09      0.00000  3.08499e-11
      12.0000      316.531  8.73682e-09      1.00000  3.25419e-11
      12.0000      316.795  8.46917e-09      1.00000  3.00802e-11
      12.0000      317.059  8.23685e-09      2.00000  2.89628e-11
      12.0000      317.323  8.23796e-09      2.00000  3.02254e-11
      12.0000      317.587  8.28508e-09      0.00000  3.12454e-11
      12.0000      317.853  8.39270e-09      0.00000  2.96382e-11
      12.0000      318.118  8.51825e-09      2.00000  3.19248e-11
      12.0000      318.383  7.90713e-09      2.00000  3.63604e-11
      12.0000      318.648  8.01490e-09      0.00000  3.38028e-11
      12.0000      318.914  7.97191e-09      2.00000  3.08033e-11
      13.0000      319.180  7.85279e-09      2.00000  3.34531e-11
      13.0000      319.446  7.93180e-09      2.00000  3.52941e-11
      13.0000      319.713  8.10660e-09      10.0000  4.40279e-11
      13.0000      319.978  7.62571e-09      2.00000  4.45995e-11
      13.0000      320.246  7.50113e-09      2.00000  3.92082e-11
      13.0000      320.513  7.85000e-09      2.00000  3.39487e-11
      13.0000      320.780  7.75325e-09      0.00000  3.20348e-11
      13.0000      321.047  7.58082e-09      2.00000  3.43935e-11
      13.0000      321.315  7.52900e-09      2.00000  3.34752e-11
      13.0000      321.583  7.43003e-09      2.00000  2.83478e-11
      13.0000      321.851  7.61568e-09      0.00000  2.50524e-11
      13.0000      322.119  7.48227e-09      2.00000  2.43100e-11
      13.0000      322.387  7.25374e-09      2.00000  2.50722e-11
      13.0000      322.657  7.29257e-09      2.00000  2.62759e-11
      13.0000      322.925  7.56388e-09      2.00000  2.78279e-11
      13.0000      323.195  7.62194e-09      2.00000  2.94515e-11
      13.0000      323.464  7.33410e-09      0.00000  2.88026e-11
      13.0000      323.734  7.46230e-09      0.00000  2.67537e-11
      13.0000      324.003  7.42026e-09      0.00000  2.32020e-11
      13.0000      324.273  7.34687e-09      0.00000  2.26724e-11
      13.0000      324.544  7.16753e-09      0.00000  2.43103e-11
      13.0000      324.815  7.03336e-09      2.00000  2.49878e-11
      13.0000      325.085  7.24899e-09      2.00000  2.28462e-11
      13.0000      325.357  7.21983e-09      0.00000  2.04657e-11
      13.0000      325.628  7.03584e-09      2.00000  2.01291e-11
      13.0000      325.900  6.74941e-09      2.00000  2.02604e-11
      13.0000      326.171  6.79104e-09      2.00000  2.04913e-11
      13.0000      326.443  6.98548e-09      2.00000  2.15599e-11
      13.0000      326.715  6.95005e-09      0.00000  2.42631e-11
      13.0000      326.988  6.73026e-09      0.00000  2.73379e-11
      13.0000      327.259  6.82306e-09      0.00000  2.65041e-11
      13.0000      327.533  7.10972e-09      0.00000  2.19063e-11
      13.0000      327.805  6.98307e-09      2.00000  1.92984e-11
      13.0000      328.079  6.69726e-09      0.00000  1.82142e-11
      13.0000      328.352  6.62268e-09      2.00000  1.76595e-11
      13.0000      328.626  6.67356e-09      2.00000  1.70149e-11
      13.0000      328.900  6.67840e-09      2.00000  1.77546e-11
      13.0000      329.175  6.59647e-09      0.00000  2.10236e-11
      13.0000      329.449  6.48296e-09      2.00000  2.42171e-11
      13.0000      329.724  6.53888e-09      2.00000  2.32160e-11
      13.0000      329.998  6.61567e-09      2.00000  2.14318e-11
      13.0000      330.274  6.58449e-09      0.00000  2.09243e-11
      13.0000      330.549  6.46899e-09      2.00000  2.06411e-11
      13.0000      330.825  6.50248e-09      2.00000  1.86517e-11
      13.0000      331.101  6.68640e-09      2.00000  1.67181e-11
      13.0000      331.376  6.72128e-09      2.00000  1.66411e-11
      13.0000      331.653  6.55411e-09      2.00000  1.76119e-11
      13.0000      331.929  6.43510e-09      2.00000  1.87051e-11
      13.0000      332.206  6.48864e-09      2.00000  1.86272e-11
      13.0000      332.483  6.51343e-09      2.00000  2.00394e-11
      13.0000      332.760  6.34204e-09      2.00000  2.25249e-11
      13.0000      333.037  6.25766e-09      2.00000  2.35065e-11
      13.0000      333.316  6.34929e-09      2.00000  2.20074e-11
      13.0000      333.592  6.47258e-09      2.00000  2.04059e-11
      13.0000      333.871  6.31246e-09      2.00000  1.93599e-11
      13.0000      334.150  6.24504e-09      0.00000  1.90658e-11
      13.0000      334.428  6.30080e-09      0.00000  1.71364e-11
      13.0000      334.707  6.34106e-09      0.00000  1.52285e-11
      13.0000      334.986  6.30570e-09      2.00000  1.52309e-11
      13.0000      335.264  6.17806e-09      2.00000  1.63036e-11
      13.0000      335.545  6.08725e-09      0.00000  1.66197e-11
      13.0000      335.824  6.08487e-09      0.00000  1.66894e-11
      13.0000      336.104  6.06191e-09      0.00000  1.80165e-11
      13.0000      336.384  6.11953e-09      0.00000  2.11464e-11
      13.0000      336.665  6.09847e-09      2.00000  2.21329e-11
      13.0000      336.945  6.18327e-09      2.00000  2.13471e-11
      13.0000      337.226  6.20645e-09      2.00000  2.11914e-11
      13.0000      337.507  6.66718e-09      0.00000  2.44539e-11
      13.0000      337.789  6.03430e-09      0.00000  2.17564e-11
      13.0000      338.071  6.25441e-09      0.00000  2.05350e-11
      13.0000      338.352  6.33051e-09      2.00000  1.95238e-11
      13.0000      338.634  6.06751e-09      2.00000  1.99474e-11
      13.0000      338.916  5.82254e-09      2.00000  2.06528e-11
      13.0000      339.199  5.87865e-09      0.00000  2.08379e-11
      13.0000      339.482  5.87947e-09      0.00000  2.02528e-11
      13.0000      339.765  5.79955e-09      0.00000  2.13470e-11
      13.0000      340.048  5.81782e-09      0.00000  2.46890e-11
      13.0000      340.332  5.87838e-09      0.00000  2.21167e-11
      13.0000      340.616  5.97986e-09      2.00000  2.05821e-11
      13.0000      340.899  5.85012e-09      2.00000  2.01626e-11
      13.0000      341.184  5.73389e-09      0.00000  2.03071e-11
      13.0000      341.468  5.69876e-09      2.00000  1.93052e-11
      13.0000      341.753  5.68821e-09      2.00000  1.75316e-11
      13.0000      342.038  5.57259e-09      2.00000  1.74596e-11
      13.0000      342.323  5.45394e-09      0.00000  1.88909e-11
      13.0000      342.608  5.53045e-09      0.00000  2.03067e-11
      13.0000      342.894  5.63710e-09      0.00000  2.01100e-11
      13.0000      343.180  5.64404e-09      2.00000  2.05606e-11
      14.0000      343.180  5.56091e-09      2.00000  2.83155e-11
      13.0000      343.466  5.61054e-09      2.00000  2.24507e-11
      14.0000      343.466  5.47102e-09      2.00000  3.21170e-11
      13.0000      343.752  5.62215e-09      0.00000  2.28524e-11
      14.0000      343.752  5.33480e-09      2.00000  3.03469e-11
      13.0000      344.039  5.71037e-09      2.00000  2.13431e-11
      14.0000      344.039  5.52218e-09      0.00000  2.49671e-11
      13.0000      344.325  5.73809e-09      2.00000  2.09677e-11
      14.0000      344.325  5.55554e-09      2.00000  2.26229e-11
      13.0000      344.612  5.62119e-09      0.00000  2.22478e-11
      14.0000      344.612  5.52407e-09      2.00000  2.47404e-11
      14.0000      344.900  5.27975e-09      2.00000  2.64892e-11
      14.0000      345.187  5.25902e-09      258.000  2.47369e-11
      14.0000      345.476  5.33763e-09      258.000  2.14005e-11
      14.0000      345.764  5.19404e-09      0.00000  2.10709e-11
      14.0000      346.052  5.12243e-09      0.00000  2.12270e-11
      14.0000      346.340  5.26026e-09      0.00000  2.12094e-11
      14.0000      346.629  5.35918e-09      2.00000  2.34544e-11
      14.0000      346.917  5.22826e-09      2.00000  2.58211e-11
      14.0000      347.207  5.09315e-09      0.00000  2.48524e-11
      14.0000      347.496  5.21559e-09      2.00000  2.06336e-11
      14.0000      347.786  5.32685e-09      2.00000  1.79692e-11
      14.0000      348.077  5.15480e-09      0.00000  1.80545e-11
      14.0000      348.367  4.99499e-09      0.00000  1.93206e-11
      14.0000      348.657  5.03784e-09      0.00000  1.97018e-11
      14.0000      348.948  5.08494e-09      0.00000  2.04196e-11
      14.0000      349.239  4.93928e-09      2.00000  2.14122e-11
      14.0000      349.529  4.92656e-09      2.00000  2.31165e-11
      14.0000      349.820  5.11166e-09      2.00000  2.15642e-11
      14.0000      350.112  5.15040e-09      258.000  2.04378e-11
      14.0000      350.404  5.12105e-09      258.000  2.10783e-11
      14.0000      350.696  5.16306e-09      0.00000  2.26072e-11
      14.0000      350.989  5.26931e-09      0.00000  2.21093e-11
      14.0000      351.281  5.23547e-09      0.00000  2.00338e-11
      14.0000      351.574  5.09563e-09      0.00000  1.90411e-11
      14.0000      351.867  4.88740e-09      2.00000  1.85166e-11
      14.0000      352.161  4.74299e-09      2.00000  1.70198e-11
      14.0000      352.454  4.72012e-09      2.00000  1.55115e-11
      14.0000      352.749  4.72272e-09      0.00000  1.60022e-11
      14.0000      353.043  4.59370e-09      2.00000  1.75648e-11
      14.0000      353.337  4.53572e-09      2.00000  1.76808e-11
      14.0000      353.632  4.70505e-09      2.00000  1.76555e-11
      14.0000      353.926  4.74683e-09      2.00000  1.85230e-11
      14.0000      354.221  5.09013e-09      2.00000  2.00615e-11
      14.0000      354.517  4.90953e-09      0.00000  1.77341e-11
      14.0000      354.812  4.63981e-09      2.00000  1.45930e-11
      14.0000      355.107  4.63699e-09      0.00000  1.40793e-11
      14.0000      355.404  4.54207e-09      0.00000  1.46098e-11
      14.0000      355.700  4.55972e-09      0.00000  1.46171e-11
      14.0000      355.996  4.59363e-09      0.00000  1.42366e-11
      14.0000      356.294  4.58665e-09      2.00000  1.53788e-11
      14.0000      356.590  4.52297e-09      2.00000  1.73680e-11
      14.0000      356.888  4.53135e-09      0.00000  1.76629e-11
      14.0000      357.185  4.71506e-09      0.00000  1.72421e-11
      14.0000      357.482  4.68650e-09      0.00000  1.73286e-11
      14.0000      357.780  4.46316e-09      10.0000  1.79027e-11
      14.0000      358.079  4.47053e-09      10.0000  1.63447e-11
      14.0000      358.378  4.50374e-09      2.00000  1.45735e-11
      14.0000      358.676  4.43449e-09      0.00000  1.39382e-11
      14.0000      358.976  4.29813e-09      0.00000  1.42996e-11
      14.0000      359.275  4.35250e-09      0.00000  1.40471e-11
      14.0000      359.575  4.40269e-09      0.00000  1.32876e-11
      14.0000      359.874  4.33859e-09      0.00000  1.36565e-11
      14.0000      360.175  4.27048e-09      0.00000  1.44117e-11
      14.0000      360.475  4.30805e-09      0.00000  1.38940e-11
      14.0000      360.775  4.34511e-09      0.00000  1.34226e-11
      14.0000      361.076  4.26268e-09      0.00000  1.42223e-11
      14.0000      361.377  4.12421e-09      0.00000  1.50946e-11
      14.0000      361.678  4.17533e-09      0.00000  1.50198e-11
      14.0000      361.979  4.25306e-09      0.00000  1.51183e-11
      14.0000      362.282  4.19614e-09      2.00000  1.66389e-11
      14.0000      362.583  4.10721e-09      2.00000  1.80281e-11
      14.0000      362.886  4.12964e-09      2.00000  1.74431e-11
      14.0000      363.189  4.18467e-09      0.00000  1.64331e-11
      14.0000      363.491  4.12100e-09      0.00000  1.70900e-11
      14.0000      363.794  4.05128e-09      0.00000  1.73138e-11
      14.0000      364.097  4.09257e-09      0.00000  1.58500e-11
      14.0000      364.401  4.08623e-09      0.00000  1.48299e-11
      14.0000      364.704  4.04728e-09      0.00000  1.54093e-11
      14.0000      365.009  3.99788e-09      2.00000  1.58478e-11
      14.0000      365.313  3.98112e-09      2.00000  1.47922e-11
      14.0000      365.617  4.01511e-09      0.00000  1.43449e-11
      14.0000      365.922  3.88798e-09      2.00000  1.50816e-11
      14.0000      366.228  3.90488e-09      2.00000  1.56092e-11
      14.0000      366.533  3.99059e-09      2.00000  1.49431e-11
      14.0000      366.838  4.02305e-09      0.00000  1.45525e-11
      14.0000      367.144  3.92670e-09      2.00000  1.52709e-11
      15.0000      367.144  3.82295e-09      0.00000  2.38248e-11
      14.0000      367.450  3.88307e-09      2.00000  1.55568e-11
      15.0000      367.450  3.75684e-09      2.00000  2.44507e-11
      14.0000      367.757  3.95415e-09      0.00000  1.46547e-11
      15.0000      367.757  3.73875e-09      2.00000  2.48563e-11
      14.0000      368.062  3.90182e-09      0.00000  1.43984e-11
      15.0000      368.062  3.84526e-09      2.00000  2.39410e-11
      14.0000      368.370  3.77675e-09      2.00000  1.52357e-11
      15.0000      368.370  3.71582e-09      0.00000  2.27861e-11
      14.0000      368.677  3.78946e-09      2.00000  1.57895e-11
      15.0000      368.677  3.64532e-09      0.00000  2.03326e-11
      14.0000      368.985  3.81064e-09      2.00000  1.49552e-11
      15.0000      368.985  3.68662e-09      0.00000  1.83077e-11
      14.0000      369.293  3.77709e-09      10.0000  1.51587e-11
      15.0000      369.293  3.70136e-09      0.00000  1.95952e-11
      14.0000      369.600  3.73434e-09      10.0000  1.68690e-11
      15.0000      369.600  3.59640e-09      2.00000  2.26259e-11
      14.0000      369.909  3.72631e-09      2.00000  1.69078e-11
      15.0000      369.909  3.58384e-09      2.00000  2.15616e-11
      14.0000      370.217  3.76338e-09      2.00000  1.61990e-11
      15.0000      370.217  3.62417e-09      0.00000  1.81097e-11
      14.0000      370.525  3.74021e-09      2.00000  1.64000e-11
      15.0000      370.525  3.61864e-09      0.00000  1.67872e-11
      15.0000      370.835  3.53390e-09      0.00000  1.70768e-11
      15.0000      371.143  3.54542e-09      2.00000  1.67883e-11
      15.0000      371.453  3.69434e-09      2.00000  1.78436e-11
      15.0000      371.762  3.57100e-09      2.00000  1.88451e-11
      15.0000      372.072  3.42983e-09      2.00000  1.84912e-11
      15.0000      372.383  3.44314e-09      0.00000  1.55685e-11
      15.0000      372.692  3.48106e-09      0.00000  1.36743e-11
      15.0000      373.003  3.43200e-09      0.00000  1.41308e-11
      15.0000      373.314  3.37008e-09      0.00000  1.49027e-11
      15.0000      373.626  3.42780e-09      2.00000  1.50754e-11
      15.0000      373.937  3.43150e-09      258.000  1.59083e-11
      15.0000      374.249  3.35525e-09      256.000  1.64252e-11
      15.0000      374.561  3.34635e-09      2.00000  1.51916e-11
      15.0000      374.873  3.38652e-09      0.00000  1.30795e-11
      15.0000      375.185  3.36998e-09      0.00000  1.22867e-11
      15.0000      375.498  3.29673e-09      0.00000  1.28348e-11
      15.0000      375.811  3.29723e-09      0.00000  1.29186e-11
      15.0000      376.125  3.36123e-09      0.00000  1.30426e-11
      15.0000      376.438  3.32497e-09      0.00000  1.42897e-11
      15.0000      376.753  3.19193e-09      0.00000  1.51073e-11
      15.0000      377.067  3.19597e-09      0.00000  1.36011e-11
      15.0000      377.381  3.26850e-09      0.00000  1.20922e-11
      15.0000      377.695  3.20074e-09      0.00000  1.19012e-11
      15.0000      378.010  3.12518e-09      0.00000  1.18546e-11
      15.0000      378.325  3.17622e-09      0.00000  1.11460e-11
      15.0000      378.640  3.20943e-09      0.00000  1.12267e-11
      15.0000      378.956  3.11600e-09      0.00000  1.22916e-11
      15.0000      379.272  3.05707e-09      0.00000  1.29254e-11
      15.0000      379.589  3.14352e-09      0.00000  1.27075e-11
      15.0000      379.905  3.11654e-09      0.00000  1.26911e-11
      15.0000      380.222  2.99775e-09      0.00000  1.28204e-11
      15.0000      380.539  3.01459e-09      0.00000  1.20618e-11
      15.0000      380.855  3.09957e-09      0.00000  1.08908e-11
      15.0000      381.173  3.01505e-09      0.00000  1.06087e-11
      15.0000      381.492  2.92806e-09      0.00000  1.07785e-11
      15.0000      381.809  2.96025e-09      0.00000  1.01514e-11
      15.0000      382.127  3.00843e-09      0.00000  9.79425e-12
      15.0000      382.446  2.93251e-09      0.00000  1.04492e-11
      15.0000      382.765  2.88586e-09      0.00000  1.10371e-11
      15.0000      383.085  2.91696e-09      0.00000  1.08482e-11
      15.0000      383.403  2.90803e-09      0.00000  1.15105e-11
      15.0000      383.723  2.81920e-09      0.00000  1.31263e-11
      15.0000      384.044  2.80704e-09      0.00000  1.35818e-11
      15.0000      384.363  2.84632e-09      0.00000  1.20599e-11
      15.0000      384.683  2.82749e-09      0.00000  1.17646e-11
      15.0000      385.005  2.76579e-09      0.00000  1.18193e-11
      15.0000      385.325  2.78264e-09      0.00000  1.07651e-11
      15.0000      385.646  2.84911e-09      0.00000  9.63218e-12
      15.0000      385.968  2.74073e-09      0.00000  9.30948e-12
      15.0000      386.290  2.65223e-09      0.00000  9.44825e-12
      15.0000      386.612  2.70346e-09      0.00000  9.11586e-12
      15.0000      386.934  2.70063e-09      0.00000  9.10211e-12
      15.0000      387.256  2.61639e-09      0.00000  9.83925e-12
      15.0000      387.580  2.60074e-09      0.00000  1.01284e-11
      15.0000      387.902  2.68700e-09      0.00000  9.80756e-12
      15.0000      388.226  2.66263e-09      0.00000  9.98714e-12
      15.0000      388.550  2.56582e-09      0.00000  1.04026e-11
      15.0000      388.874  2.57843e-09      0.00000  9.92984e-12
      15.0000      389.197  2.62957e-09      0.00000  9.57748e-12
      15.0000      389.522  2.54303e-09      0.00000  1.02588e-11
      15.0000      389.847  2.47971e-09      0.00000  1.10439e-11
      15.0000      390.172  2.53070e-09      0.00000  1.10240e-11
      15.0000      390.497  2.52356e-09      0.00000  1.14067e-11
      15.0000      390.823  2.44749e-09      0.00000  1.30461e-11
      15.0000      391.149  2.45134e-09      0.00000  1.31548e-11
      16.0000      391.149  2.38569e-09      2.00000  2.52690e-11
      15.0000      391.475  2.52207e-09      0.00000  1.23213e-11
      16.0000      391.475  2.41939e-09      0.00000  2.03874e-11
      15.0000      391.802  2.50442e-09      0.00000  1.25851e-11
      16.0000      391.802  2.41484e-09      2.00000  1.87731e-11
      15.0000      392.128  2.41488e-09      0.00000  1.32937e-11
      16.0000      392.128  2.33895e-09      2.00000  2.01413e-11
      15.0000      392.455  2.42730e-09      0.00000  1.25757e-11
      16.0000      392.455  2.32910e-09      2.00000  1.94454e-11
      15.0000      392.782  2.46801e-09      0.00000  1.18782e-11
      16.0000      392.782  2.42672e-09      0.00000  1.78637e-11
      15.0000      393.110  2.38275e-09      0.00000  1.27990e-11
      16.0000      393.110  2.35219e-09      0.00000  1.63365e-11
      15.0000      393.437  2.32593e-09      0.00000  1.40650e-11
      16.0000      393.437  2.27537e-09      0.00000  1.59714e-11
      15.0000      393.766  2.38346e-09      0.00000  1.37343e-11
      16.0000      393.766  2.30944e-09      0.00000  1.49775e-11
      15.0000      394.093  2.43131e-09      0.00000  1.42097e-11
      16.0000      394.093  2.34808e-09      0.00000  1.58226e-11
      15.0000      394.421  2.39542e-09      2.00000  1.58404e-11
      16.0000      394.421  2.29073e-09      2.00000  1.89709e-11
      15.0000      394.751  2.32474e-09      2.00000  1.64038e-11
      16.0000      394.751  2.20463e-09      2.00000  1.82492e-11
      15.0000      395.080  2.41333e-09      0.00000  1.40550e-11
      16.0000      395.080  2.27882e-09      2.00000  1.48581e-11
      15.0000      395.409  2.39689e-09      0.00000  1.41693e-11
      16.0000      395.409  2.27545e-09      0.00000  1.30222e-11
      15.0000      395.739  2.30837e-09      0.00000  1.43450e-11
      16.0000      395.739  2.19855e-09      0.00000  1.23656e-11
      15.0000      396.069  2.33659e-09      0.00000  1.33028e-11
      16.0000      396.069  2.22081e-09      0.00000  1.15909e-11
      15.0000      396.399  2.32811e-09      0.00000  1.30277e-11
      16.0000      396.399  2.25632e-09      0.00000  1.20672e-11
      16.0000      396.729  2.15418e-09      2.00000  1.47755e-11
      16.0000      397.060  2.11069e-09      2.00000  1.68270e-11
      16.0000      397.392  2.10238e-09      0.00000  1.30866e-11
      16.0000      397.722  2.17196e-09      0.00000  1.18712e-11
      16.0000      398.054  2.11201e-09      0.00000  1.17079e-11
      16.0000      398.386  2.10275e-09      0.00000  1.08060e-11
      16.0000      398.718  2.17184e-09      0.00000  1.05053e-11
      16.0000      399.050  2.10516e-09      0.00000  1.14564e-11
      16.0000      399.383  2.04429e-09      0.00000  1.22740e-11
      16.0000      399.717  2.06038e-09      0.00000  1.11157e-11
      16.0000      400.050  2.06801e-09      0.00000  1.03524e-11
      16.0000      400.383  1.98731e-09      0.00000  1.05726e-11
      16.0000      400.716  1.99629e-09      0.00000  1.03223e-11
      16.0000      401.051  2.03470e-09      0.00000  9.68847e-12
      16.0000      401.386  2.00228e-09      0.00000  1.01352e-11
      16.0000      401.719  1.95429e-09      0.00000  1.05438e-11
      16.0000      402.055  1.98659e-09      0.00000  1.02242e-11
      16.0000      402.390  2.00432e-09      0.00000  1.03388e-11
      16.0000      402.726  1.91175e-09      0.00000  1.04268e-11
      16.0000      403.062  1.90244e-09      0.00000  9.77660e-12
      16.0000      403.397  1.93281e-09      0.00000  8.88346e-12
      16.0000      403.734  1.89910e-09      0.00000  9.24783e-12
      16.0000      404.070  1.85118e-09      0.00000  9.65750e-12
      16.0000      404.406  1.88941e-09      0.00000  8.89026e-12
      16.0000      404.744  1.90057e-09      0.00000  8.70055e-12
      16.0000      405.081  1.84542e-09      0.00000  9.24248e-12
      16.0000      405.420  1.83706e-09      0.00000  9.22569e-12
      16.0000      405.757  1.87576e-09      0.00000  9.13409e-12
      16.0000      406.095  1.82443e-09      0.00000  9.93606e-12
      16.0000      406.435  1.76189e-09      0.00000  1.02544e-11
      16.0000      406.774  1.77949e-09      0.00000  9.46330e-12
      16.0000      407.111  1.80372e-09      0.00000  8.98750e-12
      16.0000      407.451  1.72256e-09      0.00000  9.10240e-12
      16.0000      407.790  1.73425e-09      0.00000  8.69780e-12
      16.0000      408.132  1.78653e-09      0.00000  7.74967e-12
      16.0000      408.472  1.74421e-09      0.00000  7.58601e-12
      16.0000      408.812  1.70596e-09      0.00000  7.63564e-12
      16.0000      409.152  1.73819e-09      0.00000  7.40093e-12
      16.0000      409.494  1.72380e-09      0.00000  7.92781e-12
      16.0000      409.834  1.64490e-09      0.00000  9.10023e-12
      16.0000      410.177  1.64505e-09      0.00000  9.32713e-12
      16.0000      410.519  1.68639e-09      0.00000  9.62364e-12
      16.0000      410.862  1.65209e-09      0.00000  1.07564e-11
      16.0000      411.203  1.61345e-09      0.00000  1.11124e-11
      16.0000      411.546  1.67765e-09      0.00000  1.00016e-11
      16.0000      411.889  1.68233e-09      0.00000  9.37821e-12
      16.0000      412.233  1.58894e-09      0.00000  9.47748e-12
      16.0000      412.577  1.58248e-09      0.00000  8.99416e-12
      16.0000      412.919  1.60596e-09      0.00000  8.36483e-12
      16.0000      413.264  1.57675e-09      0.00000  8.76060e-12
      16.0000      413.609  1.55148e-09      0.00000  9.57863e-12
      16.0000      413.954  1.58575e-09      0.00000  8.84627e-12
      16.0000      414.298  1.59433e-09      0.00000  8.50114e-12
      16.0000      414.644  1.53821e-09      0.00000  8.65250e-12
      16.0000      414.989  1.56208e-09      0.00000  8.13127e-12
      16.0000      415.336  1.56860e-09      0.00000  7.41091e-12
      17.0000      415.336  1.54416e-09      0.00000  2.09664e-11
      16.0000      415.683  1.51038e-09      0.00000  7.60149e-12
      17.0000      415.683  1.43732e-09      2.00000  2.02638e-11
      16.0000      416.029  1.48005e-09      0.00000  7.98396e-12
      17.0000      416.029  1.32016e-09      2.00000  2.05214e-11
      16.0000      416.375  1.50818e-09      0.00000  7.89568e-12
      17.0000      416.375  1.43429e-09      2.00000  2.32641e-11
      16.0000      416.722  1.48563e-09      0.00000  8.25297e-12
      17.0000      416.722  1.44277e-09      2.00000  2.18085e-11
      16.0000      417.070  1.43647e-09      0.00000  8.81921e-12
      17.0000      417.070  1.39819e-09      2.00000  2.23138e-11
      16.0000      417.418  1.48185e-09      0.00000  8.64903e-12
      17.0000      417.418  1.38768e-09      258.000  1.89039e-11
      16.0000      417.767  1.51055e-09      0.00000  8.46815e-12
      17.0000      417.767  1.41290e-09      258.000  1.61219e-11
      16.0000      418.114  1.48341e-09      0.00000  8.64701e-12
      17.0000      418.114  1.40932e-09      2.00000  1.66372e-11
      16.0000      418.463  1.47824e-09      0.00000  8.27149e-12
      17.0000      418.463  1.43574e-09      2.00000  1.68741e-11
      16.0000      418.811  1.48764e-09      0.00000  7.93707e-12
      17.0000      418.811  1.42972e-09      2.00000  1.56459e-11
      16.0000      419.161  1.41391e-09      0.00000  8.28741e-12
      17.0000      419.161  1.41321e-09      2.00000  1.57464e-11
      16.0000      419.511  1.38408e-09      0.00000  8.78390e-12
      17.0000      419.511  1.33748e-09      0.00000  1.42905e-11
      16.0000      419.859  1.43827e-09      0.00000  8.93541e-12
      17.0000      419.859  1.37631e-09      0.00000  1.29279e-11
      16.0000      420.210  1.40716e-09      0.00000  9.18474e-12
      17.0000      420.210  1.35471e-09      0.00000  1.28296e-11
      16.0000      420.560  1.35002e-09      0.00000  9.67414e-12
      17.0000      420.560  1.31346e-09      0.00000  1.43140e-11
      16.0000      420.911  1.37233e-09      0.00000  9.59499e-12
      17.0000      420.911  1.26983e-09      0.00000  1.42533e-11
      16.0000      421.262  1.37258e-09      0.00000  9.12874e-12
      17.0000      421.262  1.36580e-09      0.00000  1.36235e-11
      16.0000      421.614  1.31823e-09      0.00000  9.18054e-12
      17.0000      421.614  1.28847e-09      0.00000  1.28053e-11
      16.0000      421.964  1.30259e-09      0.00000  9.28922e-12
      17.0000      421.964  1.28554e-09      0.00000  1.11368e-11
      16.0000      422.317  1.31264e-09      0.00000  9.04814e-12
      17.0000      422.317  1.31432e-09      0.00000  9.59542e-12
      17.0000      422.669  1.28305e-09      0.00000  9.86385e-12
      17.0000      423.021  1.23028e-09      0.00000  1.08118e-11
      17.0000      423.374  1.26896e-09      0.00000  1.11086e-11
      17.0000      423.727  1.27303e-09      0.00000  1.20207e-11
      17.0000      424.079  1.23502e-09      0.00000  1.24695e-11
      17.0000      424.434  1.22675e-09      0.00000  1.05548e-11
      17.0000      424.787  1.26082e-09      0.00000  8.85553e-12
      17.0000      425.141  1.22284e-09      0.00000  8.59983e-12
      17.0000      425.496  1.18796e-09      0.00000  8.42488e-12
      17.0000      425.851  1.21795e-09      0.00000  8.22272e-12
      17.0000      426.205  1.18958e-09      0.00000  9.19921e-12
      17.0000      426.561  1.16560e-09      0.00000  1.04093e-11
      17.0000      426.916  1.18262e-09      0.00000  1.03110e-11
      17.0000      427.272  1.20650e-09      0.00000  9.73926e-12
      17.0000      427.628  1.15504e-09      0.00000  9.21687e-12
      17.0000      427.985  1.15109e-09      0.00000  8.13387e-12
      17.0000      428.343  1.17747e-09      0.00000  7.10312e-12
      17.0000      428.699  1.14308e-09      0.00000  7.19052e-12
      17.0000      429.056  1.11289e-09      0.00000  7.25347e-12
      17.0000      429.415  1.13321e-09      0.00000  7.15435e-12
      17.0000      429.771  1.12141e-09      0.00000  7.88223e-12
      17.0000      430.130  1.08541e-09      0.00000  8.64136e-12
      17.0000      430.489  1.12107e-09      0.00000  8.56539e-12
      17.0000      430.847  1.13797e-09      0.00000  8.62863e-12
      17.0000      431.207  1.09038e-09      0.00000  9.08040e-12
      17.0000      431.566  1.07316e-09      0.00000  7.82232e-12
      17.0000      431.926  1.10085e-09      0.00000  6.95639e-12
      17.0000      432.287  1.06362e-09      0.00000  6.92470e-12
      17.0000      432.646  1.04327e-09      0.00000  6.85466e-12
      17.0000      433.007  1.05543e-09      0.00000  6.41590e-12
      17.0000      433.368  1.04770e-09      0.00000  6.47118e-12
      17.0000      433.730  1.02636e-09      0.00000  6.54773e-12
      17.0000      434.092  1.03995e-09      0.00000  6.30014e-12
      17.0000      434.452  1.02911e-09      0.00000  6.41431e-12
      17.0000      434.815  9.99711e-10      0.00000  6.84409e-12
      17.0000      435.178  1.00909e-09      0.00000  6.77319e-12
      17.0000      435.540  1.01145e-09      0.00000  7.06333e-12
      17.0000      435.905  9.88954e-10      0.00000  7.99828e-12
      17.0000      436.268  9.86335e-10      0.00000  8.21346e-12
      17.0000      436.630  1.01232e-09      0.00000  8.05616e-12
      17.0000      436.994  9.60948e-10      0.00000  8.13706e-12
      17.0000      437.359  9.40755e-10      0.00000  8.47365e-12
      17.0000      437.723  9.81238e-10      0.00000  6.98388e-12
      17.0000      438.089  9.43599e-10      0.00000  6.91732e-12
      17.0000      438.454  9.24423e-10      0.00000  6.98157e-12
      17.0000      438.820  9.36860e-10      0.00000  6.55381e-12
      17.0000      439.186  9.35935e-10      0.00000  6.51705e-12
      17.0000      439.551  9.04411e-10      0.00000  6.63991e-12
      18.0000      439.551  8.85394e-10      0.00000  2.60357e-11
      17.0000      439.918  9.17045e-10      0.00000  6.37076e-12
      18.0000      439.918  9.34763e-10      0.00000  2.20445e-11
      17.0000      440.284  9.30272e-10      0.00000  6.08293e-12
      18.0000      440.284  9.63317e-10      0.00000  2.15457e-11
      17.0000      440.651  8.99975e-10      0.00000  6.19276e-12
      18.0000      440.651  1.00987e-09      0.00000  2.50726e-11
      17.0000      441.018  8.95797e-10      0.00000  6.07454e-12
      18.0000      441.018  8.98270e-10      0.00000  2.17564e-11
      17.0000      441.386  8.96818e-10      0.00000  6.00030e-12
      18.0000      441.386  8.94192e-10      2.00000  1.73361e-11
      17.0000      441.755  8.79722e-10      0.00000  6.31244e-12
      18.0000      441.755  8.95075e-10      2.00000  1.66686e-11
      17.0000      442.124  8.79172e-10      0.00000  6.37379e-12
      18.0000      442.124  8.41435e-10      2.00000  1.56328e-11
      17.0000      442.492  8.81515e-10      0.00000  6.24153e-12
      18.0000      442.492  8.69320e-10      2.00000  1.52575e-11
      17.0000      442.860  8.61263e-10      0.00000  6.43515e-12
      18.0000      442.860  8.37653e-10      2.00000  1.70917e-11
      17.0000      443.229  8.59091e-10      0.00000  6.45353e-12
      18.0000      443.229  8.20248e-10      2.00000  1.64038e-11
      17.0000      443.599  8.77410e-10      0.00000  6.22069e-12
      18.0000      443.599  8.49106e-10      0.00000  1.32434e-11
      17.0000      443.969  8.57382e-10      0.00000  6.35064e-12
      18.0000      443.969  8.09581e-10      0.00000  1.16300e-11
      17.0000      444.340  8.34063e-10      0.00000  6.49969e-12
      18.0000      444.340  7.87751e-10      0.00000  1.11448e-11
      17.0000      444.709  8.47814e-10      0.00000  6.42864e-12
      18.0000      444.709  8.06864e-10      0.00000  1.06104e-11
      17.0000      445.079  8.23187e-10      0.00000  6.68419e-12
      18.0000      445.079  8.13461e-10      0.00000  1.14815e-11
      17.0000      445.452  7.99412e-10      0.00000  7.13090e-12
      18.0000      445.452  7.77785e-10      0.00000  1.32884e-11
      17.0000      445.824  8.23314e-10      0.00000  7.07432e-12
      18.0000      445.824  7.67284e-10      0.00000  1.21669e-11
      17.0000      446.194  8.24254e-10      0.00000  6.96927e-12
      18.0000      446.194  7.98749e-10      0.00000  1.02700e-11
      17.0000      446.566  8.05036e-10      0.00000  7.19414e-12
      18.0000      446.566  7.68089e-10      0.00000  9.50310e-12
      17.0000      446.939  8.07117e-10      0.00000  7.21917e-12
      18.0000      446.939  7.85677e-10      0.00000  8.42271e-12
      17.0000      447.311  8.12769e-10      0.00000  7.05768e-12
      18.0000      447.311  7.88753e-10      0.00000  8.09032e-12
      17.0000      447.684  7.95570e-10      0.00000  7.32032e-12
      18.0000      447.684  7.71587e-10      0.00000  8.94814e-12
      17.0000      448.057  7.90046e-10      0.00000  7.58181e-12
      18.0000      448.057  7.73689e-10      0.00000  9.34204e-12
      17.0000      448.431  7.77991e-10      0.00000  7.78831e-12
      18.0000      448.431  7.62366e-10      0.00000  9.71046e-12
      18.0000      448.805  7.40868e-10      0.00000  9.82536e-12
      18.0000      449.180  7.25063e-10      0.00000  8.44890e-12
      18.0000      449.553  7.34881e-10      0.00000  7.14537e-12
      18.0000      449.928  7.35045e-10      0.00000  6.71371e-12
      18.0000      450.302  7.19675e-10      0.00000  6.48985e-12
      18.0000      450.678  7.47833e-10      0.00000  6.73542e-12
      18.0000      451.054  7.21732e-10      0.00000  7.36055e-12
      18.0000      451.431  6.91395e-10      0.00000  8.17150e-12
      18.0000      451.806  7.18377e-10      0.00000  8.56337e-12
      18.0000      452.184  7.16493e-10      0.00000  8.14299e-12
      18.0000      452.560  6.92482e-10      0.00000  7.63130e-12
      18.0000      452.938  7.10963e-10      0.00000  6.33848e-12
      18.0000      453.315  6.89114e-10      0.00000  5.86167e-12
      18.0000      453.694  6.72208e-10      0.00000  5.88237e-12
      18.0000      454.071  6.82272e-10      0.00000  5.75662e-12
      18.0000      454.450  6.81098e-10      0.00000  6.18495e-12
      18.0000      454.829  6.56894e-10      0.00000  6.97983e-12
      18.0000      455.208  6.60939e-10      0.00000  6.93034e-12
      18.0000      455.587  6.80554e-10      0.00000  7.11933e-12
      18.0000      455.967  6.42495e-10      0.00000  7.70930e-12
      18.0000      456.348  6.53357e-10      0.00000  6.83990e-12
      18.0000      456.727  6.62520e-10      0.00000  6.06918e-12
      18.0000      457.109  6.41765e-10      0.00000  6.15876e-12
      18.0000      457.490  6.37436e-10      0.00000  6.12041e-12
      18.0000      457.871  6.46939e-10      0.00000  5.80654e-12
      18.0000      458.253  6.21591e-10      0.00000  6.02288e-12
      18.0000      458.636  6.20011e-10      0.00000  5.85140e-12
      18.0000      459.017  6.36564e-10      0.00000  5.35939e-12
      18.0000      459.400  6.13496e-10      0.00000  5.39528e-12
      18.0000      459.783  6.07235e-10      0.00000  5.25303e-12
      18.0000      460.166  6.19505e-10      0.00000  5.19356e-12
      18.0000      460.549  5.93400e-10      0.00000  5.94719e-12
      18.0000      460.934  5.78307e-10      0.00000  6.61517e-12
      18.0000      461.318  6.02181e-10      0.00000  8.07353e-12
      18.0000      461.702  5.58505e-10      0.00000  7.76935e-12
      18.0000      462.088  5.69835e-10      0.00000  7.68947e-12
      18.0000      462.473  6.00946e-10      0.00000  6.87955e-12
      18.0000      462.858  5.94999e-10      0.00000  6.48855e-12
      18.0000      463.244  5.53485e-10      0.00000  6.45280e-12
      18.0000      463.631  5.75520e-10      0.00000  6.09292e-12
      19.0000      463.631  5.04673e-10      258.000  3.54113e-11
      18.0000      464.018  5.60530e-10      0.00000  6.07931e-12
      19.0000      464.018  5.60212e-10      0.00000  3.57176e-11
      18.0000      464.403  5.48210e-10      0.00000  6.70648e-12
      19.0000      464.403  4.95996e-10      1.00000  3.30184e-11
      18.0000      464.792  5.54025e-10      0.00000  6.46742e-12
      19.0000      464.792  4.92291e-10      1.00000  2.80620e-11
      18.0000      465.179  5.55023e-10      0.00000  6.21765e-12
      19.0000      465.179  5.34830e-10      0.00000  2.64589e-11
      18.0000      465.567  5.45181e-10      0.00000  6.05428e-12
      19.0000      465.567  5.28363e-10      0.00000  2.58947e-11
      18.0000      465.955  5.56442e-10      0.00000  5.61422e-12
      19.0000      465.955  5.62274e-10      0.00000  2.31100e-11
      18.0000      466.342  5.47166e-10      0.00000  5.58658e-12
      19.0000      466.342  5.17906e-10      0.00000  2.05573e-11
      18.0000      466.731  5.37802e-10      0.00000  5.35201e-12
      19.0000      466.731  5.34507e-10      0.00000  1.86278e-11
      18.0000      467.122  5.29087e-10      0.00000  5.54491e-12
      19.0000      467.122  5.29855e-10      0.00000  1.59669e-11
      18.0000      467.510  5.21317e-10      0.00000  5.88975e-12
      19.0000      467.510  5.48834e-10      0.00000  1.62559e-11
      18.0000      467.900  5.10728e-10      0.00000  6.43428e-12
      19.0000      467.900  5.31082e-10      2.00000  1.85880e-11
      18.0000      468.290  5.25037e-10      0.00000  6.45772e-12
      19.0000      468.290  7.77582e-10      2.00000  2.00472e-11
      18.0000      468.680  5.19830e-10      0.00000  6.22605e-12
      19.0000      468.680  5.46558e-10      2.00000  1.84046e-11
      18.0000      469.072  5.12387e-10      0.00000  6.07584e-12
      19.0000      469.072  5.20456e-10      2.00000  1.65951e-11
      18.0000      469.462  5.17660e-10      0.00000  5.72478e-12
      19.0000      469.462  5.08111e-10      0.00000  1.23104e-11
      18.0000      469.854  5.06222e-10      0.00000  5.75430e-12
      19.0000      469.854  5.16514e-10      0.00000  1.12810e-11
      18.0000      470.245  4.90630e-10      0.00000  6.25499e-12
      19.0000      470.245  5.13868e-10      0.00000  1.18873e-11
      18.0000      470.637  4.97460e-10      0.00000  6.66321e-12
      19.0000      470.637  5.24835e-10      0.00000  1.22591e-11
      18.0000      471.029  4.87960e-10      0.00000  7.26389e-12
      19.0000      471.029  5.41544e-10      0.00000  1.40537e-11
      18.0000      471.422  4.80944e-10      0.00000  7.89033e-12
      19.0000      471.422  4.68093e-10      2.00000  1.56698e-11
      18.0000      471.816  4.99780e-10      0.00000  7.74070e-12
      19.0000      471.816  4.95851e-10      0.00000  1.33248e-11
      18.0000      472.208  4.95784e-10      0.00000  7.39543e-12
      19.0000      472.208  5.00810e-10      0.00000  1.07023e-11
      18.0000      472.603  4.79593e-10      0.00000  7.34522e-12
      19.0000      472.603  4.87188e-10      0.00000  9.73897e-12
      18.0000      472.997  4.80379e-10      0.00000  7.05985e-12
      19.0000      472.997  4.76399e-10      0.00000  8.52401e-12
      18.0000      473.391  4.70892e-10      0.00000  7.27981e-12
      19.0000      473.391  4.65994e-10      0.00000  8.68029e-12
      18.0000      473.785  4.48562e-10      0.00000  8.40940e-12
      19.0000      473.785  4.43930e-10      0.00000  1.02358e-11
      18.0000      474.181  4.53219e-10      0.00000  9.26042e-12
      19.0000      474.181  4.54426e-10      0.00000  1.09373e-11
      18.0000      474.577  4.50073e-10      0.00000  9.87398e-12
      19.0000      474.577  4.65223e-10      0.00000  1.19628e-11
      19.0000      474.971  4.34494e-10      0.00000  1.20381e-11
      19.0000      475.367  4.49665e-10      0.00000  9.42973e-12
      19.0000      475.765  4.46788e-10      0.00000  7.81957e-12
      19.0000      476.161  4.41048e-10      0.00000  7.47357e-12
      19.0000      476.558  4.45804e-10      0.00000  7.15869e-12
      19.0000      476.954  4.40324e-10      0.00000  7.61249e-12
      19.0000      477.352  4.24741e-10      0.00000  8.65496e-12
      19.0000      477.751  4.31116e-10      0.00000  9.11441e-12
      19.0000      478.149  4.26261e-10      0.00000  1.04522e-11
      19.0000      478.547  4.16726e-10      0.00000  9.23973e-12
      19.0000      478.946  4.30044e-10      0.00000  7.97788e-12
      19.0000      479.345  4.34783e-10      0.00000  7.04755e-12
      19.0000      479.745  4.10750e-10      0.00000  6.98518e-12
      19.0000      480.146  4.00479e-10      0.00000  7.69787e-12
      19.0000      480.545  3.84739e-10      0.00000  7.83057e-12
      19.0000      480.945  3.90575e-10      0.00000  7.80973e-12
      19.0000      481.348  3.80418e-10      0.00000  7.32206e-12
      19.0000      481.749  3.84155e-10      0.00000  6.89156e-12
      19.0000      482.151  3.97249e-10      0.00000  6.93019e-12
      19.0000      482.551  3.96708e-10      0.00000  5.99394e-12
      19.0000      482.954  4.05845e-10      0.00000  6.84858e-12
      19.0000      483.356  3.88909e-10      0.00000  7.72175e-12
      19.0000      483.760  3.86651e-10      0.00000  7.82680e-12
      19.0000      484.163  3.65630e-10      0.00000  8.05139e-12
      19.0000      484.567  3.77748e-10      0.00000  7.41974e-12
      19.0000      484.971  3.90062e-10      0.00000  6.48189e-12
      19.0000      485.376  3.74458e-10      0.00000  5.97686e-12
      19.0000      485.779  3.67905e-10      0.00000  5.57414e-12
      19.0000      486.185  3.67668e-10      0.00000  5.37546e-12
      19.0000      486.590  3.62410e-10      0.00000  5.59584e-12
      19.0000      486.995  3.54485e-10      0.00000  5.81566e-12
      19.0000      487.401  3.54119e-10      0.00000  5.89148e-12
      19.0000      487.807  3.59106e-10      0.00000  5.85777e-12
      19.0000      488.215  3.59630e-10      0.00000  5.52638e-12
      20.0000      488.215  2.72161e-10      258.000  6.08863e-11
      19.0000      488.622  3.50881e-10      0.00000  5.24449e-12
      20.0000      488.622  2.17509e-10      258.000  5.42843e-11
      19.0000      489.029  3.44219e-10      0.00000  5.33537e-12
      20.0000      489.029  2.91669e-10      2.00000  4.38301e-11
      19.0000      489.436  3.48597e-10      0.00000  5.45345e-12
      20.0000      489.436  3.26557e-10      2.00000  3.54006e-11
      19.0000      489.845  3.41651e-10      0.00000  5.95443e-12
      20.0000      489.845  3.48957e-10      0.00000  3.25233e-11
      19.0000      490.254  3.31641e-10      0.00000  6.51271e-12
      20.0000      490.254  3.03922e-10      2.00000  3.46365e-11
      19.0000      490.663  3.33006e-10      0.00000  6.59028e-12
      20.0000      490.663  3.20087e-10      2.00000  3.38160e-11
      19.0000      491.070  3.29710e-10      0.00000  7.04408e-12
      20.0000      491.070  2.58257e-10      0.00000  3.45976e-11
      19.0000      491.480  3.21905e-10      0.00000  7.33986e-12
      20.0000      491.480  2.86813e-10      2.00000  3.04983e-11
      19.0000      491.889  3.32267e-10      0.00000  6.45975e-12
      20.0000      491.889  3.21268e-10      2.00000  2.20837e-11
      19.0000      492.300  3.25575e-10      0.00000  6.57581e-12
      20.0000      492.300  3.10674e-10      2.00000  1.97200e-11
      19.0000      492.710  3.31181e-10      0.00000  6.95610e-12
      20.0000      492.710  3.20117e-10      0.00000  1.86265e-11
      19.0000      493.121  3.24063e-10      0.00000  7.32525e-12
      20.0000      493.121  3.33044e-10      0.00000  1.88033e-11
      19.0000      493.532  3.08203e-10      0.00000  8.91312e-12
      20.0000      493.532  3.22009e-10      2.00000  2.13319e-11
      19.0000      493.944  3.09399e-10      0.00000  8.42329e-12
      20.0000      493.944  2.72584e-10      2.00000  2.12981e-11
      19.0000      494.354  3.24120e-10      0.00000  8.17208e-12
      20.0000      494.354  2.74630e-10      2.00000  1.83868e-11
      19.0000      494.768  2.99242e-10      0.00000  8.28017e-12
      20.0000      494.768  2.80079e-10      2.00000  1.60934e-11
      19.0000      495.179  3.06091e-10      0.00000  7.94546e-12
      20.0000      495.179  2.81358e-10      0.00000  1.28561e-11
      19.0000      495.592  3.00612e-10      0.00000  7.88845e-12
      20.0000      495.592  2.99332e-10      0.00000  1.17110e-11
      19.0000      496.005  2.94675e-10      0.00000  8.57813e-12
      20.0000      496.005  2.74515e-10      0.00000  1.26980e-11
      19.0000      496.418  2.77557e-10      0.00000  9.14900e-12
      20.0000      496.418  2.80671e-10      0.00000  1.32965e-11
      19.0000      496.833  2.85923e-10      0.00000  9.51916e-12
      20.0000      496.833  2.87795e-10      0.00000  1.40442e-11
      19.0000      497.248  2.72791e-10      0.00000  1.01659e-11
      20.0000      497.248  2.86186e-10      0.00000  1.38249e-11
      19.0000      497.661  2.97323e-10      0.00000  9.73448e-12
      20.0000      497.661  2.89882e-10      0.00000  1.14342e-11
      19.0000      498.077  2.94528e-10      0.00000  9.29949e-12
      20.0000      498.077  2.95195e-10      0.00000  9.53334e-12
      19.0000      498.492  2.88498e-10      0.00000  9.67906e-12
      20.0000      498.492  2.90594e-10      0.00000  8.94554e-12
      19.0000      498.907  2.95979e-10      0.00000  9.14104e-12
      20.0000      498.907  3.02970e-10      0.00000  8.25036e-12
      19.0000      499.323  2.85417e-10      0.00000  9.61249e-12
      20.0000      499.323  3.03314e-10      0.00000  8.86609e-12
      19.0000      499.740  2.62484e-10      0.00000  1.05496e-11
      20.0000      499.740  2.87637e-10      0.00000  9.88512e-12
      19.0000      500.158  2.63500e-10      0.00000  1.04638e-11
      20.0000      500.158  3.01823e-10      0.00000  9.99467e-12
      19.0000      500.573  2.54506e-10      0.00000  1.08066e-11
      20.0000      500.573  2.86550e-10      0.00000  1.02384e-11
      19.0000      500.992  2.51033e-10      0.00000  1.05046e-11
      20.0000      500.992  2.84187e-10      0.00000  9.22844e-12
      20.0000      501.409  2.85601e-10      0.00000  7.76718e-12
      20.0000      501.827  2.77003e-10      0.00000  7.12931e-12
      20.0000      502.245  2.82015e-10      0.00000  6.94163e-12
      20.0000      502.664  2.83492e-10      0.00000  6.71646e-12
      20.0000      503.081  2.65330e-10      0.00000  6.93193e-12
      20.0000      503.502  2.80379e-10      0.00000  7.08243e-12
      20.0000      503.921  2.65849e-10      0.00000  6.95219e-12
      20.0000      504.342  2.65236e-10      0.00000  7.11614e-12
      20.0000      504.762  2.53867e-10      0.00000  7.18213e-12
      20.0000      505.183  2.64201e-10      0.00000  7.15637e-12
      20.0000      505.605  2.52990e-10      0.00000  6.76161e-12
      20.0000      506.027  2.53906e-10      0.00000  6.49173e-12
      20.0000      506.447  2.53231e-10      0.00000  6.17612e-12
      20.0000      506.871  2.44842e-10      0.00000  5.77311e-12
      20.0000      507.292  2.44828e-10      0.00000  5.27098e-12
      20.0000      507.715  2.45012e-10      0.00000  5.01745e-12
      20.0000      508.138  2.44544e-10      0.00000  4.96738e-12
      20.0000      508.562  2.38352e-10      0.00000  5.20123e-12
      20.0000      508.986  2.43732e-10      0.00000  5.51163e-12
      20.0000      509.411  2.46069e-10      0.00000  5.93272e-12
      20.0000      509.835  2.30171e-10      0.00000  6.09335e-12
      20.0000      510.261  2.33425e-10      0.00000  6.08409e-12
      20.0000      510.686  2.39808e-10      0.00000  6.00276e-12
      20.0000      511.112  2.31817e-10      0.00000  6.09624e-12
      20.0000      511.538  2.30224e-10      0.00000  6.11477e-12
      20.0000      511.965  2.13775e-10      0.00000  6.13358e-12
      20.0000      512.392  2.18489e-10      0.00000  6.11795e-12
      20.0000      512.818  2.18469e-10      0.00000  5.91536e-12
      20.0000      513.244  2.28634e-10      0.00000  5.65026e-12
      20.0000      513.674  2.24882e-10      0.00000  5.25925e-12
      20.0000      514.102  2.20228e-10      0.00000  5.13003e-12
      20.0000      514.530  2.08115e-10      0.00000  5.18444e-12
      20.0000      514.960  2.08617e-10      0.00000  5.52754e-12
      20.0000      515.390  2.04301e-10      0.00000  6.27641e-12
      20.0000      515.818  2.04817e-10      0.00000  6.78375e-12
      20.0000      516.249  2.05950e-10      0.00000  7.34840e-12
      20.0000      516.678  5.24331e-10      0.00000  8.18510e-12
      20.0000      517.109  5.21189e-10      0.00000  8.23662e-12
      20.0000      517.539  2.02788e-10      0.00000  9.02773e-12
      20.0000      517.971  2.17945e-10      0.00000  1.05239e-11
      20.0000      518.403  2.00843e-10      0.00000  1.25187e-11
      20.0000      518.836  1.78655e-10      0.00000  1.59422e-11
      20.0000      519.267  1.44969e-10      2.00000  1.75242e-11
      20.0000      519.702  1.32977e-10      2.00000  1.82520e-11
      20.0000      520.134  1.40021e-10      2.00000  2.06229e-11
      20.0000      520.568  1.68412e-10      2.00000  2.01660e-11
      20.0000      521.002  1.91803e-10      0.00000  2.22934e-11
      20.0000      521.436  1.41410e-10      0.00000  2.96529e-11
      20.0000      521.872  1.31651e-10      0.00000  3.29664e-11
      20.0000      522.308  8.97095e-11      0.00000  4.05536e-11
      20.0000      522.742  5.19932e-11      0.00000  4.49553e-11
      20.0000      523.177  7.30522e-11      0.00000  4.17579e-11
      20.0000      523.615  1.62805e-10      2.00000  4.59919e-11
      20.0000      524.051  2.35407e-10      2.00000  5.08255e-11
      20.0000      524.488  1.05766e-10      0.00000  4.88998e-11
      20.0000      524.923 -1.19343e-12      0.00000  6.15841e-11
      20.0000      525.362 -7.38224e-11      0.00000  7.68840e-11
      20.0000      525.801 -6.51132e-11      2.00000  8.09748e-11
      20.0000      526.238 -1.72614e-11      3.00000  8.80446e-11
      20.0000      526.676 -1.04368e-10      3.00000  8.12655e-11
