      11.0000      271.534  2.66805e-08      258.000  1.88185e-10
      11.0000      271.761  2.88768e-08      258.000  3.44783e-10
      11.0000      271.987  2.63273e-08      0.00000  1.84926e-10
      11.0000      272.214  2.14601e-08      0.00000  1.50898e-10
      11.0000      272.441  3.01222e-08      256.000  2.41864e-10
      11.0000      272.668  2.46944e-08      258.000  3.18360e-10
      11.0000      272.895  3.21662e-08      258.000  3.52192e-10
      11.0000      273.123  2.85118e-08      258.000  2.05002e-10
      11.0000      273.350  2.77654e-08      258.000  4.90588e-10
      11.0000      273.578  2.29493e-08      258.000  1.46893e-10
      11.0000      273.806  3.34384e-08      258.000  4.24148e-10
      11.0000      274.035  2.93639e-08      258.000  2.00749e-10
      11.0000      274.263  2.50675e-08      256.000  1.60741e-10
      11.0000      274.492  2.50449e-08      0.00000  1.45713e-10
      11.0000      274.721  2.38844e-08      0.00000  1.28619e-10
      11.0000      274.950  2.35218e-08      2.00000  1.36636e-10
      11.0000      275.179  2.81657e-08      2.00000  1.66185e-10
      11.0000      275.409  2.74489e-08      256.000  1.62818e-10
      11.0000      275.638  2.40690e-08      258.000  1.50555e-10
      11.0000      275.867  2.46406e-08      258.000  1.41761e-10
      11.0000      276.097  2.63276e-08      256.000  1.61118e-10
      11.0000      276.328  2.33120e-08      256.000  1.28207e-10
      11.0000      276.558  2.41414e-08      258.000  1.42121e-10
      11.0000      276.789  2.10336e-08      2.00000  1.06112e-10
      11.0000      277.020  2.17356e-08      258.000  1.31604e-10
      11.0000      277.250  2.12238e-08      258.000  1.11439e-10
      11.0000      277.482  2.00662e-08      2.00000  1.05083e-10
      11.0000      277.713  2.05749e-08      2.00000  1.02395e-10
      11.0000      277.945  2.13624e-08      8.00000  1.08617e-10
      11.0000      278.177  2.09928e-08      8.00000  1.10527e-10
      11.0000      278.408  2.20432e-08      0.00000  1.25880e-10
      11.0000      278.640  2.18285e-08      2.00000  1.36234e-10
      11.0000      278.872  2.33968e-08      2.00000  1.43265e-10
      11.0000      279.105  2.40056e-08      2.00000  1.35825e-10
      11.0000      279.337  2.34186e-08      0.00000  1.31461e-10
      11.0000      279.571  2.14732e-08      10.0000  1.09009e-10
      11.0000      279.804  2.15474e-08      10.0000  1.11327e-10
      11.0000      280.037  1.95014e-08      0.00000  8.88350e-11
      11.0000      280.271  2.03914e-08      2.00000  8.94516e-11
      11.0000      280.504  2.08977e-08      2.00000  8.99101e-11
      11.0000      280.738  2.15488e-08      2.00000  9.93890e-11
      11.0000      280.971  1.92211e-08      2.00000  8.93819e-11
      11.0000      281.206  2.09164e-08      2.00000  9.32079e-11
      11.0000      281.440  2.12323e-08      2.00000  9.18937e-11
      11.0000      281.675  1.84680e-08      8.00000  7.73821e-11
      11.0000      281.910  1.82913e-08      264.000  8.21109e-11
      11.0000      282.145  1.97399e-08      258.000  8.38469e-11
      11.0000      282.381  1.88441e-08      2.00000  8.24595e-11
      11.0000      282.616  1.93710e-08      0.00000  8.35083e-11
      11.0000      282.851  1.97773e-08      0.00000  8.92065e-11
      11.0000      283.087  1.83816e-08      258.000  8.27373e-11
      11.0000      283.323  1.69584e-08      258.000  7.90761e-11
      11.0000      283.559  1.84956e-08      2.00000  8.69566e-11
      11.0000      283.796  1.84561e-08      2.00000  8.23844e-11
      11.0000      284.032  1.83728e-08      2.00000  8.01656e-11
      11.0000      284.269  1.78617e-08      0.00000  7.67699e-11
      11.0000      284.506  1.84761e-08      0.00000  7.80783e-11
      11.0000      284.743  1.72967e-08      0.00000  7.25498e-11
      11.0000      284.981  1.59383e-08      0.00000  6.20593e-11
      11.0000      285.218  1.75049e-08      2.00000  6.93630e-11
      11.0000      285.456  1.78275e-08      2.00000  7.17284e-11
      11.0000      285.694  1.70934e-08      256.000  7.21520e-11
      11.0000      285.932  1.57442e-08      256.000  6.73743e-11
      11.0000      286.171  1.59880e-08      2.00000  6.67651e-11
      11.0000      286.409  1.73571e-08      258.000  7.36042e-11
      11.0000      286.648  1.68859e-08      256.000  7.42004e-11
      11.0000      286.887  1.61484e-08      2.00000  7.42145e-11
      11.0000      287.126  1.55977e-08      2.00000  7.09979e-11
      11.0000      287.365  1.54790e-08      0.00000  6.88732e-11
      11.0000      287.605  1.47708e-08      0.00000  6.60111e-11
      11.0000      287.844  1.69965e-08      0.00000  7.91241e-11
      11.0000      288.085  1.69246e-08      0.00000  8.02353e-11
      11.0000      288.325  1.62976e-08      0.00000  7.84771e-11
      11.0000      288.565  1.56432e-08      0.00000  7.39139e-11
      11.0000      288.806  1.54279e-08      0.00000  7.40787e-11
      11.0000      289.047  1.51129e-08      0.00000  7.62802e-11
      11.0000      289.287  1.55423e-08      0.00000  7.99436e-11
      11.0000      289.529  1.48212e-08      2.00000  7.34299e-11
      11.0000      289.770  1.50725e-08      2.00000  7.51678e-11
      11.0000      290.011  1.47961e-08      258.000  7.38557e-11
      11.0000      290.254  1.44351e-08      0.00000  7.08292e-11
      11.0000      290.495  1.53675e-08      0.00000  7.68040e-11
      11.0000      290.737  1.45083e-08      2.00000  6.95867e-11
      11.0000      290.980  1.42086e-08      2.00000  6.46380e-11
      11.0000      291.223  1.44284e-08      2.00000  6.66674e-11
      11.0000      291.465  1.39743e-08      0.00000  6.68590e-11
      11.0000      291.708  1.42181e-08      2.00000  6.86500e-11
      11.0000      291.951  1.47630e-08      258.000  7.30635e-11
      11.0000      292.195  1.49531e-08      258.000  7.36598e-11
      11.0000      292.439  1.51064e-08      256.000  7.96935e-11
      11.0000      292.683  1.36999e-08      0.00000  7.51597e-11
      11.0000      292.926  1.30739e-08      2.00000  7.10542e-11
      11.0000      293.171  1.40057e-08      2.00000  7.70068e-11
      12.0000      295.377  1.55570e-08      256.000  8.43999e-11
      12.0000      295.624  1.43267e-08      2.00000  7.62360e-11
      12.0000      295.870  1.38940e-08      2.00000  7.74954e-11
      12.0000      296.117  1.35808e-08      2.00000  7.31969e-11
      12.0000      296.364  1.37219e-08      2.00000  7.14740e-11
      12.0000      296.611  1.30920e-08      0.00000  6.68723e-11
      12.0000      296.858  1.28243e-08      0.00000  6.71766e-11
      12.0000      297.105  1.30399e-08      2.00000  7.04244e-11
      12.0000      297.354  1.25486e-08      2.00000  6.31851e-11
      12.0000      297.601  1.33219e-08      0.00000  6.29364e-11
      12.0000      297.850  1.26279e-08      0.00000  5.38583e-11
      12.0000      298.097  1.17202e-08      2.00000  4.74333e-11
      12.0000      298.346  1.27098e-08      2.00000  5.72047e-11
      12.0000      298.595  1.26768e-08      2.00000  5.95664e-11
      12.0000      298.844  1.22765e-08      0.00000  5.62592e-11
      12.0000      299.093  1.22337e-08      2.00000  5.10730e-11
      12.0000      299.342  1.20131e-08      2.00000  4.78210e-11
      12.0000      299.592  1.15796e-08      2.00000  4.72374e-11
      12.0000      299.842  1.13493e-08      8.00000  5.10119e-11
      12.0000      300.091  1.15505e-08      8.00000  5.25981e-11
      12.0000      300.342  1.13733e-08      2.00000  4.97124e-11
      12.0000      300.592  1.12464e-08      2.00000  4.75899e-11
      12.0000      300.843  1.08206e-08      2.00000  4.37076e-11
      12.0000      301.093  1.11678e-08      258.000  6.33190e-11
      12.0000      301.345  1.15159e-08      258.000  3.47725e-10
      12.0000      301.595  1.14525e-08      2.00000  4.22552e-11
      12.0000      301.848  1.12662e-08      2.00000  4.20057e-11
      12.0000      302.099  1.11561e-08      2.00000  4.50844e-11
      12.0000      302.350  1.09581e-08      2.00000  4.49336e-11
      12.0000      302.603  1.05342e-08      0.00000  4.05008e-11
      12.0000      302.855  1.07406e-08      8.00000  3.80578e-11
      12.0000      303.107  1.11295e-08      8.00000  3.93605e-11
      12.0000      303.360  1.06609e-08      2.00000  3.84603e-11
      12.0000      303.614  1.04270e-08      2.00000  3.78001e-11
      12.0000      303.866  1.07969e-08      0.00000  3.97528e-11
      12.0000      304.120  1.08167e-08      0.00000  4.08115e-11
      12.0000      304.373  1.05925e-08      0.00000  4.09426e-11
      12.0000      304.627  1.03418e-08      2.00000  3.98457e-11
      12.0000      304.881  1.02663e-08      2.00000  3.62303e-11
      12.0000      305.135  1.01518e-08      2.00000  3.23045e-11
      12.0000      305.389  1.01498e-08      2.00000  3.17623e-11
      12.0000      305.644  9.83793e-09      2.00000  3.21458e-11
      12.0000      305.899  9.77371e-09      10.0000  3.37020e-11
      12.0000      306.154  9.86274e-09      10.0000  3.36875e-11
      12.0000      306.409  1.02071e-08      0.00000  3.61716e-11
      12.0000      306.665  9.82673e-09      0.00000  3.81912e-11
      12.0000      306.921  9.63309e-09      2.00000  3.99460e-11
      12.0000      307.176  1.00543e-08      2.00000  4.01339e-11
      12.0000      307.432  9.70328e-09      2.00000  3.53560e-11
      12.0000      307.689  9.49385e-09      2.00000  3.21448e-11
      12.0000      307.945  9.62112e-09      256.000  3.18666e-11
      12.0000      308.202  1.00227e-08      256.000  3.37927e-11
      12.0000      308.458  1.06084e-08      2.00000  3.19007e-11
      12.0000      308.715  1.01877e-08      2.00000  2.90625e-11
      12.0000      308.973  9.56616e-09      0.00000  2.86719e-11
      12.0000      309.231  9.40721e-09      2.00000  3.08941e-11
      12.0000      309.488  9.34856e-09      2.00000  3.18392e-11
      12.0000      309.746  9.44548e-09      0.00000  3.26453e-11
      12.0000      310.004  9.28283e-09      0.00000  3.34218e-11
      12.0000      310.263  8.90979e-09      0.00000  3.43794e-11
      12.0000      310.522  8.92033e-09      2.00000  3.55634e-11
      12.0000      310.781  8.93077e-09      2.00000  3.40131e-11
      12.0000      311.040  8.92967e-09      0.00000  3.12870e-11
      12.0000      311.300  9.10854e-09      0.00000  3.12215e-11
      12.0000      311.559  8.90582e-09      0.00000  3.08194e-11
      12.0000      311.819  9.01531e-09      2.00000  3.03490e-11
      12.0000      312.079  9.21630e-09      2.00000  2.91913e-11
      12.0000      312.339  8.99867e-09      2.00000  2.76596e-11
      12.0000      312.599  8.87494e-09      2.00000  2.89412e-11
      12.0000      312.860  8.96040e-09      2.00000  3.04028e-11
      12.0000      313.120  9.05329e-09      2.00000  3.02514e-11
      12.0000      313.381  8.84204e-09      2.00000  2.82964e-11
      12.0000      313.643  8.62015e-09      2.00000  2.77970e-11
      12.0000      313.905  8.59006e-09      0.00000  2.91800e-11
      12.0000      314.166  8.57058e-09      2.00000  3.13874e-11
      12.0000      314.428  8.59250e-09      2.00000  3.23987e-11
      12.0000      314.690  8.60716e-09      2.00000  3.19300e-11
      12.0000      314.953  8.45798e-09      2.00000  3.14758e-11
      12.0000      315.215  8.42357e-09      2.00000  3.00074e-11
      12.0000      315.477  8.61562e-09      2.00000  2.80581e-11
      12.0000      315.740  8.82081e-09      2.00000  2.70993e-11
      12.0000      316.004  8.60616e-09      2.00000  2.77698e-11
      12.0000      316.268  8.45594e-09      0.00000  3.07515e-11
      12.0000      316.531  8.72763e-09      1.00000  3.26097e-11
      12.0000      316.795  8.49703e-09      1.00000  3.01608e-11
      12.0000      317.059  8.21162e-09      2.00000  2.89535e-11
      12.0000      317.323  8.17230e-09      2.00000  3.01659e-11
      12.0000      317.587  8.27271e-09      0.00000  3.13137e-11
      12.0000      317.853  8.37979e-09      0.00000  2.96654e-11
      12.0000      318.118  8.32159e-09      2.00000  3.16379e-11
      12.0000      318.383  7.82706e-09      2.00000  3.63734e-11
      12.0000      318.648  8.03846e-09      0.00000  3.38739e-11
      12.0000      318.914  7.97108e-09      2.00000  3.08329e-11
      13.0000      319.180  7.86559e-09      2.00000  3.35699e-11
      13.0000      319.446  7.89052e-09      2.00000  3.52747e-11
      13.0000      319.713  7.98827e-09      2.00000  4.28830e-11
      13.0000      319.978  7.56422e-09      2.00000  4.44603e-11
      13.0000      320.246  7.51439e-09      2.00000  3.92260e-11
      13.0000      320.513  7.83150e-09      2.00000  3.39044e-11
      13.0000      320.780  7.72900e-09      8.00000  3.35882e-11
      13.0000      321.047  7.59714e-09      10.0000  3.44782e-11
      13.0000      321.315  7.55460e-09      10.0000  3.57208e-11
      13.0000      321.583  7.46792e-09      2.00000  2.84074e-11
      13.0000      321.851  7.56011e-09      0.00000  2.49904e-11
      13.0000      322.119  7.41655e-09      2.00000  2.42371e-11
      13.0000      322.387  7.22742e-09      2.00000  2.50496e-11
      13.0000      322.657  7.33102e-09      2.00000  2.63898e-11
      13.0000      322.925  7.54732e-09      2.00000  2.78334e-11
      13.0000      323.195  7.46571e-09      2.00000  2.92467e-11
      13.0000      323.464  7.25810e-09      0.00000  2.86698e-11
      13.0000      323.734  7.44416e-09      0.00000  2.67214e-11
      13.0000      324.003  7.40318e-09      0.00000  2.32007e-11
      13.0000      324.273  7.31252e-09      8.00000  2.37302e-11
      13.0000      324.544  7.12643e-09      8.00000  2.43278e-11
      13.0000      324.815  7.10537e-09      2.00000  2.49327e-11
      13.0000      325.085  7.27961e-09      2.00000  2.29033e-11
      13.0000      325.357  7.18246e-09      0.00000  2.04365e-11
      13.0000      325.628  6.93981e-09      2.00000  2.00403e-11
      13.0000      325.900  6.71588e-09      2.00000  2.02604e-11
      13.0000      326.171  6.76360e-09      2.00000  2.04343e-11
      13.0000      326.443  6.92643e-09      2.00000  2.14885e-11
      13.0000      326.715  6.90804e-09      0.00000  2.42401e-11
      13.0000      326.988  6.69831e-09      0.00000  2.73034e-11
      13.0000      327.259  6.87588e-09      0.00000  2.65855e-11
      13.0000      327.533  7.13348e-09      0.00000  2.19432e-11
      13.0000      327.805  6.95027e-09      2.00000  1.92612e-11
      13.0000      328.079  6.64767e-09      0.00000  1.81636e-11
      13.0000      328.352  6.60940e-09      2.00000  1.76600e-11
      13.0000      328.626  6.65470e-09      2.00000  1.70105e-11
      13.0000      328.900  6.58285e-09      2.00000  1.76553e-11
      13.0000      329.175  6.46117e-09      0.00000  2.08738e-11
      13.0000      329.449  6.47387e-09      1.00000  2.40504e-11
      13.0000      329.724  6.51941e-09      3.00000  2.31276e-11
      13.0000      329.998  6.59609e-09      2.00000  2.14143e-11
      13.0000      330.274  6.53267e-09      0.00000  2.08616e-11
      13.0000      330.549  6.44637e-09      2.00000  2.06162e-11
      13.0000      330.825  6.52926e-09      2.00000  1.86933e-11
      13.0000      331.101  6.68940e-09      2.00000  1.67375e-11
      13.0000      331.376  6.65498e-09      2.00000  1.65854e-11
      13.0000      331.653  6.50141e-09      2.00000  1.75852e-11
      13.0000      331.929  6.41484e-09      2.00000  1.87081e-11
      13.0000      332.206  6.45005e-09      2.00000  1.86249e-11
      13.0000      332.483  6.41203e-09      2.00000  1.99180e-11
      13.0000      332.760  6.21334e-09      2.00000  2.23309e-11
      13.0000      333.037  6.19870e-09      2.00000  2.34030e-11
      13.0000      333.316  6.37493e-09      2.00000  2.20569e-11
      13.0000      333.592  6.43551e-09      2.00000  2.03659e-11
      13.0000      333.871  6.23922e-09      2.00000  1.92367e-11
      13.0000      334.150  6.21659e-09      0.00000  1.90228e-11
      13.0000      334.428  6.31683e-09      0.00000  1.71563e-11
      13.0000      334.707  6.32361e-09      0.00000  1.52196e-11
      13.0000      334.986  6.22194e-09      2.00000  1.51545e-11
      13.0000      335.264  6.08923e-09      2.00000  1.62232e-11
      13.0000      335.545  6.05391e-09      0.00000  1.66012e-11
      13.0000      335.824  6.06380e-09      0.00000  1.66864e-11
      13.0000      336.104  5.95886e-09      0.00000  1.79000e-11
      13.0000      336.384  6.02780e-09      0.00000  2.10567e-11
      13.0000      336.665  6.07508e-09      2.00000  2.21411e-11
      13.0000      336.945  6.19970e-09      2.00000  2.14254e-11
      13.0000      337.226  6.17329e-09      2.00000  2.11745e-11
      13.0000      337.507  6.62497e-09      0.00000  2.44110e-11
      13.0000      337.789  6.05763e-09      0.00000  2.18318e-11
      13.0000      338.071  6.27478e-09      0.00000  2.05900e-11
      13.0000      338.352  6.26286e-09      2.00000  1.94525e-11
      13.0000      338.634  5.94579e-09      2.00000  1.98265e-11
      13.0000      338.916  5.74114e-09      2.00000  2.05156e-11
      13.0000      339.199  5.86500e-09      0.00000  2.08182e-11
      13.0000      339.482  5.83233e-09      0.00000  2.01927e-11
      13.0000      339.765  5.70752e-09      0.00000  2.12105e-11
      13.0000      340.048  5.78055e-09      0.00000  2.46093e-11
      13.0000      340.332  5.90206e-09      0.00000  2.21641e-11
      13.0000      340.616  5.96131e-09      2.00000  2.05712e-11
      13.0000      340.899  5.78529e-09      2.00000  2.00636e-11
      13.0000      341.184  5.70490e-09      0.00000  2.02636e-11
      13.0000      341.468  5.69578e-09      2.00000  1.93043e-11
      13.0000      341.753  5.68453e-09      2.00000  1.76089e-11
      13.0000      342.038  5.51266e-09      2.00000  1.74020e-11
      13.0000      342.323  5.38166e-09      0.00000  1.87978e-11
      13.0000      342.608  5.49846e-09      0.00000  2.02666e-11
      13.0000      342.894  5.58077e-09      0.00000  2.00388e-11
      13.0000      343.180  5.57283e-09      2.00000  2.04758e-11
      14.0000      343.180  5.52954e-09      2.00000  2.82870e-11
      13.0000      343.466  5.56234e-09      2.00000  2.23787e-11
      14.0000      343.466  5.42211e-09      2.00000  3.20387e-11
      13.0000      343.752  5.62620e-09      0.00000  2.28666e-11
      14.0000      343.752  5.35600e-09      2.00000  3.04081e-11
      13.0000      344.039  5.70374e-09      2.00000  2.13519e-11
      14.0000      344.039  5.53715e-09      0.00000  2.50072e-11
      13.0000      344.325  5.68973e-09      2.00000  2.09365e-11
      14.0000      344.325  5.52077e-09      2.00000  2.25845e-11
      13.0000      344.612  5.52462e-09      0.00000  2.21134e-11
      14.0000      344.612  5.46967e-09      2.00000  2.46811e-11
      14.0000      344.900  5.32244e-09      2.00000  2.65471e-11
      14.0000      345.187  5.31834e-09      258.000  2.48706e-11
      14.0000      345.476  5.28929e-09      258.000  2.13363e-11
      14.0000      345.764  5.10495e-09      0.00000  2.09435e-11
      14.0000      346.052  5.09412e-09      0.00000  2.11921e-11
      14.0000      346.340  5.26847e-09      0.00000  2.12399e-11
      14.0000      346.629  5.33435e-09      2.00000  2.34292e-11
      14.0000      346.917  5.17244e-09      2.00000  2.57138e-11
      14.0000      347.207  5.12070e-09      0.00000  2.48865e-11
      14.0000      347.496  5.25464e-09      2.00000  2.07077e-11
      14.0000      347.786  5.27182e-09      2.00000  1.79032e-11
      14.0000      348.077  5.08130e-09      0.00000  1.79682e-11
      14.0000      348.367  4.97980e-09      0.00000  1.93260e-11
      14.0000      348.657  5.02386e-09      0.00000  1.96947e-11
      14.0000      348.948  5.02510e-09      0.00000  2.03298e-11
      14.0000      349.239  4.84680e-09      2.00000  2.12398e-11
      14.0000      349.529  4.90503e-09      2.00000  2.30519e-11
      14.0000      349.820  5.11251e-09      2.00000  2.15558e-11
      14.0000      350.112  5.11255e-09      2.00000  2.02113e-11
      14.0000      350.404  5.07961e-09      2.00000  2.09457e-11
      14.0000      350.696  5.14261e-09      0.00000  2.26126e-11
      14.0000      350.989  5.29458e-09      0.00000  2.21804e-11
      14.0000      351.281  5.27198e-09      0.00000  2.01057e-11
      14.0000      351.574  5.03133e-09      0.00000  1.89380e-11
      14.0000      351.867  4.83445e-09      2.00000  1.84219e-11
      14.0000      352.161  4.72593e-09      2.00000  1.70133e-11
      14.0000      352.454  4.68983e-09      2.00000  1.54724e-11
      14.0000      352.749  4.65337e-09      0.00000  1.59097e-11
      14.0000      353.043  4.57254e-09      2.00000  1.75824e-11
      14.0000      353.337  4.57530e-09      2.00000  1.77798e-11
      14.0000      353.632  4.71249e-09      2.00000  1.76801e-11
      14.0000      353.926  4.68975e-09      2.00000  1.84250e-11
      14.0000      354.221  5.12786e-09      2.00000  2.01500e-11
      14.0000      354.517  4.92416e-09      0.00000  1.77611e-11
      14.0000      354.812  4.62530e-09      2.00000  1.45897e-11
      14.0000      355.107  4.57208e-09      0.00000  1.39986e-11
      14.0000      355.404  4.49508e-09      0.00000  1.45600e-11
      14.0000      355.700  4.54115e-09      0.00000  1.46075e-11
      14.0000      355.996  4.58886e-09      0.00000  1.42549e-11
      14.0000      356.294  4.54559e-09      2.00000  1.53344e-11
      14.0000      356.590  4.48869e-09      2.00000  1.73377e-11
      14.0000      356.888  4.58084e-09      0.00000  1.77812e-11
      14.0000      357.185  4.72529e-09      0.00000  1.72720e-11
      14.0000      357.482  4.62541e-09      0.00000  1.72329e-11
      14.0000      357.780  4.41504e-09      2.00000  1.72706e-11
      14.0000      358.079  4.47709e-09      2.00000  1.63541e-11
      14.0000      358.378  4.49245e-09      2.00000  1.45670e-11
      14.0000      358.676  4.38109e-09      0.00000  1.38869e-11
      14.0000      358.976  4.25807e-09      0.00000  1.42329e-11
      14.0000      359.275  4.36219e-09      0.00000  1.40656e-11
      14.0000      359.575  4.36439e-09      0.00000  1.32454e-11
      14.0000      359.874  4.26565e-09      0.00000  1.35687e-11
      14.0000      360.175  4.21488e-09      0.00000  1.43517e-11
      14.0000      360.475  4.30307e-09      0.00000  1.39042e-11
      14.0000      360.775  4.32282e-09      0.00000  1.33972e-11
      14.0000      361.076  4.17807e-09      0.00000  1.41102e-11
      14.0000      361.377  4.08391e-09      0.00000  1.50696e-11
      14.0000      361.678  4.17285e-09      0.00000  1.50356e-11
      14.0000      361.979  4.20568e-09      0.00000  1.50564e-11
      14.0000      362.282  4.11903e-09      2.00000  1.65563e-11
      14.0000      362.583  4.05372e-09      2.00000  1.79507e-11
      14.0000      362.886  4.14051e-09      2.00000  1.74717e-11
      14.0000      363.189  4.14287e-09      0.00000  1.63633e-11
      14.0000      363.491  4.06045e-09      0.00000  1.69880e-11
      14.0000      363.794  4.02118e-09      0.00000  1.72581e-11
      14.0000      364.097  4.07764e-09      0.00000  1.58252e-11
      14.0000      364.401  4.04885e-09      0.00000  1.47809e-11
      14.0000      364.704  3.98642e-09      0.00000  1.53122e-11
      14.0000      365.009  3.96711e-09      2.00000  1.57818e-11
      14.0000      365.313  4.00213e-09      2.00000  1.48399e-11
      14.0000      365.617  3.97952e-09      0.00000  1.43104e-11
      14.0000      365.922  3.82916e-09      2.00000  1.50021e-11
      14.0000      366.228  3.89444e-09      2.00000  1.55944e-11
      14.0000      366.533  3.98364e-09      2.00000  1.49487e-11
      14.0000      366.838  3.98234e-09      0.00000  1.44987e-11
      14.0000      367.144  3.88277e-09      2.00000  1.52023e-11
      15.0000      367.144  3.78263e-09      0.00000  2.37619e-11
      14.0000      367.450  3.87129e-09      2.00000  1.55446e-11
      15.0000      367.450  3.77429e-09      2.00000  2.44721e-11
      14.0000      367.757  3.93593e-09      0.00000  1.46354e-11
      15.0000      367.757  3.77729e-09      2.00000  2.49648e-11
      14.0000      368.062  3.85628e-09      0.00000  1.43428e-11
      15.0000      368.062  3.82054e-09      2.00000  2.38946e-11
      14.0000      368.370  3.71812e-09      2.00000  1.51331e-11
      15.0000      368.370  3.70239e-09      0.00000  2.27728e-11
      14.0000      368.677  3.78078e-09      2.00000  1.57669e-11
      15.0000      368.677  3.66376e-09      0.00000  2.03602e-11
      14.0000      368.985  3.79408e-09      2.00000  1.49354e-11
      15.0000      368.985  3.70968e-09      0.00000  1.83608e-11
      14.0000      369.293  3.71282e-09      2.00000  1.50295e-11
      15.0000      369.293  3.66144e-09      0.00000  1.95247e-11
      14.0000      369.600  3.66743e-09      2.00000  1.65664e-11
      15.0000      369.600  3.55238e-09      2.00000  2.25359e-11
      14.0000      369.909  3.72485e-09      2.00000  1.68606e-11
      15.0000      369.909  3.57474e-09      2.00000  2.15474e-11
      14.0000      370.217  3.75590e-09      2.00000  1.62070e-11
      15.0000      370.217  3.61391e-09      0.00000  1.81009e-11
      14.0000      370.525  3.67920e-09      2.00000  1.63015e-11
      15.0000      370.525  3.56905e-09      0.00000  1.67095e-11
      15.0000      370.835  3.50014e-09      0.00000  1.70328e-11
      15.0000      371.143  3.56061e-09      2.00000  1.68317e-11
      15.0000      371.453  3.67339e-09      2.00000  1.78125e-11
      15.0000      371.762  3.52708e-09      2.00000  1.87657e-11
      15.0000      372.072  3.42713e-09      2.00000  1.84724e-11
      15.0000      372.383  3.46772e-09      0.00000  1.56229e-11
      15.0000      372.692  3.46742e-09      0.00000  1.36671e-11
      15.0000      373.003  3.41184e-09      0.00000  1.41175e-11
      15.0000      373.314  3.37681e-09      0.00000  1.49333e-11
      15.0000      373.626  3.44668e-09      2.00000  1.51279e-11
      15.0000      373.937  3.40004e-09      2.00000  1.57427e-11
      15.0000      374.249  3.31394e-09      0.00000  1.63449e-11
      15.0000      374.561  3.33924e-09      2.00000  1.51849e-11
      15.0000      374.873  3.37176e-09      0.00000  1.30642e-11
      15.0000      375.185  3.34212e-09      0.00000  1.22599e-11
      15.0000      375.498  3.27418e-09      0.00000  1.28207e-11
      15.0000      375.811  3.31696e-09      0.00000  1.29756e-11
      15.0000      376.125  3.35930e-09      0.00000  1.30568e-11
      15.0000      376.438  3.26867e-09      0.00000  1.42070e-11
      15.0000      376.753  3.17249e-09      0.00000  1.50791e-11
      15.0000      377.067  3.19839e-09      0.00000  1.36092e-11
      15.0000      377.381  3.25825e-09      0.00000  1.20912e-11
      15.0000      377.695  3.17604e-09      0.00000  1.18731e-11
      15.0000      378.010  3.12773e-09      0.00000  1.18727e-11
      15.0000      378.325  3.18207e-09      0.00000  1.11701e-11
      15.0000      378.640  3.18235e-09      0.00000  1.11894e-11
      15.0000      378.956  3.07358e-09      0.00000  1.22395e-11
      15.0000      379.272  3.05560e-09      0.00000  1.29505e-11
      15.0000      379.589  3.15956e-09      0.00000  1.27431e-11
      15.0000      379.905  3.06888e-09      0.00000  1.26182e-11
      15.0000      380.222  2.95211e-09      0.00000  1.27422e-11
      15.0000      380.539  2.99524e-09      0.00000  1.20320e-11
      15.0000      380.855  3.06422e-09      0.00000  1.08484e-11
      15.0000      381.173  2.96310e-09      0.00000  1.05427e-11
      15.0000      381.492  2.92089e-09      0.00000  1.07670e-11
      15.0000      381.809  2.99885e-09      0.00000  1.02084e-11
      15.0000      382.127  2.98486e-09      0.00000  9.76096e-12
      15.0000      382.446  2.87961e-09      0.00000  1.03844e-11
      15.0000      382.765  2.91384e-09      0.00000  1.11162e-11
      15.0000      383.085  2.93342e-09      0.00000  1.08745e-11
      15.0000      383.403  2.85123e-09      0.00000  1.14166e-11
      15.0000      383.723  2.76302e-09      0.00000  1.30277e-11
      15.0000      384.044  2.81981e-09      0.00000  1.36131e-11
      15.0000      384.363  2.83429e-09      0.00000  1.20433e-11
      15.0000      384.683  2.78671e-09      0.00000  1.17099e-11
      15.0000      385.005  2.73369e-09      0.00000  1.17556e-11
      15.0000      385.325  2.79129e-09      0.00000  1.07823e-11
      15.0000      385.646  2.82769e-09      0.00000  9.60512e-12
      15.0000      385.968  2.70568e-09      0.00000  9.26303e-12
      15.0000      386.290  2.64911e-09      0.00000  9.44521e-12
      15.0000      386.612  2.70021e-09      0.00000  9.11383e-12
      15.0000      386.934  2.65935e-09      0.00000  9.04785e-12
      15.0000      387.256  2.57493e-09      0.00000  9.80351e-12
      15.0000      387.580  2.59514e-09      0.00000  1.01394e-11
      15.0000      387.902  2.64709e-09      0.00000  9.75590e-12
      15.0000      388.226  2.59838e-09      0.00000  9.90828e-12
      15.0000      388.550  2.54775e-09      0.00000  1.04259e-11
      15.0000      388.874  2.59626e-09      0.00000  9.97137e-12
      15.0000      389.197  2.60794e-09      0.00000  9.53913e-12
      15.0000      389.522  2.50403e-09      0.00000  1.02065e-11
      15.0000      389.847  2.46470e-09      0.00000  1.10386e-11
      15.0000      390.172  2.51944e-09      0.00000  1.10160e-11
      15.0000      390.497  2.47950e-09      0.00000  1.13331e-11
      15.0000      390.823  2.40895e-09      0.00000  1.29782e-11
      15.0000      391.149  2.45441e-09      0.00000  1.31868e-11
      16.0000      391.149  2.37752e-09      2.00000  2.52183e-11
      15.0000      391.475  2.54578e-09      0.00000  1.23936e-11
      16.0000      391.475  2.44023e-09      0.00000  2.04426e-11
      15.0000      391.802  2.47976e-09      0.00000  1.25593e-11
      16.0000      391.802  2.38487e-09      2.00000  1.87104e-11
      15.0000      392.128  2.39271e-09      0.00000  1.32694e-11
      16.0000      392.128  2.32489e-09      2.00000  2.01068e-11
      15.0000      392.455  2.43238e-09      0.00000  1.25925e-11
      16.0000      392.455  2.35884e-09      2.00000  1.95470e-11
      15.0000      392.782  2.45043e-09      0.00000  1.18562e-11
      16.0000      392.782  2.41847e-09      0.00000  1.78584e-11
      15.0000      393.110  2.34235e-09      0.00000  1.27315e-11
      16.0000      393.110  2.31330e-09      0.00000  1.62517e-11
      15.0000      393.437  2.31351e-09      0.00000  1.40627e-11
      16.0000      393.437  2.27152e-09      0.00000  1.59652e-11
      15.0000      393.766  2.37895e-09      0.00000  1.37835e-11
      16.0000      393.766  2.30918e-09      0.00000  1.49817e-11
      15.0000      394.093  2.38919e-09      0.00000  1.41235e-11
      16.0000      394.093  2.31517e-09      0.00000  1.57543e-11
      15.0000      394.421  2.34265e-09      2.00000  1.57414e-11
      16.0000      394.421  2.25265e-09      10.0000  1.88949e-11
      15.0000      394.751  2.33120e-09      2.00000  1.64557e-11
      16.0000      394.751  2.21994e-09      10.0000  1.96726e-11
      15.0000      395.080  2.42369e-09      0.00000  1.40899e-11
      16.0000      395.080  2.28402e-09      2.00000  1.48858e-11
      15.0000      395.409  2.35548e-09      0.00000  1.40880e-11
      16.0000      395.409  2.25295e-09      0.00000  1.29675e-11
      15.0000      395.739  2.29833e-09      0.00000  1.43482e-11
      16.0000      395.739  2.19149e-09      0.00000  1.25846e-11
      15.0000      396.069  2.34947e-09      0.00000  1.33989e-11
      16.0000      396.069  2.23490e-09      0.00000  1.18087e-11
      15.0000      396.399  2.31298e-09      0.00000  1.30117e-11
      16.0000      396.399  2.23245e-09      0.00000  1.20206e-11
      16.0000      396.729  2.10679e-09      2.00000  1.46715e-11
      16.0000      397.060  2.09522e-09      2.00000  1.67922e-11
      16.0000      397.392  2.11759e-09      0.00000  1.30992e-11
      16.0000      397.722  2.16014e-09      0.00000  1.18576e-11
      16.0000      398.054  2.09966e-09      0.00000  1.16895e-11
      16.0000      398.386  2.11571e-09      0.00000  1.08333e-11
      16.0000      398.718  2.16238e-09      0.00000  1.04541e-11
      16.0000      399.050  2.07161e-09      0.00000  1.13898e-11
      16.0000      399.383  2.04943e-09      0.00000  1.22967e-11
      16.0000      399.717  2.07345e-09      0.00000  1.11529e-11
      16.0000      400.050  2.04012e-09      0.00000  1.03061e-11
      16.0000      400.383  1.95080e-09      0.00000  1.05062e-11
      16.0000      400.716  1.99315e-09      0.00000  1.03179e-11
      16.0000      401.051  2.03206e-09      0.00000  9.70858e-12
      16.0000      401.386  1.98866e-09      0.00000  1.01246e-11
      16.0000      401.719  1.96685e-09      0.00000  1.05576e-11
      16.0000      402.055  2.01772e-09      0.00000  1.02951e-11
      16.0000      402.390  1.97363e-09      0.00000  1.02799e-11
      16.0000      402.726  1.89056e-09      0.00000  1.03832e-11
      16.0000      403.062  1.90644e-09      0.00000  9.79627e-12
      16.0000      403.397  1.91520e-09      0.00000  8.82992e-12
      16.0000      403.734  1.86224e-09      0.00000  8.97144e-12
      16.0000      404.070  1.83947e-09      0.00000  9.29370e-12
      16.0000      404.406  1.88971e-09      0.00000  8.75930e-12
      16.0000      404.744  1.88013e-09      0.00000  8.66915e-12
      16.0000      405.081  1.83193e-09      0.00000  9.23119e-12
      16.0000      405.420  1.84531e-09      0.00000  9.25608e-12
      16.0000      405.757  1.86777e-09      0.00000  9.12555e-12
      16.0000      406.095  1.77536e-09      0.00000  9.83954e-12
      16.0000      406.435  1.73992e-09      0.00000  1.02029e-11
      16.0000      406.774  1.78342e-09      0.00000  9.47908e-12
      16.0000      407.111  1.78128e-09      0.00000  8.95176e-12
      16.0000      407.451  1.71173e-09      0.00000  9.07563e-12
      16.0000      407.790  1.74438e-09      0.00000  8.72182e-12
      16.0000      408.132  1.77935e-09      0.00000  7.74577e-12
      16.0000      408.472  1.72539e-09      0.00000  7.56126e-12
      16.0000      408.812  1.70466e-09      0.00000  7.64259e-12
      16.0000      409.152  1.74343e-09      0.00000  7.37864e-12
      16.0000      409.494  1.68691e-09      0.00000  7.74678e-12
      16.0000      409.834  1.62829e-09      0.00000  8.94655e-12
      16.0000      410.177  1.65493e-09      0.00000  9.34652e-12
      16.0000      410.519  1.68577e-09      0.00000  9.62595e-12
      16.0000      410.862  1.61553e-09      0.00000  1.06940e-11
      16.0000      411.203  1.62956e-09      0.00000  1.11591e-11
      16.0000      411.546  1.69699e-09      0.00000  1.00489e-11
      16.0000      411.889  1.65485e-09      0.00000  9.32322e-12
      16.0000      412.233  1.57704e-09      0.00000  9.45172e-12
      16.0000      412.577  1.59456e-09      0.00000  9.02455e-12
      16.0000      412.919  1.59713e-09      0.00000  8.36801e-12
      16.0000      413.264  1.54415e-09      0.00000  8.70735e-12
      16.0000      413.609  1.54401e-09      0.00000  9.56546e-12
      16.0000      413.954  1.58172e-09      0.00000  8.85336e-12
      16.0000      414.298  1.56995e-09      0.00000  8.45903e-12
      16.0000      414.644  1.53038e-09      0.00000  8.63659e-12
      16.0000      414.989  1.57143e-09      0.00000  8.15847e-12
      16.0000      415.336  1.55892e-09      0.00000  7.40657e-12
      17.0000      415.336  1.54050e-09      0.00000  2.09586e-11
      16.0000      415.683  1.49382e-09      0.00000  7.58485e-12
      17.0000      415.683  1.42217e-09      2.00000  2.02241e-11
      16.0000      416.029  1.47438e-09      0.00000  7.97961e-12
      17.0000      416.029  1.33192e-09      2.00000  2.05773e-11
      16.0000      416.375  1.49940e-09      0.00000  7.88816e-12
      17.0000      416.375  1.43280e-09      2.00000  2.32551e-11
      16.0000      416.722  1.45743e-09      0.00000  8.20652e-12
      17.0000      416.722  1.42202e-09      258.000  2.18315e-11
      16.0000      417.070  1.42119e-09      0.00000  8.80184e-12
      17.0000      417.070  1.36488e-09      2.00000  2.21980e-11
      16.0000      417.418  1.48697e-09      0.00000  8.66582e-12
      17.0000      417.418  1.39697e-09      2.00000  1.88887e-11
      16.0000      417.767  1.49807e-09      0.00000  8.45194e-12
      17.0000      417.767  1.41338e-09      2.00000  1.60175e-11
      16.0000      418.114  1.47474e-09      0.00000  8.63803e-12
      17.0000      418.114  1.38697e-09      2.00000  1.65702e-11
      16.0000      418.463  1.48181e-09      0.00000  8.28162e-12
      17.0000      418.463  1.42276e-09      2.00000  1.68505e-11
      16.0000      418.811  1.47031e-09      0.00000  7.91030e-12
      17.0000      418.811  1.41758e-09      2.00000  1.56296e-11
      16.0000      419.161  1.39877e-09      0.00000  8.25630e-12
      17.0000      419.161  1.38844e-09      2.00000  1.56737e-11
      16.0000      419.511  1.37239e-09      0.00000  8.75684e-12
      17.0000      419.511  1.34182e-09      0.00000  1.42991e-11
      16.0000      419.859  1.41676e-09      0.00000  8.89967e-12
      17.0000      419.859  1.38269e-09      0.00000  1.28377e-11
      16.0000      420.210  1.38522e-09      0.00000  9.14929e-12
      17.0000      420.210  1.34706e-09      0.00000  1.27408e-11
      16.0000      420.560  1.34200e-09      0.00000  9.66314e-12
      17.0000      420.560  1.30533e-09      0.00000  1.43055e-11
      16.0000      420.911  1.37710e-09      0.00000  9.60844e-12
      17.0000      420.911  1.30171e-09      0.00000  1.43499e-11
      16.0000      421.262  1.36652e-09      0.00000  9.11253e-12
      17.0000      421.262  1.36710e-09      0.00000  1.36517e-11
      16.0000      421.614  1.30552e-09      0.00000  9.15146e-12
      17.0000      421.614  1.28057e-09      0.00000  1.28019e-11
      16.0000      421.964  1.29892e-09      0.00000  9.30354e-12
      17.0000      421.964  1.29140e-09      0.00000  1.11536e-11
      16.0000      422.317  1.30280e-09      0.00000  9.06319e-12
      17.0000      422.317  1.31083e-09      0.00000  9.58804e-12
      17.0000      422.669  1.27071e-09      0.00000  1.02809e-11
      17.0000      423.021  1.24774e-09      0.00000  1.09675e-11
      17.0000      423.374  1.29090e-09      0.00000  1.11587e-11
      17.0000      423.727  1.25061e-09      0.00000  1.19521e-11
      17.0000      424.079  1.22883e-09      0.00000  1.24470e-11
      17.0000      424.434  1.24996e-09      0.00000  1.06191e-11
      17.0000      424.787  1.26141e-09      0.00000  8.86522e-12
      17.0000      425.141  1.21632e-09      0.00000  8.58710e-12
      17.0000      425.496  1.19126e-09      0.00000  8.43240e-12
      17.0000      425.851  1.21782e-09      0.00000  8.22822e-12
      17.0000      426.205  1.17929e-09      0.00000  9.18011e-12
      17.0000      426.561  1.16889e-09      0.00000  1.04330e-11
      17.0000      426.916  1.19835e-09      0.00000  1.03527e-11
      17.0000      427.272  1.18965e-09      0.00000  9.70294e-12
      17.0000      427.628  1.14660e-09      0.00000  9.18894e-12
      17.0000      427.985  1.17057e-09      0.00000  8.17989e-12
      17.0000      428.343  1.17778e-09      0.00000  7.10428e-12
      17.0000      428.699  1.12442e-09      0.00000  7.15869e-12
      17.0000      429.056  1.11211e-09      0.00000  7.25781e-12
      17.0000      429.415  1.13437e-09      0.00000  7.14885e-12
      17.0000      429.771  1.11534e-09      0.00000  7.87210e-12
      17.0000      430.130  1.08885e-09      0.00000  8.66206e-12
      17.0000      430.489  1.12939e-09      0.00000  8.58420e-12
      17.0000      430.847  1.12098e-09      0.00000  8.59158e-12
      17.0000      431.207  1.08463e-09      0.00000  8.89460e-12
      17.0000      431.566  1.08209e-09      0.00000  7.85676e-12
      17.0000      431.926  1.08774e-09      0.00000  6.93931e-12
      17.0000      432.287  1.04804e-09      0.00000  6.89662e-12
      17.0000      432.646  1.04550e-09      0.00000  6.85726e-12
      17.0000      433.007  1.06353e-09      0.00000  6.43573e-12
      17.0000      433.368  1.03863e-09      0.00000  6.45946e-12
      17.0000      433.730  1.02403e-09      0.00000  6.55120e-12
      17.0000      434.092  1.04178e-09      0.00000  6.30520e-12
      17.0000      434.452  1.02010e-09      0.00000  6.39116e-12
      17.0000      434.815  9.95790e-10      0.00000  6.84511e-12
      17.0000      435.178  1.01282e-09      0.00000  7.01904e-12
      17.0000      435.540  1.00491e-09      0.00000  7.09646e-12
      17.0000      435.905  9.77183e-10      0.00000  7.98019e-12
      17.0000      436.268  9.99930e-10      0.00000  8.25818e-12
      17.0000      436.630  1.00674e-09      0.00000  8.04792e-12
      17.0000      436.994  9.58606e-10      0.00000  8.13575e-12
      17.0000      437.359  9.47328e-10      0.00000  8.49969e-12
      17.0000      437.723  9.69375e-10      0.00000  6.96275e-12
      17.0000      438.089  9.31290e-10      0.00000  6.89677e-12
      17.0000      438.454  9.09022e-10      0.00000  6.95668e-12
      17.0000      438.820  9.20071e-10      0.00000  6.50591e-12
      17.0000      439.186  9.26250e-10      0.00000  6.50172e-12
      17.0000      439.551  9.08515e-10      0.00000  6.65858e-12
      18.0000      439.551  8.81332e-10      0.00000  2.60087e-11
      17.0000      439.918  9.29858e-10      0.00000  6.40650e-12
      18.0000      439.918  9.33034e-10      0.00000  2.20328e-11
      17.0000      440.284  9.23818e-10      0.00000  6.07975e-12
      18.0000      440.284  9.22283e-10      0.00000  2.14049e-11
      17.0000      440.651  8.89417e-10      0.00000  6.17222e-12
      18.0000      440.651  9.70570e-10      0.00000  2.49451e-11
      17.0000      441.018  8.99787e-10      0.00000  6.08800e-12
      18.0000      441.018  9.03127e-10      0.00000  2.17736e-11
      17.0000      441.386  8.93826e-10      0.00000  6.00233e-12
      18.0000      441.386  8.86663e-10      2.00000  1.73308e-11
      17.0000      441.755  8.75644e-10      0.00000  6.31041e-12
      18.0000      441.755  8.64296e-10      2.00000  1.65653e-11
      17.0000      442.124  8.86222e-10      0.00000  6.38942e-12
      18.0000      442.124  8.53373e-10      2.00000  1.56729e-11
      17.0000      442.492  8.82406e-10      0.00000  6.24283e-12
      18.0000      442.492  8.85537e-10      2.00000  1.52911e-11
      17.0000      442.860  8.54416e-10      0.00000  6.42647e-12
      18.0000      442.860  8.52900e-10      2.00000  1.71508e-11
      17.0000      443.229  8.68069e-10      0.00000  6.47798e-12
      18.0000      443.229  8.32511e-10      2.00000  1.64253e-11
      17.0000      443.599  8.81546e-10      0.00000  6.23444e-12
      18.0000      443.599  8.58289e-10      0.00000  1.32798e-11
      17.0000      443.969  8.44367e-10      0.00000  6.30810e-12
      18.0000      443.969  8.19834e-10      0.00000  1.17401e-11
      17.0000      444.340  8.33947e-10      0.00000  6.48464e-12
      18.0000      444.340  7.94975e-10      0.00000  1.11778e-11
      17.0000      444.709  8.43070e-10      0.00000  6.42082e-12
      18.0000      444.709  8.07409e-10      0.00000  1.06192e-11
      17.0000      445.079  8.10994e-10      0.00000  6.66234e-12
      18.0000      445.079  8.17005e-10      0.00000  1.15002e-11
      17.0000      445.452  7.94435e-10      0.00000  7.12512e-12
      18.0000      445.452  7.68234e-10      0.00000  1.32470e-11
      17.0000      445.824  8.24536e-10      0.00000  7.08069e-12
      18.0000      445.824  7.89189e-10      0.00000  1.22443e-11
      17.0000      446.194  8.22676e-10      0.00000  6.96608e-12
      18.0000      446.194  7.94076e-10      0.00000  1.02593e-11
      17.0000      446.566  8.01559e-10      0.00000  7.13250e-12
      18.0000      446.566  7.65441e-10      0.00000  9.49760e-12
      17.0000      446.939  8.09557e-10      0.00000  7.17055e-12
      18.0000      446.939  7.82530e-10      0.00000  8.41504e-12
      17.0000      447.311  8.10139e-10      0.00000  7.04857e-12
      18.0000      447.311  7.82705e-10      0.00000  8.07599e-12
      17.0000      447.684  7.84910e-10      0.00000  7.30137e-12
      18.0000      447.684  7.64087e-10      0.00000  8.93411e-12
      17.0000      448.057  7.82978e-10      0.00000  7.56922e-12
      18.0000      448.057  7.75691e-10      0.00000  9.34855e-12
      17.0000      448.431  7.68643e-10      0.00000  7.77833e-12
      18.0000      448.431  7.56845e-10      0.00000  9.69020e-12
      18.0000      448.805  7.35649e-10      0.00000  9.80380e-12
      18.0000      449.180  7.40017e-10      0.00000  8.47972e-12
      18.0000      449.553  7.50908e-10      0.00000  7.15623e-12
      18.0000      449.928  7.35520e-10      0.00000  6.72413e-12
      18.0000      450.302  7.21871e-10      0.00000  6.64194e-12
      18.0000      450.678  7.35390e-10      0.00000  6.75727e-12
      18.0000      451.054  7.09534e-10      0.00000  7.33335e-12
      18.0000      451.431  6.93608e-10      0.00000  8.18134e-12
      18.0000      451.806  7.23050e-10      0.00000  8.52227e-12
      18.0000      452.184  6.97283e-10      0.00000  8.10059e-12
      18.0000      452.560  6.91861e-10      0.00000  7.62190e-12
      18.0000      452.938  7.20646e-10      0.00000  6.39492e-12
      18.0000      453.315  6.83990e-10      0.00000  5.98627e-12
      18.0000      453.694  6.69187e-10      0.00000  5.87976e-12
      18.0000      454.071  6.78685e-10      0.00000  5.74880e-12
      18.0000      454.450  6.66966e-10      0.00000  6.15051e-12
      18.0000      454.829  6.51788e-10      0.00000  6.97505e-12
      18.0000      455.208  6.68683e-10      0.00000  6.95219e-12
      18.0000      455.587  6.72050e-10      0.00000  7.09429e-12
      18.0000      455.967  6.45013e-10      0.00000  7.72059e-12
      18.0000      456.348  6.54311e-10      0.00000  6.84366e-12
      18.0000      456.727  6.60448e-10      0.00000  6.07179e-12
      18.0000      457.109  6.27594e-10      0.00000  6.12142e-12
      18.0000      457.490  6.36762e-10      0.00000  6.12157e-12
      18.0000      457.871  6.42970e-10      0.00000  5.80017e-12
      18.0000      458.253  6.16210e-10      0.00000  6.00595e-12
      18.0000      458.636  6.29355e-10      0.00000  5.85921e-12
      18.0000      459.017  6.42935e-10      0.00000  5.36547e-12
      18.0000      459.400  6.17756e-10      0.00000  5.41699e-12
      18.0000      459.783  6.09164e-10      0.00000  5.26490e-12
      18.0000      460.166  6.17554e-10      0.00000  5.19211e-12
      18.0000      460.549  5.87025e-10      0.00000  5.92766e-12
      18.0000      460.934  5.83154e-10      0.00000  6.63658e-12
      18.0000      461.318  6.05328e-10      0.00000  8.08120e-12
      18.0000      461.702  5.55831e-10      0.00000  7.76921e-12
      18.0000      462.088  5.80155e-10      0.00000  7.73390e-12
      18.0000      462.473  6.02737e-10      0.00000  6.89054e-12
      18.0000      462.858  5.80996e-10      0.00000  6.45020e-12
      18.0000      463.244  5.50378e-10      0.00000  6.44600e-12
      18.0000      463.631  5.74117e-10      0.00000  6.14761e-12
      19.0000      463.631  4.99426e-10      258.000  3.53683e-11
      18.0000      464.018  5.49862e-10      0.00000  6.05746e-12
      19.0000      464.018  5.84014e-10      0.00000  3.58039e-11
      18.0000      464.403  5.38576e-10      0.00000  6.67319e-12
      19.0000      464.403  5.22889e-10      0.00000  3.31398e-11
      18.0000      464.792  5.55570e-10      0.00000  6.47813e-12
      19.0000      464.792  5.06002e-10      0.00000  2.81067e-11
      18.0000      465.179  5.52331e-10      0.00000  6.21042e-12
      19.0000      465.179  5.22840e-10      0.00000  2.64155e-11
      18.0000      465.567  5.51661e-10      0.00000  6.07425e-12
      19.0000      465.567  5.25145e-10      0.00000  2.59148e-11
      18.0000      465.955  5.61070e-10      0.00000  5.63347e-12
      19.0000      465.955  5.52480e-10      0.00000  2.30677e-11
      18.0000      466.342  5.46937e-10      0.00000  5.61480e-12
      19.0000      466.342  5.16915e-10      0.00000  2.05360e-11
      18.0000      466.731  5.29462e-10      0.00000  5.33421e-12
      19.0000      466.731  5.47817e-10      0.00000  1.86674e-11
      18.0000      467.122  5.22047e-10      0.00000  5.53492e-12
      19.0000      467.122  5.40894e-10      0.00000  1.60037e-11
      18.0000      467.510  5.13979e-10      0.00000  5.87759e-12
      19.0000      467.510  5.32120e-10      0.00000  1.61979e-11
      18.0000      467.900  5.12812e-10      0.00000  6.44210e-12
      19.0000      467.900  5.22254e-10      2.00000  1.85728e-11
      18.0000      468.290  5.32816e-10      0.00000  6.48030e-12
      19.0000      468.290  7.66658e-10      2.00000  2.00283e-11
      18.0000      468.680  5.24259e-10      0.00000  6.24052e-12
      19.0000      468.680  5.53236e-10      2.00000  1.84323e-11
      18.0000      469.072  5.16621e-10      0.00000  6.08800e-12
      19.0000      469.072  5.22161e-10      2.00000  1.65948e-11
      18.0000      469.462  5.19491e-10      0.00000  5.73230e-12
      19.0000      469.462  5.16264e-10      0.00000  1.23275e-11
      18.0000      469.854  5.03449e-10      0.00000  5.74938e-12
      19.0000      469.854  5.32238e-10      0.00000  1.13478e-11
      18.0000      470.245  4.86511e-10      0.00000  6.24992e-12
      19.0000      470.245  5.17762e-10      0.00000  1.19131e-11
      18.0000      470.637  4.92606e-10      0.00000  6.65525e-12
      19.0000      470.637  5.21463e-10      0.00000  1.22510e-11
      18.0000      471.029  4.81099e-10      0.00000  7.24768e-12
      19.0000      471.029  5.07690e-10      0.00000  1.39235e-11
      18.0000      471.422  4.68288e-10      0.00000  7.86399e-12
      19.0000      471.422  4.68924e-10      2.00000  1.56888e-11
      18.0000      471.816  4.93941e-10      0.00000  7.73144e-12
      19.0000      471.816  5.02280e-10      0.00000  1.33512e-11
      18.0000      472.208  4.94327e-10      0.00000  7.39456e-12
      19.0000      472.208  5.03051e-10      0.00000  1.07218e-11
      18.0000      472.603  4.73703e-10      0.00000  7.33118e-12
      19.0000      472.603  4.76819e-10      0.00000  9.70627e-12
      18.0000      472.997  4.76618e-10      0.00000  7.05435e-12
      19.0000      472.997  4.76770e-10      0.00000  8.71212e-12
      18.0000      473.391  4.64402e-10      0.00000  7.27257e-12
      19.0000      473.391  4.69960e-10      0.00000  8.83324e-12
      18.0000      473.785  4.38898e-10      0.00000  8.38682e-12
      19.0000      473.785  4.50637e-10      0.00000  1.02638e-11
      18.0000      474.181  4.42458e-10      0.00000  9.23872e-12
      19.0000      474.181  4.57650e-10      0.00000  1.09396e-11
      18.0000      474.577  4.29251e-10      0.00000  9.83245e-12
      19.0000      474.577  4.48164e-10      0.00000  1.18900e-11
      19.0000      474.971  4.32372e-10      0.00000  1.20220e-11
      19.0000      475.367  4.52619e-10      0.00000  9.44145e-12
      19.0000      475.765  4.48609e-10      0.00000  7.82767e-12
      19.0000      476.161  4.43137e-10      0.00000  7.48196e-12
      19.0000      476.558  4.44017e-10      0.00000  7.15160e-12
      19.0000      476.954  4.32383e-10      0.00000  7.58442e-12
      19.0000      477.352  4.17030e-10      0.00000  8.63644e-12
      19.0000      477.751  4.30336e-10      0.00000  9.11557e-12
      19.0000      478.149  4.18882e-10      0.00000  1.04266e-11
      19.0000      478.547  4.13997e-10      0.00000  9.22960e-12
      19.0000      478.946  4.33861e-10      0.00000  7.99206e-12
      19.0000      479.345  4.28365e-10      0.00000  7.03366e-12
      19.0000      479.745  4.00330e-10      0.00000  6.95407e-12
      19.0000      480.146  3.97946e-10      0.00000  7.69092e-12
      19.0000      480.545  3.85446e-10      0.00000  7.83360e-12
      19.0000      480.945  3.89523e-10      0.00000  7.80828e-12
      19.0000      481.348  3.81189e-10      0.00000  7.32394e-12
      19.0000      481.749  3.78895e-10      0.00000  6.87506e-12
      19.0000      482.151  3.99783e-10      0.00000  6.91500e-12
      19.0000      482.551  4.03260e-10      0.00000  6.00522e-12
      19.0000      482.954  3.81349e-10      0.00000  6.56076e-12
      19.0000      483.356  3.79876e-10      0.00000  7.37517e-12
      19.0000      483.760  3.88552e-10      0.00000  7.82883e-12
      19.0000      484.163  3.66198e-10      0.00000  7.97006e-12
      19.0000      484.567  3.81612e-10      0.00000  7.43407e-12
      19.0000      484.971  3.88292e-10      0.00000  6.48131e-12
      19.0000      485.376  3.72206e-10      0.00000  5.96210e-12
      19.0000      485.779  3.78512e-10      0.00000  5.58904e-12
      19.0000      486.185  3.74530e-10      0.00000  5.41120e-12
      19.0000      486.590  3.58041e-10      0.00000  5.68354e-12
      19.0000      486.995  3.49658e-10      0.00000  5.86558e-12
      19.0000      487.401  3.56178e-10      0.00000  5.94213e-12
      19.0000      487.807  3.61421e-10      0.00000  5.91232e-12
      19.0000      488.215  3.66270e-10      0.00000  5.54288e-12
      20.0000      488.215  2.79298e-10      258.000  6.11970e-11
      19.0000      488.622  3.57531e-10      0.00000  5.26056e-12
      20.0000      488.622  2.22253e-10      258.000  5.43305e-11
      19.0000      489.029  3.46173e-10      0.00000  5.34044e-12
      20.0000      489.029  2.87164e-10      2.00000  4.38108e-11
      19.0000      489.436  3.47913e-10      0.00000  5.44897e-12
      20.0000      489.436  3.07400e-10      2.00000  3.53101e-11
      19.0000      489.845  3.38151e-10      0.00000  5.94502e-12
      20.0000      489.845  3.11873e-10      0.00000  3.20694e-11
      19.0000      490.254  3.32528e-10      0.00000  6.51474e-12
      20.0000      490.254  2.84568e-10      2.00000  3.41048e-11
      19.0000      490.663  3.32709e-10      0.00000  6.58536e-12
      20.0000      490.663  3.00962e-10      2.00000  3.37234e-11
      19.0000      491.070  3.23346e-10      0.00000  7.02107e-12
      20.0000      491.070  2.61921e-10      0.00000  3.46105e-11
      19.0000      491.480  3.26219e-10      0.00000  6.78028e-12
      20.0000      491.480  3.33025e-10      2.00000  3.06702e-11
      19.0000      491.889  3.28923e-10      0.00000  6.32517e-12
      20.0000      491.889  3.30047e-10      2.00000  2.21047e-11
      19.0000      492.300  3.18277e-10      0.00000  6.59100e-12
      20.0000      492.300  3.30607e-10      2.00000  1.97808e-11
      19.0000      492.710  3.18135e-10      0.00000  6.91486e-12
      20.0000      492.710  3.40930e-10      0.00000  1.86874e-11
      19.0000      493.121  3.22757e-10      0.00000  7.32698e-12
      20.0000      493.121  3.19264e-10      0.00000  1.87297e-11
      19.0000      493.532  2.99723e-10      0.00000  8.88606e-12
      20.0000      493.532  3.25728e-10      2.00000  2.13677e-11
      19.0000      493.944  3.11116e-10      0.00000  8.43197e-12
      20.0000      493.944  2.73220e-10      2.00000  2.13110e-11
      19.0000      494.354  3.21313e-10      0.00000  8.16050e-12
      20.0000      494.354  2.99222e-10      2.00000  1.85149e-11
      19.0000      494.768  3.12686e-10      0.00000  8.32937e-12
      20.0000      494.768  2.75847e-10      2.00000  1.60731e-11
      19.0000      495.179  3.15296e-10      0.00000  7.98236e-12
      20.0000      495.179  2.83208e-10      0.00000  1.28648e-11
      19.0000      495.592  2.93223e-10      0.00000  7.86009e-12
      20.0000      495.592  2.99834e-10      0.00000  1.17073e-11
      19.0000      496.005  2.88009e-10      0.00000  8.55396e-12
      20.0000      496.005  2.88757e-10      0.00000  1.27495e-11
      19.0000      496.418  2.69671e-10      0.00000  9.13395e-12
      20.0000      496.418  2.89670e-10      0.00000  1.33111e-11
      19.0000      496.833  2.75038e-10      0.00000  9.47560e-12
      20.0000      496.833  2.96767e-10      0.00000  1.40772e-11
      19.0000      497.248  2.65368e-10      0.00000  1.01418e-11
      20.0000      497.248  2.79043e-10      0.00000  1.37820e-11
      19.0000      497.661  2.92756e-10      0.00000  9.72913e-12
      20.0000      497.661  2.90720e-10      0.00000  1.14296e-11
      19.0000      498.077  2.86995e-10      0.00000  9.26520e-12
      20.0000      498.077  2.96518e-10      0.00000  9.53898e-12
      19.0000      498.492  2.99298e-10      0.00000  9.72377e-12
      20.0000      498.492  2.90082e-10      0.00000  8.94279e-12
      19.0000      498.907  2.98466e-10      0.00000  9.14364e-12
      20.0000      498.907  3.02902e-10      0.00000  8.24703e-12
      19.0000      499.323  2.76518e-10      0.00000  9.57921e-12
      20.0000      499.323  3.03013e-10      0.00000  8.86002e-12
      19.0000      499.740  2.65999e-10      0.00000  1.05605e-11
      20.0000      499.740  2.88982e-10      0.00000  9.88136e-12
      19.0000      500.158  2.62961e-10      0.00000  1.04600e-11
      20.0000      500.158  2.94879e-10      0.00000  9.96515e-12
      19.0000      500.573  2.40693e-10      0.00000  1.07664e-11
      20.0000      500.573  2.75698e-10      0.00000  1.01905e-11
      19.0000      500.992  2.65106e-10      0.00000  1.05613e-11
      20.0000      500.992  2.96246e-10      0.00000  9.27214e-12
      20.0000      501.409  2.91138e-10      0.00000  7.78672e-12
      20.0000      501.827  2.74219e-10      0.00000  7.12613e-12
      20.0000      502.245  2.69023e-10      0.00000  6.90834e-12
      20.0000      502.664  2.72506e-10      0.00000  6.68564e-12
      20.0000      503.081  2.61958e-10      0.00000  6.92339e-12
      20.0000      503.502  2.69386e-10      0.00000  7.06738e-12
      20.0000      503.921  2.65076e-10      0.00000  6.95899e-12
      20.0000      504.342  2.60426e-10      0.00000  7.09603e-12
      20.0000      504.762  2.56382e-10      0.00000  7.19110e-12
      20.0000      505.183  2.57321e-10      0.00000  7.13250e-12
      20.0000      505.605  2.50178e-10      0.00000  6.75278e-12
      20.0000      506.027  2.53089e-10      0.00000  6.49216e-12
      20.0000      506.447  2.55734e-10      0.00000  6.17627e-12
      20.0000      506.871  2.58624e-10      0.00000  5.80828e-12
      20.0000      507.292  2.53178e-10      0.00000  5.29355e-12
      20.0000      507.715  2.45467e-10      0.00000  5.02078e-12
      20.0000      508.138  2.41426e-10      0.00000  4.95942e-12
      20.0000      508.562  2.40192e-10      0.00000  5.20774e-12
      20.0000      508.986  2.43445e-10      0.00000  5.50888e-12
      20.0000      509.411  2.48810e-10      0.00000  5.93880e-12
      20.0000      509.835  2.37229e-10      0.00000  6.10580e-12
      20.0000      510.261  2.34890e-10      0.00000  6.08250e-12
      20.0000      510.686  2.40547e-10      0.00000  6.00407e-12
      20.0000      511.112  2.32066e-10      0.00000  6.09755e-12
      20.0000      511.538  2.24718e-10      0.00000  6.09451e-12
      20.0000      511.965  2.14820e-10      0.00000  6.13503e-12
      20.0000      512.392  2.19562e-10      0.00000  6.12027e-12
      20.0000      512.818  2.18036e-10      0.00000  5.91739e-12
      20.0000      513.244  2.22206e-10      0.00000  5.62508e-12
      20.0000      513.674  2.23239e-10      0.00000  5.25636e-12
      20.0000      514.102  2.15745e-10      0.00000  5.11353e-12
      20.0000      514.530  2.09864e-10      0.00000  5.19399e-12
      20.0000      514.960  2.02246e-10      0.00000  5.51061e-12
      20.0000      515.390  1.99778e-10      0.00000  6.26063e-12
      20.0000      515.818  2.10472e-10      0.00000  6.79952e-12
      20.0000      516.249  2.13481e-10      0.00000  7.36533e-12
      20.0000      516.678  4.80984e-10      0.00000  8.13026e-12
      20.0000      517.109  4.68449e-10      0.00000  8.15659e-12
      20.0000      517.539  1.98111e-10      0.00000  9.01746e-12
      20.0000      517.971  2.32061e-10      0.00000  1.05603e-11
      20.0000      518.403  2.01672e-10      0.00000  1.26043e-11
      20.0000      518.836  1.70864e-10      0.00000  1.59927e-11
      20.0000      519.267  1.56174e-10      2.00000  1.75464e-11
      20.0000      519.702  1.44043e-10      2.00000  1.82702e-11
      20.0000      520.134  1.41917e-10      2.00000  2.06308e-11
      20.0000      520.568  1.45057e-10      2.00000  2.00799e-11
      20.0000      521.002  1.72481e-10      0.00000  2.22552e-11
      20.0000      521.436  9.87604e-11      0.00000  2.95440e-11
      20.0000      521.872  9.36238e-11      0.00000  3.29114e-11
      20.0000      522.308  1.01925e-10      0.00000  4.05663e-11
      20.0000      522.742  1.02910e-10      0.00000  4.50582e-11
      20.0000      523.177  5.93923e-11      0.00000  4.17005e-11
      20.0000      523.615  3.94152e-11      2.00000  4.56984e-11
      20.0000      524.051  9.63186e-11      2.00000  4.86633e-11
      20.0000      524.488  5.34141e-11      0.00000  4.80560e-11
      20.0000      524.923  3.75598e-11      0.00000  6.16905e-11
      20.0000      525.362 -9.84313e-12      0.00000  7.69633e-11
      20.0000      525.801 -8.63341e-11      2.00000  8.09325e-11
      20.0000      526.238 -1.86117e-11      3.00000  8.88904e-11
      20.0000      526.676 -5.19955e-11      3.00000  8.18753e-11
