      11.0000      271.534  2.63631e-08  1.32780e-10
      11.0000      271.761  3.37665e-08  2.52085e-10
      11.0000      271.987  2.69041e-08  1.35905e-10
      11.0000      272.214  2.20499e-08  1.10854e-10
      11.0000      272.441  2.89962e-08  1.62265e-10
      11.0000      272.668  2.49854e-08  2.41441e-10
      11.0000      272.895  2.97827e-08  2.57252e-10
      11.0000      273.123  2.70325e-08  1.42915e-10
      11.0000      273.350  2.95904e-08  3.71457e-10
      11.0000      273.578  2.34821e-08  1.06375e-10
      11.0000      273.806  3.01076e-08  2.75352e-10
      11.0000      274.035  2.94616e-08  1.39305e-10
      11.0000      274.263  2.59507e-08  1.16291e-10
      11.0000      274.492  2.66513e-08  1.11645e-10
      11.0000      274.721  2.43390e-08  9.56341e-11
      11.0000      274.950  2.30041e-08  9.45281e-11
      11.0000      275.179  2.70902e-08  1.10804e-10
      11.0000      275.409  2.69933e-08  1.10120e-10
      11.0000      275.638  2.23721e-08  1.00176e-10
      11.0000      275.867  2.32207e-08  9.90056e-11
      11.0000      276.097  2.57958e-08  1.17841e-10
      11.0000      276.328  2.24078e-08  8.99514e-11
      11.0000      276.558  2.27410e-08  9.81524e-11
      11.0000      276.789  2.07773e-08  7.32661e-11
      11.0000      277.020  2.24810e-08  9.38566e-11
      11.0000      277.250  2.13399e-08  7.79253e-11
      11.0000      277.482  2.10189e-08  8.03389e-11
      11.0000      277.713  2.07966e-08  7.67094e-11
      11.0000      277.945  2.12236e-08  7.68898e-11
      11.0000      278.177  2.13535e-08  8.03941e-11
      11.0000      278.408  2.20227e-08  8.65217e-11
      11.0000      278.640  2.31440e-08  9.74463e-11
      11.0000      278.872  2.36589e-08  9.88412e-11
      11.0000      279.105  2.33701e-08  9.35951e-11
      11.0000      279.337  2.42327e-08  9.84811e-11
      11.0000      279.571  2.08609e-08  7.85857e-11
      11.0000      279.804  2.15846e-08  8.12119e-11
      11.0000      280.037  1.96301e-08  6.49606e-11
      11.0000      280.271  2.03133e-08  6.42174e-11
      11.0000      280.504  1.99050e-08  6.03534e-11
      11.0000      280.738  2.08771e-08  6.63773e-11
      11.0000      280.971  1.95192e-08  6.18306e-11
      11.0000      281.206  1.97673e-08  6.21757e-11
      11.0000      281.440  2.04799e-08  6.40739e-11
      11.0000      281.675  1.78571e-08  5.50443e-11
      11.0000      281.910  1.79242e-08  5.91211e-11
      11.0000      282.145  1.91844e-08  6.08475e-11
      11.0000      282.381  1.86413e-08  6.01618e-11
      11.0000      282.616  1.87318e-08  5.82292e-11
      11.0000      282.851  1.91740e-08  6.13284e-11
      11.0000      283.087  1.82159e-08  5.70215e-11
      11.0000      283.323  1.71412e-08  5.48102e-11
      11.0000      283.559  1.81328e-08  5.83969e-11
      11.0000      283.796  1.81166e-08  5.55662e-11
      11.0000      284.032  1.80294e-08  5.52724e-11
      11.0000      284.269  1.74370e-08  5.38686e-11
      11.0000      284.506  1.78033e-08  5.52986e-11
      11.0000      284.743  1.69840e-08  5.28450e-11
      11.0000      284.981  1.52542e-08  4.49139e-11
      11.0000      285.218  1.69131e-08  5.04515e-11
      11.0000      285.456  1.72255e-08  5.16789e-11
      11.0000      285.694  1.66901e-08  5.21782e-11
      11.0000      285.932  1.54960e-08  4.78106e-11
      11.0000      286.171  1.56636e-08  4.67520e-11
      11.0000      286.409  1.68885e-08  5.06333e-11
      11.0000      286.648  1.66484e-08  5.13910e-11
      11.0000      286.887  1.59091e-08  5.03939e-11
      11.0000      287.126  1.54699e-08  4.81019e-11
      11.0000      287.365  1.52766e-08  4.61559e-11
      11.0000      287.605  1.46126e-08  4.43442e-11
      11.0000      287.844  1.60713e-08  5.18594e-11
      11.0000      288.085  1.61670e-08  5.30353e-11
      11.0000      288.325  1.57609e-08  5.26661e-11
      11.0000      288.565  1.52675e-08  5.05131e-11
      11.0000      288.806  1.48153e-08  5.06990e-11
      11.0000      289.047  1.43757e-08  5.24394e-11
      11.0000      289.287  1.50844e-08  5.63968e-11
      11.0000      289.529  1.43055e-08  5.16665e-11
      11.0000      289.770  1.46442e-08  5.35826e-11
      11.0000      290.011  1.44137e-08  5.33041e-11
      11.0000      290.254  1.36992e-08  5.05223e-11
      11.0000      290.495  1.46532e-08  5.47012e-11
      11.0000      290.737  1.40745e-08  5.03844e-11
      11.0000      290.980  1.34570e-08  4.62092e-11
      11.0000      291.223  1.35329e-08  4.73868e-11
      11.0000      291.465  1.35516e-08  4.90735e-11
      11.0000      291.708  1.38134e-08  5.06104e-11
      11.0000      291.951  1.44210e-08  5.52033e-11
      11.0000      292.195  1.39866e-08  5.39992e-11
      11.0000      292.439  1.43524e-08  5.75118e-11
      11.0000      292.683  1.34575e-08  5.57455e-11
      11.0000      292.926  1.25972e-08  5.17269e-11
      11.0000      293.171  1.39972e-08  5.80590e-11
      12.0000      295.377  1.47740e-08  5.63964e-11
      12.0000      295.624  1.39804e-08  5.16748e-11
      12.0000      295.870  1.35517e-08  5.42625e-11
      12.0000      296.117  1.29776e-08  5.17258e-11
      12.0000      296.364  1.31941e-08  5.07657e-11
      12.0000      296.611  1.27089e-08  4.63866e-11
      12.0000      296.858  1.26807e-08  4.59989e-11
      12.0000      297.105  1.29453e-08  4.83813e-11
      12.0000      297.354  1.20011e-08  4.37455e-11
      12.0000      297.601  1.26962e-08  4.48383e-11
      12.0000      297.850  1.25742e-08  3.93792e-11
      12.0000      298.097  1.16545e-08  3.34564e-11
      12.0000      298.346  1.22537e-08  3.83161e-11
      12.0000      298.595  1.21718e-08  3.99066e-11
      12.0000      298.844  1.20300e-08  3.95537e-11
      12.0000      299.093  1.18435e-08  3.66032e-11
      12.0000      299.342  1.17332e-08  3.43850e-11
      12.0000      299.592  1.11834e-08  3.27158e-11
      12.0000      299.842  1.09622e-08  3.39517e-11
      12.0000      300.091  1.12921e-08  3.54315e-11
      12.0000      300.342  1.13958e-08  3.45565e-11
      12.0000      300.592  1.09798e-08  3.34888e-11
      12.0000      300.843  1.06119e-08  3.18748e-11
      12.0000      301.093  1.10989e-08  4.56700e-11
      12.0000      301.345  1.15472e-08  2.47722e-10
      12.0000      301.595  1.14024e-08  2.96189e-11
      12.0000      301.848  1.12023e-08  2.88421e-11
      12.0000      302.099  1.09626e-08  3.05992e-11
      12.0000      302.350  1.07028e-08  3.10577e-11
      12.0000      302.603  1.05056e-08  2.95489e-11
      12.0000      302.855  1.06356e-08  2.78106e-11
      12.0000      303.107  1.07911e-08  2.80147e-11
      12.0000      303.360  1.02852e-08  2.73111e-11
      12.0000      303.614  1.01642e-08  2.60370e-11
      12.0000      303.866  1.04916e-08  2.66594e-11
      12.0000      304.120  1.04722e-08  2.71005e-11
      12.0000      304.373  1.01989e-08  2.75046e-11
      12.0000      304.627  1.00234e-08  2.76558e-11
      12.0000      304.881  1.01341e-08  2.62640e-11
      12.0000      305.135  9.93246e-09  2.35954e-11
      12.0000      305.389  9.89268e-09  2.30385e-11
      12.0000      305.644  9.66128e-09  2.30206e-11
      12.0000      305.899  9.71825e-09  2.37291e-11
      12.0000      306.154  9.74308e-09  2.33165e-11
      12.0000      306.409  9.90709e-09  2.44325e-11
      12.0000      306.665  9.64856e-09  2.57821e-11
      12.0000      306.921  9.49866e-09  2.69947e-11
      12.0000      307.176  9.79436e-09  2.73524e-11
      12.0000      307.432  9.46483e-09  2.46505e-11
      12.0000      307.689  9.25161e-09  2.31216e-11
      12.0000      307.945  9.30186e-09  2.31291e-11
      12.0000      308.202  9.61766e-09  2.44221e-11
      12.0000      308.458  1.01135e-08  2.25324e-11
      12.0000      308.715  9.76610e-09  2.04507e-11
      12.0000      308.973  9.13817e-09  1.97881e-11
      12.0000      309.231  9.02167e-09  2.11456e-11
      12.0000      309.488  9.03771e-09  2.16794e-11
      12.0000      309.746  9.12523e-09  2.23505e-11
      12.0000      310.004  8.98835e-09  2.25872e-11
      12.0000      310.263  8.68146e-09  2.30700e-11
      12.0000      310.522  8.75870e-09  2.39301e-11
      12.0000      310.781  8.88478e-09  2.31644e-11
      12.0000      311.040  8.86641e-09  2.16254e-11
      12.0000      311.300  8.91247e-09  2.18086e-11
      12.0000      311.559  8.66985e-09  2.18538e-11
      12.0000      311.819  8.77465e-09  2.17975e-11
      12.0000      312.079  8.96262e-09  2.11756e-11
      12.0000      312.339  8.65825e-09  2.00417e-11
      12.0000      312.599  8.47970e-09  2.10211e-11
      12.0000      312.860  8.54565e-09  2.18027e-11
      12.0000      313.120  8.71874e-09  2.16554e-11
      12.0000      313.381  8.50111e-09  2.01937e-11
      12.0000      313.643  8.25055e-09  1.96742e-11
      12.0000      313.905  8.20705e-09  2.05287e-11
      12.0000      314.166  8.24233e-09  2.20314e-11
      12.0000      314.428  8.33730e-09  2.28257e-11
      12.0000      314.690  8.32297e-09  2.23987e-11
      12.0000      314.953  8.21820e-09  2.20616e-11
      12.0000      315.215  8.24667e-09  2.11225e-11
      12.0000      315.477  8.42251e-09  1.96472e-11
      12.0000      315.740  8.54620e-09  1.88262e-11
      12.0000      316.004  8.41059e-09  1.93929e-11
      12.0000      316.268  8.22542e-09  2.12154e-11
      12.0000      316.531  8.26514e-09  2.21264e-11
      12.0000      316.795  8.23094e-09  2.08217e-11
      12.0000      317.059  7.94715e-09  1.97758e-11
      12.0000      317.323  7.80942e-09  2.03802e-11
      12.0000      317.587  7.95219e-09  2.11853e-11
      12.0000      317.853  8.09275e-09  2.01975e-11
      12.0000      318.118  7.83996e-09  2.13105e-11
      12.0000      318.383  7.45014e-09  2.46193e-11
      12.0000      318.648  7.75082e-09  2.32209e-11
      12.0000      318.914  7.77491e-09  2.13804e-11
      13.0000      319.180  7.65558e-09  2.34370e-11
      13.0000      319.446  7.65272e-09  2.41443e-11
      13.0000      319.713  7.63877e-09  2.91588e-11
      13.0000      319.978  7.38230e-09  3.13070e-11
      13.0000      320.246  7.45260e-09  2.84085e-11
      13.0000      320.513  7.71830e-09  2.43321e-11
      13.0000      320.780  7.55783e-09  2.28613e-11
      13.0000      321.047  7.46666e-09  2.35983e-11
      13.0000      321.315  7.50907e-09  2.39274e-11
      13.0000      321.583  7.48182e-09  2.03299e-11
      13.0000      321.851  7.44333e-09  1.81795e-11
      13.0000      322.119  7.26142e-09  1.73455e-11
      13.0000      322.387  7.15469e-09  1.75137e-11
      13.0000      322.657  7.16763e-09  1.79776e-11
      13.0000      322.925  7.30823e-09  1.88103e-11
      13.0000      323.195  7.21972e-09  2.03186e-11
      13.0000      323.464  7.09530e-09  2.06942e-11
      13.0000      323.734  7.28694e-09  1.91468e-11
      13.0000      324.003  7.22272e-09  1.62524e-11
      13.0000      324.273  7.09228e-09  1.58758e-11
      13.0000      324.544  6.87113e-09  1.62936e-11
      13.0000      324.815  6.91777e-09  1.68091e-11
      13.0000      325.085  7.10807e-09  1.58916e-11
      13.0000      325.357  6.96073e-09  1.46078e-11
      13.0000      325.628  6.68841e-09  1.43327e-11
      13.0000      325.900  6.54456e-09  1.43338e-11
      13.0000      326.171  6.64388e-09  1.42270e-11
      13.0000      326.443  6.77660e-09  1.47325e-11
      13.0000      326.715  6.71480e-09  1.64002e-11
      13.0000      326.988  6.62138e-09  1.85089e-11
      13.0000      327.259  6.80039e-09  1.83054e-11
      13.0000      327.533  7.07109e-09  1.59241e-11
      13.0000      327.805  6.80472e-09  1.39678e-11
      13.0000      328.079  6.54835e-09  1.30667e-11
      13.0000      328.352  6.55221e-09  1.25627e-11
      13.0000      328.626  6.60742e-09  1.19750e-11
      13.0000      328.900  6.45392e-09  1.21297e-11
      13.0000      329.175  6.28982e-09  1.41258e-11
      13.0000      329.449  6.32760e-09  1.63068e-11
      13.0000      329.724  6.41176e-09  1.60808e-11
      13.0000      329.998  6.45098e-09  1.52749e-11
      13.0000      330.274  6.31612e-09  1.50409e-11
      13.0000      330.549  6.28031e-09  1.47901e-11
      13.0000      330.825  6.39367e-09  1.32980e-11
      13.0000      331.101  6.48568e-09  1.16406e-11
      13.0000      331.376  6.37646e-09  1.12960e-11
      13.0000      331.653  6.23568e-09  1.18765e-11
      13.0000      331.929  6.22345e-09  1.24732e-11
      13.0000      332.206  6.28749e-09  1.24823e-11
      13.0000      332.483  6.19131e-09  1.33677e-11
      13.0000      332.760  5.99276e-09  1.51510e-11
      13.0000      333.037  6.06810e-09  1.63745e-11
      13.0000      333.316  6.25711e-09  1.57563e-11
      13.0000      333.592  6.27718e-09  1.47226e-11
      13.0000      333.871  6.05163e-09  1.38789e-11
      13.0000      334.150  6.11467e-09  1.37845e-11
      13.0000      334.428  6.25178e-09  1.23782e-11
      13.0000      334.707  6.24488e-09  1.09189e-11
      13.0000      334.986  6.09452e-09  1.07262e-11
      13.0000      335.264  5.98963e-09  1.13972e-11
      13.0000      335.545  5.98839e-09  1.16214e-11
      13.0000      335.824  5.95440e-09  1.15385e-11
      13.0000      336.104  5.79641e-09  1.22336e-11
      13.0000      336.384  5.84963e-09  1.42840e-11
      13.0000      336.665  5.94078e-09  1.49818e-11
      13.0000      336.945  6.01334e-09  1.43502e-11
      13.0000      337.226  5.94697e-09  1.41187e-11
      13.0000      337.507  6.15816e-09  1.58246e-11
      13.0000      337.789  5.83290e-09  1.46174e-11
      13.0000      338.071  6.04345e-09  1.39063e-11
      13.0000      338.352  5.93998e-09  1.32346e-11
      13.0000      338.634  5.68401e-09  1.37689e-11
      13.0000      338.916  5.50677e-09  1.45139e-11
      13.0000      339.199  5.69228e-09  1.49175e-11
      13.0000      339.482  5.60358e-09  1.44297e-11
      13.0000      339.765  5.48838e-09  1.52803e-11
      13.0000      340.048  5.64437e-09  1.79170e-11
      13.0000      340.332  5.76108e-09  1.60208e-11
      13.0000      340.616  5.78382e-09  1.48832e-11
      13.0000      340.899  5.60180e-09  1.45111e-11
      13.0000      341.184  5.55813e-09  1.46930e-11
      13.0000      341.468  5.59190e-09  1.40175e-11
      13.0000      341.753  5.55907e-09  1.27954e-11
      13.0000      342.038  5.37741e-09  1.26866e-11
      13.0000      342.323  5.24231e-09  1.36555e-11
      13.0000      342.608  5.39346e-09  1.47442e-11
      13.0000      342.894  5.44293e-09  1.45043e-11
      13.0000      343.180  5.36429e-09  1.47192e-11
      14.0000      343.180  5.34181e-09  1.93125e-11
      13.0000      343.466  5.33255e-09  1.60427e-11
      14.0000      343.466  5.22380e-09  2.20597e-11
      13.0000      343.752  5.46941e-09  1.64266e-11
      14.0000      343.752  5.25699e-09  2.14635e-11
      13.0000      344.039  5.57525e-09  1.54167e-11
      14.0000      344.039  5.41033e-09  1.76892e-11
      13.0000      344.325  5.45624e-09  1.49479e-11
      14.0000      344.325  5.34965e-09  1.57241e-11
      13.0000      344.612  5.29063e-09  1.58192e-11
      14.0000      344.612  5.24757e-09  1.68271e-11
      14.0000      344.900  5.22771e-09  1.80750e-11
      14.0000      345.187  5.30214e-09  1.69645e-11
      14.0000      345.476  5.12358e-09  1.49936e-11
      14.0000      345.764  4.94795e-09  1.48373e-11
      14.0000      346.052  4.98520e-09  1.48750e-11
      14.0000      346.340  5.15231e-09  1.46869e-11
      14.0000      346.629  5.18870e-09  1.59807e-11
      14.0000      346.917  5.03097e-09  1.76805e-11
      14.0000      347.207  5.02853e-09  1.76878e-11
      14.0000      347.496  5.18513e-09  1.48747e-11
      14.0000      347.786  5.13015e-09  1.26519e-11
      14.0000      348.077  4.95397e-09  1.25327e-11
      14.0000      348.367  4.91649e-09  1.33610e-11
      14.0000      348.657  4.99066e-09  1.35459e-11
      14.0000      348.948  4.91840e-09  1.41112e-11
      14.0000      349.239  4.74619e-09  1.52369e-11
      14.0000      349.529  4.89582e-09  1.66972e-11
      14.0000      349.820  5.10946e-09  1.54701e-11
      14.0000      350.112  5.05799e-09  1.42549e-11
      14.0000      350.404  4.98008e-09  1.46125e-11
      14.0000      350.696  5.08661e-09  1.55778e-11
      14.0000      350.989  5.30247e-09  1.52673e-11
      14.0000      351.281  5.26220e-09  1.40723e-11
      14.0000      351.574  4.94087e-09  1.35991e-11
      14.0000      351.867  4.74965e-09  1.33185e-11
      14.0000      352.161  4.67714e-09  1.22601e-11
      14.0000      352.454  4.62873e-09  1.10186e-11
      14.0000      352.749  4.53762e-09  1.10906e-11
      14.0000      353.043  4.45486e-09  1.21632e-11
      14.0000      353.337  4.53355e-09  1.22520e-11
      14.0000      353.632  4.64784e-09  1.20660e-11
      14.0000      353.926  4.55683e-09  1.26727e-11
      14.0000      354.221  5.03385e-09  1.42542e-11
      14.0000      354.517  4.80126e-09  1.27028e-11
      14.0000      354.812  4.50281e-09  1.03858e-11
      14.0000      355.107  4.42466e-09  9.86963e-12
      14.0000      355.404  4.36405e-09  1.02235e-11
      14.0000      355.700  4.41598e-09  1.01485e-11
      14.0000      355.996  4.44672e-09  9.79453e-12
      14.0000      356.294  4.36725e-09  1.04098e-11
      14.0000      356.590  4.34924e-09  1.17523e-11
      14.0000      356.888  4.48774e-09  1.20377e-11
      14.0000      357.185  4.57421e-09  1.16678e-11
      14.0000      357.482  4.44335e-09  1.18782e-11
      14.0000      357.780  4.29109e-09  1.23091e-11
      14.0000      358.079  4.36779e-09  1.17048e-11
      14.0000      358.378  4.34903e-09  1.03481e-11
      14.0000      358.676  4.23772e-09  9.90160e-12
      14.0000      358.976  4.15918e-09  1.01668e-11
      14.0000      359.275  4.28920e-09  9.99703e-12
      14.0000      359.575  4.27332e-09  9.34525e-12
      14.0000      359.874  4.15981e-09  9.45499e-12
      14.0000      360.175  4.12776e-09  9.94368e-12
      14.0000      360.475  4.23725e-09  9.65562e-12
      14.0000      360.775  4.22992e-09  9.24385e-12
      14.0000      361.076  4.06586e-09  9.69517e-12
      14.0000      361.377  4.02840e-09  1.03762e-11
      14.0000      361.678  4.13115e-09  1.03030e-11
      14.0000      361.979  4.11845e-09  1.02847e-11
      14.0000      362.282  4.00393e-09  1.13224e-11
      14.0000      362.583  4.00783e-09  1.24192e-11
      14.0000      362.886  4.09864e-09  1.21606e-11
      14.0000      363.189  4.05500e-09  1.15376e-11
      14.0000      363.491  3.96401e-09  1.21403e-11
      14.0000      363.794  3.95621e-09  1.24281e-11
      14.0000      364.097  4.01466e-09  1.14302e-11
      14.0000      364.401  3.94450e-09  1.06352e-11
      14.0000      364.704  3.87169e-09  1.09980e-11
      14.0000      365.009  3.89662e-09  1.13569e-11
      14.0000      365.313  3.92429e-09  1.06441e-11
      14.0000      365.617  3.86135e-09  1.02172e-11
      14.0000      365.922  3.70428e-09  1.06630e-11
      14.0000      366.228  3.78833e-09  1.11126e-11
      14.0000      366.533  3.87094e-09  1.05961e-11
      14.0000      366.838  3.82322e-09  1.02464e-11
      14.0000      367.144  3.72012e-09  1.07248e-11
      15.0000      367.144  3.68549e-09  1.67442e-11
      14.0000      367.450  3.76586e-09  1.10683e-11
      15.0000      367.450  3.70418e-09  1.69942e-11
      14.0000      367.757  3.82205e-09  1.04113e-11
      15.0000      367.757  3.75595e-09  1.70529e-11
      14.0000      368.062  3.71408e-09  1.01573e-11
      15.0000      368.062  3.71337e-09  1.67750e-11
      14.0000      368.370  3.60272e-09  1.07407e-11
      15.0000      368.370  3.61812e-09  1.62369e-11
      14.0000      368.677  3.69748e-09  1.12203e-11
      15.0000      368.677  3.61766e-09  1.44153e-11
      14.0000      368.985  3.71432e-09  1.06598e-11
      15.0000      368.985  3.65595e-09  1.28428e-11
      14.0000      369.293  3.63206e-09  1.07147e-11
      15.0000      369.293  3.57628e-09  1.34695e-11
      14.0000      369.600  3.58451e-09  1.18796e-11
      15.0000      369.600  3.47733e-09  1.55138e-11
      14.0000      369.909  3.62438e-09  1.20191e-11
      15.0000      369.909  3.53873e-09  1.51603e-11
      14.0000      370.217  3.67232e-09  1.15721e-11
      15.0000      370.217  3.56129e-09  1.29200e-11
      14.0000      370.525  3.56503e-09  1.16675e-11
      15.0000      370.525  3.47600e-09  1.18517e-11
      15.0000      370.835  3.43460e-09  1.19498e-11
      15.0000      371.143  3.51150e-09  1.16341e-11
      15.0000      371.453  3.56094e-09  1.21421e-11
      15.0000      371.762  3.42345e-09  1.30546e-11
      15.0000      372.072  3.38331e-09  1.30903e-11
      15.0000      372.383  3.42130e-09  1.11286e-11
      15.0000      372.692  3.38993e-09  9.61107e-12
      15.0000      373.003  3.30951e-09  9.80386e-12
      15.0000      373.314  3.30934e-09  1.03127e-11
      15.0000      373.626  3.36534e-09  1.03263e-11
      15.0000      373.937  3.30273e-09  1.08715e-11
      15.0000      374.249  3.22555e-09  1.14946e-11
      15.0000      374.561  3.28584e-09  1.08115e-11
      15.0000      374.873  3.31173e-09  9.24910e-12
      15.0000      375.185  3.23820e-09  8.69778e-12
      15.0000      375.498  3.18550e-09  8.87881e-12
      15.0000      375.811  3.25714e-09  8.93812e-12
      15.0000      376.125  3.27380e-09  8.90672e-12
      15.0000      376.438  3.13784e-09  9.68301e-12
      15.0000      376.753  3.08063e-09  1.05222e-11
      15.0000      377.067  3.15140e-09  9.65436e-12
      15.0000      377.381  3.16563e-09  8.52865e-12
      15.0000      377.695  3.06123e-09  8.29027e-12
      15.0000      378.010  3.05086e-09  8.26931e-12
      15.0000      378.325  3.11322e-09  7.73206e-12
      15.0000      378.640  3.08464e-09  7.65259e-12
      15.0000      378.956  2.98855e-09  8.35734e-12
      15.0000      379.272  3.00189e-09  8.85415e-12
      15.0000      379.589  3.08049e-09  8.73589e-12
      15.0000      379.905  2.95308e-09  8.95113e-12
      15.0000      380.222  2.86491e-09  9.05607e-12
      15.0000      380.539  2.94028e-09  8.55897e-12
      15.0000      380.855  2.97919e-09  7.68067e-12
      15.0000      381.173  2.84909e-09  7.39829e-12
      15.0000      381.492  2.85322e-09  7.54328e-12
      15.0000      381.809  2.93034e-09  7.10168e-12
      15.0000      382.127  2.90121e-09  6.73473e-12
      15.0000      382.446  2.79807e-09  7.13882e-12
      15.0000      382.765  2.83439e-09  7.61609e-12
      15.0000      383.085  2.86184e-09  7.44316e-12
      15.0000      383.403  2.76712e-09  7.79580e-12
      15.0000      383.723  2.67928e-09  8.98039e-12
      15.0000      384.044  2.77521e-09  9.57085e-12
      15.0000      384.363  2.78376e-09  8.56686e-12
      15.0000      384.683  2.68829e-09  8.28967e-12
      15.0000      385.005  2.66677e-09  8.36101e-12
      15.0000      385.325  2.75638e-09  7.69470e-12
      15.0000      385.646  2.76022e-09  6.79666e-12
      15.0000      385.968  2.62758e-09  6.54065e-12
      15.0000      386.290  2.59175e-09  6.66227e-12
      15.0000      386.612  2.64676e-09  6.40620e-12
      15.0000      386.934  2.59270e-09  6.34796e-12
      15.0000      387.256  2.50159e-09  6.83597e-12
      15.0000      387.580  2.54789e-09  7.09695e-12
      15.0000      387.902  2.59509e-09  6.80452e-12
      15.0000      388.226  2.53068e-09  6.85634e-12
      15.0000      388.550  2.49452e-09  7.20957e-12
      15.0000      388.874  2.56657e-09  6.91718e-12
      15.0000      389.197  2.55170e-09  6.59074e-12
      15.0000      389.522  2.43651e-09  7.04200e-12
      15.0000      389.847  2.41864e-09  7.62198e-12
      15.0000      390.172  2.48041e-09  7.62236e-12
      15.0000      390.497  2.41643e-09  7.79989e-12
      15.0000      390.823  2.34338e-09  8.90650e-12
      15.0000      391.149  2.42350e-09  9.09984e-12
      16.0000      391.149  2.34970e-09  1.78900e-11
      15.0000      391.475  2.48028e-09  8.49029e-12
      16.0000      391.475  2.39518e-09  1.43966e-11
      15.0000      391.802  2.39150e-09  8.59632e-12
      16.0000      391.802  2.33634e-09  1.30986e-11
      15.0000      392.128  2.34373e-09  9.08091e-12
      16.0000      392.128  2.28132e-09  1.39635e-11
      15.0000      392.455  2.40676e-09  8.64962e-12
      16.0000      392.455  2.34159e-09  1.35916e-11
      15.0000      392.782  2.37962e-09  8.12779e-12
      16.0000      392.782  2.36814e-09  1.24939e-11
      15.0000      393.110  2.25128e-09  8.73683e-12
      16.0000      393.110  2.23364e-09  1.14382e-11
      15.0000      393.437  2.25851e-09  9.68140e-12
      16.0000      393.437  2.22823e-09  1.12142e-11
      15.0000      393.766  2.33981e-09  1.00168e-11
      16.0000      393.766  2.28270e-09  1.04893e-11
      15.0000      394.093  2.31260e-09  9.73969e-12
      16.0000      394.093  2.26547e-09  1.09723e-11
      15.0000      394.421  2.25261e-09  1.07867e-11
      16.0000      394.421  2.19708e-09  1.31351e-11
      15.0000      394.751  2.28443e-09  1.10003e-11
      16.0000      394.751  2.20599e-09  1.33349e-11
      15.0000      395.080  2.35200e-09  9.62470e-12
      16.0000      395.080  2.26546e-09  1.05629e-11
      15.0000      395.409  2.26026e-09  9.60997e-12
      16.0000      395.409  2.19269e-09  9.13028e-12
      15.0000      395.739  2.22678e-09  9.81954e-12
      16.0000      395.739  2.15333e-09  8.77693e-12
      15.0000      396.069  2.28640e-09  9.17728e-12
      16.0000      396.069  2.20389e-09  8.20356e-12
      15.0000      396.399  2.21856e-09  8.86343e-12
      16.0000      396.399  2.17428e-09  8.33187e-12
      16.0000      396.729  2.05620e-09  1.01183e-11
      16.0000      397.060  2.07881e-09  1.12912e-11
      16.0000      397.392  2.12651e-09  9.27364e-12
      16.0000      397.722  2.10294e-09  8.35350e-12
      16.0000      398.054  2.05715e-09  8.22682e-12
      16.0000      398.386  2.10630e-09  7.60938e-12
      16.0000      398.718  2.13376e-09  7.26965e-12
      16.0000      399.050  2.02705e-09  7.89648e-12
      16.0000      399.383  2.01675e-09  8.75795e-12
      16.0000      399.717  2.04500e-09  7.91725e-12
      16.0000      400.050  1.98051e-09  7.27663e-12
      16.0000      400.383  1.90887e-09  7.42611e-12
      16.0000      400.716  1.97742e-09  7.28448e-12
      16.0000      401.051  2.00281e-09  6.80546e-12
      16.0000      401.386  1.94727e-09  7.05613e-12
      16.0000      401.719  1.94408e-09  7.34244e-12
      16.0000      402.055  1.99365e-09  7.13240e-12
      16.0000      402.390  1.93964e-09  7.17517e-12
      16.0000      402.726  1.84651e-09  7.36094e-12
      16.0000      403.062  1.88248e-09  6.97661e-12
      16.0000      403.397  1.88493e-09  6.29527e-12
      16.0000      403.734  1.82028e-09  6.47142e-12
      16.0000      404.070  1.83239e-09  6.56893e-12
      16.0000      404.406  1.88062e-09  6.18722e-12
      16.0000      404.744  1.84534e-09  6.04472e-12
      16.0000      405.081  1.80221e-09  6.41833e-12
      16.0000      405.420  1.83853e-09  6.42603e-12
      16.0000      405.757  1.83155e-09  6.31777e-12
      16.0000      406.095  1.72415e-09  6.87937e-12
      16.0000      406.435  1.71205e-09  7.25531e-12
      16.0000      406.774  1.76373e-09  6.73112e-12
      16.0000      407.111  1.73966e-09  6.33277e-12
      16.0000      407.451  1.67584e-09  6.41156e-12
      16.0000      407.790  1.73490e-09  6.17519e-12
      16.0000      408.132  1.75791e-09  5.45885e-12
      16.0000      408.472  1.68124e-09  5.29034e-12
      16.0000      408.812  1.67204e-09  5.34440e-12
      16.0000      409.152  1.69812e-09  5.12934e-12
      16.0000      409.494  1.63197e-09  5.37801e-12
      16.0000      409.834  1.59181e-09  6.24217e-12
      16.0000      410.177  1.63381e-09  6.52254e-12
      16.0000      410.519  1.65579e-09  6.65411e-12
      16.0000      410.862  1.57865e-09  7.40562e-12
      16.0000      411.203  1.61593e-09  7.77704e-12
      16.0000      411.546  1.68002e-09  7.04884e-12
      16.0000      411.889  1.61464e-09  6.58198e-12
      16.0000      412.233  1.54166e-09  6.67418e-12
      16.0000      412.577  1.57799e-09  6.41564e-12
      16.0000      412.919  1.56929e-09  5.92978e-12
      16.0000      413.264  1.48529e-09  6.14415e-12
      16.0000      413.609  1.51175e-09  6.72132e-12
      16.0000      413.954  1.55806e-09  6.25587e-12
      16.0000      414.298  1.53325e-09  5.96132e-12
      16.0000      414.644  1.50539e-09  6.08620e-12
      16.0000      414.989  1.55255e-09  5.74553e-12
      16.0000      415.336  1.52403e-09  5.19733e-12
      17.0000      415.336  1.50745e-09  1.47409e-11
      16.0000      415.683  1.45498e-09  5.30909e-12
      17.0000      415.683  1.38601e-09  1.42648e-11
      16.0000      416.029  1.45814e-09  5.57153e-12
      17.0000      416.029  1.34748e-09  1.43361e-11
      16.0000      416.375  1.46808e-09  5.49269e-12
      17.0000      416.375  1.42664e-09  1.53819e-11
      16.0000      416.722  1.41814e-09  5.72812e-12
      17.0000      416.722  1.38755e-09  1.53039e-11
      16.0000      417.070  1.40890e-09  6.16083e-12
      17.0000      417.070  1.36457e-09  1.56383e-11
      16.0000      417.418  1.46778e-09  6.07747e-12
      17.0000      417.418  1.46813e-09  1.33631e-11
      16.0000      417.767  1.45828e-09  5.86736e-12
      17.0000      417.767  1.40334e-09  1.12659e-11
      16.0000      418.114  1.43401e-09  5.98142e-12
      17.0000      418.114  1.36818e-09  1.15679e-11
      16.0000      418.463  1.45258e-09  5.79381e-12
      17.0000      418.463  1.40798e-09  1.17784e-11
      16.0000      418.811  1.44555e-09  5.52070e-12
      17.0000      418.811  1.41148e-09  1.09480e-11
      16.0000      419.161  1.35597e-09  5.76039e-12
      17.0000      419.161  1.36992e-09  1.09820e-11
      16.0000      419.511  1.33573e-09  6.13220e-12
      17.0000      419.511  1.31941e-09  1.00415e-11
      16.0000      419.859  1.38161e-09  6.21766e-12
      17.0000      419.859  1.35159e-09  8.99573e-12
      16.0000      420.210  1.34655e-09  6.39415e-12
      17.0000      420.210  1.31193e-09  8.91465e-12
      16.0000      420.560  1.31469e-09  6.76588e-12
      17.0000      420.560  1.30553e-09  1.00408e-11
      16.0000      420.911  1.34276e-09  6.71329e-12
      17.0000      420.911  1.32246e-09  1.00491e-11
      16.0000      421.262  1.32892e-09  6.37570e-12
      17.0000      421.262  1.33687e-09  9.56779e-12
      16.0000      421.614  1.27542e-09  6.42619e-12
      17.0000      421.614  1.26547e-09  9.01720e-12
      16.0000      421.964  1.28397e-09  6.53708e-12
      17.0000      421.964  1.28516e-09  7.92165e-12
      16.0000      422.317  1.29227e-09  6.37797e-12
      17.0000      422.317  1.28332e-09  6.74873e-12
      17.0000      422.669  1.23527e-09  7.04828e-12
      17.0000      423.021  1.22665e-09  7.65363e-12
      17.0000      423.374  1.27131e-09  7.82238e-12
      17.0000      423.727  1.22943e-09  8.35164e-12
      17.0000      424.079  1.19805e-09  8.70740e-12
      17.0000      424.434  1.23460e-09  7.45220e-12
      17.0000      424.787  1.23057e-09  6.23503e-12
      17.0000      425.141  1.18205e-09  6.03827e-12
      17.0000      425.496  1.17983e-09  5.92172e-12
      17.0000      425.851  1.19737e-09  5.74564e-12
      17.0000      426.205  1.14827e-09  6.38564e-12
      17.0000      426.561  1.14796e-09  7.28266e-12
      17.0000      426.916  1.18000e-09  7.22278e-12
      17.0000      427.272  1.15908e-09  6.83054e-12
      17.0000      427.628  1.12713e-09  6.46852e-12
      17.0000      427.985  1.15700e-09  5.76883e-12
      17.0000      428.343  1.15188e-09  4.99095e-12
      17.0000      428.699  1.09782e-09  5.01237e-12
      17.0000      429.056  1.09997e-09  5.09788e-12
      17.0000      429.415  1.11882e-09  5.01003e-12
      17.0000      429.771  1.08725e-09  5.48179e-12
      17.0000      430.130  1.07842e-09  6.05041e-12
      17.0000      430.489  1.11488e-09  5.99117e-12
      17.0000      430.847  1.08909e-09  6.03021e-12
      17.0000      431.207  1.05897e-09  6.20675e-12
      17.0000      431.566  1.08076e-09  5.53963e-12
      17.0000      431.926  1.06914e-09  4.87689e-12
      17.0000      432.287  1.02816e-09  4.85205e-12
      17.0000      432.646  1.03638e-09  4.82605e-12
      17.0000      433.007  1.04517e-09  4.51756e-12
      17.0000      433.368  1.01320e-09  4.52288e-12
      17.0000      433.730  1.01209e-09  4.59155e-12
      17.0000      434.092  1.03108e-09  4.51560e-12
      17.0000      434.452  1.00139e-09  4.49744e-12
      17.0000      434.815  9.83125e-10  4.78635e-12
      17.0000      435.178  9.97123e-10  4.80095e-12
      17.0000      435.540  9.80007e-10  4.93492e-12
      17.0000      435.905  9.56130e-10  5.56326e-12
      17.0000      436.268  9.88819e-10  5.77931e-12
      17.0000      436.630  9.91105e-10  5.64270e-12
      17.0000      436.994  9.38644e-10  5.71440e-12
      17.0000      437.359  9.45100e-10  5.72871e-12
      17.0000      437.723  9.56801e-10  4.88956e-12
      17.0000      438.089  9.12240e-10  4.84656e-12
      17.0000      438.454  8.99210e-10  4.90333e-12
      17.0000      438.820  9.16495e-10  4.60631e-12
      17.0000      439.186  9.08145e-10  4.55829e-12
      17.0000      439.551  8.97054e-10  4.69698e-12
      18.0000      439.551  8.79728e-10  1.83154e-11
      17.0000      439.918  9.17404e-10  4.53899e-12
      18.0000      439.918  9.10938e-10  1.55108e-11
      17.0000      440.284  8.97859e-10  4.34584e-12
      18.0000      440.284  8.94864e-10  1.50689e-11
      17.0000      440.651  8.64675e-10  4.63415e-12
      18.0000      440.651  9.21594e-10  1.73278e-11
      17.0000      441.018  8.81043e-10  4.50348e-12
      18.0000      441.018  8.94085e-10  1.53593e-11
      17.0000      441.386  8.75533e-10  4.20700e-12
      18.0000      441.386  8.63141e-10  1.21689e-11
      17.0000      441.755  8.55117e-10  4.43368e-12
      18.0000      441.755  8.37596e-10  1.16685e-11
      17.0000      442.124  8.67117e-10  4.50064e-12
      18.0000      442.124  8.42879e-10  1.10016e-11
      17.0000      442.492  8.65359e-10  4.38783e-12
      18.0000      442.492  8.65797e-10  1.07602e-11
      17.0000      442.860  8.44900e-10  4.50493e-12
      18.0000      442.860  8.35697e-10  1.20663e-11
      17.0000      443.229  8.59822e-10  4.54958e-12
      18.0000      443.229  8.29446e-10  1.16083e-11
      17.0000      443.599  8.63431e-10  4.38032e-12
      18.0000      443.599  8.44913e-10  9.39413e-12
      17.0000      443.969  8.24957e-10  4.42976e-12
      18.0000      443.969  8.04247e-10  8.24959e-12
      17.0000      444.340  8.18141e-10  4.56766e-12
      18.0000      444.340  7.90562e-10  8.07391e-12
      17.0000      444.709  8.26682e-10  4.52596e-12
      18.0000      444.709  7.98440e-10  7.61360e-12
      17.0000      445.079  7.95680e-10  4.69541e-12
      18.0000      445.079  7.92842e-10  8.11986e-12
      17.0000      445.452  7.90922e-10  5.01795e-12
      18.0000      445.452  7.72441e-10  9.32904e-12
      17.0000      445.824  8.16191e-10  4.96817e-12
      18.0000      445.824  7.84765e-10  8.64305e-12
      17.0000      446.194  8.01517e-10  4.88267e-12
      18.0000      446.194  7.86242e-10  7.26118e-12
      17.0000      446.566  7.90528e-10  5.01146e-12
      18.0000      446.566  7.73321e-10  6.73539e-12
      17.0000      446.939  8.05947e-10  5.00513e-12
      18.0000      446.939  7.88560e-10  5.95509e-12
      17.0000      447.311  7.96134e-10  4.92318e-12
      18.0000      447.311  7.81595e-10  5.69894e-12
      17.0000      447.684  7.74464e-10  5.13565e-12
      18.0000      447.684  7.56775e-10  6.29653e-12
      17.0000      448.057  7.80201e-10  5.32948e-12
      18.0000      448.057  7.63968e-10  6.60265e-12
      17.0000      448.431  7.60035e-10  5.49735e-12
      18.0000      448.431  7.56406e-10  6.81756e-12
      18.0000      448.805  7.35765e-10  6.88045e-12
      18.0000      449.180  7.39003e-10  5.97926e-12
      18.0000      449.553  7.46756e-10  5.04036e-12
      18.0000      449.928  7.29122e-10  4.71839e-12
      18.0000      450.302  7.24303e-10  4.63048e-12
      18.0000      450.678  7.29971e-10  4.73594e-12
      18.0000      451.054  6.92256e-10  5.16208e-12
      18.0000      451.431  6.97883e-10  5.76165e-12
      18.0000      451.806  7.18595e-10  6.00904e-12
      18.0000      452.184  6.94300e-10  5.68659e-12
      18.0000      452.560  6.95695e-10  5.36382e-12
      18.0000      452.938  7.15516e-10  4.49349e-12
      18.0000      453.315  6.84166e-10  4.16343e-12
      18.0000      453.694  6.70299e-10  4.13568e-12
      18.0000      454.071  6.78490e-10  4.04664e-12
      18.0000      454.450  6.60770e-10  4.32631e-12
      18.0000      454.829  6.53516e-10  4.92270e-12
      18.0000      455.208  6.72919e-10  4.90225e-12
      18.0000      455.587  6.66258e-10  5.02021e-12
      18.0000      455.967  6.40578e-10  5.42338e-12
      18.0000      456.348  6.59619e-10  4.84560e-12
      18.0000      456.727  6.59513e-10  4.27197e-12
      18.0000      457.109  6.20393e-10  4.30218e-12
      18.0000      457.490  6.37614e-10  4.31374e-12
      18.0000      457.871  6.41448e-10  4.09051e-12
      18.0000      458.253  6.10856e-10  4.24582e-12
      18.0000      458.636  6.28588e-10  4.16067e-12
      18.0000      459.017  6.37461e-10  3.79278e-12
      18.0000      459.400  6.14760e-10  3.82237e-12
      18.0000      459.783  6.13630e-10  3.71385e-12
      18.0000      460.166  6.11022e-10  3.66458e-12
      18.0000      460.549  5.79334e-10  4.17255e-12
      18.0000      460.934  5.80832e-10  4.68643e-12
      18.0000      461.318  5.99448e-10  5.28056e-12
      18.0000      461.702  5.59544e-10  5.33077e-12
      18.0000      462.088  5.81142e-10  5.45909e-12
      18.0000      462.473  6.00228e-10  4.86611e-12
      18.0000      462.858  5.67271e-10  4.54372e-12
      18.0000      463.244  5.51179e-10  4.52590e-12
      18.0000      463.631  5.72840e-10  4.30988e-12
      19.0000      463.631  5.20168e-10  2.50239e-11
      18.0000      464.018  5.40964e-10  4.25101e-12
      19.0000      464.018  5.45478e-10  2.52630e-11
      18.0000      464.403  5.36846e-10  4.70665e-12
      19.0000      464.403  5.18593e-10  2.34175e-11
      18.0000      464.792  5.52406e-10  4.57699e-12
      19.0000      464.792  5.19143e-10  1.98823e-11
      18.0000      465.179  5.42941e-10  4.38626e-12
      19.0000      465.179  5.32548e-10  1.86826e-11
      18.0000      465.567  5.44385e-10  4.31144e-12
      19.0000      465.567  5.30818e-10  1.83323e-11
      18.0000      465.955  5.57241e-10  3.99315e-12
      19.0000      465.955  5.59658e-10  1.63380e-11
      18.0000      466.342  5.40747e-10  3.98641e-12
      19.0000      466.342  5.27872e-10  1.44770e-11
      18.0000      466.731  5.23853e-10  3.77575e-12
      19.0000      466.731  5.54624e-10  1.31191e-11
      18.0000      467.122  5.20151e-10  3.91097e-12
      19.0000      467.122  5.42206e-10  1.12800e-11
      18.0000      467.510  5.06200e-10  4.13974e-12
      19.0000      467.510  5.26888e-10  1.14341e-11
      18.0000      467.900  5.02853e-10  4.55218e-12
      19.0000      467.900  5.23030e-10  1.30991e-11
      18.0000      468.290  5.21203e-10  4.58503e-12
      19.0000      468.290  7.55280e-10  1.41733e-11
      18.0000      468.680  5.16203e-10  4.40556e-12
      19.0000      468.680  5.56350e-10  1.28842e-11
      18.0000      469.072  5.16381e-10  4.30077e-12
      19.0000      469.072  5.18678e-10  1.16283e-11
      18.0000      469.462  5.19441e-10  4.04681e-12
      19.0000      469.462  5.18407e-10  8.68626e-12
      18.0000      469.854  4.92014e-10  4.05041e-12
      19.0000      469.854  5.18616e-10  7.93974e-12
      18.0000      470.245  4.79961e-10  4.40098e-12
      19.0000      470.245  4.92994e-10  8.37118e-12
      18.0000      470.637  4.86968e-10  4.69698e-12
      19.0000      470.637  5.01930e-10  8.64556e-12
      18.0000      471.029  4.73006e-10  5.11957e-12
      19.0000      471.029  4.81108e-10  9.83625e-12
      18.0000      471.422  4.65609e-10  5.68699e-12
      19.0000      471.422  4.57161e-10  1.10295e-11
      18.0000      471.816  4.89758e-10  5.60952e-12
      19.0000      471.816  4.97449e-10  9.39920e-12
      18.0000      472.208  4.89258e-10  5.23617e-12
      19.0000      472.208  4.92160e-10  7.54717e-12
      18.0000      472.603  4.72415e-10  5.20258e-12
      19.0000      472.603  4.72927e-10  6.85769e-12
      18.0000      472.997  4.77059e-10  4.97872e-12
      19.0000      472.997  4.76806e-10  6.15651e-12
      18.0000      473.391  4.52891e-10  5.13017e-12
      19.0000      473.391  4.64508e-10  6.19946e-12
      18.0000      473.785  4.30666e-10  5.92312e-12
      19.0000      473.785  4.46606e-10  7.25449e-12
      18.0000      474.181  4.45126e-10  6.52708e-12
      19.0000      474.181  4.56631e-10  7.73957e-12
      18.0000      474.577  4.32105e-10  6.94181e-12
      19.0000      474.577  4.52048e-10  8.37937e-12
      19.0000      474.971  4.34282e-10  8.48082e-12
      19.0000      475.367  4.58846e-10  6.66885e-12
      19.0000      475.765  4.49301e-10  5.50551e-12
      19.0000      476.161  4.40520e-10  5.27792e-12
      19.0000      476.558  4.45310e-10  5.05766e-12
      19.0000      476.954  4.28061e-10  5.35425e-12
      19.0000      477.352  4.16839e-10  6.11938e-12
      19.0000      477.751  4.35162e-10  6.39802e-12
      19.0000      478.149  4.16764e-10  6.87412e-12
      19.0000      478.547  4.17823e-10  6.52810e-12
      19.0000      478.946  4.38039e-10  5.61249e-12
      19.0000      479.345  4.27329e-10  4.94122e-12
      19.0000      479.745  4.01206e-10  4.88240e-12
      19.0000      480.146  4.02835e-10  5.10708e-12
      19.0000      480.545  3.88740e-10  5.13341e-12
      19.0000      480.945  3.92811e-10  5.14924e-12
      19.0000      481.348  3.94180e-10  4.83080e-12
      19.0000      481.749  3.87946e-10  4.57005e-12
      19.0000      482.151  4.00483e-10  4.64176e-12
      19.0000      482.551  4.04297e-10  4.22342e-12
      19.0000      482.954  3.77620e-10  4.59517e-12
      19.0000      483.356  3.88292e-10  5.20798e-12
      19.0000      483.760  3.87643e-10  5.50913e-12
      19.0000      484.163  3.63936e-10  5.61485e-12
      19.0000      484.567  3.84405e-10  5.24401e-12
      19.0000      484.971  3.91675e-10  4.56541e-12
      19.0000      485.376  3.74510e-10  4.20292e-12
      19.0000      485.779  3.79010e-10  3.97890e-12
      19.0000      486.185  3.68844e-10  3.78746e-12
      19.0000      486.590  3.57059e-10  3.98073e-12
      19.0000      486.995  3.55610e-10  4.13655e-12
      19.0000      487.401  3.60158e-10  4.18059e-12
      19.0000      487.807  3.60107e-10  4.16130e-12
      19.0000      488.215  3.63920e-10  3.92156e-12
      20.0000      488.215  2.63293e-10  4.24146e-11
      19.0000      488.622  3.53812e-10  3.72469e-12
      20.0000      488.622  2.68904e-10  3.81182e-11
      19.0000      489.029  3.48392e-10  3.78487e-12
      20.0000      489.029  3.00433e-10  3.11279e-11
      19.0000      489.436  3.49131e-10  3.85725e-12
      20.0000      489.436  3.11578e-10  2.50099e-11
      19.0000      489.845  3.38363e-10  4.20289e-12
      20.0000      489.845  3.18134e-10  2.27639e-11
      19.0000      490.254  3.32290e-10  4.61732e-12
      20.0000      490.254  2.86078e-10  2.40664e-11
      19.0000      490.663  3.36951e-10  4.67639e-12
      20.0000      490.663  2.99992e-10  2.38359e-11
      19.0000      491.070  3.22451e-10  5.00301e-12
      20.0000      491.070  2.96122e-10  2.43975e-11
      19.0000      491.480  3.28385e-10  4.78712e-12
      20.0000      491.480  3.27611e-10  2.15344e-11
      19.0000      491.889  3.34329e-10  4.51198e-12
      20.0000      491.889  3.24496e-10  1.55930e-11
      19.0000      492.300  3.22178e-10  4.64797e-12
      20.0000      492.300  3.23167e-10  1.39223e-11
      19.0000      492.710  3.25485e-10  4.90723e-12
      20.0000      492.710  3.33756e-10  1.32246e-11
      19.0000      493.121  3.23540e-10  5.15712e-12
      20.0000      493.121  3.20482e-10  1.32995e-11
      19.0000      493.532  2.99618e-10  6.03428e-12
      20.0000      493.532  3.13593e-10  1.51149e-11
      19.0000      493.944  3.12819e-10  6.00482e-12
      20.0000      493.944  3.10182e-10  1.50782e-11
      19.0000      494.354  3.25126e-10  5.78612e-12
      20.0000      494.354  3.09794e-10  1.29405e-11
      19.0000      494.768  3.08424e-10  5.90800e-12
      20.0000      494.768  2.86579e-10  1.10772e-11
      19.0000      495.179  3.20364e-10  5.71035e-12
      20.0000      495.179  2.95506e-10  9.04816e-12
      19.0000      495.592  2.72579e-10  5.67551e-12
      20.0000      495.592  2.95692e-10  8.30689e-12
      19.0000      496.005  2.66048e-10  6.12977e-12
      20.0000      496.005  2.91718e-10  9.03742e-12
      19.0000      496.418  2.77670e-10  6.43207e-12
      20.0000      496.418  2.95451e-10  9.42850e-12
      19.0000      496.833  2.74128e-10  6.68805e-12
      20.0000      496.833  3.02201e-10  9.92351e-12
      19.0000      497.248  2.73353e-10  7.16985e-12
      20.0000      497.248  2.96052e-10  9.76506e-12
      19.0000      497.661  2.93336e-10  6.88747e-12
      20.0000      497.661  3.06630e-10  8.07188e-12
      19.0000      498.077  2.78927e-10  6.55062e-12
      20.0000      498.077  3.02037e-10  6.75081e-12
      19.0000      498.492  2.91231e-10  6.87396e-12
      20.0000      498.492  3.01736e-10  6.32397e-12
      19.0000      498.907  2.91687e-10  6.46625e-12
      20.0000      498.907  3.04428e-10  5.87034e-12
      19.0000      499.323  2.71328e-10  6.77752e-12
      20.0000      499.323  2.99858e-10  6.27476e-12
      19.0000      499.740  2.70792e-10  7.49049e-12
      20.0000      499.740  2.92973e-10  6.97859e-12
      19.0000      500.158  2.68436e-10  7.41953e-12
      20.0000      500.158  2.99133e-10  7.07155e-12
      19.0000      500.573  2.44866e-10  7.61402e-12
      20.0000      500.573  2.83784e-10  7.18286e-12
      19.0000      500.992  2.62611e-10  7.47412e-12
      20.0000      500.992  2.96218e-10  6.52159e-12
      20.0000      501.409  2.98276e-10  5.46984e-12
      20.0000      501.827  2.79428e-10  5.01016e-12
      20.0000      502.245  2.72389e-10  4.86793e-12
      20.0000      502.664  2.72752e-10  4.73412e-12
      20.0000      503.081  2.65110e-10  4.92385e-12
      20.0000      503.502  2.73577e-10  5.00533e-12
      20.0000      503.921  2.67644e-10  4.91804e-12
      20.0000      504.342  2.68189e-10  5.05179e-12
      20.0000      504.762  2.69441e-10  5.08575e-12
      20.0000      505.183  2.61741e-10  5.04426e-12
      20.0000      505.605  2.61065e-10  4.91223e-12
      20.0000      506.027  2.59713e-10  4.58539e-12
      20.0000      506.447  2.59451e-10  4.38317e-12
      20.0000      506.871  2.63522e-10  4.09099e-12
      20.0000      507.292  2.60251e-10  3.74628e-12
      20.0000      507.715  2.55781e-10  3.55141e-12
      20.0000      508.138  2.53179e-10  3.50628e-12
      20.0000      508.562  2.43860e-10  3.69457e-12
      20.0000      508.986  2.41851e-10  3.93454e-12
      20.0000      509.411  2.46351e-10  4.21495e-12
      20.0000      509.835  2.42296e-10  4.33961e-12
      20.0000      510.261  2.43225e-10  4.33049e-12
      20.0000      510.686  2.37986e-10  4.31254e-12
      20.0000      511.112  2.35073e-10  4.34675e-12
      20.0000      511.538  2.26769e-10  4.46808e-12
      20.0000      511.965  2.18570e-10  4.31480e-12
      20.0000      512.392  2.25506e-10  4.33639e-12
      20.0000      512.818  2.22977e-10  4.19016e-12
      20.0000      513.244  2.24776e-10  4.01764e-12
      20.0000      513.674  2.24504e-10  3.74815e-12
      20.0000      514.102  2.18554e-10  3.62878e-12
      20.0000      514.530  2.14721e-10  3.67445e-12
      20.0000      514.960  2.08624e-10  3.88678e-12
      20.0000      515.390  2.06687e-10  4.41922e-12
      20.0000      515.818  2.13027e-10  4.81434e-12
      20.0000      516.249  2.07232e-10  5.21417e-12
      20.0000      516.678  3.65694e-10  5.73062e-12
      20.0000      517.109  3.59565e-10  5.74593e-12
      20.0000      517.539  1.99456e-10  6.44089e-12
      20.0000      517.971  2.27524e-10  7.48542e-12
      20.0000      518.403  2.11489e-10  8.87762e-12
      20.0000      518.836  1.58277e-10  1.13491e-11
      20.0000      519.267  1.47780e-10  1.25157e-11
      20.0000      519.702  1.41059e-10  1.29931e-11
      20.0000      520.134  1.44593e-10  1.46165e-11
      20.0000      520.568  1.48678e-10  1.43181e-11
      20.0000      521.002  1.72553e-10  1.58325e-11
      20.0000      521.436  1.00141e-10  2.10422e-11
      20.0000      521.872  8.87660e-11  2.33667e-11
      20.0000      522.308  9.07452e-11  2.87597e-11
      20.0000      522.742  6.55435e-11  3.19566e-11
      20.0000      523.177  8.68682e-11  2.95213e-11
      20.0000      523.615  7.84791e-11  3.22116e-11
      20.0000      524.051  8.26959e-11  3.45192e-11
      20.0000      524.488  5.14044e-11  3.40849e-11
      20.0000      524.923 -2.39826e-11  4.36228e-11
      20.0000      525.362 -5.85056e-11  5.46221e-11
      20.0000      525.801 -1.17796e-10  5.74491e-11
      20.0000      526.238 -8.92888e-11  6.27454e-11
      20.0000      526.676 -6.25772e-11  5.78825e-11
