      11.0000      271.534  2.66803e-08  1.33354e-10
      11.0000      271.761  3.47201e-08  2.56064e-10
      11.0000      271.987  2.75368e-08  1.37674e-10
      11.0000      272.214  2.27622e-08  1.12632e-10
      11.0000      272.441  2.97524e-08  1.62969e-10
      11.0000      272.668  2.56285e-08  2.49307e-10
      11.0000      272.895  3.00990e-08  2.63282e-10
      11.0000      273.123  2.73230e-08  1.43492e-10
      11.0000      273.350  3.06584e-08  3.83967e-10
      11.0000      273.578  2.38533e-08  1.06749e-10
      11.0000      273.806  3.01385e-08  2.70423e-10
      11.0000      274.035  2.96741e-08  1.39729e-10
      11.0000      274.263  2.62431e-08  1.16899e-10
      11.0000      274.492  2.72046e-08  1.13395e-10
      11.0000      274.721  2.49687e-08  9.72208e-11
      11.0000      274.950  2.33442e-08  9.51984e-11
      11.0000      275.179  2.75581e-08  1.11201e-10
      11.0000      275.409  2.75190e-08  1.10335e-10
      11.0000      275.638  2.27912e-08  1.00293e-10
      11.0000      275.867  2.36312e-08  9.97098e-11
      11.0000      276.097  2.63528e-08  1.19442e-10
      11.0000      276.328  2.26127e-08  9.02407e-11
      11.0000      276.558  2.28811e-08  9.84200e-11
      11.0000      276.789  2.10358e-08  7.34709e-11
      11.0000      277.020  2.29818e-08  9.49245e-11
      11.0000      277.250  2.17955e-08  7.84469e-11
      11.0000      277.482  2.16120e-08  8.16717e-11
      11.0000      277.713  2.12071e-08  7.79419e-11
      11.0000      277.945  2.15062e-08  7.59207e-11
      11.0000      278.177  2.17330e-08  8.09812e-11
      11.0000      278.408  2.24868e-08  8.68376e-11
      11.0000      278.640  2.39510e-08  9.92027e-11
      11.0000      278.872  2.40905e-08  9.96567e-11
      11.0000      279.105  2.37027e-08  9.38925e-11
      11.0000      279.337  2.49300e-08  9.99986e-11
      11.0000      279.571  2.13000e-08  7.81017e-11
      11.0000      279.804  2.19232e-08  8.11792e-11
      11.0000      280.037  1.98370e-08  6.54893e-11
      11.0000      280.271  2.08037e-08  6.47577e-11
      11.0000      280.504  2.02976e-08  6.03486e-11
      11.0000      280.738  2.12163e-08  6.66983e-11
      11.0000      280.971  2.00019e-08  6.22471e-11
      11.0000      281.206  2.00380e-08  6.22763e-11
      11.0000      281.440  2.08122e-08  6.44222e-11
      11.0000      281.675  1.81858e-08  5.55445e-11
      11.0000      281.910  1.82980e-08  5.89261e-11
      11.0000      282.145  1.94975e-08  6.15960e-11
      11.0000      282.381  1.90495e-08  6.11487e-11
      11.0000      282.616  1.90524e-08  5.86014e-11
      11.0000      282.851  1.94791e-08  6.14201e-11
      11.0000      283.087  1.85550e-08  5.72165e-11
      11.0000      283.323  1.75789e-08  5.52032e-11
      11.0000      283.559  1.84187e-08  5.83933e-11
      11.0000      283.796  1.84346e-08  5.57548e-11
      11.0000      284.032  1.83474e-08  5.55076e-11
      11.0000      284.269  1.77771e-08  5.43150e-11
      11.0000      284.506  1.81230e-08  5.57998e-11
      11.0000      284.743  1.72369e-08  5.33768e-11
      11.0000      284.981  1.54792e-08  4.54895e-11
      11.0000      285.218  1.72870e-08  5.12996e-11
      11.0000      285.456  1.75789e-08  5.23697e-11
      11.0000      285.694  1.69956e-08  5.28333e-11
      11.0000      285.932  1.57074e-08  4.83360e-11
      11.0000      286.171  1.58910e-08  4.69666e-11
      11.0000      286.409  1.71823e-08  5.08329e-11
      11.0000      286.648  1.68917e-08  5.15177e-11
      11.0000      286.887  1.61264e-08  5.01906e-11
      11.0000      287.126  1.56870e-08  4.80012e-11
      11.0000      287.365  1.54264e-08  4.59129e-11
      11.0000      287.605  1.48380e-08  4.42352e-11
      11.0000      287.844  1.62998e-08  5.16696e-11
      11.0000      288.085  1.64207e-08  5.29417e-11
      11.0000      288.325  1.60036e-08  5.26871e-11
      11.0000      288.565  1.55219e-08  5.06317e-11
      11.0000      288.806  1.50992e-08  5.09454e-11
      11.0000      289.047  1.45624e-08  5.25195e-11
      11.0000      289.287  1.53320e-08  5.66946e-11
      11.0000      289.529  1.45295e-08  5.19401e-11
      11.0000      289.770  1.49282e-08  5.41861e-11
      11.0000      290.011  1.46458e-08  5.38101e-11
      11.0000      290.254  1.38350e-08  5.08603e-11
      11.0000      290.495  1.48326e-08  5.50764e-11
      11.0000      290.737  1.42598e-08  5.08468e-11
      11.0000      290.980  1.36326e-08  4.66194e-11
      11.0000      291.223  1.37209e-08  4.78205e-11
      11.0000      291.465  1.37401e-08  4.96037e-11
      11.0000      291.708  1.40738e-08  5.12827e-11
      11.0000      291.951  1.47072e-08  5.59768e-11
      11.0000      292.195  1.41180e-08  5.43288e-11
      11.0000      292.439  1.45067e-08  5.79582e-11
      11.0000      292.683  1.36021e-08  5.62266e-11
      11.0000      292.926  1.26507e-08  5.20695e-11
      11.0000      293.171  1.42718e-08  5.89638e-11
      12.0000      295.377  1.48664e-08  5.61605e-11
      12.0000      295.624  1.41079e-08  5.15975e-11
      12.0000      295.870  1.36704e-08  5.43248e-11
      12.0000      296.117  1.31377e-08  5.19213e-11
      12.0000      296.364  1.33277e-08  5.11246e-11
      12.0000      296.611  1.27712e-08  4.63697e-11
      12.0000      296.858  1.27453e-08  4.58351e-11
      12.0000      297.105  1.31189e-08  4.83936e-11
      12.0000      297.354  1.21205e-08  4.38497e-11
      12.0000      297.601  1.27337e-08  4.49175e-11
      12.0000      297.850  1.26734e-08  3.97356e-11
      12.0000      298.097  1.17795e-08  3.35870e-11
      12.0000      298.346  1.23856e-08  3.81430e-11
      12.0000      298.595  1.23543e-08  3.98837e-11
      12.0000      298.844  1.21504e-08  3.96871e-11
      12.0000      299.093  1.19860e-08  3.69345e-11
      12.0000      299.342  1.18424e-08  3.46611e-11
      12.0000      299.592  1.13371e-08  3.28586e-11
      12.0000      299.842  1.11283e-08  3.31078e-11
      12.0000      300.091  1.13726e-08  3.52016e-11
      12.0000      300.342  1.15378e-08  3.47049e-11
      12.0000      300.592  1.11107e-08  3.36370e-11
      12.0000      300.843  1.08036e-08  3.22666e-11
      12.0000      301.093  1.13095e-08  4.66299e-11
      12.0000      301.345  1.17600e-08  2.53626e-10
      12.0000      301.595  1.16411e-08  2.98700e-11
      12.0000      301.848  1.14446e-08  2.89517e-11
      12.0000      302.099  1.11849e-08  3.07043e-11
      12.0000      302.350  1.08988e-08  3.12376e-11
      12.0000      302.603  1.06666e-08  2.98898e-11
      12.0000      302.855  1.08250e-08  2.80457e-11
      12.0000      303.107  1.09802e-08  2.81790e-11
      12.0000      303.360  1.04114e-08  2.74744e-11
      12.0000      303.614  1.02683e-08  2.61003e-11
      12.0000      303.866  1.05534e-08  2.64966e-11
      12.0000      304.120  1.06009e-08  2.69994e-11
      12.0000      304.373  1.03130e-08  2.74462e-11
      12.0000      304.627  1.00972e-08  2.77151e-11
      12.0000      304.881  1.02571e-08  2.65061e-11
      12.0000      305.135  1.00513e-08  2.39053e-11
      12.0000      305.389  1.00937e-08  2.35743e-11
      12.0000      305.644  9.86632e-09  2.33014e-11
      12.0000      305.899  9.96712e-09  2.39645e-11
      12.0000      306.154  9.88894e-09  2.32985e-11
      12.0000      306.409  9.97373e-09  2.43214e-11
      12.0000      306.665  9.81245e-09  2.57942e-11
      12.0000      306.921  9.62491e-09  2.69872e-11
      12.0000      307.176  9.83773e-09  2.72730e-11
      12.0000      307.432  9.52297e-09  2.46873e-11
      12.0000      307.689  9.37241e-09  2.33440e-11
      12.0000      307.945  9.44669e-09  2.34292e-11
      12.0000      308.202  9.73746e-09  2.46863e-11
      12.0000      308.458  1.02280e-08  2.27573e-11
      12.0000      308.715  9.90541e-09  2.06493e-11
      12.0000      308.973  9.30810e-09  1.99420e-11
      12.0000      309.231  9.17399e-09  2.12292e-11
      12.0000      309.488  9.13306e-09  2.16650e-11
      12.0000      309.746  9.22647e-09  2.19480e-11
      12.0000      310.004  9.11156e-09  2.23630e-11
      12.0000      310.263  8.77752e-09  2.29474e-11
      12.0000      310.522  8.82754e-09  2.37916e-11
      12.0000      310.781  8.96678e-09  2.30953e-11
      12.0000      311.040  8.97779e-09  2.16568e-11
      12.0000      311.300  9.06866e-09  2.19684e-11
      12.0000      311.559  8.81643e-09  2.20545e-11
      12.0000      311.819  8.85090e-09  2.19421e-11
      12.0000      312.079  9.05263e-09  2.13542e-11
      12.0000      312.339  8.80437e-09  2.02960e-11
      12.0000      312.599  8.67737e-09  2.13902e-11
      12.0000      312.860  8.62493e-09  2.20098e-11
      12.0000      313.120  8.78931e-09  2.18361e-11
      12.0000      313.381  8.56326e-09  2.03332e-11
      12.0000      313.643  8.35207e-09  1.98274e-11
      12.0000      313.905  8.32003e-09  2.06703e-11
      12.0000      314.166  8.34966e-09  2.21746e-11
      12.0000      314.428  8.38336e-09  2.28961e-11
      12.0000      314.690  8.40030e-09  2.24647e-11
      12.0000      314.953  8.33021e-09  2.21690e-11
      12.0000      315.215  8.28694e-09  2.11604e-11
      12.0000      315.477  8.45999e-09  1.96361e-11
      12.0000      315.740  8.65226e-09  1.88819e-11
      12.0000      316.004  8.58453e-09  1.95117e-11
      12.0000      316.268  8.40496e-09  2.13146e-11
      12.0000      316.531  8.33502e-09  2.20675e-11
      12.0000      316.795  8.27611e-09  2.07737e-11
      12.0000      317.059  8.04219e-09  1.97635e-11
      12.0000      317.323  7.91955e-09  2.03327e-11
      12.0000      317.587  8.03283e-09  2.11155e-11
      12.0000      317.853  8.13877e-09  2.03138e-11
      12.0000      318.118  8.04257e-09  2.14247e-11
      12.0000      318.383  7.57970e-09  2.45983e-11
      12.0000      318.648  7.73718e-09  2.31231e-11
      12.0000      318.914  7.84396e-09  2.13957e-11
      13.0000      319.180  7.68605e-09  2.34696e-11
      13.0000      319.446  7.72916e-09  2.41309e-11
      13.0000      319.713  7.80719e-09  2.92759e-11
      13.0000      319.978  7.49575e-09  3.14836e-11
      13.0000      320.246  7.40634e-09  2.83967e-11
      13.0000      320.513  7.71856e-09  2.43732e-11
      13.0000      320.780  7.60929e-09  2.23238e-11
      13.0000      321.047  7.54194e-09  2.35783e-11
      13.0000      321.315  7.55353e-09  2.30834e-11
      13.0000      321.583  7.53580e-09  2.04368e-11
      13.0000      321.851  7.56912e-09  1.84392e-11
      13.0000      322.119  7.39997e-09  1.76055e-11
      13.0000      322.387  7.25238e-09  1.77181e-11
      13.0000      322.657  7.18882e-09  1.78733e-11
      13.0000      322.925  7.37193e-09  1.87744e-11
      13.0000      323.195  7.39729e-09  2.04980e-11
      13.0000      323.464  7.19224e-09  2.09241e-11
      13.0000      323.734  7.32132e-09  1.92874e-11
      13.0000      324.003  7.27788e-09  1.64189e-11
      13.0000      324.273  7.18870e-09  1.55533e-11
      13.0000      324.544  6.95900e-09  1.62287e-11
      13.0000      324.815  6.95211e-09  1.67912e-11
      13.0000      325.085  7.15238e-09  1.58985e-11
      13.0000      325.357  7.07155e-09  1.47652e-11
      13.0000      325.628  6.84777e-09  1.45790e-11
      13.0000      325.900  6.63651e-09  1.44612e-11
      13.0000      326.171  6.70857e-09  1.42673e-11
      13.0000      326.443  6.87831e-09  1.47638e-11
      13.0000      326.715  6.84413e-09  1.64203e-11
      13.0000      326.988  6.70236e-09  1.84987e-11
      13.0000      327.259  6.80824e-09  1.82984e-11
      13.0000      327.533  7.10796e-09  1.60241e-11
      13.0000      327.805  6.93346e-09  1.41827e-11
      13.0000      328.079  6.67695e-09  1.32520e-11
      13.0000      328.352  6.63995e-09  1.26749e-11
      13.0000      328.626  6.69889e-09  1.20574e-11
      13.0000      328.900  6.60731e-09  1.22171e-11
      13.0000      329.175  6.46238e-09  1.41876e-11
      13.0000      329.449  6.39150e-09  1.63134e-11
      13.0000      329.724  6.45421e-09  1.61248e-11
      13.0000      329.998  6.54334e-09  1.54140e-11
      13.0000      330.274  6.45419e-09  1.52853e-11
      13.0000      330.549  6.34843e-09  1.49505e-11
      13.0000      330.825  6.41024e-09  1.33652e-11
      13.0000      331.101  6.50817e-09  1.16551e-11
      13.0000      331.376  6.49775e-09  1.13494e-11
      13.0000      331.653  6.34063e-09  1.18855e-11
      13.0000      331.929  6.27597e-09  1.24351e-11
      13.0000      332.206  6.33567e-09  1.24308e-11
      13.0000      332.483  6.31653e-09  1.33915e-11
      13.0000      332.760  6.13261e-09  1.52250e-11
      13.0000      333.037  6.11605e-09  1.64009e-11
      13.0000      333.316  6.28159e-09  1.58076e-11
      13.0000      333.592  6.35468e-09  1.48772e-11
      13.0000      333.871  6.16633e-09  1.41202e-11
      13.0000      334.150  6.15779e-09  1.39218e-11
      13.0000      334.428  6.26965e-09  1.24546e-11
      13.0000      334.707  6.31915e-09  1.10120e-11
      13.0000      334.986  6.23489e-09  1.08545e-11
      13.0000      335.264  6.12312e-09  1.15072e-11
      13.0000      335.545  6.07469e-09  1.16865e-11
      13.0000      335.824  6.04502e-09  1.15864e-11
      13.0000      336.104  5.92402e-09  1.22816e-11
      13.0000      336.384  5.96835e-09  1.42944e-11
      13.0000      336.665  6.00018e-09  1.49032e-11
      13.0000      336.945  6.06132e-09  1.42411e-11
      13.0000      337.226  6.02348e-09  1.40506e-11
      13.0000      337.507  6.23680e-09  1.57589e-11
      13.0000      337.789  5.84674e-09  1.44993e-11
      13.0000      338.071  6.05473e-09  1.38186e-11
      13.0000      338.352  6.02556e-09  1.32612e-11
      13.0000      338.634  5.80433e-09  1.38843e-11
      13.0000      338.916  5.59843e-09  1.46402e-11
      13.0000      339.199  5.73271e-09  1.50016e-11
      13.0000      339.482  5.67911e-09  1.45737e-11
      13.0000      339.765  5.59579e-09  1.54932e-11
      13.0000      340.048  5.75282e-09  1.82754e-11
      13.0000      340.332  5.78235e-09  1.61298e-11
      13.0000      340.616  5.84390e-09  1.50382e-11
      13.0000      340.899  5.67951e-09  1.46827e-11
      13.0000      341.184  5.60758e-09  1.48493e-11
      13.0000      341.468  5.61664e-09  1.41720e-11
      13.0000      341.753  5.61786e-09  1.29194e-11
      13.0000      342.038  5.48791e-09  1.29054e-11
      13.0000      342.323  5.34523e-09  1.38885e-11
      13.0000      342.608  5.46582e-09  1.49535e-11
      13.0000      342.894  5.51057e-09  1.46732e-11
      13.0000      343.180  5.45295e-09  1.49053e-11
      14.0000      343.180  5.40486e-09  1.92623e-11
      13.0000      343.466  5.40948e-09  1.62475e-11
      14.0000      343.466  5.25728e-09  2.20098e-11
      13.0000      343.752  5.48124e-09  1.68184e-11
      14.0000      343.752  5.20137e-09  2.14076e-11
      13.0000      344.039  5.59882e-09  1.55087e-11
      14.0000      344.039  5.42582e-09  1.77623e-11
      13.0000      344.325  5.53513e-09  1.51085e-11
      14.0000      344.325  5.39335e-09  1.57622e-11
      13.0000      344.612  5.37482e-09  1.60130e-11
      14.0000      344.612  5.32452e-09  1.68383e-11
      14.0000      344.900  5.18230e-09  1.78962e-11
      14.0000      345.187  5.24726e-09  1.68534e-11
      14.0000      345.476  5.18206e-09  1.51002e-11
      14.0000      345.764  5.05943e-09  1.50261e-11
      14.0000      346.052  5.03006e-09  1.49437e-11
      14.0000      346.340  5.16548e-09  1.46652e-11
      14.0000      346.629  5.25786e-09  1.59977e-11
      14.0000      346.917  5.12624e-09  1.77583e-11
      14.0000      347.207  5.06467e-09  1.77834e-11
      14.0000      347.496  5.19158e-09  1.49455e-11
      14.0000      347.786  5.19993e-09  1.27568e-11
      14.0000      348.077  5.03395e-09  1.26068e-11
      14.0000      348.367  4.96938e-09  1.33793e-11
      14.0000      348.657  5.02221e-09  1.35196e-11
      14.0000      348.948  5.02013e-09  1.42144e-11
      14.0000      349.239  4.86495e-09  1.54593e-11
      14.0000      349.529  4.98209e-09  1.69489e-11
      14.0000      349.820  5.14532e-09  1.56019e-11
      14.0000      350.112  5.16753e-09  1.44157e-11
      14.0000      350.404  5.08436e-09  1.47092e-11
      14.0000      350.696  5.13283e-09  1.55666e-11
      14.0000      350.989  5.33463e-09  1.52392e-11
      14.0000      351.281  5.33068e-09  1.41440e-11
      14.0000      351.574  5.07113e-09  1.38444e-11
      14.0000      351.867  4.83231e-09  1.35366e-11
      14.0000      352.161  4.73015e-09  1.24124e-11
      14.0000      352.454  4.68605e-09  1.11260e-11
      14.0000      352.749  4.62878e-09  1.11891e-11
      14.0000      353.043  4.51093e-09  1.21892e-11
      14.0000      353.337  4.51942e-09  1.21814e-11
      14.0000      353.632  4.67538e-09  1.20394e-11
      14.0000      353.926  4.64841e-09  1.27522e-11
      14.0000      354.221  5.07874e-09  1.43232e-11
      14.0000      354.517  4.84853e-09  1.28340e-11
      14.0000      354.812  4.53533e-09  1.04650e-11
      14.0000      355.107  4.53248e-09  1.00046e-11
      14.0000      355.404  4.45453e-09  1.03319e-11
      14.0000      355.700  4.43276e-09  1.01584e-11
      14.0000      355.996  4.48811e-09  9.80376e-12
      14.0000      356.294  4.44235e-09  1.04239e-11
      14.0000      356.590  4.39082e-09  1.17091e-11
      14.0000      356.888  4.47053e-09  1.19195e-11
      14.0000      357.185  4.60964e-09  1.16366e-11
      14.0000      357.482  4.52473e-09  1.19520e-11
      14.0000      357.780  4.32822e-09  1.23935e-11
      14.0000      358.079  4.39042e-09  1.17903e-11
      14.0000      358.378  4.37816e-09  1.04167e-11
      14.0000      358.676  4.31907e-09  1.00354e-11
      14.0000      358.976  4.24826e-09  1.03410e-11
      14.0000      359.275  4.30641e-09  1.00445e-11
      14.0000      359.575  4.32409e-09  9.40458e-12
      14.0000      359.874  4.25129e-09  9.53791e-12
      14.0000      360.175  4.20260e-09  1.00008e-11
      14.0000      360.475  4.26878e-09  9.65977e-12
      14.0000      360.775  4.28695e-09  9.27111e-12
      14.0000      361.076  4.15154e-09  9.74261e-12
      14.0000      361.377  4.08407e-09  1.03782e-11
      14.0000      361.678  4.16330e-09  1.02803e-11
      14.0000      361.979  4.19752e-09  1.04798e-11
      14.0000      362.282  4.11696e-09  1.14698e-11
      14.0000      362.583  4.07732e-09  1.24660e-11
      14.0000      362.886  4.13172e-09  1.21858e-11
      14.0000      363.189  4.13001e-09  1.16445e-11
      14.0000      363.491  4.05229e-09  1.23042e-11
      14.0000      363.794  4.02065e-09  1.25841e-11
      14.0000      364.097  4.03581e-09  1.15228e-11
      14.0000      364.401  4.01558e-09  1.07879e-11
      14.0000      364.704  3.94331e-09  1.11649e-11
      14.0000      365.009  3.91915e-09  1.14641e-11
      14.0000      365.313  3.93282e-09  1.07058e-11
      14.0000      365.617  3.93368e-09  1.03467e-11
      14.0000      365.922  3.78115e-09  1.08055e-11
      14.0000      366.228  3.80682e-09  1.11869e-11
      14.0000      366.533  3.88753e-09  1.06428e-11
      14.0000      366.838  3.89574e-09  1.03602e-11
      14.0000      367.144  3.78817e-09  1.08430e-11
      15.0000      367.144  3.72645e-09  1.68120e-11
      14.0000      367.450  3.80880e-09  1.11689e-11
      15.0000      367.450  3.70302e-09  1.69790e-11
      14.0000      367.757  3.86984e-09  1.04967e-11
      15.0000      367.757  3.73898e-09  1.69812e-11
      14.0000      368.062  3.78654e-09  1.02702e-11
      15.0000      368.062  3.76723e-09  1.68990e-11
      14.0000      368.370  3.66598e-09  1.08597e-11
      15.0000      368.370  3.65528e-09  1.63728e-11
      14.0000      368.677  3.70616e-09  1.12672e-11
      15.0000      368.677  3.63550e-09  1.44822e-11
      14.0000      368.985  3.73814e-09  1.07233e-11
      15.0000      368.985  3.67636e-09  1.28725e-11
      14.0000      369.293  3.68737e-09  1.08396e-11
      15.0000      369.293  3.63138e-09  1.35154e-11
      14.0000      369.600  3.60986e-09  1.19787e-11
      15.0000      369.600  3.52632e-09  1.55360e-11
      14.0000      369.909  3.63316e-09  1.20737e-11
      15.0000      369.909  3.56442e-09  1.52201e-11
      14.0000      370.217  3.71925e-09  1.16649e-11
      15.0000      370.217  3.59636e-09  1.30262e-11
      14.0000      370.525  3.63306e-09  1.18233e-11
      15.0000      370.525  3.53808e-09  1.19668e-11
      15.0000      370.835  3.46260e-09  1.19865e-11
      15.0000      371.143  3.50173e-09  1.16093e-11
      15.0000      371.453  3.58455e-09  1.21361e-11
      15.0000      371.762  3.46227e-09  1.31063e-11
      15.0000      372.072  3.37984e-09  1.31221e-11
      15.0000      372.383  3.41363e-09  1.11579e-11
      15.0000      372.692  3.41976e-09  9.65424e-12
      15.0000      373.003  3.35386e-09  9.84212e-12
      15.0000      373.314  3.32833e-09  1.03039e-11
      15.0000      373.626  3.37410e-09  1.02913e-11
      15.0000      373.937  3.36128e-09  1.09247e-11
      15.0000      374.249  3.27812e-09  1.15980e-11
      15.0000      374.561  3.27778e-09  1.08461e-11
      15.0000      374.873  3.31195e-09  9.26322e-12
      15.0000      375.185  3.27910e-09  8.75094e-12
      15.0000      375.498  3.22133e-09  8.91355e-12
      15.0000      375.811  3.25947e-09  8.90624e-12
      15.0000      376.125  3.28894e-09  8.87719e-12
      15.0000      376.438  3.20357e-09  9.72228e-12
      15.0000      376.753  3.11479e-09  1.05664e-11
      15.0000      377.067  3.15723e-09  9.68894e-12
      15.0000      377.381  3.19149e-09  8.57441e-12
      15.0000      377.695  3.10567e-09  8.34948e-12
      15.0000      378.010  3.06486e-09  8.27725e-12
      15.0000      378.325  3.11437e-09  7.71407e-12
      15.0000      378.640  3.11551e-09  7.65866e-12
      15.0000      378.956  3.02253e-09  8.34413e-12
      15.0000      379.272  2.99915e-09  8.79179e-12
      15.0000      379.589  3.08484e-09  8.70778e-12
      15.0000      379.905  3.01436e-09  9.03069e-12
      15.0000      380.222  2.91036e-09  9.14916e-12
      15.0000      380.539  2.95588e-09  8.60969e-12
      15.0000      380.855  3.00525e-09  7.71833e-12
      15.0000      381.173  2.92586e-09  7.49948e-12
      15.0000      381.492  2.87163e-09  7.57240e-12
      15.0000      381.809  2.91976e-09  7.08869e-12
      15.0000      382.127  2.93123e-09  6.75397e-12
      15.0000      382.446  2.84260e-09  7.16189e-12
      15.0000      382.765  2.83683e-09  7.58033e-12
      15.0000      383.085  2.87580e-09  7.43065e-12
      15.0000      383.403  2.82959e-09  7.84090e-12
      15.0000      383.723  2.73495e-09  9.02606e-12
      15.0000      384.044  2.78406e-09  9.58056e-12
      15.0000      384.363  2.79895e-09  8.60628e-12
      15.0000      384.683  2.74877e-09  8.40180e-12
      15.0000      385.005  2.70643e-09  8.45087e-12
      15.0000      385.325  2.75911e-09  7.72814e-12
      15.0000      385.646  2.78326e-09  6.83345e-12
      15.0000      385.968  2.67874e-09  6.61435e-12
      15.0000      386.290  2.60715e-09  6.70149e-12
      15.0000      386.612  2.66186e-09  6.43621e-12
      15.0000      386.934  2.64586e-09  6.40665e-12
      15.0000      387.256  2.54253e-09  6.86942e-12
      15.0000      387.580  2.55934e-09  7.10279e-12
      15.0000      387.902  2.62370e-09  6.83110e-12
      15.0000      388.226  2.58263e-09  6.90403e-12
      15.0000      388.550  2.52964e-09  7.21587e-12
      15.0000      388.874  2.57167e-09  6.90564e-12
      15.0000      389.197  2.58416e-09  6.62088e-12
      15.0000      389.522  2.50107e-09  7.10504e-12
      15.0000      389.847  2.44922e-09  7.63105e-12
      15.0000      390.172  2.49827e-09  7.62495e-12
      15.0000      390.497  2.47021e-09  7.85854e-12
      15.0000      390.823  2.39194e-09  8.95350e-12
      15.0000      391.149  2.43082e-09  9.07145e-12
      16.0000      391.149  2.34138e-09  1.79053e-11
      15.0000      391.475  2.49271e-09  8.48375e-12
      16.0000      391.475  2.39019e-09  1.43914e-11
      15.0000      391.802  2.42762e-09  8.92988e-12
      16.0000      391.802  2.37247e-09  1.31554e-11
      15.0000      392.128  2.36978e-09  9.07900e-12
      16.0000      392.128  2.29400e-09  1.39718e-11
      15.0000      392.455  2.40127e-09  8.67160e-12
      16.0000      392.455  2.30915e-09  1.35062e-11
      15.0000      392.782  2.41594e-09  8.14675e-12
      16.0000      392.782  2.39524e-09  1.25458e-11
      15.0000      393.110  2.30177e-09  8.77313e-12
      16.0000      393.110  2.27922e-09  1.15436e-11
      15.0000      393.437  2.26844e-09  9.65028e-12
      16.0000      393.437  2.23829e-09  1.12497e-11
      15.0000      393.766  2.33426e-09  9.95821e-12
      16.0000      393.766  2.27532e-09  1.04821e-11
      15.0000      394.093  2.35553e-09  9.77580e-12
      16.0000      394.093  2.28541e-09  1.10011e-11
      15.0000      394.421  2.28923e-09  1.07915e-11
      16.0000      394.421  2.23125e-09  1.31728e-11
      15.0000      394.751  2.27159e-09  1.09140e-11
      16.0000      394.751  2.19655e-09  1.28655e-11
      15.0000      395.080  2.35451e-09  9.57575e-12
      16.0000      395.080  2.26818e-09  1.06377e-11
      15.0000      395.409  2.28862e-09  9.59278e-12
      16.0000      395.409  2.22617e-09  9.20715e-12
      15.0000      395.739  2.22647e-09  9.75389e-12
      16.0000      395.739  2.15907e-09  8.71093e-12
      15.0000      396.069  2.28244e-09  9.11117e-12
      16.0000      396.069  2.20350e-09  8.16309e-12
      15.0000      396.399  2.24388e-09  8.85155e-12
      16.0000      396.399  2.22740e-09  8.46469e-12
      16.0000      396.729  2.11000e-09  1.02694e-11
      16.0000      397.060  2.06715e-09  1.10868e-11
      16.0000      397.392  2.10790e-09  9.12267e-12
      16.0000      397.722  2.12993e-09  8.30838e-12
      16.0000      398.054  2.08365e-09  8.30408e-12
      16.0000      398.386  2.10327e-09  7.61929e-12
      16.0000      398.718  2.15653e-09  7.30049e-12
      16.0000      399.050  2.06389e-09  7.93723e-12
      16.0000      399.383  2.02585e-09  8.64212e-12
      16.0000      399.717  2.05559e-09  7.95244e-12
      16.0000      400.050  2.02477e-09  7.36108e-12
      16.0000      400.383  1.95468e-09  7.52538e-12
      16.0000      400.716  1.97188e-09  7.31863e-12
      16.0000      401.051  2.00225e-09  6.80049e-12
      16.0000      401.386  1.96902e-09  7.07778e-12
      16.0000      401.719  1.94723e-09  7.33561e-12
      16.0000      402.055  1.99097e-09  7.11760e-12
      16.0000      402.390  1.97051e-09  7.22719e-12
      16.0000      402.726  1.88094e-09  7.44806e-12
      16.0000      403.062  1.87911e-09  7.00234e-12
      16.0000      403.397  1.90867e-09  6.31043e-12
      16.0000      403.734  1.85922e-09  6.37805e-12
      16.0000      404.070  1.83333e-09  6.56029e-12
      16.0000      404.406  1.87933e-09  6.17059e-12
      16.0000      404.744  1.87174e-09  6.07696e-12
      16.0000      405.081  1.82098e-09  6.43147e-12
      16.0000      405.420  1.83008e-09  6.40133e-12
      16.0000      405.757  1.85380e-09  6.34227e-12
      16.0000      406.095  1.78021e-09  6.97183e-12
      16.0000      406.435  1.72428e-09  7.47332e-12
      16.0000      406.774  1.76642e-09  6.75316e-12
      16.0000      407.111  1.76884e-09  6.39170e-12
      16.0000      407.451  1.70358e-09  6.47212e-12
      16.0000      407.790  1.74135e-09  6.20840e-12
      16.0000      408.132  1.77340e-09  5.48046e-12
      16.0000      408.472  1.71923e-09  5.33870e-12
      16.0000      408.812  1.69189e-09  5.36485e-12
      16.0000      409.152  1.71863e-09  5.15272e-12
      16.0000      409.494  1.67161e-09  5.42035e-12
      16.0000      409.834  1.60947e-09  6.25032e-12
      16.0000      410.177  1.63428e-09  6.51047e-12
      16.0000      410.519  1.67115e-09  6.66380e-12
      16.0000      410.862  1.61432e-09  7.44265e-12
      16.0000      411.203  1.62350e-09  7.77847e-12
      16.0000      411.546  1.67034e-09  7.02996e-12
      16.0000      411.889  1.64356e-09  6.63683e-12
      16.0000      412.233  1.56283e-09  6.72327e-12
      16.0000      412.577  1.58659e-09  6.43002e-12
      16.0000      412.919  1.60488e-09  5.99030e-12
      16.0000      413.264  1.51621e-09  6.20303e-12
      16.0000      413.609  1.51626e-09  6.73521e-12
      16.0000      413.954  1.56127e-09  6.25967e-12
      16.0000      414.298  1.54875e-09  5.98539e-12
      16.0000      414.644  1.51127e-09  6.12464e-12
      16.0000      414.989  1.53970e-09  5.79451e-12
      16.0000      415.336  1.53176e-09  5.19886e-12
      17.0000      415.336  1.49768e-09  1.47313e-11
      16.0000      415.683  1.47583e-09  5.33274e-12
      17.0000      415.683  1.40571e-09  1.43086e-11
      16.0000      416.029  1.46228e-09  5.57402e-12
      17.0000      416.029  1.33845e-09  1.43021e-11
      16.0000      416.375  1.48099e-09  5.50201e-12
      17.0000      416.375  1.42387e-09  1.53996e-11
      16.0000      416.722  1.44475e-09  5.75396e-12
      17.0000      416.722  1.39499e-09  1.52927e-11
      16.0000      417.070  1.41892e-09  6.16337e-12
      17.0000      417.070  1.38545e-09  1.57055e-11
      16.0000      417.418  1.46494e-09  6.06398e-12
      17.0000      417.418  1.46631e-09  1.33581e-11
      16.0000      417.767  1.46557e-09  5.86682e-12
      17.0000      417.767  1.42215e-09  1.13185e-11
      16.0000      418.114  1.43551e-09  5.97754e-12
      17.0000      418.114  1.38427e-09  1.15719e-11
      16.0000      418.463  1.44580e-09  5.77947e-12
      17.0000      418.463  1.39327e-09  1.17365e-11
      16.0000      418.811  1.45406e-09  5.52242e-12
      17.0000      418.811  1.42041e-09  1.09672e-11
      16.0000      419.161  1.37727e-09  5.76933e-12
      17.0000      419.161  1.39070e-09  1.10365e-11
      16.0000      419.511  1.34590e-09  6.12613e-12
      17.0000      419.511  1.31155e-09  1.00336e-11
      16.0000      419.859  1.38480e-09  6.20681e-12
      17.0000      419.859  1.34690e-09  8.98429e-12
      16.0000      420.210  1.35951e-09  6.40316e-12
      17.0000      420.210  1.32415e-09  8.93201e-12
      16.0000      420.560  1.31721e-09  6.76404e-12
      17.0000      420.560  1.28999e-09  9.99544e-12
      16.0000      420.911  1.34068e-09  6.69970e-12
      17.0000      420.911  1.29277e-09  9.98081e-12
      16.0000      421.262  1.34486e-09  6.39132e-12
      17.0000      421.262  1.31933e-09  9.52448e-12
      16.0000      421.614  1.29645e-09  6.55084e-12
      17.0000      421.614  1.27243e-09  9.03171e-12
      16.0000      421.964  1.28930e-09  6.65057e-12
      17.0000      421.964  1.26864e-09  7.85161e-12
      16.0000      422.317  1.29926e-09  6.36656e-12
      17.0000      422.317  1.27910e-09  6.73850e-12
      17.0000      422.669  1.25042e-09  6.90662e-12
      17.0000      423.021  1.21938e-09  7.58561e-12
      17.0000      423.374  1.25142e-09  7.78132e-12
      17.0000      423.727  1.25018e-09  8.39038e-12
      17.0000      424.079  1.20134e-09  8.71225e-12
      17.0000      424.434  1.22539e-09  7.44971e-12
      17.0000      424.787  1.24275e-09  6.24514e-12
      17.0000      425.141  1.20299e-09  6.06383e-12
      17.0000      425.496  1.18001e-09  5.91708e-12
      17.0000      425.851  1.20812e-09  5.76013e-12
      17.0000      426.205  1.17449e-09  6.52121e-12
      17.0000      426.561  1.16105e-09  7.33048e-12
      17.0000      426.916  1.18506e-09  7.23079e-12
      17.0000      427.272  1.16889e-09  6.84782e-12
      17.0000      427.628  1.13664e-09  6.51025e-12
      17.0000      427.985  1.14549e-09  5.75040e-12
      17.0000      428.343  1.15003e-09  4.98371e-12
      17.0000      428.699  1.10839e-09  5.02210e-12
      17.0000      429.056  1.09791e-09  5.08802e-12
      17.0000      429.415  1.11379e-09  4.99645e-12
      17.0000      429.771  1.08805e-09  5.47471e-12
      17.0000      430.130  1.07028e-09  6.02164e-12
      17.0000      430.489  1.11322e-09  5.97576e-12
      17.0000      430.847  1.09902e-09  6.04302e-12
      17.0000      431.207  1.05611e-09  6.20798e-12
      17.0000      431.566  1.06831e-09  5.51495e-12
      17.0000      431.926  1.07375e-09  4.87715e-12
      17.0000      432.287  1.03680e-09  4.86558e-12
      17.0000      432.646  1.02602e-09  4.80941e-12
      17.0000      433.007  1.04414e-09  4.50957e-12
      17.0000      433.368  1.02465e-09  4.53219e-12
      17.0000      433.730  1.01347e-09  4.58613e-12
      17.0000      434.092  1.02661e-09  4.38586e-12
      17.0000      434.452  1.00362e-09  4.46781e-12
      17.0000      434.815  9.84824e-10  4.78014e-12
      17.0000      435.178  9.91523e-10  4.69535e-12
      17.0000      435.540  9.85750e-10  4.91982e-12
      17.0000      435.905  9.54092e-10  5.54748e-12
      17.0000      436.268  9.75149e-10  5.74288e-12
      17.0000      436.630  9.91639e-10  5.63345e-12
      17.0000      436.994  9.41922e-10  5.71791e-12
      17.0000      437.359  9.32048e-10  5.70197e-12
      17.0000      437.723  9.54697e-10  4.87779e-12
      17.0000      438.089  9.24103e-10  4.86183e-12
      17.0000      438.454  9.04191e-10  4.91032e-12
      17.0000      438.820  9.14875e-10  4.60017e-12
      17.0000      439.186  9.16162e-10  4.56548e-12
      17.0000      439.551  8.99577e-10  4.70142e-12
      18.0000      439.551  8.69650e-10  1.82962e-11
      17.0000      439.918  9.13123e-10  4.52846e-12
      18.0000      439.918  8.84104e-10  1.54481e-11
      17.0000      440.284  9.06459e-10  4.35156e-12
      18.0000      440.284  9.15736e-10  1.51381e-11
      17.0000      440.651  8.69172e-10  4.63989e-12
      18.0000      440.651  9.21305e-10  1.73054e-11
      17.0000      441.018  8.77195e-10  4.49310e-12
      18.0000      441.018  8.85841e-10  1.53315e-11
      17.0000      441.386  8.82935e-10  4.21125e-12
      18.0000      441.386  8.65288e-10  1.21595e-11
      17.0000      441.755  8.62677e-10  4.44263e-12
      18.0000      441.755  8.58805e-10  1.17065e-11
      17.0000      442.124  8.67137e-10  4.49708e-12
      18.0000      442.124  8.46940e-10  1.10142e-11
      17.0000      442.492  8.65330e-10  4.37795e-12
      18.0000      442.492  8.57973e-10  1.07406e-11
      17.0000      442.860  8.48596e-10  4.50370e-12
      18.0000      442.860  8.29204e-10  1.20428e-11
      17.0000      443.229  8.54159e-10  4.53565e-12
      18.0000      443.229  8.14286e-10  1.15698e-11
      17.0000      443.599  8.56034e-10  4.36428e-12
      18.0000      443.599  8.32014e-10  9.35660e-12
      17.0000      443.969  8.31388e-10  4.43408e-12
      18.0000      443.969  8.03507e-10  8.19989e-12
      17.0000      444.340  8.18926e-10  4.56112e-12
      18.0000      444.340  7.86736e-10  7.86763e-12
      17.0000      444.709  8.26317e-10  4.51967e-12
      18.0000      444.709  7.96291e-10  7.50689e-12
      17.0000      445.079  8.01031e-10  4.70004e-12
      18.0000      445.079  7.84815e-10  8.09825e-12
      17.0000      445.452  7.88210e-10  5.00792e-12
      18.0000      445.452  7.71047e-10  9.33104e-12
      17.0000      445.824  8.13147e-10  4.95751e-12
      18.0000      445.824  7.64255e-10  8.59969e-12
      17.0000      446.194  8.07491e-10  4.88689e-12
      18.0000      446.194  7.86547e-10  7.26851e-12
      17.0000      446.566  7.90918e-10  5.00658e-12
      18.0000      446.566  7.73053e-10  6.74653e-12
      17.0000      446.939  8.00862e-10  4.99718e-12
      18.0000      446.939  7.83687e-10  5.95289e-12
      17.0000      447.311  8.01414e-10  4.93097e-12
      18.0000      447.311  7.85340e-10  5.71389e-12
      17.0000      447.684  7.78472e-10  5.13722e-12
      18.0000      447.684  7.68893e-10  6.32336e-12
      17.0000      448.057  7.75122e-10  5.31877e-12
      18.0000      448.057  7.71295e-10  6.62137e-12
      17.0000      448.431  7.66099e-10  5.50082e-12
      18.0000      448.431  7.68360e-10  6.84850e-12
      18.0000      448.805  7.43879e-10  6.90824e-12
      18.0000      449.180  7.31163e-10  5.97905e-12
      18.0000      449.553  7.32272e-10  5.03730e-12
      18.0000      449.928  7.31195e-10  4.72576e-12
      18.0000      450.302  7.27853e-10  4.58660e-12
      18.0000      450.678  7.40621e-10  4.73504e-12
      18.0000      451.054  7.03550e-10  5.18512e-12
      18.0000      451.431  6.92788e-10  5.75134e-12
      18.0000      451.806  7.21724e-10  6.01808e-12
      18.0000      452.184  7.15076e-10  5.72504e-12
      18.0000      452.560  6.96006e-10  5.37851e-12
      18.0000      452.938  7.13306e-10  4.60898e-12
      18.0000      453.315  6.92083e-10  4.12705e-12
      18.0000      453.694  6.69259e-10  4.13218e-12
      18.0000      454.071  6.81381e-10  4.05103e-12
      18.0000      454.450  6.73332e-10  4.36582e-12
      18.0000      454.829  6.55505e-10  4.92589e-12
      18.0000      455.208  6.66687e-10  4.89093e-12
      18.0000      455.587  6.65445e-10  5.01949e-12
      18.0000      455.967  6.37510e-10  5.41694e-12
      18.0000      456.348  6.57728e-10  4.84129e-12
      18.0000      456.727  6.64099e-10  4.33058e-12
      18.0000      457.109  6.26327e-10  4.31558e-12
      18.0000      457.490  6.33755e-10  4.30198e-12
      18.0000      457.871  6.50785e-10  4.10340e-12
      18.0000      458.253  6.16244e-10  4.25529e-12
      18.0000      458.636  6.22173e-10  4.15164e-12
      18.0000      459.017  6.38188e-10  3.79299e-12
      18.0000      459.400  6.12067e-10  3.80877e-12
      18.0000      459.783  6.03567e-10  3.69570e-12
      18.0000      460.166  6.09019e-10  3.66147e-12
      18.0000      460.549  5.83003e-10  4.17935e-12
      18.0000      460.934  5.76250e-10  4.67323e-12
      18.0000      461.318  5.99340e-10  5.28019e-12
      18.0000      461.702  5.59973e-10  5.32940e-12
      18.0000      462.088  5.68668e-10  5.42306e-12
      18.0000      462.473  5.96238e-10  4.85306e-12
      18.0000      462.858  5.74306e-10  4.55239e-12
      18.0000      463.244  5.49611e-10  4.51648e-12
      18.0000      463.631  5.76838e-10  4.29887e-12
      19.0000      463.631  5.29530e-10  2.49429e-11
      18.0000      464.018  5.50842e-10  4.26632e-12
      19.0000      464.018  5.27031e-10  2.52014e-11
      18.0000      464.403  5.38776e-10  4.71037e-12
      19.0000      464.403  5.17477e-10  2.33540e-11
      18.0000      464.792  5.48549e-10  4.58480e-12
      19.0000      464.792  5.20522e-10  1.98383e-11
      18.0000      465.179  5.47595e-10  4.59195e-12
      19.0000      465.179  5.53322e-10  1.87336e-11
      18.0000      465.567  5.35747e-10  4.28912e-12
      19.0000      465.567  5.40729e-10  1.83568e-11
      18.0000      465.955  5.53855e-10  3.98108e-12
      19.0000      465.955  5.40745e-10  1.62777e-11
      18.0000      466.342  5.47171e-10  3.99265e-12
      19.0000      466.342  5.35150e-10  1.45323e-11
      18.0000      466.731  5.29539e-10  3.78240e-12
      19.0000      466.731  5.42610e-10  1.30895e-11
      18.0000      467.122  5.21762e-10  3.90976e-12
      19.0000      467.122  5.36930e-10  1.12656e-11
      18.0000      467.510  5.08723e-10  4.13911e-12
      19.0000      467.510  5.28837e-10  1.14421e-11
      18.0000      467.900  5.01663e-10  4.55148e-12
      19.0000      467.900  5.29293e-10  1.31167e-11
      18.0000      468.290  5.14350e-10  4.57387e-12
      19.0000      468.290  7.17090e-10  1.40995e-11
      18.0000      468.680  5.12406e-10  4.39405e-12
      19.0000      468.680  5.64928e-10  1.29199e-11
      18.0000      469.072  5.07734e-10  4.28238e-12
      19.0000      469.072  5.17357e-10  1.16228e-11
      18.0000      469.462  5.12630e-10  4.03130e-12
      19.0000      469.462  5.18569e-10  8.74369e-12
      18.0000      469.854  4.93695e-10  4.05079e-12
      19.0000      469.854  5.05379e-10  7.89237e-12
      18.0000      470.245  4.77573e-10  4.39492e-12
      19.0000      470.245  4.89348e-10  8.35429e-12
      18.0000      470.637  4.86227e-10  4.69468e-12
      19.0000      470.637  5.05343e-10  8.65223e-12
      18.0000      471.029  4.76516e-10  5.12547e-12
      19.0000      471.029  4.95615e-10  9.87885e-12
      18.0000      471.422  4.59490e-10  5.55910e-12
      19.0000      471.422  4.51520e-10  1.10046e-11
      18.0000      471.816  4.81983e-10  5.46051e-12
      19.0000      471.816  4.83530e-10  9.35814e-12
      18.0000      472.208  4.85712e-10  5.20891e-12
      19.0000      472.208  4.86185e-10  7.52810e-12
      18.0000      472.603  4.70614e-10  5.17290e-12
      19.0000      472.603  4.76160e-10  6.86436e-12
      18.0000      472.997  4.79265e-10  4.97884e-12
      19.0000      472.997  4.76445e-10  6.02263e-12
      18.0000      473.391  4.61071e-10  5.14106e-12
      19.0000      473.391  4.61871e-10  6.10629e-12
      18.0000      473.785  4.37285e-10  5.92506e-12
      19.0000      473.785  4.41201e-10  7.23597e-12
      18.0000      474.181  4.50360e-10  6.51792e-12
      19.0000      474.181  4.55767e-10  7.74819e-12
      18.0000      474.577  4.39634e-10  6.95662e-12
      19.0000      474.577  4.56758e-10  8.39182e-12
      19.0000      474.971  4.23904e-10  8.45264e-12
      19.0000      475.367  4.50607e-10  6.64175e-12
      19.0000      475.765  4.48651e-10  5.50446e-12
      19.0000      476.161  4.41833e-10  5.29791e-12
      19.0000      476.558  4.48465e-10  5.06723e-12
      19.0000      476.954  4.38184e-10  5.37957e-12
      19.0000      477.352  4.24863e-10  6.13646e-12
      19.0000      477.751  4.32356e-10  6.43159e-12
      19.0000      478.149  4.28300e-10  6.91037e-12
      19.0000      478.547  4.15095e-10  6.52017e-12
      19.0000      478.946  4.37376e-10  5.60985e-12
      19.0000      479.345  4.34928e-10  4.97715e-12
      19.0000      479.745  4.02979e-10  4.88655e-12
      19.0000      480.146  4.00809e-10  5.07116e-12
      19.0000      480.545  3.92821e-10  5.14107e-12
      19.0000      480.945  3.88198e-10  5.13997e-12
      19.0000      481.348  3.95244e-10  4.83506e-12
      19.0000      481.749  3.92018e-10  4.57991e-12
      19.0000      482.151  3.98543e-10  4.64023e-12
      19.0000      482.551  3.99869e-10  4.22166e-12
      19.0000      482.954  3.76401e-10  4.60009e-12
      19.0000      483.356  3.91643e-10  5.21940e-12
      19.0000      483.760  3.98987e-10  5.58457e-12
      19.0000      484.163  3.69545e-10  5.64868e-12
      19.0000      484.567  3.75144e-10  5.22349e-12
      19.0000      484.971  3.81846e-10  4.54092e-12
      19.0000      485.376  3.72759e-10  4.20334e-12
      19.0000      485.779  3.72504e-10  3.97654e-12
      19.0000      486.185  3.68627e-10  3.78306e-12
      19.0000      486.590  3.56895e-10  3.94511e-12
      19.0000      486.995  3.58194e-10  4.11849e-12
      19.0000      487.401  3.60497e-10  4.16562e-12
      19.0000      487.807  3.57032e-10  4.13669e-12
      19.0000      488.215  3.57935e-10  3.90908e-12
      20.0000      488.215  2.55312e-10  4.20921e-11
      19.0000      488.622  3.55422e-10  3.73119e-12
      20.0000      488.622  2.92489e-10  3.82589e-11
      19.0000      489.029  3.48681e-10  3.78480e-12
      20.0000      489.029  3.30249e-10  3.13761e-11
      19.0000      489.436  3.48767e-10  3.85786e-12
      20.0000      489.436  2.97035e-10  2.49741e-11
      19.0000      489.845  3.40062e-10  4.20720e-12
      20.0000      489.845  3.38882e-10  2.28095e-11
      19.0000      490.254  3.35342e-10  4.62685e-12
      20.0000      490.254  3.03908e-10  2.40901e-11
      19.0000      490.663  3.36831e-10  4.67461e-12
      20.0000      490.663  2.99691e-10  2.38292e-11
      19.0000      491.070  3.32147e-10  5.05065e-12
      20.0000      491.070  3.57433e-10  2.45869e-11
      19.0000      491.480  3.28661e-10  4.79065e-12
      20.0000      491.480  2.91119e-10  2.19121e-11
      19.0000      491.889  3.30379e-10  4.50524e-12
      20.0000      491.889  3.48476e-10  1.56176e-11
      19.0000      492.300  3.25222e-10  4.65786e-12
      20.0000      492.300  3.15248e-10  1.39270e-11
      19.0000      492.710  3.28209e-10  4.91352e-12
      20.0000      492.710  3.20778e-10  1.32012e-11
      19.0000      493.121  3.29584e-10  5.17299e-12
      20.0000      493.121  3.18807e-10  1.32935e-11
      19.0000      493.532  3.07508e-10  6.04171e-12
      20.0000      493.532  3.17714e-10  1.51463e-11
      19.0000      493.944  3.09815e-10  6.00144e-12
      20.0000      493.944  3.03511e-10  1.50579e-11
      19.0000      494.354  3.15999e-10  5.76784e-12
      20.0000      494.354  2.99284e-10  1.29034e-11
      19.0000      494.768  3.05814e-10  5.90335e-12
      20.0000      494.768  2.85106e-10  1.10712e-11
      19.0000      495.179  3.06741e-10  5.68031e-12
      20.0000      495.179  2.88397e-10  9.03363e-12
      19.0000      495.592  2.74663e-10  5.68229e-12
      20.0000      495.592  2.85769e-10  8.28615e-12
      19.0000      496.005  2.73399e-10  6.14731e-12
      20.0000      496.005  2.89490e-10  9.02139e-12
      19.0000      496.418  2.77565e-10  6.43256e-12
      20.0000      496.418  2.93637e-10  9.42573e-12
      19.0000      496.833  2.71264e-10  6.67999e-12
      20.0000      496.833  2.96286e-10  1.01708e-11
      19.0000      497.248  2.72551e-10  7.17152e-12
      20.0000      497.248  2.89862e-10  9.73433e-12
      19.0000      497.661  2.90772e-10  6.88091e-12
      20.0000      497.661  3.02894e-10  8.06312e-12
      19.0000      498.077  2.81758e-10  6.55947e-12
      20.0000      498.077  3.02148e-10  6.74999e-12
      19.0000      498.492  2.82357e-10  6.84966e-12
      20.0000      498.492  2.97910e-10  6.32586e-12
      19.0000      498.907  2.82950e-10  6.44919e-12
      20.0000      498.907  3.00837e-10  5.87414e-12
      19.0000      499.323  2.76398e-10  6.79582e-12
      20.0000      499.323  3.11371e-10  6.34536e-12
      19.0000      499.740  2.66681e-10  7.48273e-12
      20.0000      499.740  3.10269e-10  7.25932e-12
      19.0000      500.158  2.64178e-10  7.41405e-12
      20.0000      500.158  3.05857e-10  7.14132e-12
      19.0000      500.573  2.48373e-10  7.61989e-12
      20.0000      500.573  2.93149e-10  7.21037e-12
      19.0000      500.992  2.60594e-10  7.46640e-12
      20.0000      500.992  2.85299e-10  6.49293e-12
      20.0000      501.409  2.94697e-10  5.45626e-12
      20.0000      501.827  2.85699e-10  5.02315e-12
      20.0000      502.245  2.78575e-10  4.88607e-12
      20.0000      502.664  2.78550e-10  4.74685e-12
      20.0000      503.081  2.68304e-10  4.93223e-12
      20.0000      503.502  2.81865e-10  5.01461e-12
      20.0000      503.921  2.74852e-10  4.93401e-12
      20.0000      504.342  2.70275e-10  5.05779e-12
      20.0000      504.762  2.65494e-10  5.07362e-12
      20.0000      505.183  2.59227e-10  5.03572e-12
      20.0000      505.605  2.58630e-10  4.75386e-12
      20.0000      506.027  2.57315e-10  4.58108e-12
      20.0000      506.447  2.52811e-10  4.36498e-12
      20.0000      506.871  2.57337e-10  4.07904e-12
      20.0000      507.292  2.50792e-10  3.72694e-12
      20.0000      507.715  2.50775e-10  3.54276e-12
      20.0000      508.138  2.54778e-10  3.51083e-12
      20.0000      508.562  2.48270e-10  3.70505e-12
      20.0000      508.986  2.46497e-10  3.94557e-12
      20.0000      509.411  2.46508e-10  4.21602e-12
      20.0000      509.835  2.36502e-10  4.36506e-12
      20.0000      510.261  2.44068e-10  4.37346e-12
      20.0000      510.686  2.38624e-10  4.31961e-12
      20.0000      511.112  2.34582e-10  4.34971e-12
      20.0000      511.538  2.25099e-10  4.31980e-12
      20.0000      511.965  2.20640e-10  4.31899e-12
      20.0000      512.392  2.24151e-10  4.33075e-12
      20.0000      512.818  2.27107e-10  4.20199e-12
      20.0000      513.244  2.27848e-10  4.10822e-12
      20.0000      513.674  2.24936e-10  3.74684e-12
      20.0000      514.102  2.20629e-10  3.63715e-12
      20.0000      514.530  2.10563e-10  3.66319e-12
      20.0000      514.960  2.17069e-10  3.91496e-12
      20.0000      515.390  2.10041e-10  4.44607e-12
      20.0000      515.818  2.06936e-10  4.80384e-12
      20.0000      516.249  2.13762e-10  5.22844e-12
      20.0000      516.678  2.43563e-10  5.61916e-12
      20.0000      517.109  2.36433e-10  5.64664e-12
      20.0000      517.539  1.91707e-10  6.43410e-12
      20.0000      517.971  2.34669e-10  7.51034e-12
      20.0000      518.403  2.24063e-10  8.87041e-12
      20.0000      518.836  1.72320e-10  1.13568e-11
      20.0000      519.267  1.47357e-10  1.25089e-11
      20.0000      519.702  1.31295e-10  1.29902e-11
      20.0000      520.134  1.39686e-10  1.46980e-11
      20.0000      520.568  1.45295e-10  1.43328e-11
      20.0000      521.002  1.71848e-10  1.58349e-11
      20.0000      521.436  1.05621e-10  2.10572e-11
      20.0000      521.872  7.46806e-11  2.33270e-11
      20.0000      522.308  1.00028e-10  2.87943e-11
      20.0000      522.742  6.28109e-11  3.19409e-11
      20.0000      523.177  7.56600e-11  2.95089e-11
      20.0000      523.615  1.33355e-10  3.21603e-11
      20.0000      524.051  1.39341e-10  3.45496e-11
      20.0000      524.488  7.60571e-11  3.41181e-11
      20.0000      524.923 -3.21753e-11  4.36149e-11
      20.0000      525.362 -2.83771e-11  5.51607e-11
      20.0000      525.801 -6.21551e-11  5.79413e-11
      20.0000      526.238 -1.06167e-10  6.33803e-11
      20.0000      526.676 -9.87914e-11  5.81814e-11
