      11.0000      271.534  2.64648e-08  1.32966e-10
      11.0000      271.761  3.40099e-08  2.54052e-10
      11.0000      271.987  2.72683e-08  1.36708e-10
      11.0000      272.214  2.23960e-08  1.11565e-10
      11.0000      272.441  2.95127e-08  1.64787e-10
      11.0000      272.668  2.54201e-08  2.43580e-10
      11.0000      272.895  3.00723e-08  2.58932e-10
      11.0000      273.123  2.72045e-08  1.43165e-10
      11.0000      273.350  3.00590e-08  3.75639e-10
      11.0000      273.578  2.37292e-08  1.06704e-10
      11.0000      273.806  3.04352e-08  2.74156e-10
      11.0000      274.035  2.95925e-08  1.39391e-10
      11.0000      274.263  2.61930e-08  1.16719e-10
      11.0000      274.492  2.69165e-08  1.12156e-10
      11.0000      274.721  2.46977e-08  9.62811e-11
      11.0000      274.950  2.33343e-08  9.50696e-11
      11.0000      275.179  2.73874e-08  1.11107e-10
      11.0000      275.409  2.73391e-08  1.10559e-10
      11.0000      275.638  2.27356e-08  1.00693e-10
      11.0000      275.867  2.34826e-08  9.93499e-11
      11.0000      276.097  2.62221e-08  1.18560e-10
      11.0000      276.328  2.26832e-08  9.03442e-11
      11.0000      276.558  2.29163e-08  9.82551e-11
      11.0000      276.789  2.09580e-08  7.35200e-11
      11.0000      277.020  2.27109e-08  9.42971e-11
      11.0000      277.250  2.15825e-08  7.82333e-11
      11.0000      277.482  2.13366e-08  8.08991e-11
      11.0000      277.713  2.10932e-08  7.73959e-11
      11.0000      277.945  2.13828e-08  7.54611e-11
      11.0000      278.177  2.15148e-08  8.03266e-11
      11.0000      278.408  2.22148e-08  8.66902e-11
      11.0000      278.640  2.34983e-08  9.80130e-11
      11.0000      278.872  2.39535e-08  9.92259e-11
      11.0000      279.105  2.36264e-08  9.39659e-11
      11.0000      279.337  2.45714e-08  9.90556e-11
      11.0000      279.571  2.11290e-08  7.76205e-11
      11.0000      279.804  2.17959e-08  8.06372e-11
      11.0000      280.037  1.97674e-08  6.51395e-11
      11.0000      280.271  2.05265e-08  6.41611e-11
      11.0000      280.504  2.01834e-08  6.04475e-11
      11.0000      280.738  2.11778e-08  6.69479e-11
      11.0000      280.971  1.97080e-08  6.20550e-11
      11.0000      281.206  1.99012e-08  6.23269e-11
      11.0000      281.440  2.07190e-08  6.43569e-11
      11.0000      281.675  1.80718e-08  5.53058e-11
      11.0000      281.910  1.81346e-08  5.84202e-11
      11.0000      282.145  1.93323e-08  6.11332e-11
      11.0000      282.381  1.88396e-08  6.04719e-11
      11.0000      282.616  1.89314e-08  5.84620e-11
      11.0000      282.851  1.93639e-08  6.15156e-11
      11.0000      283.087  1.84125e-08  5.71850e-11
      11.0000      283.323  1.73786e-08  5.50554e-11
      11.0000      283.559  1.82745e-08  5.84915e-11
      11.0000      283.796  1.82986e-08  5.57657e-11
      11.0000      284.032  1.82379e-08  5.54978e-11
      11.0000      284.269  1.76689e-08  5.41660e-11
      11.0000      284.506  1.80584e-08  5.58061e-11
      11.0000      284.743  1.71706e-08  5.31096e-11
      11.0000      284.981  1.54087e-08  4.51406e-11
      11.0000      285.218  1.71159e-08  5.07748e-11
      11.0000      285.456  1.74522e-08  5.19902e-11
      11.0000      285.694  1.69308e-08  5.25062e-11
      11.0000      285.932  1.56909e-08  4.80493e-11
      11.0000      286.171  1.57835e-08  4.68681e-11
      11.0000      286.409  1.70787e-08  5.08403e-11
      11.0000      286.648  1.68277e-08  5.15583e-11
      11.0000      286.887  1.62212e-08  5.05779e-11
      11.0000      287.126  1.56830e-08  4.82479e-11
      11.0000      287.365  1.53963e-08  4.62354e-11
      11.0000      287.605  1.47179e-08  4.44041e-11
      11.0000      287.844  1.62148e-08  5.19394e-11
      11.0000      288.085  1.63226e-08  5.31587e-11
      11.0000      288.325  1.59562e-08  5.28696e-11
      11.0000      288.565  1.54260e-08  5.06575e-11
      11.0000      288.806  1.49967e-08  5.09163e-11
      11.0000      289.047  1.44618e-08  5.24862e-11
      11.0000      289.287  1.52670e-08  5.65824e-11
      11.0000      289.529  1.44389e-08  5.18155e-11
      11.0000      289.770  1.48116e-08  5.39526e-11
      11.0000      290.011  1.45239e-08  5.34884e-11
      11.0000      290.254  1.38314e-08  5.07559e-11
      11.0000      290.495  1.47480e-08  5.48549e-11
      11.0000      290.737  1.42009e-08  5.05705e-11
      11.0000      290.980  1.36548e-08  4.64993e-11
      11.0000      291.223  1.36953e-08  4.76405e-11
      11.0000      291.465  1.36802e-08  4.92961e-11
      11.0000      291.708  1.39832e-08  5.08880e-11
      11.0000      291.951  1.46013e-08  5.54858e-11
      11.0000      292.195  1.41479e-08  5.42304e-11
      11.0000      292.439  1.45161e-08  5.77495e-11
      11.0000      292.683  1.35486e-08  5.58290e-11
      11.0000      292.926  1.27087e-08  5.19486e-11
      11.0000      293.171  1.41262e-08  5.83510e-11
      12.0000      295.377  1.49129e-08  5.65764e-11
      12.0000      295.624  1.40441e-08  5.17084e-11
      12.0000      295.870  1.36290e-08  5.43221e-11
      12.0000      296.117  1.31538e-08  5.18626e-11
      12.0000      296.364  1.32972e-08  5.09480e-11
      12.0000      296.611  1.27365e-08  4.64093e-11
      12.0000      296.858  1.26961e-08  4.59967e-11
      12.0000      297.105  1.30443e-08  4.84917e-11
      12.0000      297.354  1.20651e-08  4.37908e-11
      12.0000      297.601  1.27417e-08  4.47511e-11
      12.0000      297.850  1.26085e-08  3.94240e-11
      12.0000      298.097  1.17466e-08  3.35677e-11
      12.0000      298.346  1.23793e-08  3.84586e-11
      12.0000      298.595  1.23023e-08  4.00304e-11
      12.0000      298.844  1.20894e-08  3.96077e-11
      12.0000      299.093  1.19432e-08  3.67816e-11
      12.0000      299.342  1.18046e-08  3.44967e-11
      12.0000      299.592  1.13212e-08  3.28866e-11
      12.0000      299.842  1.10859e-08  3.31771e-11
      12.0000      300.091  1.13290e-08  3.53571e-11
      12.0000      300.342  1.14595e-08  3.46599e-11
      12.0000      300.592  1.10802e-08  3.36037e-11
      12.0000      300.843  1.07550e-08  3.20766e-11
      12.0000      301.093  1.11997e-08  4.57203e-11
      12.0000      301.345  1.16397e-08  2.46651e-10
      12.0000      301.595  1.15367e-08  2.97531e-11
      12.0000      301.848  1.13348e-08  2.89454e-11
      12.0000      302.099  1.11335e-08  3.07823e-11
      12.0000      302.350  1.08434e-08  3.12181e-11
      12.0000      302.603  1.06051e-08  2.96857e-11
      12.0000      302.855  1.07598e-08  2.77855e-11
      12.0000      303.107  1.09804e-08  2.80833e-11
      12.0000      303.360  1.03734e-08  2.74071e-11
      12.0000      303.614  1.02054e-08  2.60813e-11
      12.0000      303.866  1.05340e-08  2.66554e-11
      12.0000      304.120  1.06056e-08  2.72186e-11
      12.0000      304.373  1.02730e-08  2.75335e-11
      12.0000      304.627  1.00591e-08  2.76899e-11
      12.0000      304.881  1.01902e-08  2.63525e-11
      12.0000      305.135  1.00232e-08  2.37431e-11
      12.0000      305.389  1.00293e-08  2.32911e-11
      12.0000      305.644  9.82692e-09  2.32233e-11
      12.0000      305.899  9.92218e-09  2.39035e-11
      12.0000      306.154  9.82767e-09  2.32816e-11
      12.0000      306.409  9.95560e-09  2.44412e-11
      12.0000      306.665  9.76635e-09  2.58868e-11
      12.0000      306.921  9.56672e-09  2.70486e-11
      12.0000      307.176  9.85045e-09  2.73940e-11
      12.0000      307.432  9.52500e-09  2.46945e-11
      12.0000      307.689  9.31627e-09  2.32083e-11
      12.0000      307.945  9.37999e-09  2.32340e-11
      12.0000      308.202  9.78249e-09  2.46359e-11
      12.0000      308.458  1.02461e-08  2.26850e-11
      12.0000      308.715  9.90519e-09  2.06959e-11
      12.0000      308.973  9.24248e-09  1.99593e-11
      12.0000      309.231  9.13027e-09  2.12082e-11
      12.0000      309.488  9.10799e-09  2.17228e-11
      12.0000      309.746  9.21079e-09  2.22211e-11
      12.0000      310.004  9.07708e-09  2.27901e-11
      12.0000      310.263  8.77371e-09  2.31654e-11
      12.0000      310.522  8.82378e-09  2.39499e-11
      12.0000      310.781  8.94596e-09  2.32010e-11
      12.0000      311.040  8.91873e-09  2.16655e-11
      12.0000      311.300  9.00838e-09  2.19090e-11
      12.0000      311.559  8.78105e-09  2.19836e-11
      12.0000      311.819  8.87252e-09  2.19164e-11
      12.0000      312.079  9.03760e-09  2.12711e-11
      12.0000      312.339  8.76490e-09  2.01706e-11
      12.0000      312.599  8.62068e-09  2.11751e-11
      12.0000      312.860  8.62710e-09  2.19804e-11
      12.0000      313.120  8.78167e-09  2.17711e-11
      12.0000      313.381  8.58485e-09  2.03108e-11
      12.0000      313.643  8.34535e-09  1.97758e-11
      12.0000      313.905  8.32983e-09  2.09968e-11
      12.0000      314.166  8.33304e-09  2.22972e-11
      12.0000      314.428  8.36449e-09  2.28452e-11
      12.0000      314.690  8.38067e-09  2.24423e-11
      12.0000      314.953  8.31023e-09  2.21470e-11
      12.0000      315.215  8.32380e-09  2.12005e-11
      12.0000      315.477  8.49557e-09  1.96875e-11
      12.0000      315.740  8.63288e-09  1.88899e-11
      12.0000      316.004  8.52869e-09  1.94929e-11
      12.0000      316.268  8.36446e-09  2.13378e-11
      12.0000      316.531  8.39310e-09  2.22611e-11
      12.0000      316.795  8.30019e-09  2.08697e-11
      12.0000      317.059  8.00311e-09  1.97896e-11
      12.0000      317.323  7.89185e-09  2.06752e-11
      12.0000      317.587  8.02205e-09  2.15714e-11
      12.0000      317.853  8.17776e-09  2.02644e-11
      12.0000      318.118  7.99757e-09  2.14543e-11
      12.0000      318.383  7.52351e-09  2.46474e-11
      12.0000      318.648  7.74991e-09  2.31966e-11
      12.0000      318.914  7.83333e-09  2.14426e-11
      13.0000      319.180  7.65998e-09  2.34410e-11
      13.0000      319.446  7.68914e-09  2.41797e-11
      13.0000      319.713  7.77290e-09  2.93117e-11
      13.0000      319.978  7.44325e-09  3.13729e-11
      13.0000      320.246  7.47530e-09  2.84142e-11
      13.0000      320.513  7.73317e-09  2.42888e-11
      13.0000      320.780  7.59638e-09  2.23280e-11
      13.0000      321.047  7.52767e-09  2.36555e-11
      13.0000      321.315  7.57337e-09  2.31863e-11
      13.0000      321.583  7.51616e-09  2.03825e-11
      13.0000      321.851  7.53566e-09  1.83008e-11
      13.0000      322.119  7.36351e-09  1.74814e-11
      13.0000      322.387  7.22086e-09  1.75988e-11
      13.0000      322.657  7.20084e-09  1.80043e-11
      13.0000      322.925  7.37704e-09  1.88721e-11
      13.0000      323.195  7.34960e-09  2.04535e-11
      13.0000      323.464  7.17571e-09  2.08097e-11
      13.0000      323.734  7.34169e-09  1.92449e-11
      13.0000      324.003  7.29772e-09  1.63728e-11
      13.0000      324.273  7.15896e-09  1.55296e-11
      13.0000      324.544  6.95409e-09  1.63427e-11
      13.0000      324.815  6.95821e-09  1.68992e-11
      13.0000      325.085  7.14759e-09  1.59226e-11
      13.0000      325.357  7.04738e-09  1.46973e-11
      13.0000      325.628  6.79543e-09  1.44433e-11
      13.0000      325.900  6.61348e-09  1.44007e-11
      13.0000      326.171  6.68536e-09  1.42775e-11
      13.0000      326.443  6.85008e-09  1.47957e-11
      13.0000      326.715  6.80511e-09  1.64677e-11
      13.0000      326.988  6.69234e-09  1.85647e-11
      13.0000      327.259  6.82737e-09  1.83257e-11
      13.0000      327.533  7.11575e-09  1.59773e-11
      13.0000      327.805  6.88794e-09  1.40658e-11
      13.0000      328.079  6.62881e-09  1.31507e-11
      13.0000      328.352  6.62601e-09  1.26325e-11
      13.0000      328.626  6.68561e-09  1.20389e-11
      13.0000      328.900  6.56386e-09  1.22156e-11
      13.0000      329.175  6.40328e-09  1.42095e-11
      13.0000      329.449  6.36919e-09  1.63715e-11
      13.0000      329.724  6.44843e-09  1.61059e-11
      13.0000      329.998  6.52643e-09  1.53652e-11
      13.0000      330.274  6.41014e-09  1.51638e-11
      13.0000      330.549  6.33401e-09  1.48607e-11
      13.0000      330.825  6.43035e-09  1.33506e-11
      13.0000      331.101  6.53286e-09  1.16853e-11
      13.0000      331.376  6.48089e-09  1.13746e-11
      13.0000      331.653  6.32326e-09  1.19334e-11
      13.0000      331.929  6.28220e-09  1.25054e-11
      13.0000      332.206  6.35450e-09  1.25196e-11
      13.0000      332.483  6.27859e-09  1.34315e-11
      13.0000      332.760  6.07594e-09  1.52194e-11
      13.0000      333.037  6.09703e-09  1.63697e-11
      13.0000      333.316  6.29525e-09  1.57986e-11
      13.0000      333.592  6.35651e-09  1.48158e-11
      13.0000      333.871  6.14637e-09  1.40006e-11
      13.0000      334.150  6.14931e-09  1.38384e-11
      13.0000      334.428  6.27410e-09  1.24017e-11
      13.0000      334.707  6.31734e-09  1.09790e-11
      13.0000      334.986  6.19526e-09  1.08078e-11
      13.0000      335.264  6.08021e-09  1.14709e-11
      13.0000      335.545  6.06817e-09  1.16885e-11
      13.0000      335.824  6.03624e-09  1.16392e-11
      13.0000      336.104  5.89124e-09  1.23439e-11
      13.0000      336.384  5.95097e-09  1.43676e-11
      13.0000      336.665  5.99822e-09  1.49860e-11
      13.0000      336.945  6.07447e-09  1.43484e-11
      13.0000      337.226  6.03441e-09  1.44042e-11
      13.0000      337.507  6.24529e-09  1.59607e-11
      13.0000      337.789  5.85342e-09  1.46162e-11
      13.0000      338.071  6.08765e-09  1.39363e-11
      13.0000      338.352  6.02287e-09  1.33044e-11
      13.0000      338.634  5.77749e-09  1.38795e-11
      13.0000      338.916  5.58491e-09  1.46077e-11
      13.0000      339.199  5.72869e-09  1.49652e-11
      13.0000      339.482  5.65285e-09  1.44946e-11
      13.0000      339.765  5.56436e-09  1.53854e-11
      13.0000      340.048  5.69444e-09  1.80233e-11
      13.0000      340.332  5.78114e-09  1.60511e-11
      13.0000      340.616  5.83378e-09  1.49559e-11
      13.0000      340.899  5.64655e-09  1.45881e-11
      13.0000      341.184  5.59305e-09  1.47487e-11
      13.0000      341.468  5.63114e-09  1.40720e-11
      13.0000      341.753  5.61163e-09  1.28520e-11
      13.0000      342.038  5.46232e-09  1.27898e-11
      13.0000      342.323  5.32974e-09  1.37767e-11
      13.0000      342.608  5.45940e-09  1.48411e-11
      13.0000      342.894  5.50642e-09  1.45844e-11
      13.0000      343.180  5.43536e-09  1.48144e-11
      14.0000      343.180  5.42780e-09  2.05014e-11
      13.0000      343.466  5.39061e-09  1.61408e-11
      14.0000      343.466  5.29814e-09  2.22369e-11
      13.0000      343.752  5.50049e-09  1.64736e-11
      14.0000      343.752  5.26170e-09  2.23060e-11
      13.0000      344.039  5.61623e-09  1.54666e-11
      14.0000      344.039  5.43372e-09  1.77266e-11
      13.0000      344.325  5.53434e-09  1.50501e-11
      14.0000      344.325  5.39343e-09  1.57695e-11
      13.0000      344.612  5.35569e-09  1.59151e-11
      14.0000      344.612  5.29701e-09  1.68593e-11
      14.0000      344.900  5.22721e-09  1.80544e-11
      14.0000      345.187  5.30904e-09  1.69656e-11
      14.0000      345.476  5.17561e-09  1.50555e-11
      14.0000      345.764  5.01564e-09  1.49243e-11
      14.0000      346.052  5.02292e-09  1.49235e-11
      14.0000      346.340  5.17868e-09  1.47086e-11
      14.0000      346.629  5.24808e-09  1.60365e-11
      14.0000      346.917  5.10321e-09  1.77600e-11
      14.0000      347.207  5.08635e-09  1.77792e-11
      14.0000      347.496  5.21157e-09  1.49133e-11
      14.0000      347.786  5.17994e-09  1.27110e-11
      14.0000      348.077  4.99145e-09  1.25656e-11
      14.0000      348.367  4.95332e-09  1.33934e-11
      14.0000      348.657  5.02742e-09  1.35739e-11
      14.0000      348.948  4.98396e-09  1.41843e-11
      14.0000      349.239  4.81850e-09  1.53449e-11
      14.0000      349.529  4.95041e-09  1.67968e-11
      14.0000      349.820  5.16141e-09  1.55421e-11
      14.0000      350.112  5.14693e-09  1.43675e-11
      14.0000      350.404  5.06193e-09  1.46961e-11
      14.0000      350.696  5.11679e-09  1.55913e-11
      14.0000      350.989  5.32163e-09  1.52811e-11
      14.0000      351.281  5.29823e-09  1.41131e-11
      14.0000      351.574  5.03180e-09  1.37319e-11
      14.0000      351.867  4.81323e-09  1.34166e-11
      14.0000      352.161  4.72187e-09  1.23274e-11
      14.0000      352.454  4.66336e-09  1.10557e-11
      14.0000      352.749  4.59924e-09  1.11504e-11
      14.0000      353.043  4.49764e-09  1.21991e-11
      14.0000      353.337  4.53392e-09  1.22398e-11
      14.0000      353.632  4.66521e-09  1.20771e-11
      14.0000      353.926  4.62227e-09  1.27457e-11
      14.0000      354.221  5.06527e-09  1.42928e-11
      14.0000      354.517  4.83007e-09  1.27494e-11
      14.0000      354.812  4.53205e-09  1.04161e-11
      14.0000      355.107  4.50059e-09  9.94615e-12
      14.0000      355.404  4.42283e-09  1.02841e-11
      14.0000      355.700  4.43526e-09  1.01668e-11
      14.0000      355.996  4.47220e-09  9.79972e-12
      14.0000      356.294  4.41041e-09  1.04337e-11
      14.0000      356.590  4.38145e-09  1.20141e-11
      14.0000      356.888  4.49388e-09  1.20302e-11
      14.0000      357.185  4.61482e-09  1.17024e-11
      14.0000      357.482  4.49844e-09  1.19386e-11
      14.0000      357.780  4.32469e-09  1.23576e-11
      14.0000      358.079  4.38510e-09  1.17332e-11
      14.0000      358.378  4.37530e-09  1.03674e-11
      14.0000      358.676  4.32591e-09  1.00033e-11
      14.0000      358.976  4.21696e-09  1.02435e-11
      14.0000      359.275  4.30704e-09  1.00162e-11
      14.0000      359.575  4.30831e-09  9.37694e-12
      14.0000      359.874  4.21780e-09  9.50837e-12
      14.0000      360.175  4.17941e-09  9.99132e-12
      14.0000      360.475  4.26043e-09  9.66965e-12
      14.0000      360.775  4.28066e-09  9.28803e-12
      14.0000      361.076  4.12745e-09  9.74577e-12
      14.0000      361.377  4.06865e-09  1.04035e-11
      14.0000      361.678  4.15013e-09  1.03097e-11
      14.0000      361.979  4.16737e-09  1.03275e-11
      14.0000      362.282  4.07169e-09  1.14038e-11
      14.0000      362.583  4.05532e-09  1.24702e-11
      14.0000      362.886  4.12197e-09  1.21836e-11
      14.0000      363.189  4.10656e-09  1.16004e-11
      14.0000      363.491  4.02218e-09  1.22224e-11
      14.0000      363.794  3.99503e-09  1.24909e-11
      14.0000      364.097  4.03108e-09  1.14586e-11
      14.0000      364.401  3.98685e-09  1.06944e-11
      14.0000      364.704  3.92673e-09  1.10798e-11
      14.0000      365.009  3.92246e-09  1.14023e-11
      14.0000      365.313  3.94262e-09  1.06789e-11
      14.0000      365.617  3.91738e-09  1.02840e-11
      14.0000      365.922  3.76586e-09  1.07459e-11
      14.0000      366.228  3.81459e-09  1.11525e-11
      14.0000      366.533  3.90308e-09  1.06255e-11
      14.0000      366.838  3.89359e-09  1.03344e-11
      14.0000      367.144  3.75590e-09  1.08167e-11
      15.0000      367.144  3.69998e-09  1.67615e-11
      14.0000      367.450  3.77129e-09  1.10883e-11
      15.0000      367.450  3.70163e-09  1.69940e-11
      14.0000      367.757  3.83524e-09  1.04266e-11
      15.0000      367.757  3.76520e-09  1.70640e-11
      14.0000      368.062  3.75895e-09  1.02128e-11
      15.0000      368.062  3.75851e-09  1.68565e-11
      14.0000      368.370  3.64284e-09  1.07932e-11
      15.0000      368.370  3.63290e-09  1.62687e-11
      14.0000      368.677  3.71312e-09  1.12359e-11
      15.0000      368.677  3.62366e-09  1.44333e-11
      14.0000      368.985  3.74229e-09  1.07085e-11
      15.0000      368.985  3.66502e-09  1.28574e-11
      14.0000      369.293  3.69142e-09  1.08011e-11
      15.0000      369.293  3.60873e-09  1.35062e-11
      14.0000      369.600  3.62711e-09  1.19418e-11
      15.0000      369.600  3.52141e-09  1.55581e-11
      14.0000      369.909  3.62922e-09  1.20396e-11
      15.0000      369.909  3.56222e-09  1.51940e-11
      14.0000      370.217  3.69439e-09  1.15985e-11
      15.0000      370.217  3.59381e-09  1.29735e-11
      14.0000      370.525  3.61832e-09  1.17470e-11
      15.0000      370.525  3.52277e-09  1.19134e-11
      15.0000      370.835  3.46758e-09  1.19889e-11
      15.0000      371.143  3.51464e-09  1.16321e-11
      15.0000      371.453  3.58083e-09  1.21577e-11
      15.0000      371.762  3.45086e-09  1.30888e-11
      15.0000      372.072  3.38111e-09  1.31035e-11
      15.0000      372.383  3.40567e-09  1.11139e-11
      15.0000      372.692  3.41184e-09  9.63239e-12
      15.0000      373.003  3.34965e-09  9.84284e-12
      15.0000      373.314  3.32001e-09  1.03152e-11
      15.0000      373.626  3.37289e-09  1.03288e-11
      15.0000      373.937  3.34074e-09  1.09185e-11
      15.0000      374.249  3.26539e-09  1.15571e-11
      15.0000      374.561  3.28660e-09  1.08185e-11
      15.0000      374.873  3.32353e-09  9.26532e-12
      15.0000      375.185  3.27250e-09  8.73828e-12
      15.0000      375.498  3.21848e-09  8.91279e-12
      15.0000      375.811  3.25920e-09  8.93147e-12
      15.0000      376.125  3.29470e-09  8.92484e-12
      15.0000      376.438  3.18764e-09  9.73752e-12
      15.0000      376.753  3.10565e-09  1.05545e-11
      15.0000      377.067  3.16693e-09  9.67085e-12
      15.0000      377.381  3.21027e-09  8.57871e-12
      15.0000      377.695  3.09499e-09  8.33263e-12
      15.0000      378.010  3.06523e-09  8.27926e-12
      15.0000      378.325  3.12392e-09  7.73448e-12
      15.0000      378.640  3.11239e-09  7.74508e-12
      15.0000      378.956  3.01112e-09  8.43557e-12
      15.0000      379.272  3.01178e-09  8.85905e-12
      15.0000      379.589  3.08993e-09  8.74145e-12
      15.0000      379.905  2.99219e-09  8.99939e-12
      15.0000      380.222  2.88370e-09  9.08715e-12
      15.0000      380.539  2.95153e-09  8.58014e-12
      15.0000      380.855  2.98295e-09  7.66049e-12
      15.0000      381.173  2.86210e-09  7.21729e-12
      15.0000      381.492  2.86068e-09  7.60434e-12
      15.0000      381.809  2.93115e-09  7.35192e-12
      15.0000      382.127  2.93041e-09  6.80092e-12
      15.0000      382.446  2.83343e-09  7.17048e-12
      15.0000      382.765  2.83966e-09  7.60862e-12
      15.0000      383.085  2.86762e-09  7.44608e-12
      15.0000      383.403  2.80322e-09  7.83433e-12
      15.0000      383.723  2.71582e-09  9.01901e-12
      15.0000      384.044  2.78808e-09  9.58281e-12
      15.0000      384.363  2.81059e-09  8.60399e-12
      15.0000      384.683  2.72677e-09  8.41364e-12
      15.0000      385.005  2.69683e-09  8.40331e-12
      15.0000      385.325  2.76915e-09  7.71736e-12
      15.0000      385.646  2.77524e-09  6.82131e-12
      15.0000      385.968  2.64830e-09  6.56545e-12
      15.0000      386.290  2.59962e-09  6.67166e-12
      15.0000      386.612  2.65709e-09  6.41811e-12
      15.0000      386.934  2.61606e-09  6.36981e-12
      15.0000      387.256  2.52898e-09  6.86467e-12
      15.0000      387.580  2.56237e-09  7.10755e-12
      15.0000      387.902  2.61569e-09  6.82254e-12
      15.0000      388.226  2.56653e-09  6.89131e-12
      15.0000      388.550  2.51603e-09  7.21371e-12
      15.0000      388.874  2.56854e-09  6.91259e-12
      15.0000      389.197  2.57022e-09  6.61213e-12
      15.0000      389.522  2.46089e-09  7.06550e-12
      15.0000      389.847  2.43170e-09  7.62951e-12
      15.0000      390.172  2.49070e-09  7.62885e-12
      15.0000      390.497  2.44833e-09  7.83887e-12
      15.0000      390.823  2.36699e-09  8.92748e-12
      15.0000      391.149  2.42983e-09  9.10054e-12
      16.0000      391.149  2.37048e-09  1.79425e-11
      15.0000      391.475  2.49929e-09  8.51563e-12
      16.0000      391.475  2.39636e-09  1.43904e-11
      15.0000      391.802  2.41993e-09  8.62061e-12
      16.0000      391.802  2.37310e-09  1.31535e-11
      15.0000      392.128  2.35545e-09  9.08529e-12
      16.0000      392.128  2.29649e-09  1.39888e-11
      15.0000      392.455  2.40824e-09  8.65096e-12
      16.0000      392.455  2.32797e-09  1.35622e-11
      15.0000      392.782  2.40198e-09  8.15454e-12
      16.0000      392.782  2.38437e-09  1.25218e-11
      15.0000      393.110  2.27503e-09  8.75877e-12
      16.0000      393.110  2.25314e-09  1.14821e-11
      15.0000      393.437  2.27103e-09  9.68619e-12
      16.0000      393.437  2.22555e-09  1.12080e-11
      15.0000      393.766  2.32774e-09  9.97592e-12
      16.0000      393.766  2.28588e-09  1.04949e-11
      15.0000      394.093  2.33214e-09  9.74793e-12
      16.0000      394.093  2.29446e-09  1.10191e-11
      15.0000      394.421  2.26927e-09  1.07985e-11
      16.0000      394.421  2.22973e-09  1.31821e-11
      15.0000      394.751  2.28582e-09  1.13855e-11
      16.0000      394.751  2.20491e-09  1.28153e-11
      15.0000      395.080  2.38030e-09  9.65694e-12
      16.0000      395.080  2.27204e-09  1.05734e-11
      15.0000      395.409  2.29014e-09  9.64198e-12
      16.0000      395.409  2.20794e-09  9.16012e-12
      15.0000      395.739  2.22811e-09  9.80260e-12
      16.0000      395.739  2.15675e-09  8.70118e-12
      15.0000      396.069  2.28699e-09  9.16762e-12
      16.0000      396.069  2.19777e-09  8.12735e-12
      15.0000      396.399  2.24096e-09  8.88623e-12
      16.0000      396.399  2.18788e-09  8.35071e-12
      16.0000      396.729  2.08555e-09  1.01548e-11
      16.0000      397.060  2.08739e-09  1.14842e-11
      16.0000      397.392  2.12508e-09  9.29566e-12
      16.0000      397.722  2.11350e-09  8.36823e-12
      16.0000      398.054  2.06612e-09  8.23870e-12
      16.0000      398.386  2.11082e-09  7.61571e-12
      16.0000      398.718  2.16147e-09  7.31261e-12
      16.0000      399.050  2.04980e-09  7.92117e-12
      16.0000      399.383  2.01643e-09  8.62132e-12
      16.0000      399.717  2.04155e-09  7.91175e-12
      16.0000      400.050  2.00220e-09  7.30504e-12
      16.0000      400.383  1.94140e-09  7.47361e-12
      16.0000      400.716  1.97620e-09  7.28882e-12
      16.0000      401.051  1.99666e-09  6.79728e-12
      16.0000      401.386  1.95495e-09  7.06411e-12
      16.0000      401.719  1.93966e-09  7.33384e-12
      16.0000      402.055  1.98649e-09  7.12220e-12
      16.0000      402.390  1.95808e-09  7.20349e-12
      16.0000      402.726  1.86105e-09  7.39161e-12
      16.0000      403.062  1.88130e-09  6.97921e-12
      16.0000      403.397  1.90229e-09  6.28657e-12
      16.0000      403.734  1.83141e-09  6.33334e-12
      16.0000      404.070  1.82530e-09  6.54593e-12
      16.0000      404.406  1.88233e-09  6.17036e-12
      16.0000      404.744  1.86758e-09  6.07098e-12
      16.0000      405.081  1.81005e-09  6.42420e-12
      16.0000      405.420  1.82981e-09  6.41256e-12
      16.0000      405.757  1.84394e-09  6.33448e-12
      16.0000      406.095  1.75055e-09  6.91867e-12
      16.0000      406.435  1.71507e-09  7.26230e-12
      16.0000      406.774  1.76876e-09  6.74077e-12
      16.0000      407.111  1.75341e-09  6.35450e-12
      16.0000      407.451  1.69251e-09  6.43914e-12
      16.0000      407.790  1.74038e-09  6.18681e-12
      16.0000      408.132  1.76504e-09  5.46560e-12
      16.0000      408.472  1.69626e-09  5.30708e-12
      16.0000      408.812  1.67834e-09  5.35022e-12
      16.0000      409.152  1.70753e-09  5.14293e-12
      16.0000      409.494  1.65093e-09  5.39887e-12
      16.0000      409.834  1.59775e-09  6.24394e-12
      16.0000      410.177  1.62979e-09  6.51329e-12
      16.0000      410.519  1.65629e-09  6.65006e-12
      16.0000      410.862  1.59919e-09  7.43355e-12
      16.0000      411.203  1.61737e-09  7.77334e-12
      16.0000      411.546  1.67264e-09  7.03722e-12
      16.0000      411.889  1.62504e-09  6.59932e-12
      16.0000      412.233  1.54796e-09  6.68927e-12
      16.0000      412.577  1.57002e-09  6.40303e-12
      16.0000      412.919  1.57892e-09  5.94080e-12
      16.0000      413.264  1.50591e-09  6.17398e-12
      16.0000      413.609  1.51268e-09  6.72281e-12
      16.0000      413.954  1.56051e-09  6.25613e-12
      16.0000      414.298  1.54850e-09  5.97944e-12
      16.0000      414.644  1.51403e-09  6.10221e-12
      16.0000      414.989  1.54566e-09  5.73288e-12
      16.0000      415.336  1.53220e-09  5.20552e-12
      17.0000      415.336  1.50379e-09  1.47298e-11
      16.0000      415.683  1.46867e-09  5.32631e-12
      17.0000      415.683  1.39254e-09  1.42672e-11
      16.0000      416.029  1.46392e-09  5.57737e-12
      17.0000      416.029  1.33174e-09  1.42939e-11
      16.0000      416.375  1.47328e-09  5.49580e-12
      17.0000      416.375  1.41744e-09  1.53511e-11
      16.0000      416.722  1.42966e-09  5.74064e-12
      17.0000      416.722  1.37645e-09  1.52428e-11
      16.0000      417.070  1.41163e-09  6.16266e-12
      17.0000      417.070  1.38583e-09  1.56987e-11
      16.0000      417.418  1.46588e-09  6.07314e-12
      17.0000      417.418  1.44883e-09  1.33238e-11
      16.0000      417.767  1.46650e-09  5.87556e-12
      17.0000      417.767  1.40433e-09  1.12706e-11
      16.0000      418.114  1.43477e-09  5.98461e-12
      17.0000      418.114  1.38375e-09  1.16036e-11
      16.0000      418.463  1.44792e-09  5.79050e-12
      17.0000      418.463  1.39626e-09  1.17414e-11
      16.0000      418.811  1.45148e-09  5.52655e-12
      17.0000      418.811  1.41151e-09  1.09429e-11
      16.0000      419.161  1.37223e-09  5.77448e-12
      17.0000      419.161  1.38454e-09  1.10183e-11
      16.0000      419.511  1.35307e-09  6.14749e-12
      17.0000      419.511  1.31280e-09  1.00290e-11
      16.0000      419.859  1.39198e-09  6.22727e-12
      17.0000      419.859  1.35311e-09  8.99568e-12
      16.0000      420.210  1.35343e-09  6.39800e-12
      17.0000      420.210  1.31746e-09  8.92026e-12
      16.0000      420.560  1.31943e-09  6.76878e-12
      17.0000      420.560  1.27726e-09  9.98189e-12
      16.0000      420.911  1.34631e-09  6.71551e-12
      17.0000      420.911  1.29366e-09  9.99516e-12
      16.0000      421.262  1.33804e-09  6.39054e-12
      17.0000      421.262  1.32781e-09  9.54914e-12
      16.0000      421.614  1.28474e-09  6.44157e-12
      17.0000      421.614  1.27934e-09  9.05032e-12
      16.0000      421.964  1.28615e-09  6.52986e-12
      17.0000      421.964  1.27723e-09  7.86200e-12
      16.0000      422.317  1.30333e-09  6.37905e-12
      17.0000      422.317  1.28713e-09  6.75352e-12
      17.0000      422.669  1.24937e-09  6.90920e-12
      17.0000      423.021  1.22765e-09  7.60856e-12
      17.0000      423.374  1.25985e-09  7.79932e-12
      17.0000      423.727  1.24134e-09  8.37841e-12
      17.0000      424.079  1.19672e-09  8.70691e-12
      17.0000      424.434  1.22216e-09  7.44242e-12
      17.0000      424.787  1.24282e-09  6.24859e-12
      17.0000      425.141  1.19322e-09  6.05258e-12
      17.0000      425.496  1.18002e-09  5.92083e-12
      17.0000      425.851  1.20265e-09  5.75325e-12
      17.0000      426.205  1.15595e-09  6.39543e-12
      17.0000      426.561  1.13945e-09  7.26053e-12
      17.0000      426.916  1.16865e-09  7.20248e-12
      17.0000      427.272  1.16430e-09  6.83750e-12
      17.0000      427.628  1.13011e-09  6.47782e-12
      17.0000      427.985  1.14560e-09  5.75720e-12
      17.0000      428.343  1.15657e-09  4.99564e-12
      17.0000      428.699  1.10520e-09  5.02119e-12
      17.0000      429.056  1.09952e-09  5.09459e-12
      17.0000      429.415  1.11174e-09  5.00134e-12
      17.0000      429.771  1.08618e-09  5.48154e-12
      17.0000      430.130  1.07083e-09  6.03176e-12
      17.0000      430.489  1.11375e-09  5.98797e-12
      17.0000      430.847  1.09388e-09  6.03848e-12
      17.0000      431.207  1.05757e-09  6.21970e-12
      17.0000      431.566  1.07599e-09  5.53110e-12
      17.0000      431.926  1.07067e-09  4.87774e-12
      17.0000      432.287  1.02810e-09  4.85167e-12
      17.0000      432.646  1.02743e-09  4.81335e-12
      17.0000      433.007  1.03790e-09  4.50567e-12
      17.0000      433.368  1.01262e-09  4.51988e-12
      17.0000      433.730  1.01002e-09  4.58663e-12
      17.0000      434.092  1.02494e-09  4.39034e-12
      17.0000      434.452  9.96856e-10  4.46650e-12
      17.0000      434.815  9.80828e-10  4.78233e-12
      17.0000      435.178  9.97380e-10  4.71604e-12
      17.0000      435.540  9.80337e-10  4.91563e-12
      17.0000      435.905  9.55477e-10  5.55797e-12
      17.0000      436.268  9.75092e-10  5.75210e-12
      17.0000      436.630  9.90430e-10  5.63757e-12
      17.0000      436.994  9.33732e-10  5.70347e-12
      17.0000      437.359  9.42119e-10  5.71987e-12
      17.0000      437.723  9.63945e-10  4.90029e-12
      17.0000      438.089  9.17772e-10  4.85404e-12
      17.0000      438.454  9.02046e-10  4.90393e-12
      17.0000      438.820  9.22747e-10  4.61129e-12
      17.0000      439.186  9.10393e-10  4.56088e-12
      17.0000      439.551  8.90387e-10  4.68812e-12
      18.0000      439.551  8.55007e-10  1.82625e-11
      17.0000      439.918  9.07460e-10  4.51995e-12
      18.0000      439.918  8.93498e-10  1.54738e-11
      17.0000      440.284  8.98707e-10  4.34368e-12
      18.0000      440.284  9.01201e-10  1.50812e-11
      17.0000      440.651  8.66911e-10  4.63630e-12
      18.0000      440.651  9.23582e-10  1.73245e-11
      17.0000      441.018  8.77404e-10  4.49591e-12
      18.0000      441.018  8.74704e-10  1.53041e-11
      17.0000      441.386  8.77014e-10  4.26670e-12
      18.0000      441.386  8.63660e-10  1.21563e-11
      17.0000      441.755  8.57563e-10  4.51794e-12
      18.0000      441.755  8.50604e-10  1.17905e-11
      17.0000      442.124  8.66181e-10  4.51463e-12
      18.0000      442.124  8.26023e-10  1.11031e-11
      17.0000      442.492  8.64585e-10  4.44227e-12
      18.0000      442.492  8.45667e-10  1.07336e-11
      17.0000      442.860  8.42066e-10  4.52893e-12
      18.0000      442.860  8.29960e-10  1.20493e-11
      17.0000      443.229  8.55858e-10  4.54149e-12
      18.0000      443.229  8.11176e-10  1.15757e-11
      17.0000      443.599  8.59584e-10  4.37243e-12
      18.0000      443.599  8.38038e-10  9.37268e-12
      17.0000      443.969  8.26126e-10  4.42941e-12
      18.0000      443.969  8.02822e-10  8.19619e-12
      17.0000      444.340  8.18046e-10  4.56529e-12
      18.0000      444.340  7.89444e-10  7.86926e-12
      17.0000      444.709  8.29276e-10  4.52765e-12
      18.0000      444.709  7.91754e-10  7.49640e-12
      17.0000      445.079  7.97019e-10  4.69429e-12
      18.0000      445.079  7.83639e-10  8.09896e-12
      17.0000      445.452  7.85755e-10  5.00714e-12
      18.0000      445.452  7.71624e-10  9.32702e-12
      17.0000      445.824  8.16810e-10  4.96656e-12
      18.0000      445.824  7.80670e-10  8.63469e-12
      17.0000      446.194  8.02586e-10  4.88198e-12
      18.0000      446.194  7.91067e-10  7.27529e-12
      17.0000      446.566  7.83044e-10  4.99914e-12
      18.0000      446.566  7.69008e-10  6.73042e-12
      17.0000      446.939  8.02009e-10  4.99772e-12
      18.0000      446.939  7.83400e-10  5.94722e-12
      17.0000      447.311  7.96541e-10  4.94331e-12
      18.0000      447.311  7.74956e-10  5.68872e-12
      17.0000      447.684  7.72526e-10  5.15395e-12
      18.0000      447.684  7.59035e-10  6.30389e-12
      17.0000      448.057  7.85293e-10  5.33591e-12
      18.0000      448.057  7.64559e-10  6.60132e-12
      17.0000      448.431  7.83347e-10  5.52515e-12
      18.0000      448.431  7.55862e-10  6.81757e-12
      18.0000      448.805  7.35270e-10  6.88169e-12
      18.0000      449.180  7.26889e-10  5.96296e-12
      18.0000      449.553  7.28731e-10  5.02984e-12
      18.0000      449.928  7.23867e-10  4.71325e-12
      18.0000      450.302  7.23939e-10  4.57874e-12
      18.0000      450.678  7.29221e-10  4.71426e-12
      18.0000      451.054  6.94303e-10  5.16539e-12
      18.0000      451.431  6.92447e-10  5.74956e-12
      18.0000      451.806  7.02114e-10  5.97652e-12
      18.0000      452.184  7.01211e-10  5.70179e-12
      18.0000      452.560  6.90345e-10  5.35692e-12
      18.0000      452.938  7.08655e-10  4.46850e-12
      18.0000      453.315  6.87082e-10  4.12074e-12
      18.0000      453.694  6.67572e-10  4.13164e-12
      18.0000      454.071  6.80018e-10  4.05879e-12
      18.0000      454.450  6.65569e-10  4.33919e-12
      18.0000      454.829  6.45816e-10  4.90118e-12
      18.0000      455.208  6.61216e-10  4.88218e-12
      18.0000      455.587  6.64590e-10  5.01934e-12
      18.0000      455.967  6.36846e-10  5.41737e-12
      18.0000      456.348  6.58056e-10  4.84356e-12
      18.0000      456.727  6.57919e-10  4.26715e-12
      18.0000      457.109  6.22308e-10  4.30680e-12
      18.0000      457.490  6.37829e-10  4.31178e-12
      18.0000      457.871  6.44928e-10  4.09586e-12
      18.0000      458.253  6.08888e-10  4.24306e-12
      18.0000      458.636  6.15573e-10  4.14714e-12
      18.0000      459.017  6.27836e-10  3.78444e-12
      18.0000      459.400  6.08029e-10  3.80400e-12
      18.0000      459.783  6.05670e-10  3.69897e-12
      18.0000      460.166  6.10811e-10  3.66524e-12
      18.0000      460.549  5.76250e-10  4.16524e-12
      18.0000      460.934  5.75711e-10  4.67528e-12
      18.0000      461.318  5.95293e-10  5.27193e-12
      18.0000      461.702  5.65255e-10  5.34438e-12
      18.0000      462.088  5.68822e-10  5.43022e-12
      18.0000      462.473  5.92536e-10  4.84668e-12
      18.0000      462.858  5.74615e-10  4.55562e-12
      18.0000      463.244  5.50268e-10  4.52599e-12
      18.0000      463.631  5.58381e-10  4.26733e-12
      19.0000      463.631  5.15157e-10  2.48757e-11
      18.0000      464.018  5.39733e-10  4.24767e-12
      19.0000      464.018  5.25628e-10  2.52037e-11
      18.0000      464.403  5.34101e-10  4.70233e-12
      19.0000      464.403  5.08192e-10  2.33712e-11
      18.0000      464.792  5.46067e-10  4.56134e-12
      19.0000      464.792  5.28367e-10  1.99004e-11
      18.0000      465.179  5.41820e-10  4.38314e-12
      19.0000      465.179  5.38439e-10  1.86986e-11
      18.0000      465.567  5.38457e-10  4.30068e-12
      19.0000      465.567  5.34011e-10  1.84580e-11
      18.0000      465.955  5.50773e-10  3.98022e-12
      19.0000      465.955  5.54844e-10  1.63202e-11
      18.0000      466.342  5.38147e-10  3.97862e-12
      19.0000      466.342  5.31097e-10  1.44882e-11
      18.0000      466.731  5.20840e-10  3.76971e-12
      19.0000      466.731  5.46180e-10  1.30923e-11
      18.0000      467.122  5.19760e-10  3.90699e-12
      19.0000      467.122  5.42156e-10  1.12747e-11
      18.0000      467.510  5.11105e-10  4.14470e-12
      19.0000      467.510  5.31179e-10  1.14395e-11
      18.0000      467.900  5.02240e-10  4.59613e-12
      19.0000      467.900  5.19578e-10  1.30817e-11
      18.0000      468.290  5.18877e-10  4.71084e-12
      19.0000      468.290  7.47521e-10  1.41531e-11
      18.0000      468.680  5.15264e-10  4.48245e-12
      19.0000      468.680  5.50123e-10  1.28691e-11
      18.0000      469.072  5.05873e-10  4.28109e-12
      19.0000      469.072  5.08933e-10  1.16052e-11
      18.0000      469.462  5.09992e-10  4.06240e-12
      19.0000      469.462  5.14297e-10  8.67791e-12
      18.0000      469.854  4.89753e-10  4.09103e-12
      19.0000      469.854  5.17599e-10  7.93703e-12
      18.0000      470.245  4.78489e-10  4.39686e-12
      19.0000      470.245  4.97519e-10  8.42251e-12
      18.0000      470.637  4.86434e-10  4.69442e-12
      19.0000      470.637  5.00016e-10  8.65223e-12
      18.0000      471.029  4.70898e-10  5.11455e-12
      19.0000      471.029  4.85700e-10  9.97786e-12
      18.0000      471.422  4.63360e-10  5.56539e-12
      19.0000      471.422  4.58026e-10  1.10232e-11
      18.0000      471.816  4.89842e-10  5.47591e-12
      19.0000      471.816  4.82458e-10  9.35523e-12
      18.0000      472.208  4.92469e-10  5.21941e-12
      19.0000      472.208  4.91618e-10  7.54544e-12
      18.0000      472.603  4.72684e-10  5.17878e-12
      19.0000      472.603  4.71600e-10  6.85929e-12
      18.0000      472.997  4.71522e-10  4.96518e-12
      19.0000      472.997  4.68678e-10  6.00909e-12
      18.0000      473.391  4.54551e-10  5.13042e-12
      19.0000      473.391  4.57663e-10  6.09759e-12
      18.0000      473.785  4.28824e-10  5.91662e-12
      19.0000      473.785  4.46318e-10  7.25265e-12
      18.0000      474.181  4.38171e-10  6.51112e-12
      19.0000      474.181  4.55816e-10  7.74162e-12
      18.0000      474.577  4.29483e-10  6.93755e-12
      19.0000      474.577  4.51485e-10  8.37400e-12
      19.0000      474.971  4.32498e-10  8.47808e-12
      19.0000      475.367  4.57608e-10  6.66191e-12
      19.0000      475.765  4.48218e-10  5.49918e-12
      19.0000      476.161  4.35941e-10  5.26776e-12
      19.0000      476.558  4.41226e-10  5.05225e-12
      19.0000      476.954  4.28998e-10  5.35834e-12
      19.0000      477.352  4.17987e-10  6.12118e-12
      19.0000      477.751  4.29989e-10  6.38194e-12
      19.0000      478.149  4.22184e-10  6.88962e-12
      19.0000      478.547  4.09690e-10  6.50299e-12
      19.0000      478.946  4.36291e-10  5.60645e-12
      19.0000      479.345  4.31043e-10  4.94877e-12
      19.0000      479.745  4.00487e-10  4.87971e-12
      19.0000      480.146  3.99444e-10  5.06650e-12
      19.0000      480.545  3.92340e-10  5.13997e-12
      19.0000      480.945  3.93891e-10  5.14966e-12
      19.0000      481.348  3.99009e-10  4.83895e-12
      19.0000      481.749  3.86923e-10  4.56708e-12
      19.0000      482.151  3.93856e-10  4.62933e-12
      19.0000      482.551  3.96479e-10  4.21014e-12
      19.0000      482.954  3.76150e-10  4.59415e-12
      19.0000      483.356  3.89960e-10  5.21219e-12
      19.0000      483.760  3.88475e-10  5.51233e-12
      19.0000      484.163  3.60139e-10  5.60705e-12
      19.0000      484.567  3.70103e-10  5.21045e-12
      19.0000      484.971  3.78556e-10  4.53433e-12
      19.0000      485.376  3.69717e-10  4.19400e-12
      19.0000      485.779  3.69636e-10  3.96839e-12
      19.0000      486.185  3.59011e-10  3.76728e-12
      19.0000      486.590  3.51595e-10  3.93482e-12
      19.0000      486.995  3.53702e-10  4.11056e-12
      19.0000      487.401  3.58170e-10  4.16018e-12
      19.0000      487.807  3.58298e-10  4.13751e-12
      19.0000      488.215  3.56668e-10  3.90718e-12
      20.0000      488.215  1.97331e-10  4.23902e-11
      19.0000      488.622  3.49389e-10  3.71836e-12
      20.0000      488.622  2.45702e-10  3.80527e-11
      19.0000      489.029  3.44094e-10  3.77442e-12
      20.0000      489.029  3.13057e-10  3.11492e-11
      19.0000      489.436  3.44605e-10  3.84845e-12
      20.0000      489.436  3.10571e-10  2.49934e-11
      19.0000      489.845  3.31960e-10  4.18919e-12
      20.0000      489.845  3.21899e-10  2.27547e-11
      19.0000      490.254  3.27103e-10  4.60880e-12
      20.0000      490.254  2.85581e-10  2.40393e-11
      19.0000      490.663  3.33282e-10  4.66817e-12
      20.0000      490.663  3.14779e-10  2.38682e-11
      19.0000      491.070  3.22658e-10  5.00186e-12
      20.0000      491.070  3.11690e-10  2.44497e-11
      19.0000      491.480  3.48020e-10  4.82090e-12
      20.0000      491.480  2.91597e-10  2.14675e-11
      19.0000      491.889  3.37305e-10  4.64981e-12
      20.0000      491.889  3.38791e-10  1.55946e-11
      19.0000      492.300  3.26815e-10  4.65800e-12
      20.0000      492.300  3.00520e-10  1.38769e-11
      19.0000      492.710  3.26174e-10  4.90839e-12
      20.0000      492.710  3.10366e-10  1.31735e-11
      19.0000      493.121  3.20245e-10  5.14882e-12
      20.0000      493.121  3.11490e-10  1.32732e-11
      19.0000      493.532  3.02873e-10  6.02895e-12
      20.0000      493.532  3.13555e-10  1.51127e-11
      19.0000      493.944  3.05741e-10  6.04404e-12
      20.0000      493.944  3.18308e-10  1.50959e-11
      19.0000      494.354  3.21682e-10  5.77950e-12
      20.0000      494.354  3.09558e-10  1.29397e-11
      19.0000      494.768  3.00538e-10  5.88665e-12
      20.0000      494.768  2.81390e-10  1.10512e-11
      19.0000      495.179  3.10804e-10  5.69225e-12
      20.0000      495.179  2.92103e-10  9.03727e-12
      19.0000      495.592  2.66379e-10  5.65924e-12
      20.0000      495.592  2.88786e-10  8.28720e-12
      19.0000      496.005  2.62571e-10  6.12037e-12
      20.0000      496.005  2.85010e-10  9.03043e-12
      19.0000      496.418  2.73517e-10  6.41727e-12
      20.0000      496.418  2.97724e-10  9.44416e-12
      19.0000      496.833  2.68950e-10  6.67133e-12
      20.0000      496.833  2.94919e-10  9.90469e-12
      19.0000      497.248  2.74772e-10  7.17420e-12
      20.0000      497.248  2.87161e-10  9.74291e-12
      19.0000      497.661  2.95509e-10  6.88911e-12
      20.0000      497.661  3.03719e-10  8.06236e-12
      19.0000      498.077  2.80877e-10  6.55348e-12
      20.0000      498.077  3.00582e-10  6.74892e-12
      19.0000      498.492  2.90939e-10  6.86462e-12
      20.0000      498.492  2.93999e-10  6.30770e-12
      19.0000      498.907  2.83836e-10  6.45167e-12
      20.0000      498.907  2.98122e-10  5.85577e-12
      19.0000      499.323  2.74064e-10  6.78878e-12
      20.0000      499.323  2.97398e-10  6.45949e-12
      19.0000      499.740  2.65769e-10  7.47929e-12
      20.0000      499.740  2.95178e-10  6.99970e-12
      19.0000      500.158  2.63517e-10  7.40780e-12
      20.0000      500.158  2.99059e-10  7.06956e-12
      19.0000      500.573  2.45836e-10  7.61566e-12
      20.0000      500.573  2.91710e-10  7.20484e-12
      19.0000      500.992  2.51871e-10  7.44659e-12
      20.0000      500.992  2.88898e-10  6.49970e-12
      20.0000      501.409  3.03850e-10  5.47933e-12
      20.0000      501.827  2.86757e-10  5.02344e-12
      20.0000      502.245  2.77020e-10  4.87581e-12
      20.0000      502.664  2.73730e-10  4.73580e-12
      20.0000      503.081  2.60177e-10  4.91313e-12
      20.0000      503.502  2.80777e-10  5.01366e-12
      20.0000      503.921  2.75324e-10  4.93063e-12
      20.0000      504.342  2.72676e-10  5.06128e-12
      20.0000      504.762  2.63647e-10  5.06897e-12
      20.0000      505.183  2.59386e-10  5.03694e-12
      20.0000      505.605  2.58914e-10  4.75910e-12
      20.0000      506.027  2.56895e-10  4.58120e-12
      20.0000      506.447  2.51301e-10  4.36504e-12
      20.0000      506.871  2.54800e-10  4.07726e-12
      20.0000      507.292  2.50128e-10  3.72464e-12
      20.0000      507.715  2.50749e-10  3.54143e-12
      20.0000      508.138  2.50383e-10  3.50091e-12
      20.0000      508.562  2.41186e-10  3.68954e-12
      20.0000      508.986  2.42016e-10  3.93485e-12
      20.0000      509.411  2.39653e-10  4.21037e-12
      20.0000      509.835  2.37721e-10  4.37201e-12
      20.0000      510.261  2.37373e-10  4.35662e-12
      20.0000      510.686  2.36109e-10  4.30956e-12
      20.0000      511.112  2.32762e-10  4.34556e-12
      20.0000      511.538  2.21088e-10  4.30743e-12
      20.0000      511.965  2.19853e-10  4.31742e-12
      20.0000      512.392  2.19725e-10  4.32154e-12
      20.0000      512.818  2.21607e-10  4.18489e-12
      20.0000      513.244  2.23515e-10  4.01811e-12
      20.0000      513.674  2.17305e-10  3.73397e-12
      20.0000      514.102  2.18044e-10  3.65151e-12
      20.0000      514.530  2.12416e-10  3.66678e-12
      20.0000      514.960  2.11031e-10  3.89032e-12
      20.0000      515.390  2.04924e-10  4.41604e-12
      20.0000      515.818  2.04824e-10  4.79536e-12
      20.0000      516.249  2.02241e-10  5.20220e-12
      20.0000      516.678  3.83229e-10  5.73007e-12
      20.0000      517.109  3.78316e-10  5.74804e-12
      20.0000      517.539  2.03140e-10  6.43788e-12
      20.0000      517.971  2.35568e-10  7.49236e-12
      20.0000      518.403  1.97779e-10  8.81656e-12
      20.0000      518.836  1.46236e-10  1.13145e-11
      20.0000      519.267  1.32057e-10  1.24796e-11
      20.0000      519.702  1.31324e-10  1.29846e-11
      20.0000      520.134  1.44395e-10  1.46295e-11
      20.0000      520.568  1.43980e-10  1.43149e-11
      20.0000      521.002  1.48735e-10  1.58017e-11
      20.0000      521.436  1.08356e-10  2.10667e-11
      20.0000      521.872  1.09177e-10  2.33885e-11
      20.0000      522.308  6.93334e-11  2.87258e-11
      20.0000      522.742  9.63174e-11  3.20301e-11
      20.0000      523.177  8.02412e-11  2.94847e-11
      20.0000      523.615 -6.54518e-11  3.21754e-11
      20.0000      524.051  4.77677e-11  3.45753e-11
      20.0000      524.488  9.69834e-11  3.41647e-11
      20.0000      524.923 -1.72267e-11  4.36715e-11
      20.0000      525.362 -8.05285e-11  5.40309e-11
      20.0000      525.801 -1.23838e-10  5.62612e-11
      20.0000      526.238 -1.79771e-10  6.23871e-11
      20.0000      526.676 -1.74890e-10  5.77652e-11
