      11.0000      271.534  2.66558e-08  1.33272e-10
      11.0000      271.761  3.43624e-08  2.54531e-10
      11.0000      271.987  2.73426e-08  1.36760e-10
      11.0000      272.214  2.23914e-08  1.11506e-10
      11.0000      272.441  2.94298e-08  1.62919e-10
      11.0000      272.668  2.54587e-08  2.43370e-10
      11.0000      272.895  3.01229e-08  2.58664e-10
      11.0000      273.123  2.72531e-08  1.43203e-10
      11.0000      273.350  2.99935e-08  3.73972e-10
      11.0000      273.578  2.37671e-08  1.06783e-10
      11.0000      273.806  3.01459e-08  2.74665e-10
      11.0000      274.035  2.95104e-08  1.39338e-10
      11.0000      274.263  2.60336e-08  1.16432e-10
      11.0000      274.492  2.68468e-08  1.11970e-10
      11.0000      274.721  2.47529e-08  9.62554e-11
      11.0000      274.950  2.33847e-08  9.53546e-11
      11.0000      275.179  2.73996e-08  1.11310e-10
      11.0000      275.409  2.73159e-08  1.10517e-10
      11.0000      275.638  2.27576e-08  1.00595e-10
      11.0000      275.867  2.35505e-08  9.94277e-11
      11.0000      276.097  2.61557e-08  1.18324e-10
      11.0000      276.328  2.27015e-08  9.03200e-11
      11.0000      276.558  2.29946e-08  9.83712e-11
      11.0000      276.789  2.09379e-08  7.34500e-11
      11.0000      277.020  2.27762e-08  9.42532e-11
      11.0000      277.250  2.15977e-08  7.82790e-11
      11.0000      277.482  2.13214e-08  8.08596e-11
      11.0000      277.713  2.11257e-08  7.70361e-11
      11.0000      277.945  2.14981e-08  7.72889e-11
      11.0000      278.177  2.16224e-08  8.08131e-11
      11.0000      278.408  2.22459e-08  8.67351e-11
      11.0000      278.640  2.34370e-08  9.78134e-11
      11.0000      278.872  2.39203e-08  9.91526e-11
      11.0000      279.105  2.34912e-08  9.36957e-11
      11.0000      279.337  2.45803e-08  9.90229e-11
      11.0000      279.571  2.11414e-08  7.75559e-11
      11.0000      279.804  2.18202e-08  8.05875e-11
      11.0000      280.037  1.97299e-08  6.50552e-11
      11.0000      280.271  2.04781e-08  6.43064e-11
      11.0000      280.504  2.01980e-08  6.05744e-11
      11.0000      280.738  2.12345e-08  6.68272e-11
      11.0000      280.971  1.97706e-08  6.21446e-11
      11.0000      281.206  1.99171e-08  6.23370e-11
      11.0000      281.440  2.08045e-08  6.44903e-11
      11.0000      281.675  1.81372e-08  5.53785e-11
      11.0000      281.910  1.81904e-08  5.84002e-11
      11.0000      282.145  1.94011e-08  6.11601e-11
      11.0000      282.381  1.89236e-08  6.05089e-11
      11.0000      282.616  1.90495e-08  5.88414e-11
      11.0000      282.851  1.96568e-08  6.24897e-11
      11.0000      283.087  1.84118e-08  5.71973e-11
      11.0000      283.323  1.74867e-08  5.50155e-11
      11.0000      283.559  1.83053e-08  5.85199e-11
      11.0000      283.796  1.82784e-08  5.57502e-11
      11.0000      284.032  1.82078e-08  5.54549e-11
      11.0000      284.269  1.77040e-08  5.42071e-11
      11.0000      284.506  1.80935e-08  5.56909e-11
      11.0000      284.743  1.71419e-08  5.30501e-11
      11.0000      284.981  1.54565e-08  4.51466e-11
      11.0000      285.218  1.72271e-08  5.08933e-11
      11.0000      285.456  1.75106e-08  5.20483e-11
      11.0000      285.694  1.69639e-08  5.25166e-11
      11.0000      285.932  1.56649e-08  4.79874e-11
      11.0000      286.171  1.57892e-08  4.68734e-11
      11.0000      286.409  1.70394e-08  5.07661e-11
      11.0000      286.648  1.68883e-08  5.16386e-11
      11.0000      286.887  1.60419e-08  5.03213e-11
      11.0000      287.126  1.55477e-08  4.80838e-11
      11.0000      287.365  1.54239e-08  4.62981e-11
      11.0000      287.605  1.48160e-08  4.45441e-11
      11.0000      287.844  1.62910e-08  5.20390e-11
      11.0000      288.085  1.63856e-08  5.32380e-11
      11.0000      288.325  1.59537e-08  5.28555e-11
      11.0000      288.565  1.54950e-08  5.07691e-11
      11.0000      288.806  1.50329e-08  5.09627e-11
      11.0000      289.047  1.45441e-08  5.26162e-11
      11.0000      289.287  1.52773e-08  5.66044e-11
      11.0000      289.529  1.44756e-08  5.18871e-11
      11.0000      289.770  1.48289e-08  5.39694e-11
      11.0000      290.011  1.46058e-08  5.35914e-11
      11.0000      290.254  1.38646e-08  5.07728e-11
      11.0000      290.495  1.48213e-08  5.49490e-11
      11.0000      290.737  1.42217e-08  5.05793e-11
      11.0000      290.980  1.36502e-08  4.65210e-11
      11.0000      291.223  1.37114e-08  4.76327e-11
      11.0000      291.465  1.36882e-08  4.92751e-11
      11.0000      291.708  1.40111e-08  5.09150e-11
      11.0000      291.951  1.46516e-08  5.55169e-11
      11.0000      292.195  1.42131e-08  5.42883e-11
      11.0000      292.439  1.45867e-08  5.78010e-11
      11.0000      292.683  1.36701e-08  5.60153e-11
      11.0000      292.926  1.27537e-08  5.20057e-11
      11.0000      293.171  1.41782e-08  5.84001e-11
      12.0000      295.377  1.48981e-08  5.65098e-11
      12.0000      295.624  1.40789e-08  5.17667e-11
      12.0000      295.870  1.36958e-08  5.44423e-11
      12.0000      296.117  1.32101e-08  5.19174e-11
      12.0000      296.364  1.33700e-08  5.10411e-11
      12.0000      296.611  1.27527e-08  4.64411e-11
      12.0000      296.858  1.28056e-08  4.61415e-11
      12.0000      297.105  1.31066e-08  4.85437e-11
      12.0000      297.354  1.21021e-08  4.38422e-11
      12.0000      297.601  1.27607e-08  4.47566e-11
      12.0000      297.850  1.25849e-08  3.93685e-11
      12.0000      298.097  1.18113e-08  3.36024e-11
      12.0000      298.346  1.24884e-08  3.85241e-11
      12.0000      298.595  1.23254e-08  4.00441e-11
      12.0000      298.844  1.21756e-08  3.97322e-11
      12.0000      299.093  1.19780e-08  3.67951e-11
      12.0000      299.342  1.18493e-08  3.45372e-11
      12.0000      299.592  1.13541e-08  3.29063e-11
      12.0000      299.842  1.11303e-08  3.31832e-11
      12.0000      300.091  1.13899e-08  3.62154e-11
      12.0000      300.342  1.14271e-08  3.58646e-11
      12.0000      300.592  1.11431e-08  3.37509e-11
      12.0000      300.843  1.07394e-08  3.31692e-11
      12.0000      301.093  1.12493e-08  4.59365e-11
      12.0000      301.345  1.16586e-08  2.49299e-10
      12.0000      301.595  1.15119e-08  2.96763e-11
      12.0000      301.848  1.13495e-08  2.89527e-11
      12.0000      302.099  1.11544e-08  3.08001e-11
      12.0000      302.350  1.08525e-08  3.12295e-11
      12.0000      302.603  1.05971e-08  2.96609e-11
      12.0000      302.855  1.07866e-08  2.77929e-11
      12.0000      303.107  1.09788e-08  2.81383e-11
      12.0000      303.360  1.03978e-08  2.74153e-11
      12.0000      303.614  1.02424e-08  2.61202e-11
      12.0000      303.866  1.05232e-08  2.66313e-11
      12.0000      304.120  1.05822e-08  2.71819e-11
      12.0000      304.373  1.03297e-08  2.76181e-11
      12.0000      304.627  1.00775e-08  2.77137e-11
      12.0000      304.881  1.01894e-08  2.63617e-11
      12.0000      305.135  9.98727e-09  2.36849e-11
      12.0000      305.389  1.00514e-08  2.32053e-11
      12.0000      305.644  9.82196e-09  2.31687e-11
      12.0000      305.899  9.85158e-09  2.37923e-11
      12.0000      306.154  9.83683e-09  2.32759e-11
      12.0000      306.409  9.99238e-09  2.44729e-11
      12.0000      306.665  9.79221e-09  2.59088e-11
      12.0000      306.921  9.60480e-09  2.71186e-11
      12.0000      307.176  9.84318e-09  2.73918e-11
      12.0000      307.432  9.50249e-09  2.46237e-11
      12.0000      307.689  9.34926e-09  2.32390e-11
      12.0000      307.945  9.41169e-09  2.32556e-11
      12.0000      308.202  9.73615e-09  2.45725e-11
      12.0000      308.458  1.02121e-08  2.26274e-11
      12.0000      308.715  9.88952e-09  2.05587e-11
      12.0000      308.973  9.29935e-09  1.99304e-11
      12.0000      309.231  9.18124e-09  2.13026e-11
      12.0000      309.488  9.13700e-09  2.17455e-11
      12.0000      309.746  9.22561e-09  2.20693e-11
      12.0000      310.004  9.11722e-09  2.25427e-11
      12.0000      310.263  8.81762e-09  2.31727e-11
      12.0000      310.522  8.84964e-09  2.39894e-11
      12.0000      310.781  8.93185e-09  2.31887e-11
      12.0000      311.040  8.94669e-09  2.17046e-11
      12.0000      311.300  9.03400e-09  2.19391e-11
      12.0000      311.559  8.81233e-09  2.20183e-11
      12.0000      311.819  8.85535e-09  2.18948e-11
      12.0000      312.079  9.04334e-09  2.12631e-11
      12.0000      312.339  8.79795e-09  2.01823e-11
      12.0000      312.599  8.70184e-09  2.12834e-11
      12.0000      312.860  8.63781e-09  2.19065e-11
      12.0000      313.120  8.78549e-09  2.17239e-11
      12.0000      313.381  8.60872e-09  2.03003e-11
      12.0000      313.643  8.41242e-09  1.98352e-11
      12.0000      313.905  8.36318e-09  2.06801e-11
      12.0000      314.166  8.36062e-09  2.21458e-11
      12.0000      314.428  8.41057e-09  2.28980e-11
      12.0000      314.690  8.40537e-09  2.24601e-11
      12.0000      314.953  8.33436e-09  2.21709e-11
      12.0000      315.215  8.30033e-09  2.11648e-11
      12.0000      315.477  8.46884e-09  1.96527e-11
      12.0000      315.740  8.64468e-09  1.88983e-11
      12.0000      316.004  8.57954e-09  1.95329e-11
      12.0000      316.268  8.42082e-09  2.13859e-11
      12.0000      316.531  8.35225e-09  2.21795e-11
      12.0000      316.795  8.28311e-09  2.08468e-11
      12.0000      317.059  8.05601e-09  1.98628e-11
      12.0000      317.323  7.94753e-09  2.04958e-11
      12.0000      317.587  8.05094e-09  2.12537e-11
      12.0000      317.853  8.17185e-09  2.02499e-11
      12.0000      318.118  8.07861e-09  2.15478e-11
      12.0000      318.383  7.57537e-09  2.46917e-11
      12.0000      318.648  7.73625e-09  2.31844e-11
      12.0000      318.914  7.82953e-09  2.14029e-11
      13.0000      319.180  7.69518e-09  2.34497e-11
      13.0000      319.446  7.74939e-09  2.42384e-11
      13.0000      319.713  7.80397e-09  2.97002e-11
      13.0000      319.978  7.49447e-09  3.14681e-11
      13.0000      320.246  7.46027e-09  2.83899e-11
      13.0000      320.513  7.74625e-09  2.42859e-11
      13.0000      320.780  7.64659e-09  2.23770e-11
      13.0000      321.047  7.52933e-09  2.36414e-11
      13.0000      321.315  7.52617e-09  2.31274e-11
      13.0000      321.583  7.48337e-09  2.03292e-11
      13.0000      321.851  7.56198e-09  1.83157e-11
      13.0000      322.119  7.37063e-09  1.74634e-11
      13.0000      322.387  7.20438e-09  1.75622e-11
      13.0000      322.657  7.18067e-09  1.79775e-11
      13.0000      322.925  7.38279e-09  1.88772e-11
      13.0000      323.195  7.39138e-09  2.04989e-11
      13.0000      323.464  7.21116e-09  2.12832e-11
      13.0000      323.734  7.33817e-09  1.92163e-11
      13.0000      324.003  7.27947e-09  1.62981e-11
      13.0000      324.273  7.18136e-09  1.55473e-11
      13.0000      324.544  6.97348e-09  1.63601e-11
      13.0000      324.815  6.91892e-09  1.68535e-11
      13.0000      325.085  7.12058e-09  1.58955e-11
      13.0000      325.357  7.06495e-09  1.47051e-11
      13.0000      325.628  6.82808e-09  1.44607e-11
      13.0000      325.900  6.62908e-09  1.44058e-11
      13.0000      326.171  6.70680e-09  1.42891e-11
      13.0000      326.443  6.88386e-09  1.48586e-11
      13.0000      326.715  6.83986e-09  1.65049e-11
      13.0000      326.988  6.69805e-09  1.85723e-11
      13.0000      327.259  6.79827e-09  1.82958e-11
      13.0000      327.533  7.10670e-09  1.59607e-11
      13.0000      327.805  6.91541e-09  1.40795e-11
      13.0000      328.079  6.64262e-09  1.31523e-11
      13.0000      328.352  6.61229e-09  1.26100e-11
      13.0000      328.626  6.67560e-09  1.20188e-11
      13.0000      328.900  6.58447e-09  1.22320e-11
      13.0000      329.175  6.45288e-09  1.42605e-11
      13.0000      329.449  6.39336e-09  1.64210e-11
      13.0000      329.724  6.45954e-09  1.61418e-11
      13.0000      329.998  6.52349e-09  1.53500e-11
      13.0000      330.274  6.42780e-09  1.51659e-11
      13.0000      330.549  6.34859e-09  1.48711e-11
      13.0000      330.825  6.40148e-09  1.33165e-11
      13.0000      331.101  6.51281e-09  1.16543e-11
      13.0000      331.376  6.49626e-09  1.13805e-11
      13.0000      331.653  6.34256e-09  1.19443e-11
      13.0000      331.929  6.28076e-09  1.25044e-11
      13.0000      332.206  6.36016e-09  1.25230e-11
      13.0000      332.483  6.32326e-09  1.34809e-11
      13.0000      332.760  6.14977e-09  1.53109e-11
      13.0000      333.037  6.12367e-09  1.64003e-11
      13.0000      333.316  6.28630e-09  1.57885e-11
      13.0000      333.592  6.36576e-09  1.48175e-11
      13.0000      333.871  6.16538e-09  1.40115e-11
      13.0000      334.150  6.17015e-09  1.38572e-11
      13.0000      334.428  6.24615e-09  1.23696e-11
      13.0000      334.707  6.30861e-09  1.09620e-11
      13.0000      334.986  6.22282e-09  1.08214e-11
      13.0000      335.264  6.11011e-09  1.14909e-11
      13.0000      335.545  6.06324e-09  1.16770e-11
      13.0000      335.824  6.02599e-09  1.15893e-11
      13.0000      336.104  5.92798e-09  1.23419e-11
      13.0000      336.384  5.98558e-09  1.43967e-11
      13.0000      336.665  6.01415e-09  1.50275e-11
      13.0000      336.945  6.05412e-09  1.43697e-11
      13.0000      337.226  6.02313e-09  1.41775e-11
      13.0000      337.507  6.24493e-09  1.58958e-11
      13.0000      337.789  5.85577e-09  1.46155e-11
      13.0000      338.071  6.06521e-09  1.39129e-11
      13.0000      338.352  6.06103e-09  1.33540e-11
      13.0000      338.634  5.83633e-09  1.39185e-11
      13.0000      338.916  5.61666e-09  1.46423e-11
      13.0000      339.199  5.74253e-09  1.49705e-11
      13.0000      339.482  5.69491e-09  1.45332e-11
      13.0000      339.765  5.61239e-09  1.54302e-11
      13.0000      340.048  5.71527e-09  1.80151e-11
      13.0000      340.332  5.77832e-09  1.60372e-11
      13.0000      340.616  5.85711e-09  1.49661e-11
      13.0000      340.899  5.68751e-09  1.46195e-11
      13.0000      341.184  5.61812e-09  1.47680e-11
      13.0000      341.468  5.62130e-09  1.40505e-11
      13.0000      341.753  5.60108e-09  1.28087e-11
      13.0000      342.038  5.48355e-09  1.27925e-11
      13.0000      342.323  5.35175e-09  1.37788e-11
      13.0000      342.608  5.46835e-09  1.48342e-11
      13.0000      342.894  5.52718e-09  1.45922e-11
      13.0000      343.180  5.48312e-09  1.48520e-11
      14.0000      343.180  5.41830e-09  1.93701e-11
      13.0000      343.466  5.42570e-09  1.61502e-11
      14.0000      343.466  5.27737e-09  2.21169e-11
      13.0000      343.752  5.52195e-09  1.64915e-11
      14.0000      343.752  5.24531e-09  2.14475e-11
      13.0000      344.039  5.62890e-09  1.55201e-11
      14.0000      344.039  5.42610e-09  1.77008e-11
      13.0000      344.325  5.56041e-09  1.54961e-11
      14.0000      344.325  5.42667e-09  1.58002e-11
      13.0000      344.612  5.41775e-09  1.59743e-11
      14.0000      344.612  5.34617e-09  1.69240e-11
      14.0000      344.900  5.20598e-09  1.80387e-11
      14.0000      345.187  5.28345e-09  1.69340e-11
      14.0000      345.476  5.20057e-09  1.50787e-11
      14.0000      345.764  5.06097e-09  1.49690e-11
      14.0000      346.052  5.03197e-09  1.49294e-11
      14.0000      346.340  5.17770e-09  1.47055e-11
      14.0000      346.629  5.26620e-09  1.60600e-11
      14.0000      346.917  5.12153e-09  1.77922e-11
      14.0000      347.207  5.06758e-09  1.77507e-11
      14.0000      347.496  5.18946e-09  1.48746e-11
      14.0000      347.786  5.20836e-09  1.27247e-11
      14.0000      348.077  5.03631e-09  1.26060e-11
      14.0000      348.367  4.95814e-09  1.33924e-11
      14.0000      348.657  5.02508e-09  1.35746e-11
      14.0000      348.948  5.01524e-09  1.42240e-11
      14.0000      349.239  4.87867e-09  1.54174e-11
      14.0000      349.529  4.93722e-09  1.67668e-11
      14.0000      349.820  5.12766e-09  1.54896e-11
      14.0000      350.112  5.13868e-09  1.44003e-11
      14.0000      350.404  5.06291e-09  1.47224e-11
      14.0000      350.696  5.13905e-09  1.56211e-11
      14.0000      350.989  5.31423e-09  1.52656e-11
      14.0000      351.281  5.28908e-09  1.40986e-11
      14.0000      351.574  5.05408e-09  1.37388e-11
      14.0000      351.867  4.83097e-09  1.34268e-11
      14.0000      352.161  4.71789e-09  1.23060e-11
      14.0000      352.454  4.68112e-09  1.10679e-11
      14.0000      352.749  4.63371e-09  1.11824e-11
      14.0000      353.043  4.51009e-09  1.21984e-11
      14.0000      353.337  4.51676e-09  1.22124e-11
      14.0000      353.632  4.66301e-09  1.20779e-11
      14.0000      353.926  4.64511e-09  1.27766e-11
      14.0000      354.221  5.06573e-09  1.42776e-11
      14.0000      354.517  4.83792e-09  1.27498e-11
      14.0000      354.812  4.53892e-09  1.04144e-11
      14.0000      355.107  4.51842e-09  9.95532e-12
      14.0000      355.404  4.44335e-09  1.02995e-11
      14.0000      355.700  4.45722e-09  1.01835e-11
      14.0000      355.996  4.49049e-09  9.82250e-12
      14.0000      356.294  4.45098e-09  1.04833e-11
      14.0000      356.590  4.40621e-09  1.17963e-11
      14.0000      356.888  4.47690e-09  1.20035e-11
      14.0000      357.185  4.60204e-09  1.16893e-11
      14.0000      357.482  4.52659e-09  1.19700e-11
      14.0000      357.780  4.35908e-09  1.25875e-11
      14.0000      358.079  4.38002e-09  1.17197e-11
      14.0000      358.378  4.40030e-09  1.03962e-11
      14.0000      358.676  4.34167e-09  9.99112e-12
      14.0000      358.976  4.23834e-09  1.02475e-11
      14.0000      359.275  4.30955e-09  1.00138e-11
      14.0000      359.575  4.33546e-09  9.39688e-12
      14.0000      359.874  4.25371e-09  9.53813e-12
      14.0000      360.175  4.19792e-09  1.00045e-11
      14.0000      360.475  4.26654e-09  9.67594e-12
      14.0000      360.775  4.28426e-09  9.29149e-12
      14.0000      361.076  4.17144e-09  9.79535e-12
      14.0000      361.377  4.08339e-09  1.04110e-11
      14.0000      361.678  4.15594e-09  1.03193e-11
      14.0000      361.979  4.18807e-09  1.03539e-11
      14.0000      362.282  4.11528e-09  1.14366e-11
      14.0000      362.583  4.07465e-09  1.24982e-11
      14.0000      362.886  4.11874e-09  1.21789e-11
      14.0000      363.189  4.12517e-09  1.16218e-11
      14.0000      363.491  4.05565e-09  1.22585e-11
      14.0000      363.794  4.01370e-09  1.25086e-11
      14.0000      364.097  4.05027e-09  1.14740e-11
      14.0000      364.401  4.01643e-09  1.07185e-11
      14.0000      364.704  3.95470e-09  1.11043e-11
      14.0000      365.009  3.93267e-09  1.14095e-11
      14.0000      365.313  3.93895e-09  1.06571e-11
      14.0000      365.617  3.93027e-09  1.02866e-11
      14.0000      365.922  3.78566e-09  1.07573e-11
      14.0000      366.228  3.81710e-09  1.11456e-11
      14.0000      366.533  3.91494e-09  1.06493e-11
      14.0000      366.838  3.90752e-09  1.03391e-11
      14.0000      367.144  3.79606e-09  1.08169e-11
      15.0000      367.144  3.74963e-09  1.68272e-11
      14.0000      367.450  3.80194e-09  1.11096e-11
      15.0000      367.450  3.70706e-09  1.70003e-11
      14.0000      367.757  3.86293e-09  1.04500e-11
      15.0000      367.757  3.74879e-09  1.70318e-11
      14.0000      368.062  3.79069e-09  1.02378e-11
      15.0000      368.062  3.77702e-09  1.68800e-11
      14.0000      368.370  3.67943e-09  1.08359e-11
      15.0000      368.370  3.65106e-09  1.62867e-11
      14.0000      368.677  3.72805e-09  1.12612e-11
      15.0000      368.677  3.61936e-09  1.44206e-11
      14.0000      368.985  3.75382e-09  1.06995e-11
      15.0000      368.985  3.65432e-09  1.28376e-11
      14.0000      369.293  3.71706e-09  1.08431e-11
      15.0000      369.293  3.62796e-09  1.35402e-11
      14.0000      369.600  3.66057e-09  1.20405e-11
      15.0000      369.600  3.53293e-09  1.55938e-11
      14.0000      369.909  3.64452e-09  1.20715e-11
      15.0000      369.909  3.55996e-09  1.51895e-11
      14.0000      370.217  3.70141e-09  1.15951e-11
      15.0000      370.217  3.58316e-09  1.29459e-11
      14.0000      370.525  3.65259e-09  1.17778e-11
      15.0000      370.525  3.54036e-09  1.19310e-11
      15.0000      370.835  3.47914e-09  1.19997e-11
      15.0000      371.143  3.51992e-09  1.16448e-11
      15.0000      371.453  3.59549e-09  1.21839e-11
      15.0000      371.762  3.49427e-09  1.31564e-11
      15.0000      372.072  3.40511e-09  1.31401e-11
      15.0000      372.383  3.40928e-09  1.11069e-11
      15.0000      372.692  3.42763e-09  9.64454e-12
      15.0000      373.003  3.36284e-09  9.85590e-12
      15.0000      373.314  3.33233e-09  1.03292e-11
      15.0000      373.626  3.38479e-09  1.03526e-11
      15.0000      373.937  3.35748e-09  1.09808e-11
      15.0000      374.249  3.27895e-09  1.15727e-11
      15.0000      374.561  3.29339e-09  1.08212e-11
      15.0000      374.873  3.33298e-09  9.26665e-12
      15.0000      375.185  3.28893e-09  8.74796e-12
      15.0000      375.498  3.22628e-09  8.91567e-12
      15.0000      375.811  3.25523e-09  8.92539e-12
      15.0000      376.125  3.29665e-09  8.92749e-12
      15.0000      376.438  3.21678e-09  9.77369e-12
      15.0000      376.753  3.11376e-09  1.05623e-11
      15.0000      377.067  3.16276e-09  9.66819e-12
      15.0000      377.381  3.19799e-09  8.55815e-12
      15.0000      377.695  3.11515e-09  8.34624e-12
      15.0000      378.010  3.07150e-09  8.29207e-12
      15.0000      378.325  3.12114e-09  7.73691e-12
      15.0000      378.640  3.12669e-09  7.69429e-12
      15.0000      378.956  3.02903e-09  8.39105e-12
      15.0000      379.272  3.00574e-09  8.84583e-12
      15.0000      379.589  3.08576e-09  8.73742e-12
      15.0000      379.905  3.02184e-09  9.03188e-12
      15.0000      380.222  2.91038e-09  9.11694e-12
      15.0000      380.539  2.95922e-09  8.58051e-12
      15.0000      380.855  3.02065e-09  7.71699e-12
      15.0000      381.173  2.91796e-09  7.46273e-12
      15.0000      381.492  2.87229e-09  7.56642e-12
      15.0000      381.809  2.91895e-09  7.08950e-12
      15.0000      382.127  2.93929e-09  6.77119e-12
      15.0000      382.446  2.85764e-09  7.19313e-12
      15.0000      382.765  2.82874e-09  7.58683e-12
      15.0000      383.085  2.86640e-09  7.44762e-12
      15.0000      383.403  2.82995e-09  7.86747e-12
      15.0000      383.723  2.74156e-09  9.18666e-12
      15.0000      384.044  2.78023e-09  9.71901e-12
      15.0000      384.363  2.80632e-09  8.59201e-12
      15.0000      384.683  2.74621e-09  8.35472e-12
      15.0000      385.005  2.70418e-09  8.41537e-12
      15.0000      385.325  2.75667e-09  7.69368e-12
      15.0000      385.646  2.79134e-09  6.82629e-12
      15.0000      385.968  2.67157e-09  6.58392e-12
      15.0000      386.290  2.61287e-09  6.68456e-12
      15.0000      386.612  2.66097e-09  6.42056e-12
      15.0000      386.934  2.63497e-09  6.38637e-12
      15.0000      387.256  2.54928e-09  6.87558e-12
      15.0000      387.580  2.56765e-09  7.10478e-12
      15.0000      387.902  2.63854e-09  6.84185e-12
      15.0000      388.226  2.59449e-09  6.91625e-12
      15.0000      388.550  2.52689e-09  7.21807e-12
      15.0000      388.874  2.56756e-09  6.91022e-12
      15.0000      389.197  2.58461e-09  6.62894e-12
      15.0000      389.522  2.49149e-09  7.10047e-12
      15.0000      389.847  2.44532e-09  7.64025e-12
      15.0000      390.172  2.49452e-09  7.63141e-12
      15.0000      390.497  2.46687e-09  7.86189e-12
      15.0000      390.823  2.38748e-09  8.96011e-12
      15.0000      391.149  2.42729e-09  9.08905e-12
      16.0000      391.149  2.36918e-09  1.79371e-11
      15.0000      391.475  2.48874e-09  8.50096e-12
      16.0000      391.475  2.40325e-09  1.44102e-11
      15.0000      391.802  2.42951e-09  8.63572e-12
      16.0000      391.802  2.37566e-09  1.31577e-11
      15.0000      392.128  2.36796e-09  9.10208e-12
      16.0000      392.128  2.30175e-09  1.40036e-11
      15.0000      392.455  2.41841e-09  8.65876e-12
      16.0000      392.455  2.32338e-09  1.35512e-11
      15.0000      392.782  2.41486e-09  8.16983e-12
      16.0000      392.782  2.39543e-09  1.25351e-11
      15.0000      393.110  2.30520e-09  8.80433e-12
      16.0000      393.110  2.28951e-09  1.15340e-11
      15.0000      393.437  2.27866e-09  9.69737e-12
      16.0000      393.437  2.24089e-09  1.12369e-11
      15.0000      393.766  2.34261e-09  9.99330e-12
      16.0000      393.766  2.27912e-09  1.04844e-11
      15.0000      394.093  2.36852e-09  9.82110e-12
      16.0000      394.093  2.29537e-09  1.10198e-11
      15.0000      394.421  2.29456e-09  1.08410e-11
      16.0000      394.421  2.23982e-09  1.32031e-11
      15.0000      394.751  2.28899e-09  1.13828e-11
      16.0000      394.751  2.19538e-09  1.28009e-11
      15.0000      395.080  2.36182e-09  9.63858e-12
      16.0000      395.080  2.27450e-09  1.07702e-11
      15.0000      395.409  2.30316e-09  9.66664e-12
      16.0000      395.409  2.22508e-09  9.17530e-12
      15.0000      395.739  2.24085e-09  9.82746e-12
      16.0000      395.739  2.16065e-09  8.68120e-12
      15.0000      396.069  2.28372e-09  9.14484e-12
      16.0000      396.069  2.20016e-09  8.12795e-12
      15.0000      396.399  2.25342e-09  8.90591e-12
      16.0000      396.399  2.21155e-09  8.38548e-12
      16.0000      396.729  2.11489e-09  1.02103e-11
      16.0000      397.060  2.09423e-09  1.13134e-11
      16.0000      397.392  2.13539e-09  9.29146e-12
      16.0000      397.722  2.12908e-09  8.38597e-12
      16.0000      398.054  2.07889e-09  8.25713e-12
      16.0000      398.386  2.10128e-09  7.60206e-12
      16.0000      398.718  2.15607e-09  7.31590e-12
      16.0000      399.050  2.06734e-09  7.94994e-12
      16.0000      399.383  2.02514e-09  8.63284e-12
      16.0000      399.717  2.04942e-09  7.91740e-12
      16.0000      400.050  2.02669e-09  7.33788e-12
      16.0000      400.383  1.95052e-09  7.48392e-12
      16.0000      400.716  1.98230e-09  7.29243e-12
      16.0000      401.051  2.01514e-09  6.81114e-12
      16.0000      401.386  1.97059e-09  7.07714e-12
      16.0000      401.719  1.93832e-09  7.33762e-12
      16.0000      402.055  1.97711e-09  7.10636e-12
      16.0000      402.390  1.97045e-09  7.21808e-12
      16.0000      402.726  1.87999e-09  7.41591e-12
      16.0000      403.062  1.88020e-09  6.96929e-12
      16.0000      403.397  1.90508e-09  6.29246e-12
      16.0000      403.734  1.86051e-09  6.44197e-12
      16.0000      404.070  1.84149e-09  6.68806e-12
      16.0000      404.406  1.88663e-09  6.22238e-12
      16.0000      404.744  1.87216e-09  6.07530e-12
      16.0000      405.081  1.81047e-09  6.41988e-12
      16.0000      405.420  1.83253e-09  6.41253e-12
      16.0000      405.757  1.85229e-09  6.34431e-12
      16.0000      406.095  1.77395e-09  6.95136e-12
      16.0000      406.435  1.73360e-09  7.29144e-12
      16.0000      406.774  1.77380e-09  6.74179e-12
      16.0000      407.111  1.77015e-09  6.37424e-12
      16.0000      407.451  1.69766e-09  6.44605e-12
      16.0000      407.790  1.73459e-09  6.17617e-12
      16.0000      408.132  1.76770e-09  5.46482e-12
      16.0000      408.472  1.71221e-09  5.32629e-12
      16.0000      408.812  1.68239e-09  5.35458e-12
      16.0000      409.152  1.71414e-09  5.16625e-12
      16.0000      409.494  1.67656e-09  5.47286e-12
      16.0000      409.834  1.61045e-09  6.30572e-12
      16.0000      410.177  1.63247e-09  6.53884e-12
      16.0000      410.519  1.66728e-09  6.66889e-12
      16.0000      410.862  1.61828e-09  7.45977e-12
      16.0000      411.203  1.61830e-09  7.77061e-12
      16.0000      411.546  1.67027e-09  7.03246e-12
      16.0000      411.889  1.64323e-09  6.62531e-12
      16.0000      412.233  1.56183e-09  6.70758e-12
      16.0000      412.577  1.57573e-09  6.40857e-12
      16.0000      412.919  1.59338e-09  5.95343e-12
      16.0000      413.264  1.52157e-09  6.19335e-12
      16.0000      413.609  1.51432e-09  6.72261e-12
      16.0000      413.954  1.56183e-09  6.25403e-12
      16.0000      414.298  1.55514e-09  5.99002e-12
      16.0000      414.644  1.50988e-09  6.09567e-12
      16.0000      414.989  1.54484e-09  5.72960e-12
      16.0000      415.336  1.54301e-09  5.21397e-12
      17.0000      415.336  1.50329e-09  1.47291e-11
      16.0000      415.683  1.48031e-09  5.33775e-12
      17.0000      415.683  1.40819e-09  1.43066e-11
      16.0000      416.029  1.46698e-09  5.58006e-12
      17.0000      416.029  1.34417e-09  1.43139e-11
      16.0000      416.375  1.48377e-09  5.50880e-12
      17.0000      416.375  1.42902e-09  1.53902e-11
      16.0000      416.722  1.44639e-09  5.76177e-12
      17.0000      416.722  1.41165e-09  1.53240e-11
      16.0000      417.070  1.42302e-09  6.17473e-12
      17.0000      417.070  1.39213e-09  1.57161e-11
      16.0000      417.418  1.46881e-09  6.07561e-12
      17.0000      417.418  1.44329e-09  1.33153e-11
      16.0000      417.767  1.47673e-09  5.88841e-12
      17.0000      417.767  1.40799e-09  1.13116e-11
      16.0000      418.114  1.44890e-09  5.99819e-12
      17.0000      418.114  1.37719e-09  1.15837e-11
      16.0000      418.463  1.45271e-09  5.79287e-12
      17.0000      418.463  1.40407e-09  1.17700e-11
      16.0000      418.811  1.46078e-09  5.53827e-12
      17.0000      418.811  1.41559e-09  1.09493e-11
      16.0000      419.161  1.38338e-09  5.80200e-12
      17.0000      419.161  1.39097e-09  1.10274e-11
      16.0000      419.511  1.35859e-09  6.17265e-12
      17.0000      419.511  1.31400e-09  1.00329e-11
      16.0000      419.859  1.40257e-09  6.24692e-12
      17.0000      419.859  1.35416e-09  9.03869e-12
      16.0000      420.210  1.37366e-09  6.42382e-12
      17.0000      420.210  1.33250e-09  8.97184e-12
      16.0000      420.560  1.32922e-09  6.78166e-12
      17.0000      420.560  1.29992e-09  1.00198e-11
      16.0000      420.911  1.34443e-09  6.71334e-12
      17.0000      420.911  1.29802e-09  1.00035e-11
      16.0000      421.262  1.34474e-09  6.39754e-12
      17.0000      421.262  1.34568e-09  9.58010e-12
      16.0000      421.614  1.29708e-09  6.45677e-12
      17.0000      421.614  1.26872e-09  9.01978e-12
      16.0000      421.964  1.29338e-09  6.54131e-12
      17.0000      421.964  1.27053e-09  7.84805e-12
      16.0000      422.317  1.30765e-09  6.38344e-12
      17.0000      422.317  1.29028e-09  6.75563e-12
      17.0000      422.669  1.25672e-09  6.91794e-12
      17.0000      423.021  1.22119e-09  7.59067e-12
      17.0000      423.374  1.26403e-09  7.81093e-12
      17.0000      423.727  1.25889e-09  8.41109e-12
      17.0000      424.079  1.21147e-09  8.73721e-12
      17.0000      424.434  1.22067e-09  7.48440e-12
      17.0000      424.787  1.24793e-09  6.45141e-12
      17.0000      425.141  1.20097e-09  6.06475e-12
      17.0000      425.496  1.18009e-09  5.92204e-12
      17.0000      425.851  1.20739e-09  5.75961e-12
      17.0000      426.205  1.17406e-09  6.42197e-12
      17.0000      426.561  1.14739e-09  7.27124e-12
      17.0000      426.916  1.17915e-09  7.22061e-12
      17.0000      427.272  1.17800e-09  6.86229e-12
      17.0000      427.628  1.13359e-09  6.48226e-12
      17.0000      427.985  1.14416e-09  5.74569e-12
      17.0000      428.343  1.15999e-09  5.00611e-12
      17.0000      428.699  1.11818e-09  5.05381e-12
      17.0000      429.056  1.10580e-09  5.10351e-12
      17.0000      429.415  1.12442e-09  5.02005e-12
      17.0000      429.771  1.09832e-09  5.49631e-12
      17.0000      430.130  1.07701e-09  6.03952e-12
      17.0000      430.489  1.11204e-09  5.98595e-12
      17.0000      430.847  1.10607e-09  6.05783e-12
      17.0000      431.207  1.07165e-09  6.29266e-12
      17.0000      431.566  1.07273e-09  5.52069e-12
      17.0000      431.926  1.07901e-09  4.88714e-12
      17.0000      432.287  1.03947e-09  4.87715e-12
      17.0000      432.646  1.03396e-09  4.86800e-12
      17.0000      433.007  1.04226e-09  4.50980e-12
      17.0000      433.368  1.02661e-09  4.53837e-12
      17.0000      433.730  1.01666e-09  4.59351e-12
      17.0000      434.092  1.02638e-09  4.38891e-12
      17.0000      434.452  1.00921e-09  4.47897e-12
      17.0000      434.815  9.86130e-10  4.78472e-12
      17.0000      435.178  9.99060e-10  4.71612e-12
      17.0000      435.540  9.89321e-10  4.93129e-12
      17.0000      435.905  9.67492e-10  5.57766e-12
      17.0000      436.268  9.81383e-10  5.75944e-12
      17.0000      436.630  9.94134e-10  5.64396e-12
      17.0000      436.994  9.43395e-10  5.72071e-12
      17.0000      437.359  9.41076e-10  5.71644e-12
      17.0000      437.723  9.71210e-10  4.91029e-12
      17.0000      438.089  9.27001e-10  4.86862e-12
      17.0000      438.454  9.08947e-10  4.91757e-12
      17.0000      438.820  9.24124e-10  4.61989e-12
      17.0000      439.186  9.18787e-10  4.57187e-12
      17.0000      439.551  8.94472e-10  4.68736e-12
      18.0000      439.551  8.66142e-10  1.82902e-11
      17.0000      439.918  9.09320e-10  4.52372e-12
      18.0000      439.918  9.12616e-10  1.55142e-11
      17.0000      440.284  9.07238e-10  4.35419e-12
      18.0000      440.284  9.17034e-10  1.51218e-11
      17.0000      440.651  8.77192e-10  4.65152e-12
      18.0000      440.651  9.48753e-10  1.73926e-11
      17.0000      441.018  8.83329e-10  4.50700e-12
      18.0000      441.018  8.88841e-10  1.53411e-11
      17.0000      441.386  8.83165e-10  4.21384e-12
      18.0000      441.386  8.71062e-10  1.21728e-11
      17.0000      441.755  8.65579e-10  4.44595e-12
      18.0000      441.755  8.70144e-10  1.17392e-11
      17.0000      442.124  8.70351e-10  4.50450e-12
      18.0000      442.124  8.42328e-10  1.10002e-11
      17.0000      442.492  8.70217e-10  4.39469e-12
      18.0000      442.492  8.53424e-10  1.07360e-11
      17.0000      442.860  8.50202e-10  4.50980e-12
      18.0000      442.860  8.25600e-10  1.20385e-11
      17.0000      443.229  8.54789e-10  4.53955e-12
      18.0000      443.229  8.07378e-10  1.15630e-11
      17.0000      443.599  8.64598e-10  4.37904e-12
      18.0000      443.599  8.40246e-10  9.37886e-12
      17.0000      443.969  8.36119e-10  4.44994e-12
      18.0000      443.969  7.99055e-10  8.19179e-12
      17.0000      444.340  8.19723e-10  4.57413e-12
      18.0000      444.340  7.82626e-10  7.85508e-12
      17.0000      444.709  8.32556e-10  4.53301e-12
      18.0000      444.709  7.98669e-10  7.50856e-12
      17.0000      445.079  8.05927e-10  4.71066e-12
      18.0000      445.079  7.97000e-10  8.12459e-12
      17.0000      445.452  7.94370e-10  5.02194e-12
      18.0000      445.452  7.79736e-10  9.34716e-12
      17.0000      445.824  8.20736e-10  4.97282e-12
      18.0000      445.824  7.71245e-10  8.61041e-12
      17.0000      446.194  8.09643e-10  4.89401e-12
      18.0000      446.194  7.88411e-10  7.27062e-12
      17.0000      446.566  7.95141e-10  5.03688e-12
      18.0000      446.566  7.70924e-10  6.74179e-12
      17.0000      446.939  8.07008e-10  5.02615e-12
      18.0000      446.939  7.89834e-10  5.95841e-12
      17.0000      447.311  8.03152e-10  4.93503e-12
      18.0000      447.311  7.83506e-10  5.70325e-12
      17.0000      447.684  7.84218e-10  5.14814e-12
      18.0000      447.684  7.67156e-10  6.31487e-12
      17.0000      448.057  7.82865e-10  5.33212e-12
      18.0000      448.057  7.66289e-10  6.60541e-12
      17.0000      448.431  7.68134e-10  5.50446e-12
      18.0000      448.431  7.65475e-10  6.83764e-12
      18.0000      448.805  7.43230e-10  6.89894e-12
      18.0000      449.180  7.32276e-10  5.97622e-12
      18.0000      449.553  7.28184e-10  5.02794e-12
      18.0000      449.928  7.24034e-10  4.71174e-12
      18.0000      450.302  7.23273e-10  4.57833e-12
      18.0000      450.678  7.39427e-10  4.73552e-12
      18.0000      451.054  7.05936e-10  5.18667e-12
      18.0000      451.431  6.92988e-10  5.74919e-12
      18.0000      451.806  7.19269e-10  6.02948e-12
      18.0000      452.184  7.11618e-10  5.71754e-12
      18.0000      452.560  6.97423e-10  5.37159e-12
      18.0000      452.938  7.09462e-10  4.46988e-12
      18.0000      453.315  6.90440e-10  4.12385e-12
      18.0000      453.694  6.71902e-10  4.13604e-12
      18.0000      454.071  6.84153e-10  4.05507e-12
      18.0000      454.450  6.74445e-10  4.34781e-12
      18.0000      454.829  6.57493e-10  4.92521e-12
      18.0000      455.208  6.68531e-10  4.89446e-12
      18.0000      455.587  6.72100e-10  5.03213e-12
      18.0000      455.967  6.42742e-10  5.42776e-12
      18.0000      456.348  6.54333e-10  4.83414e-12
      18.0000      456.727  6.62975e-10  4.27420e-12
      18.0000      457.109  6.30089e-10  4.32258e-12
      18.0000      457.490  6.33344e-10  4.30452e-12
      18.0000      457.871  6.45190e-10  4.09358e-12
      18.0000      458.253  6.17372e-10  4.26660e-12
      18.0000      458.636  6.22598e-10  4.17591e-12
      18.0000      459.017  6.33848e-10  3.79652e-12
      18.0000      459.400  6.20211e-10  3.97356e-12
      18.0000      459.783  6.15995e-10  3.88610e-12
      18.0000      460.166  6.15788e-10  3.81373e-12
      18.0000      460.549  5.88949e-10  4.20285e-12
      18.0000      460.934  5.79921e-10  4.68004e-12
      18.0000      461.318  6.02175e-10  5.28547e-12
      18.0000      461.702  5.64777e-10  5.33896e-12
      18.0000      462.088  5.70963e-10  5.43227e-12
      18.0000      462.473  5.97575e-10  4.85864e-12
      18.0000      462.858  5.78762e-10  4.56646e-12
      18.0000      463.244  5.54129e-10  4.53136e-12
      18.0000      463.631  5.74035e-10  4.28711e-12
      19.0000      463.631  5.26277e-10  2.49424e-11
      18.0000      464.018  5.51452e-10  4.26763e-12
      19.0000      464.018  5.22385e-10  2.52096e-11
      18.0000      464.403  5.45441e-10  4.72774e-12
      19.0000      464.403  4.71473e-10  2.32766e-11
      18.0000      464.792  5.49434e-10  4.56702e-12
      19.0000      464.792  5.04610e-10  1.98520e-11
      18.0000      465.179  5.46790e-10  4.39470e-12
      19.0000      465.179  5.44752e-10  1.87067e-11
      18.0000      465.567  5.35944e-10  4.29486e-12
      19.0000      465.567  5.29503e-10  1.83149e-11
      18.0000      465.955  5.51023e-10  3.97846e-12
      19.0000      465.955  5.52719e-10  1.63152e-11
      18.0000      466.342  5.42611e-10  3.97896e-12
      19.0000      466.342  5.31373e-10  1.44923e-11
      18.0000      466.731  5.29392e-10  3.78378e-12
      19.0000      466.731  5.47720e-10  1.31018e-11
      18.0000      467.122  5.24616e-10  3.91481e-12
      19.0000      467.122  5.32641e-10  1.12567e-11
      18.0000      467.510  5.13922e-10  4.14900e-12
      19.0000      467.510  5.38186e-10  1.14597e-11
      18.0000      467.900  5.04488e-10  4.55571e-12
      19.0000      467.900  5.37290e-10  1.31244e-11
      18.0000      468.290  5.17406e-10  4.57680e-12
      19.0000      468.290  7.39482e-10  1.41433e-11
      18.0000      468.680  5.13829e-10  4.40044e-12
      19.0000      468.680  5.67209e-10  1.29206e-11
      18.0000      469.072  5.08309e-10  4.28636e-12
      19.0000      469.072  5.14764e-10  1.16259e-11
      18.0000      469.462  5.15992e-10  4.03960e-12
      19.0000      469.462  5.08516e-10  8.66684e-12
      18.0000      469.854  4.97561e-10  4.05873e-12
      19.0000      469.854  5.16189e-10  7.92746e-12
      18.0000      470.245  4.84602e-10  4.40915e-12
      19.0000      470.245  5.01004e-10  8.38116e-12
      18.0000      470.637  4.92225e-10  4.70623e-12
      19.0000      470.637  5.05196e-10  8.64932e-12
      18.0000      471.029  4.79761e-10  5.12904e-12
      19.0000      471.029  5.14077e-10  9.92701e-12
      18.0000      471.422  4.70714e-10  5.57700e-12
      19.0000      471.422  4.65691e-10  1.10383e-11
      18.0000      471.816  4.91472e-10  5.47847e-12
      19.0000      471.816  4.90199e-10  9.37367e-12
      18.0000      472.208  4.95825e-10  5.26993e-12
      19.0000      472.208  4.95672e-10  7.55079e-12
      18.0000      472.603  5.10765e-10  5.42785e-12
      19.0000      472.603  4.80459e-10  6.87892e-12
      18.0000      472.997  5.10150e-10  5.32388e-12
      19.0000      472.997  4.77185e-10  6.02641e-12
      18.0000      473.391  4.61698e-10  5.29001e-12
      19.0000      473.391  4.61698e-10  6.10401e-12
      18.0000      473.785  4.39421e-10  5.93505e-12
      19.0000      473.785  4.45159e-10  7.24859e-12
      18.0000      474.181  4.46058e-10  6.52008e-12
      19.0000      474.181  4.59021e-10  7.74987e-12
      18.0000      474.577  4.41652e-10  6.95647e-12
      19.0000      474.577  4.62852e-10  8.41012e-12
      19.0000      474.971  4.34283e-10  8.48342e-12
      19.0000      475.367  4.55991e-10  6.65975e-12
      19.0000      475.765  4.48566e-10  5.52252e-12
      19.0000      476.161  4.43738e-10  5.40283e-12
      19.0000      476.558  4.46271e-10  5.07328e-12
      19.0000      476.954  4.36028e-10  5.37186e-12
      19.0000      477.352  4.20133e-10  6.12075e-12
      19.0000      477.751  4.29123e-10  6.38011e-12
      19.0000      478.149  4.22822e-10  6.89179e-12
      19.0000      478.547  4.17632e-10  6.52642e-12
      19.0000      478.946  4.33267e-10  5.59921e-12
      19.0000      479.345  4.30894e-10  4.94687e-12
      19.0000      479.745  4.06444e-10  4.88838e-12
      19.0000      480.146  4.08647e-10  5.08622e-12
      19.0000      480.545  3.96363e-10  5.15497e-12
      19.0000      480.945  3.96777e-10  5.16823e-12
      19.0000      481.348  3.97181e-10  4.83504e-12
      19.0000      481.749  3.93975e-10  4.58131e-12
      19.0000      482.151  3.99996e-10  4.64887e-12
      19.0000      482.551  3.97646e-10  4.21361e-12
      19.0000      482.954  3.91142e-10  4.70166e-12
      19.0000      483.356  3.94242e-10  5.33448e-12
      19.0000      483.760  3.92238e-10  5.52238e-12
      19.0000      484.163  3.63907e-10  5.64500e-12
      19.0000      484.567  3.79896e-10  5.23296e-12
      19.0000      484.971  3.88542e-10  4.55539e-12
      19.0000      485.376  3.76008e-10  4.21040e-12
      19.0000      485.779  3.72450e-10  3.96677e-12
      19.0000      486.185  3.70136e-10  3.78183e-12
      19.0000      486.590  3.55716e-10  3.94424e-12
      19.0000      486.995  3.52480e-10  4.10917e-12
      19.0000      487.401  3.57040e-10  4.15839e-12
      19.0000      487.807  3.58934e-10  4.14237e-12
      19.0000      488.215  3.60592e-10  3.91594e-12
      20.0000      488.215  2.56731e-10  4.20817e-11
      19.0000      488.622  3.49713e-10  3.71722e-12
      20.0000      488.622  2.59437e-10  3.80947e-11
      19.0000      489.029  3.44774e-10  3.77851e-12
      20.0000      489.029  2.89122e-10  3.10859e-11
      19.0000      489.436  3.49153e-10  3.85981e-12
      20.0000      489.436  3.19902e-10  2.50406e-11
      19.0000      489.845  3.40206e-10  4.20648e-12
      20.0000      489.845  3.37068e-10  2.29164e-11
      19.0000      490.254  3.31419e-10  4.61553e-12
      20.0000      490.254  2.93916e-10  2.42480e-11
      19.0000      490.663  3.36404e-10  4.67612e-12
      20.0000      490.663  3.13281e-10  2.38749e-11
      19.0000      491.070  3.27549e-10  5.01521e-12
      20.0000      491.070  2.87392e-10  2.43784e-11
      19.0000      491.480  3.30516e-10  4.99973e-12
      20.0000      491.480  2.84841e-10  2.14182e-11
      19.0000      491.889  3.33098e-10  4.54854e-12
      20.0000      491.889  3.27476e-10  1.55759e-11
      19.0000      492.300  3.27353e-10  4.64877e-12
      20.0000      492.300  3.17795e-10  1.39237e-11
      19.0000      492.710  3.32753e-10  4.92439e-12
      20.0000      492.710  3.15745e-10  1.31865e-11
      19.0000      493.121  3.24697e-10  5.15865e-12
      20.0000      493.121  3.19792e-10  1.33013e-11
      19.0000      493.532  3.06571e-10  6.03927e-12
      20.0000      493.532  3.17770e-10  1.51191e-11
      19.0000      493.944  3.07304e-10  5.99142e-12
      20.0000      493.944  3.08264e-10  1.50714e-11
      19.0000      494.354  3.22153e-10  5.77930e-12
      20.0000      494.354  2.95122e-10  1.28902e-11
      19.0000      494.768  3.04752e-10  5.89913e-12
      20.0000      494.768  2.87115e-10  1.10748e-11
      19.0000      495.179  3.09021e-10  5.68472e-12
      20.0000      495.179  2.92025e-10  9.03667e-12
      19.0000      495.592  2.75358e-10  5.68372e-12
      20.0000      495.592  2.97828e-10  8.31242e-12
      19.0000      496.005  2.73359e-10  6.14764e-12
      20.0000      496.005  2.86573e-10  9.02485e-12
      19.0000      496.418  2.81773e-10  6.43040e-12
      20.0000      496.418  2.91909e-10  9.42537e-12
      19.0000      496.833  2.84620e-10  6.71767e-12
      20.0000      496.833  3.03881e-10  9.93057e-12
      19.0000      497.248  2.75205e-10  7.17404e-12
      20.0000      497.248  3.00782e-10  9.79065e-12
      19.0000      497.661  2.97667e-10  6.89581e-12
      20.0000      497.661  3.05027e-10  8.06945e-12
      19.0000      498.077  2.80129e-10  6.55540e-12
      20.0000      498.077  3.04192e-10  6.75615e-12
      19.0000      498.492  2.86213e-10  6.86109e-12
      20.0000      498.492  2.97462e-10  6.31875e-12
      19.0000      498.907  2.95433e-10  6.47849e-12
      20.0000      498.907  2.95969e-10  5.85500e-12
      19.0000      499.323  2.80925e-10  6.80223e-12
      20.0000      499.323  2.96489e-10  6.27030e-12
      19.0000      499.740  2.76766e-10  7.50893e-12
      20.0000      499.740  2.92288e-10  6.98222e-12
      19.0000      500.158  2.68486e-10  7.42076e-12
      20.0000      500.158  2.99874e-10  7.07258e-12
      19.0000      500.573  2.51080e-10  7.62634e-12
      20.0000      500.573  2.90604e-10  7.39406e-12
      19.0000      500.992  2.54453e-10  7.45064e-12
      20.0000      500.992  2.92660e-10  6.51476e-12
      20.0000      501.409  2.90294e-10  5.45089e-12
      20.0000      501.827  2.78066e-10  5.00352e-12
      20.0000      502.245  2.80535e-10  4.88321e-12
      20.0000      502.664  2.78241e-10  4.74552e-12
      20.0000      503.081  2.62667e-10  4.91848e-12
      20.0000      503.502  2.82672e-10  5.01540e-12
      20.0000      503.921  2.74085e-10  4.92670e-12
      20.0000      504.342  2.69571e-10  5.05397e-12
      20.0000      504.762  2.64729e-10  5.07327e-12
      20.0000      505.183  2.66836e-10  5.05597e-12
      20.0000      505.605  2.60836e-10  4.76341e-12
      20.0000      506.027  2.57720e-10  4.58345e-12
      20.0000      506.447  2.55254e-10  4.37276e-12
      20.0000      506.871  2.58960e-10  4.08881e-12
      20.0000      507.292  2.53146e-10  3.73283e-12
      20.0000      507.715  2.53456e-10  3.54675e-12
      20.0000      508.138  2.54466e-10  3.50843e-12
      20.0000      508.562  2.42830e-10  3.69213e-12
      20.0000      508.986  2.42505e-10  3.93809e-12
      20.0000      509.411  2.44230e-10  4.21142e-12
      20.0000      509.835  2.37167e-10  4.33147e-12
      20.0000      510.261  2.41406e-10  4.33023e-12
      20.0000      510.686  2.36376e-10  4.31022e-12
      20.0000      511.112  2.28854e-10  4.33414e-12
      20.0000      511.538  2.28167e-10  4.32625e-12
      20.0000      511.965  2.18959e-10  4.31673e-12
      20.0000      512.392  2.20139e-10  4.32385e-12
      20.0000      512.818  2.21624e-10  4.18709e-12
      20.0000      513.244  2.24031e-10  4.01811e-12
      20.0000      513.674  2.22436e-10  3.74051e-12
      20.0000      514.102  2.20527e-10  3.63316e-12
      20.0000      514.530  2.13474e-10  3.66882e-12
      20.0000      514.960  2.15496e-10  3.89952e-12
      20.0000      515.390  2.10307e-10  4.42654e-12
      20.0000      515.818  2.08187e-10  4.80221e-12
      20.0000      516.249  2.04687e-10  5.20963e-12
      20.0000      516.678  3.86627e-10  5.74025e-12
      20.0000      517.109  3.86399e-10  5.76837e-12
      20.0000      517.539  1.98957e-10  6.48416e-12
      20.0000      517.971  2.23954e-10  7.50197e-12
      20.0000      518.403  2.15682e-10  8.85563e-12
      20.0000      518.836  1.56898e-10  1.13217e-11
      20.0000      519.267  1.31172e-10  1.24868e-11
      20.0000      519.702  1.35954e-10  1.29929e-11
      20.0000      520.134  1.40410e-10  1.46014e-11
      20.0000      520.568  1.56876e-10  1.43434e-11
      20.0000      521.002  1.66973e-10  1.58195e-11
      20.0000      521.436  1.15897e-10  2.10750e-11
      20.0000      521.872  1.00806e-10  2.33740e-11
      20.0000      522.308  5.68284e-11  2.87111e-11
      20.0000      522.742  3.95956e-11  3.19355e-11
      20.0000      523.177  8.85646e-11  2.95322e-11
      20.0000      523.615  1.25527e-10  3.22888e-11
      20.0000      524.051  1.49772e-10  3.52934e-11
      20.0000      524.488  6.38827e-11  3.43555e-11
      20.0000      524.923 -2.27188e-11  4.36382e-11
      20.0000      525.362 -6.24886e-11  5.46474e-11
      20.0000      525.801 -5.39660e-11  5.75338e-11
      20.0000      526.238 -7.06072e-11  6.24512e-11
      20.0000      526.676 -1.28276e-10  5.76448e-11
