      11.0000      271.534  2.65410e-08  6.65466e-11
      11.0000      271.761  3.42147e-08  1.27093e-10
      11.0000      271.987  2.72630e-08  6.83816e-11
      11.0000      272.214  2.23999e-08  5.58206e-11
      11.0000      272.441  2.94228e-08  8.16187e-11
      11.0000      272.668  2.53732e-08  1.22221e-10
      11.0000      272.895  3.00192e-08  1.29771e-10
      11.0000      273.123  2.72033e-08  7.15968e-11
      11.0000      273.350  3.00753e-08  1.88144e-10
      11.0000      273.578  2.37079e-08  5.33265e-11
      11.0000      273.806  3.02068e-08  1.36828e-10
      11.0000      274.035  2.95597e-08  6.97205e-11
      11.0000      274.263  2.61051e-08  5.82927e-11
      11.0000      274.492  2.69048e-08  5.61467e-11
      11.0000      274.721  2.46896e-08  4.81748e-11
      11.0000      274.950  2.32668e-08  4.75191e-11
      11.0000      275.179  2.73588e-08  5.55528e-11
      11.0000      275.409  2.72918e-08  5.51914e-11
      11.0000      275.638  2.26641e-08  5.02197e-11
      11.0000      275.867  2.34712e-08  4.96868e-11
      11.0000      276.097  2.61316e-08  5.92717e-11
      11.0000      276.328  2.26013e-08  4.51071e-11
      11.0000      276.558  2.28833e-08  4.91499e-11
      11.0000      276.789  2.09273e-08  3.67134e-11
      11.0000      277.020  2.27375e-08  4.71668e-11
      11.0000      277.250  2.15789e-08  3.91107e-11
      11.0000      277.482  2.13222e-08  4.04718e-11
      11.0000      277.713  2.10556e-08  3.86361e-11
      11.0000      277.945  2.14027e-08  3.81968e-11
      11.0000      278.177  2.15559e-08  4.03146e-11
      11.0000      278.408  2.22425e-08  4.33481e-11
      11.0000      278.640  2.35076e-08  4.90605e-11
      11.0000      278.872  2.39058e-08  4.96098e-11
      11.0000      279.105  2.35476e-08  4.68937e-11
      11.0000      279.337  2.45786e-08  4.95705e-11
      11.0000      279.571  2.11078e-08  3.89835e-11
      11.0000      279.804  2.17810e-08  4.04522e-11
      11.0000      280.037  1.97411e-08  3.25807e-11
      11.0000      280.271  2.05304e-08  3.21805e-11
      11.0000      280.504  2.01460e-08  3.02155e-11
      11.0000      280.738  2.11264e-08  3.33565e-11
      11.0000      280.971  1.97499e-08  3.10348e-11
      11.0000      281.206  1.99059e-08  3.11395e-11
      11.0000      281.440  2.07039e-08  3.21680e-11
      11.0000      281.675  1.80630e-08  2.76593e-11
      11.0000      281.910  1.81368e-08  2.93589e-11
      11.0000      282.145  1.93538e-08  3.05924e-11
      11.0000      282.381  1.88635e-08  3.02870e-11
      11.0000      282.616  1.89413e-08  2.92670e-11
      11.0000      282.851  1.94185e-08  3.08451e-11
      11.0000      283.087  1.83988e-08  2.85776e-11
      11.0000      283.323  1.73964e-08  2.75106e-11
      11.0000      283.559  1.82828e-08  2.92252e-11
      11.0000      283.796  1.82820e-08  2.78546e-11
      11.0000      284.032  1.82056e-08  2.77166e-11
      11.0000      284.269  1.76467e-08  2.70697e-11
      11.0000      284.506  1.80195e-08  2.78246e-11
      11.0000      284.743  1.71333e-08  2.65479e-11
      11.0000      284.981  1.53997e-08  2.25866e-11
      11.0000      285.218  1.71358e-08  2.54279e-11
      11.0000      285.456  1.74418e-08  2.60112e-11
      11.0000      285.694  1.68951e-08  2.62545e-11
      11.0000      285.932  1.56398e-08  2.40231e-11
      11.0000      286.171  1.57818e-08  2.34325e-11
      11.0000      286.409  1.70473e-08  2.53841e-11
      11.0000      286.648  1.68140e-08  2.57632e-11
      11.0000      286.887  1.60746e-08  2.51856e-11
      11.0000      287.126  1.55969e-08  2.40544e-11
      11.0000      287.365  1.53808e-08  2.30754e-11
      11.0000      287.605  1.47461e-08  2.21910e-11
      11.0000      287.844  1.62192e-08  2.59385e-11
      11.0000      288.085  1.63240e-08  2.65468e-11
      11.0000      288.325  1.59186e-08  2.63848e-11
      11.0000      288.565  1.54276e-08  2.53215e-11
      11.0000      288.806  1.49860e-08  2.54405e-11
      11.0000      289.047  1.44860e-08  2.62577e-11
      11.0000      289.287  1.52402e-08  2.82848e-11
      11.0000      289.529  1.44373e-08  2.59137e-11
      11.0000      289.770  1.48032e-08  2.69616e-11
      11.0000      290.011  1.45473e-08  2.67744e-11
      11.0000      290.254  1.38076e-08  2.53640e-11
      11.0000      290.495  1.47638e-08  2.74478e-11
      11.0000      290.737  1.41892e-08  2.52978e-11
      11.0000      290.980  1.35986e-08  2.32312e-11
      11.0000      291.223  1.36651e-08  2.38102e-11
      11.0000      291.465  1.36650e-08  2.46562e-11
      11.0000      291.708  1.39704e-08  2.54623e-11
      11.0000      291.951  1.45953e-08  2.77732e-11
      11.0000      292.195  1.41164e-08  2.71059e-11
      11.0000      292.439  1.44905e-08  2.88777e-11
      11.0000      292.683  1.35696e-08  2.79772e-11
      11.0000      292.926  1.26776e-08  2.59689e-11
      11.0000      293.171  1.41433e-08  2.92222e-11
      12.0000      295.377  1.48629e-08  2.82055e-11
      12.0000      295.624  1.40528e-08  2.58435e-11
      12.0000      295.870  1.36367e-08  2.71690e-11
      12.0000      296.117  1.31198e-08  2.59284e-11
      12.0000      296.364  1.32972e-08  2.54850e-11
      12.0000      296.611  1.27424e-08  2.32008e-11
      12.0000      296.858  1.27319e-08  2.29966e-11
      12.0000      297.105  1.30538e-08  2.42263e-11
      12.0000      297.354  1.20722e-08  2.19035e-11
      12.0000      297.601  1.27331e-08  2.24080e-11
      12.0000      297.850  1.26103e-08  1.97386e-11
      12.0000      298.097  1.17480e-08  1.67767e-11
      12.0000      298.346  1.23768e-08  1.91804e-11
      12.0000      298.595  1.22885e-08  1.99831e-11
      12.0000      298.844  1.21114e-08  1.98226e-11
      12.0000      299.093  1.19377e-08  1.83894e-11
      12.0000      299.342  1.18074e-08  1.72601e-11
      12.0000      299.592  1.12989e-08  1.64209e-11
      12.0000      299.842  1.10767e-08  1.66784e-11
      12.0000      300.091  1.13459e-08  1.77768e-11
      12.0000      300.342  1.14551e-08  1.74753e-11
      12.0000      300.592  1.10784e-08  1.68101e-11
      12.0000      300.843  1.07275e-08  1.61753e-11
      12.0000      301.093  1.12143e-08  2.29954e-11
      12.0000      301.345  1.16514e-08  1.24669e-10
      12.0000      301.595  1.15230e-08  1.48648e-11
      12.0000      301.848  1.13328e-08  1.44615e-11
      12.0000      302.099  1.11089e-08  1.53608e-11
      12.0000      302.350  1.08244e-08  1.55929e-11
      12.0000      302.603  1.05936e-08  1.48483e-11
      12.0000      302.855  1.07518e-08  1.39294e-11
      12.0000      303.107  1.09326e-08  1.40519e-11
      12.0000      303.360  1.03670e-08  1.37010e-11
      12.0000      303.614  1.02201e-08  1.30424e-11
      12.0000      303.866  1.05256e-08  1.33054e-11
      12.0000      304.120  1.05652e-08  1.35626e-11
      12.0000      304.373  1.02787e-08  1.37628e-11
      12.0000      304.627  1.00643e-08  1.38468e-11
      12.0000      304.881  1.01927e-08  1.31856e-11
      12.0000      305.135  9.99857e-09  1.18662e-11
      12.0000      305.389  1.00168e-08  1.16391e-11
      12.0000      305.644  9.79412e-09  1.15894e-11
      12.0000      305.899  9.86478e-09  1.19238e-11
      12.0000      306.154  9.82413e-09  1.16466e-11
      12.0000      306.409  9.95720e-09  1.22085e-11
      12.0000      306.665  9.75489e-09  1.29215e-11
      12.0000      306.921  9.57377e-09  1.35187e-11
      12.0000      307.176  9.83143e-09  1.36764e-11
      12.0000      307.432  9.50382e-09  1.23320e-11
      12.0000      307.689  9.32238e-09  1.16142e-11
      12.0000      307.945  9.38506e-09  1.16311e-11
      12.0000      308.202  9.71844e-09  1.22897e-11
      12.0000      308.458  1.01999e-08  1.13254e-11
      12.0000      308.715  9.86655e-09  1.02944e-11
      12.0000      308.973  9.24702e-09  9.95253e-12
      12.0000      309.231  9.12679e-09  1.06107e-11
      12.0000      309.488  9.10394e-09  1.08516e-11
      12.0000      309.746  9.19703e-09  1.10739e-11
      12.0000      310.004  9.07355e-09  1.12856e-11
      12.0000      310.263  8.76258e-09  1.15445e-11
      12.0000      310.522  8.81491e-09  1.19577e-11
      12.0000      310.781  8.93234e-09  1.15812e-11
      12.0000      311.040  8.92740e-09  1.08315e-11
      12.0000      311.300  9.00588e-09  1.09532e-11
      12.0000      311.559  8.76992e-09  1.09888e-11
      12.0000      311.819  8.83836e-09  1.09439e-11
      12.0000      312.079  9.02405e-09  1.06331e-11
      12.0000      312.339  8.75637e-09  1.00864e-11
      12.0000      312.599  8.61990e-09  1.06089e-11
      12.0000      312.860  8.60887e-09  1.09625e-11
      12.0000      313.120  8.76880e-09  1.08734e-11
      12.0000      313.381  8.56448e-09  1.01423e-11
      12.0000      313.643  8.34010e-09  9.88913e-12
      12.0000      313.905  8.30502e-09  1.03598e-11
      12.0000      314.166  8.32141e-09  1.10812e-11
      12.0000      314.428  8.37393e-09  1.14331e-11
      12.0000      314.690  8.37732e-09  1.12207e-11
      12.0000      314.953  8.29825e-09  1.10686e-11
      12.0000      315.215  8.28943e-09  1.05810e-11
      12.0000      315.477  8.46173e-09  9.82794e-12
      12.0000      315.740  8.61900e-09  9.43704e-12
      12.0000      316.004  8.52584e-09  9.74134e-12
      12.0000      316.268  8.35391e-09  1.06568e-11
      12.0000      316.531  8.33638e-09  1.10794e-11
      12.0000      316.795  8.27258e-09  1.04140e-11
      12.0000      317.059  8.01212e-09  9.89898e-12
      12.0000      317.323  7.89209e-09  1.02357e-11
      12.0000      317.587  8.01450e-09  1.06411e-11
      12.0000      317.853  8.14528e-09  1.01282e-11
      12.0000      318.118  7.98968e-09  1.07172e-11
      12.0000      318.383  7.53218e-09  1.23196e-11
      12.0000      318.648  7.74354e-09  1.15906e-11
      12.0000      318.914  7.82043e-09  1.07027e-11
      13.0000      319.180  7.67420e-09  1.17247e-11
      13.0000      319.446  7.70510e-09  1.20867e-11
      13.0000      319.713  7.75571e-09  1.46812e-11
      13.0000      319.978  7.45395e-09  1.57040e-11
      13.0000      320.246  7.44863e-09  1.42011e-11
      13.0000      320.513  7.72907e-09  1.21600e-11
      13.0000      320.780  7.60252e-09  1.12368e-11
      13.0000      321.047  7.51640e-09  1.18092e-11
      13.0000      321.315  7.54054e-09  1.16669e-11
      13.0000      321.583  7.50429e-09  1.01848e-11
      13.0000      321.851  7.52753e-09  9.15451e-12
      13.0000      322.119  7.34888e-09  8.73709e-12
      13.0000      322.387  7.20808e-09  8.79918e-12
      13.0000      322.657  7.18449e-09  8.97912e-12
      13.0000      322.925  7.36000e-09  9.41677e-12
      13.0000      323.195  7.33949e-09  1.02212e-11
      13.0000      323.464  7.16860e-09  1.04645e-11
      13.0000      323.734  7.32203e-09  9.61196e-12
      13.0000      324.003  7.26945e-09  8.16784e-12
      13.0000      324.273  7.15533e-09  7.81359e-12
      13.0000      324.544  6.93942e-09  8.15317e-12
      13.0000      324.815  6.93675e-09  8.41915e-12
      13.0000      325.085  7.13216e-09  7.95104e-12
      13.0000      325.357  7.03615e-09  7.34698e-12
      13.0000      325.628  6.78992e-09  7.22709e-12
      13.0000      325.900  6.60591e-09  7.20022e-12
      13.0000      326.171  6.68615e-09  7.13263e-12
      13.0000      326.443  6.84721e-09  7.39386e-12
      13.0000      326.715  6.80098e-09  8.22415e-12
      13.0000      326.988  6.67853e-09  9.26808e-12
      13.0000      327.259  6.80857e-09  9.15316e-12
      13.0000      327.533  7.10037e-09  7.98579e-12
      13.0000      327.805  6.88538e-09  7.03708e-12
      13.0000      328.079  6.62418e-09  6.57780e-12
      13.0000      328.352  6.60762e-09  6.31005e-12
      13.0000      328.626  6.66688e-09  6.01129e-12
      13.0000      328.900  6.55239e-09  6.09934e-12
      13.0000      329.175  6.40209e-09  7.09796e-12
      13.0000      329.449  6.37041e-09  8.17662e-12
      13.0000      329.724  6.44348e-09  8.05667e-12
      13.0000      329.998  6.51106e-09  7.67556e-12
      13.0000      330.274  6.40206e-09  7.58212e-12
      13.0000      330.549  6.32783e-09  7.43411e-12
      13.0000      330.825  6.40894e-09  6.66630e-12
      13.0000      331.101  6.50988e-09  5.82942e-12
      13.0000      331.376  6.46284e-09  5.67509e-12
      13.0000      331.653  6.31054e-09  5.95498e-12
      13.0000      331.929  6.26560e-09  6.23977e-12
      13.0000      332.206  6.33446e-09  6.24449e-12
      13.0000      332.483  6.27742e-09  6.70898e-12
      13.0000      332.760  6.08777e-09  7.61333e-12
      13.0000      333.037  6.10121e-09  8.19318e-12
      13.0000      333.316  6.28006e-09  7.89388e-12
      13.0000      333.592  6.33853e-09  7.40419e-12
      13.0000      333.871  6.13243e-09  7.00154e-12
      13.0000      334.150  6.14798e-09  6.92527e-12
      13.0000      334.428  6.26042e-09  6.20055e-12
      13.0000      334.707  6.29749e-09  5.48402e-12
      13.0000      334.986  6.18687e-09  5.40129e-12
      13.0000      335.264  6.07577e-09  5.73331e-12
      13.0000      335.545  6.04862e-09  5.83419e-12
      13.0000      335.824  6.01541e-09  5.79420e-12
      13.0000      336.104  5.88491e-09  6.15016e-12
      13.0000      336.384  5.93864e-09  7.16787e-12
      13.0000      336.665  5.98833e-09  7.48734e-12
      13.0000      336.945  6.05081e-09  7.16373e-12
      13.0000      337.226  6.00700e-09  7.09418e-12
      13.0000      337.507  6.22130e-09  7.93009e-12
      13.0000      337.789  5.84720e-09  7.29359e-12
      13.0000      338.071  6.06276e-09  6.94679e-12
      13.0000      338.352  6.01236e-09  6.64430e-12
      13.0000      338.634  5.77554e-09  6.93147e-12
      13.0000      338.916  5.57669e-09  7.30056e-12
      13.0000      339.199  5.72405e-09  7.48186e-12
      13.0000      339.482  5.65761e-09  7.25394e-12
      13.0000      339.765  5.56523e-09  7.69873e-12
      13.0000      340.048  5.70172e-09  9.02909e-12
      13.0000      340.332  5.77572e-09  8.02988e-12
      13.0000      340.616  5.82965e-09  7.48047e-12
      13.0000      340.899  5.65384e-09  7.30024e-12
      13.0000      341.184  5.59422e-09  7.38243e-12
      13.0000      341.468  5.61525e-09  7.03906e-12
      13.0000      341.753  5.59741e-09  6.42198e-12
      13.0000      342.038  5.45280e-09  6.39691e-12
      13.0000      342.323  5.31726e-09  6.88757e-12
      13.0000      342.608  5.44676e-09  7.42171e-12
      13.0000      342.894  5.49677e-09  7.29433e-12
      13.0000      343.180  5.43393e-09  7.41144e-12
      14.0000      343.180  5.39819e-09  9.80918e-12
      13.0000      343.466  5.38958e-09  8.07273e-12
      14.0000      343.466  5.26415e-09  1.10530e-11
      13.0000      343.752  5.49327e-09  8.27662e-12
      14.0000      343.752  5.24134e-09  1.08297e-11
      13.0000      344.039  5.60480e-09  7.73904e-12
      14.0000      344.039  5.42399e-09  8.85988e-12
      13.0000      344.325  5.52153e-09  7.57604e-12
      14.0000      344.325  5.39077e-09  7.88201e-12
      13.0000      344.612  5.35972e-09  7.96528e-12
      14.0000      344.612  5.30382e-09  8.43111e-12
      14.0000      344.900  5.21080e-09  9.00811e-12
      14.0000      345.187  5.28547e-09  8.46472e-12
      14.0000      345.476  5.17046e-09  7.52853e-12
      14.0000      345.764  5.02100e-09  7.46966e-12
      14.0000      346.052  5.01754e-09  7.45896e-12
      14.0000      346.340  5.16854e-09  7.34579e-12
      14.0000      346.629  5.24021e-09  8.00937e-12
      14.0000      346.917  5.09549e-09  8.87390e-12
      14.0000      347.207  5.06178e-09  8.87515e-12
      14.0000      347.496  5.19444e-09  7.45102e-12
      14.0000      347.786  5.17960e-09  6.35559e-12
      14.0000      348.077  5.00392e-09  6.28891e-12
      14.0000      348.367  4.94933e-09  6.69076e-12
      14.0000      348.657  5.01634e-09  6.77676e-12
      14.0000      348.948  4.98443e-09  7.09178e-12
      14.0000      349.239  4.82708e-09  7.68244e-12
      14.0000      349.529  4.94138e-09  8.40132e-12
      14.0000      349.820  5.13596e-09  7.76301e-12
      14.0000      350.112  5.12778e-09  7.17988e-12
      14.0000      350.404  5.04732e-09  7.34256e-12
      14.0000      350.696  5.11882e-09  7.79460e-12
      14.0000      350.989  5.31824e-09  7.63166e-12
      14.0000      351.281  5.29505e-09  7.05352e-12
      14.0000      351.574  5.02447e-09  6.86441e-12
      14.0000      351.867  4.80654e-09  6.71241e-12
      14.0000      352.161  4.71176e-09  6.16331e-12
      14.0000      352.454  4.66481e-09  5.53356e-12
      14.0000      352.749  4.59984e-09  5.57660e-12
      14.0000      353.043  4.49338e-09  6.09376e-12
      14.0000      353.337  4.52591e-09  6.11070e-12
      14.0000      353.632  4.66286e-09  6.03256e-12
      14.0000      353.926  4.61816e-09  6.36843e-12
      14.0000      354.221  5.06090e-09  7.14349e-12
      14.0000      354.517  4.82944e-09  6.37954e-12
      14.0000      354.812  4.52728e-09  5.21018e-12
      14.0000      355.107  4.49404e-09  4.97202e-12
      14.0000      355.404  4.42119e-09  5.14241e-12
      14.0000      355.700  4.43530e-09  5.08215e-12
      14.0000      355.996  4.47438e-09  4.90257e-12
      14.0000      356.294  4.41775e-09  5.21887e-12
      14.0000      356.590  4.38193e-09  5.90927e-12
      14.0000      356.888  4.48226e-09  5.99891e-12
      14.0000      357.185  4.60018e-09  5.83703e-12
      14.0000      357.482  4.49828e-09  5.96738e-12
      14.0000      357.780  4.32577e-09  6.20618e-12
      14.0000      358.079  4.38083e-09  5.86852e-12
      14.0000      358.378  4.37570e-09  5.19107e-12
      14.0000      358.676  4.30610e-09  4.99149e-12
      14.0000      358.976  4.21569e-09  5.12495e-12
      14.0000      359.275  4.30305e-09  5.00894e-12
      14.0000      359.575  4.31030e-09  4.69047e-12
      14.0000      359.874  4.22065e-09  4.75496e-12
      14.0000      360.175  4.17692e-09  4.99254e-12
      14.0000      360.475  4.25825e-09  4.83263e-12
      14.0000      360.775  4.27045e-09  4.63682e-12
      14.0000      361.076  4.12908e-09  4.87239e-12
      14.0000      361.377  4.06613e-09  5.19612e-12
      14.0000      361.678  4.15013e-09  5.15153e-12
      14.0000      361.979  4.16785e-09  5.18087e-12
      14.0000      362.282  4.07697e-09  5.70413e-12
      14.0000      362.583  4.05378e-09  6.23172e-12
      14.0000      362.886  4.11777e-09  6.08862e-12
      14.0000      363.189  4.10418e-09  5.80058e-12
      14.0000      363.491  4.02353e-09  6.11575e-12
      14.0000      363.794  3.99639e-09  6.25152e-12
      14.0000      364.097  4.03295e-09  5.73573e-12
      14.0000      364.401  3.99084e-09  5.35457e-12
      14.0000      364.704  3.92411e-09  5.54345e-12
      14.0000      365.009  3.91772e-09  5.70412e-12
      14.0000      365.313  3.93467e-09  5.33575e-12
      14.0000      365.617  3.91067e-09  5.14185e-12
      14.0000      365.922  3.75924e-09  5.37151e-12
      14.0000      366.228  3.80671e-09  5.57472e-12
      14.0000      366.533  3.89412e-09  5.31422e-12
      14.0000      366.838  3.88002e-09  5.16007e-12
      14.0000      367.144  3.76506e-09  5.40022e-12
      15.0000      367.144  3.71539e-09  8.39313e-12
      14.0000      367.450  3.78698e-09  5.55441e-12
      15.0000      367.450  3.70397e-09  8.49594e-12
      14.0000      367.757  3.84751e-09  5.22309e-12
      15.0000      367.757  3.75223e-09  8.51625e-12
      14.0000      368.062  3.76256e-09  5.10981e-12
      15.0000      368.062  3.75403e-09  8.42635e-12
      14.0000      368.370  3.64774e-09  5.40374e-12
      15.0000      368.370  3.63934e-09  8.14568e-12
      14.0000      368.677  3.71120e-09  5.62309e-12
      15.0000      368.677  3.62404e-09  7.21894e-12
      14.0000      368.985  3.73714e-09  5.34889e-12
      15.0000      368.985  3.66291e-09  6.42629e-12
      14.0000      369.293  3.68198e-09  5.39988e-12
      15.0000      369.293  3.61109e-09  6.75392e-12
      14.0000      369.600  3.62051e-09  5.98016e-12
      15.0000      369.600  3.51450e-09  7.77524e-12
      14.0000      369.909  3.63282e-09  6.02550e-12
      15.0000      369.909  3.55634e-09  7.59550e-12
      14.0000      370.217  3.69684e-09  5.80386e-12
      15.0000      370.217  3.58365e-09  6.48323e-12
      14.0000      370.525  3.61725e-09  5.87702e-12
      15.0000      370.525  3.51930e-09  5.95790e-12
      15.0000      370.835  3.46098e-09  5.99063e-12
      15.0000      371.143  3.51195e-09  5.81504e-12
      15.0000      371.453  3.58045e-09  6.07749e-12
      15.0000      371.762  3.45771e-09  6.55080e-12
      15.0000      372.072  3.38734e-09  6.55700e-12
      15.0000      372.383  3.41247e-09  5.56342e-12
      15.0000      372.692  3.41229e-09  4.81779e-12
      15.0000      373.003  3.34397e-09  4.91810e-12
      15.0000      373.314  3.32250e-09  5.15763e-12
      15.0000      373.626  3.37428e-09  5.16239e-12
      15.0000      373.937  3.34056e-09  5.46197e-12
      15.0000      374.249  3.26200e-09  5.77783e-12
      15.0000      374.561  3.28590e-09  5.41217e-12
      15.0000      374.873  3.32005e-09  4.63054e-12
      15.0000      375.185  3.26968e-09  4.36688e-12
      15.0000      375.498  3.21290e-09  4.45261e-12
      15.0000      375.811  3.25776e-09  4.46266e-12
      15.0000      376.125  3.28852e-09  4.45454e-12
      15.0000      376.438  3.18646e-09  4.86459e-12
      15.0000      376.753  3.10371e-09  5.27568e-12
      15.0000      377.067  3.15958e-09  4.83530e-12
      15.0000      377.381  3.19135e-09  4.28000e-12
      15.0000      377.695  3.09426e-09  4.16484e-12
      15.0000      378.010  3.06311e-09  4.13974e-12
      15.0000      378.325  3.11816e-09  3.86469e-12
      15.0000      378.640  3.10981e-09  3.84387e-12
      15.0000      378.956  3.01281e-09  4.19105e-12
      15.0000      379.272  3.00464e-09  4.41887e-12
      15.0000      379.589  3.08525e-09  4.36532e-12
      15.0000      379.905  2.99537e-09  4.50167e-12
      15.0000      380.222  2.89234e-09  4.55120e-12
      15.0000      380.539  2.95173e-09  4.29117e-12
      15.0000      380.855  2.99701e-09  3.84708e-12
      15.0000      381.173  2.88876e-09  3.69762e-12
      15.0000      381.492  2.86446e-09  3.78582e-12
      15.0000      381.809  2.92505e-09  3.57941e-12
      15.0000      382.127  2.92553e-09  3.38262e-12
      15.0000      382.446  2.83293e-09  3.58305e-12
      15.0000      382.765  2.83491e-09  3.79899e-12
      15.0000      383.085  2.86792e-09  3.72094e-12
      15.0000      383.403  2.80747e-09  3.91733e-12
      15.0000      383.723  2.71790e-09  4.52669e-12
      15.0000      384.044  2.78190e-09  4.80675e-12
      15.0000      384.363  2.79990e-09  4.29615e-12
      15.0000      384.683  2.72751e-09  4.18255e-12
      15.0000      385.005  2.69355e-09  4.20385e-12
      15.0000      385.325  2.76033e-09  3.85424e-12
      15.0000      385.646  2.77751e-09  3.40972e-12
      15.0000      385.968  2.65655e-09  3.28807e-12
      15.0000      386.290  2.60285e-09  3.34001e-12
      15.0000      386.612  2.65667e-09  3.21014e-12
      15.0000      386.934  2.62240e-09  3.18887e-12
      15.0000      387.256  2.53059e-09  3.43071e-12
      15.0000      387.580  2.55931e-09  3.55151e-12
      15.0000      387.902  2.61825e-09  3.41251e-12
      15.0000      388.226  2.56858e-09  3.44601e-12
      15.0000      388.550  2.51677e-09  3.60715e-12
      15.0000      388.874  2.56859e-09  3.45570e-12
      15.0000      389.197  2.57267e-09  3.30659e-12
      15.0000      389.522  2.47249e-09  3.53915e-12
      15.0000      389.847  2.43622e-09  3.81535e-12
      15.0000      390.172  2.49097e-09  3.81345e-12
      15.0000      390.497  2.45046e-09  3.91992e-12
      15.0000      390.823  2.37245e-09  4.46846e-12
      15.0000      391.149  2.42786e-09  4.54511e-12
      16.0000      391.149  2.35769e-09  8.95937e-12
      15.0000      391.475  2.49026e-09  4.24883e-12
      16.0000      391.475  2.39624e-09  7.19859e-12
      15.0000      391.802  2.41714e-09  4.34835e-12
      16.0000      391.802  2.36439e-09  6.57067e-12
      15.0000      392.128  2.35923e-09  4.54341e-12
      16.0000      392.128  2.29339e-09  6.99096e-12
      15.0000      392.455  2.40867e-09  4.32887e-12
      16.0000      392.455  2.32552e-09  6.77641e-12
      15.0000      392.782  2.40310e-09  4.07487e-12
      16.0000      392.782  2.38580e-09  6.26207e-12
      15.0000      393.110  2.28332e-09  4.38415e-12
      16.0000      393.110  2.26388e-09  5.74977e-12
      15.0000      393.437  2.26916e-09  4.83941e-12
      16.0000      393.437  2.23324e-09  5.61361e-12
      15.0000      393.766  2.33610e-09  4.99304e-12
      16.0000      393.766  2.28076e-09  5.24383e-12
      15.0000      394.093  2.34220e-09  4.88559e-12
      16.0000      394.093  2.28518e-09  5.50154e-12
      15.0000      394.421  2.27642e-09  5.40222e-12
      16.0000      394.421  2.22447e-09  6.58664e-12
      15.0000      394.751  2.28271e-09  5.58637e-12
      16.0000      394.751  2.20071e-09  6.47802e-12
      15.0000      395.080  2.36216e-09  4.81202e-12
      16.0000      395.080  2.27004e-09  5.31818e-12
      15.0000      395.409  2.28555e-09  4.81394e-12
      16.0000      395.409  2.21297e-09  4.58413e-12
      15.0000      395.739  2.23055e-09  4.90046e-12
      16.0000      395.739  2.15745e-09  4.35882e-12
      15.0000      396.069  2.28489e-09  4.57513e-12
      16.0000      396.069  2.20133e-09  4.07777e-12
      15.0000      396.399  2.23920e-09  4.43840e-12
      16.0000      396.399  2.20028e-09  4.19167e-12
      16.0000      396.729  2.09166e-09  5.09417e-12
      16.0000      397.060  2.08190e-09  5.64739e-12
      16.0000      397.392  2.12372e-09  4.62307e-12
      16.0000      397.722  2.11887e-09  4.17703e-12
      16.0000      398.054  2.07145e-09  4.12837e-12
      16.0000      398.386  2.10542e-09  3.80581e-12
      16.0000      398.718  2.15196e-09  3.64984e-12
      16.0000      399.050  2.05202e-09  3.96311e-12
      16.0000      399.383  2.02105e-09  4.33187e-12
      16.0000      399.717  2.04789e-09  3.96236e-12
      16.0000      400.050  2.00854e-09  3.66011e-12
      16.0000      400.383  1.93887e-09  3.73867e-12
      16.0000      400.716  1.97695e-09  3.64805e-12
      16.0000      401.051  2.00421e-09  3.40180e-12
      16.0000      401.386  1.96046e-09  3.53440e-12
      16.0000      401.719  1.94232e-09  3.66869e-12
      16.0000      402.055  1.98705e-09  3.55982e-12
      16.0000      402.390  1.95967e-09  3.60301e-12
      16.0000      402.726  1.86712e-09  3.70210e-12
      16.0000      403.062  1.88077e-09  3.49094e-12
      16.0000      403.397  1.90025e-09  3.14809e-12
      16.0000      403.734  1.84285e-09  3.20321e-12
      16.0000      404.070  1.83313e-09  3.29552e-12
      16.0000      404.406  1.88223e-09  3.09384e-12
      16.0000      404.744  1.86421e-09  3.03350e-12
      16.0000      405.081  1.81092e-09  3.21174e-12
      16.0000      405.420  1.83274e-09  3.20656e-12
      16.0000      405.757  1.84539e-09  3.16736e-12
      16.0000      406.095  1.75722e-09  3.46520e-12
      16.0000      406.435  1.72125e-09  3.66057e-12
      16.0000      406.774  1.76818e-09  3.37086e-12
      16.0000      407.111  1.75802e-09  3.18167e-12
      16.0000      407.451  1.69239e-09  3.22113e-12
      16.0000      407.790  1.73781e-09  3.09333e-12
      16.0000      408.132  1.76601e-09  2.73372e-12
      16.0000      408.472  1.70223e-09  2.65782e-12
      16.0000      408.812  1.68117e-09  2.67676e-12
      16.0000      409.152  1.70960e-09  2.57391e-12
      16.0000      409.494  1.65777e-09  2.70882e-12
      16.0000      409.834  1.60237e-09  3.13030e-12
      16.0000      410.177  1.63259e-09  3.26065e-12
      16.0000      410.519  1.66263e-09  3.32961e-12
      16.0000      410.862  1.60261e-09  3.71771e-12
      16.0000      411.203  1.61877e-09  3.88743e-12
      16.0000      411.546  1.67332e-09  3.51856e-12
      16.0000      411.889  1.63162e-09  3.30545e-12
      16.0000      412.233  1.55357e-09  3.34930e-12
      16.0000      412.577  1.57758e-09  3.20716e-12
      16.0000      412.919  1.58662e-09  2.97681e-12
      16.0000      413.264  1.50725e-09  3.08933e-12
      16.0000      413.609  1.51375e-09  3.36274e-12
      16.0000      413.954  1.56042e-09  3.12821e-12
      16.0000      414.298  1.54641e-09  2.98952e-12
      16.0000      414.644  1.51014e-09  3.05110e-12
      16.0000      414.989  1.54569e-09  2.87535e-12
      16.0000      415.336  1.53275e-09  2.60196e-12
      17.0000      415.336  1.50305e-09  7.36639e-12
      16.0000      415.683  1.46995e-09  2.66324e-12
      17.0000      415.683  1.39811e-09  7.14341e-12
      16.0000      416.029  1.46283e-09  2.78787e-12
      17.0000      416.029  1.34046e-09  7.15576e-12
      16.0000      416.375  1.47653e-09  2.74991e-12
      17.0000      416.375  1.42424e-09  7.69035e-12
      16.0000      416.722  1.43473e-09  2.87307e-12
      17.0000      416.722  1.39266e-09  7.64544e-12
      16.0000      417.070  1.41562e-09  3.08270e-12
      17.0000      417.070  1.38200e-09  7.84484e-12
      16.0000      417.418  1.46685e-09  3.03628e-12
      17.0000      417.418  1.45664e-09  6.67005e-12
      16.0000      417.767  1.46677e-09  2.93727e-12
      17.0000      417.767  1.40945e-09  5.64584e-12
      16.0000      418.114  1.43830e-09  2.99272e-12
      17.0000      418.114  1.37834e-09  5.79087e-12
      16.0000      418.463  1.44975e-09  2.89458e-12
      17.0000      418.463  1.40040e-09  5.87829e-12
      16.0000      418.811  1.45297e-09  2.76349e-12
      17.0000      418.811  1.41475e-09  5.47593e-12
      16.0000      419.161  1.37222e-09  2.88829e-12
      17.0000      419.161  1.38403e-09  5.50804e-12
      16.0000      419.511  1.34832e-09  3.07232e-12
      17.0000      419.511  1.31444e-09  5.01712e-12
      16.0000      419.859  1.39024e-09  3.11234e-12
      17.0000      419.859  1.35144e-09  4.50181e-12
      16.0000      420.210  1.35829e-09  3.20240e-12
      17.0000      420.210  1.32151e-09  4.46736e-12
      16.0000      420.560  1.32014e-09  3.38505e-12
      17.0000      420.560  1.29317e-09  5.00475e-12
      16.0000      420.911  1.34354e-09  3.35523e-12
      17.0000      420.911  1.30173e-09  5.00358e-12
      16.0000      421.262  1.33914e-09  3.19439e-12
      17.0000      421.262  1.33242e-09  4.77770e-12
      16.0000      421.614  1.28843e-09  3.23451e-12
      17.0000      421.614  1.27149e-09  4.51488e-12
      16.0000      421.964  1.28820e-09  3.28245e-12
      17.0000      421.964  1.27539e-09  3.93544e-12
      16.0000      422.317  1.30063e-09  3.18838e-12
      17.0000      422.317  1.28496e-09  3.37455e-12
      17.0000      422.669  1.24794e-09  3.47288e-12
      17.0000      423.021  1.22372e-09  3.80483e-12
      17.0000      423.374  1.26165e-09  3.90175e-12
      17.0000      423.727  1.24496e-09  4.19145e-12
      17.0000      424.079  1.20190e-09  4.35798e-12
      17.0000      424.434  1.22570e-09  3.72860e-12
      17.0000      424.787  1.24102e-09  3.14785e-12
      17.0000      425.141  1.19481e-09  3.02743e-12
      17.0000      425.496  1.17999e-09  2.96021e-12
      17.0000      425.851  1.20388e-09  2.87733e-12
      17.0000      426.205  1.16319e-09  3.21564e-12
      17.0000      426.561  1.14896e-09  3.64314e-12
      17.0000      426.916  1.17822e-09  3.60959e-12
      17.0000      427.272  1.16757e-09  3.42227e-12
      17.0000      427.628  1.13186e-09  3.24236e-12
      17.0000      427.985  1.14806e-09  2.87777e-12
      17.0000      428.343  1.15462e-09  2.49706e-12
      17.0000      428.699  1.10740e-09  2.51370e-12
      17.0000      429.056  1.10080e-09  2.54800e-12
      17.0000      429.415  1.11719e-09  2.50349e-12
      17.0000      429.771  1.08995e-09  2.74180e-12
      17.0000      430.130  1.07414e-09  3.01792e-12
      17.0000      430.489  1.11347e-09  2.99261e-12
      17.0000      430.847  1.09701e-09  3.02120e-12
      17.0000      431.207  1.06108e-09  3.11594e-12
      17.0000      431.566  1.07444e-09  2.76330e-12
      17.0000      431.926  1.07314e-09  2.43987e-12
      17.0000      432.287  1.03313e-09  2.43081e-12
      17.0000      432.646  1.03095e-09  2.41463e-12
      17.0000      433.007  1.04237e-09  2.25533e-12
      17.0000      433.368  1.01927e-09  2.26417e-12
      17.0000      433.730  1.01306e-09  2.29473e-12
      17.0000      434.092  1.02725e-09  2.21026e-12
      17.0000      434.452  1.00277e-09  2.23885e-12
      17.0000      434.815  9.83727e-10  2.39169e-12
      17.0000      435.178  9.96271e-10  2.36614e-12
      17.0000      435.540  9.83854e-10  2.46271e-12
      17.0000      435.905  9.58298e-10  2.78080e-12
      17.0000      436.268  9.80111e-10  2.87922e-12
      17.0000      436.630  9.91827e-10  2.81971e-12
      17.0000      436.994  9.39423e-10  2.85706e-12
      17.0000      437.359  9.40086e-10  2.85838e-12
      17.0000      437.723  9.61663e-10  2.44725e-12
      17.0000      438.089  9.20279e-10  2.42888e-12
      17.0000      438.454  9.03599e-10  2.45439e-12
      17.0000      438.820  9.19560e-10  2.30471e-12
      17.0000      439.186  9.13372e-10  2.28206e-12
      17.0000      439.551  8.95373e-10  2.34674e-12
      18.0000      439.551  8.67632e-10  9.14554e-12
      17.0000      439.918  9.11827e-10  2.26389e-12
      18.0000      439.918  9.00289e-10  7.74337e-12
      17.0000      440.284  9.02566e-10  2.17441e-12
      18.0000      440.284  9.07209e-10  7.55126e-12
      17.0000      440.651  8.69487e-10  2.32023e-12
      18.0000      440.651  9.28809e-10  8.66881e-12
      17.0000      441.018  8.79743e-10  2.24994e-12
      18.0000      441.018  8.85868e-10  7.66700e-12
      17.0000      441.386  8.79662e-10  2.11238e-12
      18.0000      441.386  8.65788e-10  6.08220e-12
      17.0000      441.755  8.60234e-10  2.23009e-12
      18.0000      441.755  8.54287e-10  5.86314e-12
      17.0000      442.124  8.67696e-10  2.25211e-12
      18.0000      442.124  8.39543e-10  5.51494e-12
      17.0000      442.492  8.66373e-10  2.20038e-12
      18.0000      442.492  8.55716e-10  5.37130e-12
      17.0000      442.860  8.46441e-10  2.25592e-12
      18.0000      442.860  8.30115e-10  6.02461e-12
      17.0000      443.229  8.56157e-10  2.27078e-12
      18.0000      443.229  8.15571e-10  5.78960e-12
      17.0000      443.599  8.60912e-10  2.18701e-12
      18.0000      443.599  8.38803e-10  4.68779e-12
      17.0000      443.969  8.29647e-10  2.21790e-12
      18.0000      443.969  8.02408e-10  4.10470e-12
      17.0000      444.340  8.18709e-10  2.28353e-12
      18.0000      444.340  7.87342e-10  3.95850e-12
      17.0000      444.709  8.28707e-10  2.26329e-12
      18.0000      444.709  7.96288e-10  3.76576e-12
      17.0000      445.079  7.99914e-10  2.35005e-12
      18.0000      445.079  7.89574e-10  4.05521e-12
      17.0000      445.452  7.89814e-10  2.50687e-12
      18.0000      445.452  7.73712e-10  4.66678e-12
      17.0000      445.824  8.16721e-10  2.48313e-12
      18.0000      445.824  7.75234e-10  4.31099e-12
      17.0000      446.194  8.05309e-10  2.44320e-12
      18.0000      446.194  7.88067e-10  3.63445e-12
      17.0000      446.566  7.89907e-10  2.50677e-12
      18.0000      446.566  7.71576e-10  3.36927e-12
      17.0000      446.939  8.03957e-10  2.50328e-12
      18.0000      446.939  7.86370e-10  2.97670e-12
      17.0000      447.311  7.99310e-10  2.46657e-12
      18.0000      447.311  7.81349e-10  2.85060e-12
      17.0000      447.684  7.77420e-10  2.57187e-12
      18.0000      447.684  7.62965e-10  3.15483e-12
      17.0000      448.057  7.80870e-10  2.66454e-12
      18.0000      448.057  7.66528e-10  3.30385e-12
      17.0000      448.431  7.69404e-10  2.75348e-12
      18.0000      448.431  7.61526e-10  3.41517e-12
      18.0000      448.805  7.39536e-10  3.44617e-12
      18.0000      449.180  7.32333e-10  2.98719e-12
      18.0000      449.553  7.33986e-10  2.51693e-12
      18.0000      449.928  7.27055e-10  2.35864e-12
      18.0000      450.302  7.24842e-10  2.29679e-12
      18.0000      450.678  7.34810e-10  2.36510e-12
      18.0000      451.054  6.99011e-10  2.58741e-12
      18.0000      451.431  6.94027e-10  2.87647e-12
      18.0000      451.806  7.15425e-10  3.00416e-12
      18.0000      452.184  7.05551e-10  2.85388e-12
      18.0000      452.560  6.94867e-10  2.68386e-12
      18.0000      452.938  7.11735e-10  2.25529e-12
      18.0000      453.315  6.88443e-10  2.06690e-12
      18.0000      453.694  6.69758e-10  2.06694e-12
      18.0000      454.071  6.81011e-10  2.02644e-12
      18.0000      454.450  6.68529e-10  2.17240e-12
      18.0000      454.829  6.53082e-10  2.45938e-12
      18.0000      455.208  6.67338e-10  2.44623e-12
      18.0000      455.587  6.67099e-10  2.51140e-12
      18.0000      455.967  6.39419e-10  2.71068e-12
      18.0000      456.348  6.57434e-10  2.42057e-12
      18.0000      456.727  6.61127e-10  2.14303e-12
      18.0000      457.109  6.24779e-10  2.15590e-12
      18.0000      457.490  6.35635e-10  2.15400e-12
      18.0000      457.871  6.45587e-10  2.04792e-12
      18.0000      458.253  6.13340e-10  2.12635e-12
      18.0000      458.636  6.22233e-10  2.07943e-12
      18.0000      459.017  6.34333e-10  1.89584e-12
      18.0000      459.400  6.13767e-10  1.92641e-12
      18.0000      459.783  6.09715e-10  1.87475e-12
      18.0000      460.166  6.11660e-10  1.85091e-12
      18.0000      460.549  5.81884e-10  2.09001e-12
      18.0000      460.934  5.78179e-10  2.33937e-12
      18.0000      461.318  5.99064e-10  2.63977e-12
      18.0000      461.702  5.62387e-10  2.66794e-12
      18.0000      462.088  5.72399e-10  2.71809e-12
      18.0000      462.473  5.96644e-10  2.42806e-12
      18.0000      462.858  5.73739e-10  2.27728e-12
      18.0000      463.244  5.51297e-10  2.26247e-12
      18.0000      463.631  5.70524e-10  2.14541e-12
      19.0000      463.631  5.22783e-10  1.24731e-11
      18.0000      464.018  5.45748e-10  2.12908e-12
      19.0000      464.018  5.30131e-10  1.26097e-11
      18.0000      464.403  5.38791e-10  2.35589e-12
      19.0000      464.403  5.03934e-10  1.16774e-11
      18.0000      464.792  5.49114e-10  2.28627e-12
      19.0000      464.792  5.18160e-10  9.93412e-12
      18.0000      465.179  5.44786e-10  2.21995e-12
      19.0000      465.179  5.42265e-10  9.35270e-12
      18.0000      465.567  5.38633e-10  2.14952e-12
      19.0000      465.567  5.33765e-10  9.18279e-12
      18.0000      465.955  5.53223e-10  1.99161e-12
      19.0000      465.955  5.51991e-10  8.15639e-12
      18.0000      466.342  5.42169e-10  1.99208e-12
      19.0000      466.342  5.31373e-10  7.24872e-12
      18.0000      466.731  5.25906e-10  1.88896e-12
      19.0000      466.731  5.47783e-10  6.55033e-12
      18.0000      467.122  5.21572e-10  1.95532e-12
      19.0000      467.122  5.38483e-10  5.63463e-12
      18.0000      467.510  5.09988e-10  2.07157e-12
      19.0000      467.510  5.31272e-10  5.72193e-12
      18.0000      467.900  5.02811e-10  2.28196e-12
      19.0000      467.900  5.27298e-10  6.55273e-12
      18.0000      468.290  5.17959e-10  2.30600e-12
      19.0000      468.290  7.39843e-10  7.07116e-12
      18.0000      468.680  5.14425e-10  2.21039e-12
      19.0000      468.680  5.59652e-10  6.44923e-12
      18.0000      469.072  5.09574e-10  2.14383e-12
      19.0000      469.072  5.14933e-10  5.81027e-12
      18.0000      469.462  5.14514e-10  2.02252e-12
      19.0000      469.462  5.14947e-10  4.34686e-12
      18.0000      469.854  4.93256e-10  2.03139e-12
      19.0000      469.854  5.14446e-10  3.96209e-12
      18.0000      470.245  4.80156e-10  2.20024e-12
      19.0000      470.245  4.95216e-10  4.19116e-12
      18.0000      470.637  4.87963e-10  2.34904e-12
      19.0000      470.637  5.03121e-10  4.32492e-12
      18.0000      471.029  4.75045e-10  2.56108e-12
      19.0000      471.029  4.94125e-10  4.95257e-12
      18.0000      471.422  4.64793e-10  2.79868e-12
      19.0000      471.422  4.58099e-10  5.51195e-12
      18.0000      471.816  4.88263e-10  2.75321e-12
      19.0000      471.816  4.88409e-10  4.68579e-12
      18.0000      472.208  4.90816e-10  2.61683e-12
      19.0000      472.208  4.91408e-10  3.77144e-12
      18.0000      472.603  4.81620e-10  2.62330e-12
      19.0000      472.603  4.75286e-10  3.43254e-12
      18.0000      472.997  4.84499e-10  2.53196e-12
      19.0000      472.997  4.74778e-10  3.02698e-12
      18.0000      473.391  4.57552e-10  2.58668e-12
      19.0000      473.391  4.61435e-10  3.06349e-12
      18.0000      473.785  4.34049e-10  2.96248e-12
      19.0000      473.785  4.44821e-10  3.62397e-12
      18.0000      474.181  4.44929e-10  3.25953e-12
      19.0000      474.181  4.56809e-10  3.87241e-12
      18.0000      474.577  4.35718e-10  3.47406e-12
      19.0000      474.577  4.55786e-10  4.19442e-12
      19.0000      474.971  4.31242e-10  4.23687e-12
      19.0000      475.367  4.55763e-10  3.32904e-12
      19.0000      475.765  4.48684e-10  2.75396e-12
      19.0000      476.161  4.40508e-10  2.65594e-12
      19.0000      476.558  4.45318e-10  2.53130e-12
      19.0000      476.954  4.32818e-10  2.68301e-12
      19.0000      477.352  4.19955e-10  3.06222e-12
      19.0000      477.751  4.31658e-10  3.19897e-12
      19.0000      478.149  4.22518e-10  3.44574e-12
      19.0000      478.547  4.15060e-10  3.25971e-12
      19.0000      478.946  4.36243e-10  2.80350e-12
      19.0000      479.345  4.31049e-10  2.47676e-12
      19.0000      479.745  4.02779e-10  2.44213e-12
      19.0000      480.146  4.02934e-10  2.54138e-12
      19.0000      480.545  3.92566e-10  2.57118e-12
      19.0000      480.945  3.92919e-10  2.57589e-12
      19.0000      481.348  3.96404e-10  2.41748e-12
      19.0000      481.749  3.90215e-10  2.28730e-12
      19.0000      482.151  3.98219e-10  2.32003e-12
      19.0000      482.551  3.99573e-10  2.10861e-12
      19.0000      482.954  3.80328e-10  2.31150e-12
      19.0000      483.356  3.91034e-10  2.62189e-12
      19.0000      483.760  3.91835e-10  2.76609e-12
      19.0000      484.163  3.64382e-10  2.81446e-12
      19.0000      484.567  3.77387e-10  2.61387e-12
      19.0000      484.971  3.85155e-10  2.27451e-12
      19.0000      485.376  3.73248e-10  2.10133e-12
      19.0000      485.779  3.73400e-10  1.98633e-12
      19.0000      486.185  3.66655e-10  1.88996e-12
      19.0000      486.590  3.55316e-10  1.97563e-12
      19.0000      486.995  3.54997e-10  2.05935e-12
      19.0000      487.401  3.58966e-10  2.08310e-12
      19.0000      487.807  3.58593e-10  2.07224e-12
      19.0000      488.215  3.59778e-10  1.95672e-12
      20.0000      488.215  2.43167e-10  2.11225e-11
      19.0000      488.622  3.52084e-10  1.86143e-12
      20.0000      488.622  2.66633e-10  1.90656e-11
      19.0000      489.029  3.46485e-10  1.89033e-12
      20.0000      489.029  3.08215e-10  1.55925e-11
      19.0000      489.436  3.47914e-10  1.92792e-12
      20.0000      489.436  3.09771e-10  1.25023e-11
      19.0000      489.845  3.37648e-10  2.10072e-12
      20.0000      489.845  3.28996e-10  1.14056e-11
      19.0000      490.254  3.31538e-10  2.30856e-12
      20.0000      490.254  2.92371e-10  1.20555e-11
      19.0000      490.663  3.35867e-10  2.33691e-12
      20.0000      490.663  3.06936e-10  1.19260e-11
      19.0000      491.070  3.26201e-10  2.50886e-12
      20.0000      491.070  3.13159e-10  1.22266e-11
      19.0000      491.480  3.33896e-10  2.42520e-12
      20.0000      491.480  2.98792e-10  1.07920e-11
      19.0000      491.889  3.33778e-10  2.27713e-12
      20.0000      491.889  3.34810e-10  7.79765e-12
      19.0000      492.300  3.25392e-10  2.32658e-12
      20.0000      492.300  3.14183e-10  6.95624e-12
      19.0000      492.710  3.28155e-10  2.45669e-12
      20.0000      492.710  3.20161e-10  6.59823e-12
      19.0000      493.121  3.24517e-10  2.57970e-12
      20.0000      493.121  3.17643e-10  6.64593e-12
      19.0000      493.532  3.04142e-10  3.01803e-12
      20.0000      493.532  3.15658e-10  7.56162e-12
      19.0000      493.944  3.08920e-10  3.00523e-12
      20.0000      493.944  3.10066e-10  7.53793e-12
      19.0000      494.354  3.21240e-10  2.88910e-12
      20.0000      494.354  3.03439e-10  6.45923e-12
      19.0000      494.768  3.04882e-10  2.94964e-12
      20.0000      494.768  2.85048e-10  5.53430e-12
      19.0000      495.179  3.11733e-10  2.84596e-12
      20.0000      495.179  2.92008e-10  4.51947e-12
      19.0000      495.592  2.72245e-10  2.83760e-12
      20.0000      495.592  2.92019e-10  4.14909e-12
      19.0000      496.005  2.68844e-10  3.06814e-12
      20.0000      496.005  2.88198e-10  4.51426e-12
      19.0000      496.418  2.77632e-10  3.21404e-12
      20.0000      496.418  2.94680e-10  4.71547e-12
      19.0000      496.833  2.74741e-10  3.34464e-12
      20.0000      496.833  2.99322e-10  4.99150e-12
      19.0000      497.248  2.73970e-10  3.58620e-12
      20.0000      497.248  2.93464e-10  4.87913e-12
      19.0000      497.661  2.94321e-10  3.44416e-12
      20.0000      497.661  3.04568e-10  4.03335e-12
      19.0000      498.077  2.80423e-10  3.27737e-12
      20.0000      498.077  3.02239e-10  3.37573e-12
      19.0000      498.492  2.87685e-10  3.43117e-12
      20.0000      498.492  2.97777e-10  3.15954e-12
      19.0000      498.907  2.88476e-10  3.23071e-12
      20.0000      498.907  2.99839e-10  2.93191e-12
      19.0000      499.323  2.75679e-10  3.39555e-12
      20.0000      499.323  3.01279e-10  3.16897e-12
      19.0000      499.740  2.70002e-10  3.74518e-12
      20.0000      499.740  2.97677e-10  3.52797e-12
      19.0000      500.158  2.66154e-10  3.70777e-12
      20.0000      500.158  3.00981e-10  3.54441e-12
      19.0000      500.573  2.47539e-10  3.80949e-12
      20.0000      500.573  2.89812e-10  3.62427e-12
      19.0000      500.992  2.57382e-10  3.72972e-12
      20.0000      500.992  2.90769e-10  3.25363e-12
      20.0000      501.409  2.96779e-10  2.73205e-12
      20.0000      501.827  2.82487e-10  2.50754e-12
      20.0000      502.245  2.77130e-10  2.43913e-12
      20.0000      502.664  2.75818e-10  2.37029e-12
      20.0000      503.081  2.64065e-10  2.46096e-12
      20.0000      503.502  2.79723e-10  2.50613e-12
      20.0000      503.921  2.72976e-10  2.46367e-12
      20.0000      504.342  2.70178e-10  2.52810e-12
      20.0000      504.762  2.65828e-10  2.53770e-12
      20.0000      505.183  2.61797e-10  2.52161e-12
      20.0000      505.605  2.59861e-10  2.39880e-12
      20.0000      506.027  2.57910e-10  2.29139e-12
      20.0000      506.447  2.54705e-10  2.18575e-12
      20.0000      506.871  2.58655e-10  2.04201e-12
      20.0000      507.292  2.53579e-10  1.86634e-12
      20.0000      507.715  2.52690e-10  1.77279e-12
      20.0000      508.138  2.53201e-10  1.75331e-12
      20.0000      508.562  2.44036e-10  1.84766e-12
      20.0000      508.986  2.43217e-10  1.96913e-12
      20.0000      509.411  2.44186e-10  2.10659e-12
      20.0000      509.835  2.38422e-10  2.17604e-12
      20.0000      510.261  2.41518e-10  2.17387e-12
      20.0000      510.686  2.37274e-10  2.15649e-12
      20.0000      511.112  2.32818e-10  2.17202e-12
      20.0000      511.538  2.25281e-10  2.17794e-12
      20.0000      511.965  2.19505e-10  2.15849e-12
      20.0000      512.392  2.22380e-10  2.16407e-12
      20.0000      512.818  2.23329e-10  2.09552e-12
      20.0000      513.244  2.25042e-10  2.02035e-12
      20.0000      513.674  2.22295e-10  1.87118e-12
      20.0000      514.102  2.19439e-10  1.81883e-12
      20.0000      514.530  2.12794e-10  1.83416e-12
      20.0000      514.960  2.13055e-10  1.94895e-12
      20.0000      515.390  2.07990e-10  2.21349e-12
      20.0000      515.818  2.08244e-10  2.40197e-12
      20.0000      516.249  2.06981e-10  2.60681e-12
      20.0000      516.678  3.44778e-10  2.85262e-12
      20.0000      517.109  3.40178e-10  2.86372e-12
      20.0000      517.539  1.98315e-10  3.22464e-12
      20.0000      517.971  2.30429e-10  3.74876e-12
      20.0000      518.403  2.12253e-10  4.42754e-12
      20.0000      518.836  1.58433e-10  5.66777e-12
      20.0000      519.267  1.39591e-10  6.24888e-12
      20.0000      519.702  1.34908e-10  6.49511e-12
      20.0000      520.134  1.42271e-10  7.31820e-12
      20.0000      520.568  1.48707e-10  7.16366e-12
      20.0000      521.002  1.65027e-10  7.91107e-12
      20.0000      521.436  1.07504e-10  1.05302e-11
      20.0000      521.872  9.33573e-11  1.16820e-11
      20.0000      522.308  7.92337e-11  1.43739e-11
      20.0000      522.742  6.60668e-11  1.59829e-11
      20.0000      523.177  8.28335e-11  1.47559e-11
      20.0000      523.615  6.79774e-11  1.61045e-11
      20.0000      524.051  1.04894e-10  1.73679e-11
      20.0000      524.488  7.20819e-11  1.70905e-11
      20.0000      524.923 -2.40258e-11  2.18184e-11
      20.0000      525.362 -5.74749e-11  2.73084e-11
      20.0000      525.801 -8.94387e-11  2.86499e-11
      20.0000      526.238 -1.11458e-10  3.13711e-11
      20.0000      526.676 -1.16134e-10  2.89344e-11
