      11.0000      271.534  2.49817e-08  1.77512e-10
      11.0000      271.761  3.42047e-08  3.38488e-10
      11.0000      271.987  2.78365e-08  1.85967e-10
      11.0000      272.214  2.27865e-08  1.52554e-10
      11.0000      272.441  2.96240e-08  2.16300e-10
      11.0000      272.668  2.59123e-08  3.48049e-10
      11.0000      272.895  3.08744e-08  3.66041e-10
      11.0000      273.123  2.81433e-08  1.98444e-10
      11.0000      273.350  3.07371e-08  5.27204e-10
      11.0000      273.578  2.41814e-08  1.45165e-10
      11.0000      273.806  2.88213e-08  3.86441e-10
      11.0000      274.035  2.94133e-08  1.89947e-10
      11.0000      274.263  2.71681e-08  1.67071e-10
      11.0000      274.492  2.77343e-08  1.52636e-10
      11.0000      274.721  2.58169e-08  1.31624e-10
      11.0000      274.950  2.64746e-08  1.38734e-10
      11.0000      275.179  2.99008e-08  1.51119e-10
      11.0000      275.409  2.84154e-08  1.47726e-10
      11.0000      275.638  2.51944e-08  1.43504e-10
      11.0000      275.867  2.47173e-08  1.36224e-10
      11.0000      276.097  2.76209e-08  1.63173e-10
      11.0000      276.328  2.37858e-08  1.24935e-10
      11.0000      276.558  2.41475e-08  1.36137e-10
      11.0000      276.789  2.21278e-08  9.90978e-11
      11.0000      277.020  2.44751e-08  1.30190e-10
      11.0000      277.250  2.34207e-08  1.07946e-10
      11.0000      277.482  2.28424e-08  1.07332e-10
      11.0000      277.713  2.24038e-08  1.03187e-10
      11.0000      277.945  2.29755e-08  1.02196e-10
      11.0000      278.177  2.31543e-08  1.09303e-10
      11.0000      278.408  2.44685e-08  1.19136e-10
      11.0000      278.640  2.58587e-08  1.34503e-10
      11.0000      278.872  2.59704e-08  1.35151e-10
      11.0000      279.105  2.54612e-08  1.28753e-10
      11.0000      279.337  2.63542e-08  1.38440e-10
      11.0000      279.571  2.19942e-08  1.05905e-10
      11.0000      279.804  2.35052e-08  1.10180e-10
      11.0000      280.037  2.15460e-08  8.90986e-11
      11.0000      280.271  2.25632e-08  8.88545e-11
      11.0000      280.504  2.21392e-08  8.44122e-11
      11.0000      280.738  2.28349e-08  8.97156e-11
      11.0000      280.971  2.16283e-08  8.30084e-11
      11.0000      281.206  2.19250e-08  8.39906e-11
      11.0000      281.440  2.27590e-08  8.71068e-11
      11.0000      281.675  2.00958e-08  7.51735e-11
      11.0000      281.910  2.03963e-08  8.03114e-11
      11.0000      282.145  2.14452e-08  8.33813e-11
      11.0000      282.381  2.10248e-08  8.32489e-11
      11.0000      282.616  2.10230e-08  8.03443e-11
      11.0000      282.851  2.16203e-08  8.47335e-11
      11.0000      283.087  2.08465e-08  7.94833e-11
      11.0000      283.323  2.01491e-08  7.97354e-11
      11.0000      283.559  2.06092e-08  7.99664e-11
      11.0000      283.796  2.03066e-08  7.55696e-11
      11.0000      284.032  2.04675e-08  7.55455e-11
      11.0000      284.269  2.00876e-08  7.37210e-11
      11.0000      284.506  2.04943e-08  7.59829e-11
      11.0000      284.743  1.96142e-08  7.27983e-11
      11.0000      284.981  1.77115e-08  6.18293e-11
      11.0000      285.218  1.97057e-08  7.00938e-11
      11.0000      285.456  2.00240e-08  7.16566e-11
      11.0000      285.694  1.93929e-08  7.24950e-11
      11.0000      285.932  1.80142e-08  6.62079e-11
      11.0000      286.171  1.82025e-08  6.46318e-11
      11.0000      286.409  1.96265e-08  6.97316e-11
      11.0000      286.648  1.94176e-08  7.12576e-11
      11.0000      286.887  1.86483e-08  6.96066e-11
      11.0000      287.126  1.81773e-08  6.62291e-11
      11.0000      287.365  1.78843e-08  6.37693e-11
      11.0000      287.605  1.71825e-08  6.17040e-11
      11.0000      287.844  1.89686e-08  7.19074e-11
      11.0000      288.085  1.92585e-08  7.32574e-11
      11.0000      288.325  1.88415e-08  7.29747e-11
      11.0000      288.565  1.83505e-08  7.02128e-11
      11.0000      288.806  1.78671e-08  7.05386e-11
      11.0000      289.047  1.72376e-08  7.29678e-11
      11.0000      289.287  1.81317e-08  7.85098e-11
      11.0000      289.529  1.71221e-08  7.19927e-11
      11.0000      289.770  1.76290e-08  7.48383e-11
      11.0000      290.011  1.74217e-08  7.45309e-11
      11.0000      290.254  1.63676e-08  7.06962e-11
      11.0000      290.495  1.75792e-08  7.63793e-11
      11.0000      290.737  1.70812e-08  7.02958e-11
      11.0000      290.980  1.64137e-08  6.58768e-11
      11.0000      291.223  1.64386e-08  6.64284e-11
      11.0000      291.465  1.65168e-08  6.89749e-11
      11.0000      291.708  1.69729e-08  7.12687e-11
      11.0000      291.951  1.76626e-08  7.69362e-11
      11.0000      292.195  1.69768e-08  7.44106e-11
      11.0000      292.439  1.76261e-08  8.21501e-11
      11.0000      292.683  1.64856e-08  7.89871e-11
      11.0000      292.926  1.54472e-08  7.30273e-11
      11.0000      293.171  1.71494e-08  8.21924e-11
      12.0000      295.377  1.83376e-08  8.05813e-11
      12.0000      295.624  1.73149e-08  7.35589e-11
      12.0000      295.870  1.71744e-08  7.67171e-11
      12.0000      296.117  1.64948e-08  7.48622e-11
      12.0000      296.364  1.65399e-08  7.33798e-11
      12.0000      296.611  1.58996e-08  6.66792e-11
      12.0000      296.858  1.60198e-08  6.63337e-11
      12.0000      297.105  1.64791e-08  7.01211e-11
      12.0000      297.354  1.50694e-08  6.27198e-11
      12.0000      297.601  1.59455e-08  6.40975e-11
      12.0000      297.850  1.59235e-08  5.65691e-11
      12.0000      298.097  1.48283e-08  4.83789e-11
      12.0000      298.346  1.55389e-08  5.38190e-11
      12.0000      298.595  1.56221e-08  5.73574e-11
      12.0000      298.844  1.54409e-08  5.69536e-11
      12.0000      299.093  1.51430e-08  5.21801e-11
      12.0000      299.342  1.52318e-08  4.98606e-11
      12.0000      299.592  1.47362e-08  4.78223e-11
      12.0000      299.842  1.42451e-08  4.79164e-11
      12.0000      300.091  1.46099e-08  5.10769e-11
      12.0000      300.342  1.47114e-08  4.97087e-11
      12.0000      300.592  1.44511e-08  4.82681e-11
      12.0000      300.843  1.41092e-08  4.61633e-11
      12.0000      301.093  1.46141e-08  6.78729e-11
      12.0000      301.345  1.51399e-08  3.72554e-10
      12.0000      301.595  1.49728e-08  4.35917e-11
      12.0000      301.848  1.48602e-08  4.21048e-11
      12.0000      302.099  1.45048e-08  4.45132e-11
      12.0000      302.350  1.42015e-08  4.52338e-11
      12.0000      302.603  1.39652e-08  4.31223e-11
      12.0000      302.855  1.42324e-08  4.05703e-11
      12.0000      303.107  1.44892e-08  4.11077e-11
      12.0000      303.360  1.37621e-08  3.94671e-11
      12.0000      303.614  1.35433e-08  3.80326e-11
      12.0000      303.866  1.38890e-08  3.87635e-11
      12.0000      304.120  1.40808e-08  3.95958e-11
      12.0000      304.373  1.37863e-08  4.02587e-11
      12.0000      304.627  1.34236e-08  3.99464e-11
      12.0000      304.881  1.37065e-08  3.86229e-11
      12.0000      305.135  1.35786e-08  3.47558e-11
      12.0000      305.389  1.36680e-08  3.41397e-11
      12.0000      305.644  1.33192e-08  3.40881e-11
      12.0000      305.899  1.32425e-08  3.45955e-11
      12.0000      306.154  1.33431e-08  3.42272e-11
      12.0000      306.409  1.36209e-08  3.63566e-11
      12.0000      306.665  1.34231e-08  3.81658e-11
      12.0000      306.921  1.31504e-08  3.99327e-11
      12.0000      307.176  1.33662e-08  4.01981e-11
      12.0000      307.432  1.31117e-08  3.66430e-11
      12.0000      307.689  1.28866e-08  3.42744e-11
      12.0000      307.945  1.30614e-08  3.44641e-11
      12.0000      308.202  1.34775e-08  3.64768e-11
      12.0000      308.458  1.41709e-08  3.37855e-11
      12.0000      308.715  1.36782e-08  3.03039e-11
      12.0000      308.973  1.29907e-08  2.95828e-11
      12.0000      309.231  1.28302e-08  3.12840e-11
      12.0000      309.488  1.28339e-08  3.23211e-11
      12.0000      309.746  1.30138e-08  3.28157e-11
      12.0000      310.004  1.28814e-08  3.36368e-11
      12.0000      310.263  1.24706e-08  3.45565e-11
      12.0000      310.522  1.24774e-08  3.57470e-11
      12.0000      310.781  1.26530e-08  3.46212e-11
      12.0000      311.040  1.27204e-08  3.23760e-11
      12.0000      311.300  1.29341e-08  3.28526e-11
      12.0000      311.559  1.26163e-08  3.29545e-11
      12.0000      311.819  1.26536e-08  3.29230e-11
      12.0000      312.079  1.29748e-08  3.19446e-11
      12.0000      312.339  1.27321e-08  3.05077e-11
      12.0000      312.599  1.26124e-08  3.20385e-11
      12.0000      312.860  1.25260e-08  3.32643e-11
      12.0000      313.120  1.27305e-08  3.29574e-11
      12.0000      313.381  1.25008e-08  3.06885e-11
      12.0000      313.643  1.22249e-08  2.99639e-11
      12.0000      313.905  1.22829e-08  3.12805e-11
      12.0000      314.166  1.22943e-08  3.35171e-11
      12.0000      314.428  1.23821e-08  3.45237e-11
      12.0000      314.690  1.24260e-08  3.39547e-11
      12.0000      314.953  1.23060e-08  3.34782e-11
      12.0000      315.215  1.21973e-08  3.20061e-11
      12.0000      315.477  1.24500e-08  2.98509e-11
      12.0000      315.740  1.28033e-08  2.86149e-11
      12.0000      316.004  1.28286e-08  2.96429e-11
      12.0000      316.268  1.26283e-08  3.23521e-11
      12.0000      316.531  1.25266e-08  3.36713e-11
      12.0000      316.795  1.24697e-08  3.17195e-11
      12.0000      317.059  1.22313e-08  3.01481e-11
      12.0000      317.323  1.20645e-08  3.11448e-11
      12.0000      317.587  1.22183e-08  3.23576e-11
      12.0000      317.853  1.24638e-08  3.08987e-11
      12.0000      318.118  1.23595e-08  3.31196e-11
      12.0000      318.383  1.15009e-08  3.75395e-11
      12.0000      318.648  1.17382e-08  3.53671e-11
      12.0000      318.914  1.20188e-08  3.28367e-11
      13.0000      319.180  1.16825e-08  3.59584e-11
      13.0000      319.446  1.18380e-08  3.73973e-11
      13.0000      319.713  1.20666e-08  4.55430e-11
      13.0000      319.978  1.15068e-08  4.87523e-11
      13.0000      320.246  1.14025e-08  4.38047e-11
      13.0000      320.513  1.19419e-08  3.77755e-11
      13.0000      320.780  1.19185e-08  3.49981e-11
      13.0000      321.047  1.17217e-08  3.68105e-11
      13.0000      321.315  1.16485e-08  3.58961e-11
      13.0000      321.583  1.16658e-08  3.15527e-11
      13.0000      321.851  1.18620e-08  2.87341e-11
      13.0000      322.119  1.16642e-08  2.75238e-11
      13.0000      322.387  1.13819e-08  2.78206e-11
      13.0000      322.657  1.14172e-08  2.81957e-11
      13.0000      322.925  1.17134e-08  2.97046e-11
      13.0000      323.195  1.16826e-08  3.20395e-11
      13.0000      323.464  1.15114e-08  3.27690e-11
      13.0000      323.734  1.16719e-08  3.02820e-11
      13.0000      324.003  1.15552e-08  2.56429e-11
      13.0000      324.273  1.14785e-08  2.45464e-11
      13.0000      324.544  1.11881e-08  2.58345e-11
      13.0000      324.815  1.11437e-08  2.66559e-11
      13.0000      325.085  1.14852e-08  2.51564e-11
      13.0000      325.357  1.15088e-08  2.33892e-11
      13.0000      325.628  1.11661e-08  2.30886e-11
      13.0000      325.900  1.07856e-08  2.29551e-11
      13.0000      326.171  1.09832e-08  2.28339e-11
      13.0000      326.443  1.13076e-08  2.36288e-11
      13.0000      326.715  1.12757e-08  2.63576e-11
      13.0000      326.988  1.11388e-08  2.94112e-11
      13.0000      327.259  1.11385e-08  2.84943e-11
      13.0000      327.533  1.15755e-08  2.57034e-11
      13.0000      327.805  1.14583e-08  2.25575e-11
      13.0000      328.079  1.10552e-08  2.11999e-11
      13.0000      328.352  1.10087e-08  2.03790e-11
      13.0000      328.626  1.11584e-08  1.92422e-11
      13.0000      328.900  1.10683e-08  1.97211e-11
      13.0000      329.175  1.08858e-08  2.31811e-11
      13.0000      329.449  1.07663e-08  2.62952e-11
      13.0000      329.724  1.08193e-08  2.60140e-11
      13.0000      329.998  1.10407e-08  2.48821e-11
      13.0000      330.274  1.09093e-08  2.45757e-11
      13.0000      330.549  1.07659e-08  2.43549e-11
      13.0000      330.825  1.08321e-08  2.15636e-11
      13.0000      331.101  1.10878e-08  1.91400e-11
      13.0000      331.376  1.11005e-08  1.83986e-11
      13.0000      331.653  1.08880e-08  1.94483e-11
      13.0000      331.929  1.08287e-08  2.01387e-11
      13.0000      332.206  1.09765e-08  2.03994e-11
      13.0000      332.483  1.10227e-08  2.20395e-11
      13.0000      332.760  1.06532e-08  2.49204e-11
      13.0000      333.037  1.05917e-08  2.67795e-11
      13.0000      333.316  1.08576e-08  2.57489e-11
      13.0000      333.592  1.10826e-08  2.43389e-11
      13.0000      333.871  1.08391e-08  2.30551e-11
      13.0000      334.150  1.08029e-08  2.27119e-11
      13.0000      334.428  1.09755e-08  2.03024e-11
      13.0000      334.707  1.11558e-08  1.80955e-11
      13.0000      334.986  1.11155e-08  1.79116e-11
      13.0000      335.264  1.09047e-08  1.89839e-11
      13.0000      335.545  1.07640e-08  1.92777e-11
      13.0000      335.824  1.07741e-08  1.93234e-11
      13.0000      336.104  1.06484e-08  2.05988e-11
      13.0000      336.384  1.04744e-08  2.31151e-11
      13.0000      336.665  1.06571e-08  2.44878e-11
      13.0000      336.945  1.08057e-08  2.37255e-11
      13.0000      337.226  1.08894e-08  2.35274e-11
      13.0000      337.507  1.13592e-08  2.65047e-11
      13.0000      337.789  1.05963e-08  2.42715e-11
      13.0000      338.071  1.09967e-08  2.31451e-11
      13.0000      338.352  1.10687e-08  2.23333e-11
      13.0000      338.634  1.06941e-08  2.33187e-11
      13.0000      338.916  1.03017e-08  2.43598e-11
      13.0000      339.199  1.05606e-08  2.49202e-11
      13.0000      339.482  1.05741e-08  2.43328e-11
      13.0000      339.765  1.05432e-08  2.58149e-11
      13.0000      340.048  1.04286e-08  2.95770e-11
      13.0000      340.332  1.05665e-08  2.66620e-11
      13.0000      340.616  1.09003e-08  2.49876e-11
      13.0000      340.899  1.06316e-08  2.45659e-11
      13.0000      341.184  1.04954e-08  2.47848e-11
      13.0000      341.468  1.04974e-08  2.35844e-11
      13.0000      341.753  1.05736e-08  2.19287e-11
      13.0000      342.038  1.03761e-08  2.17457e-11
      13.0000      342.323  1.01568e-08  2.32450e-11
      13.0000      342.608  1.03036e-08  2.49093e-11
      13.0000      342.894  1.04240e-08  2.45054e-11
      4.00000      343.180  1.03018e-08  2.50206e-11
      4.00000      343.466  1.01755e-08  2.70830e-11
      4.00000      343.752  1.01894e-08  2.75662e-11
      4.00000      344.039  1.04134e-08  2.59946e-11
      4.00000      344.325  1.04581e-08  2.54569e-11
      4.00000      344.612  1.03066e-08  2.69478e-11
      14.0000      344.900  9.85720e-09  3.05769e-11
      14.0000      345.187  1.01347e-08  2.81707e-11
      14.0000      345.476  1.00029e-08  2.55943e-11
      14.0000      345.764  9.73107e-09  2.53811e-11
      14.0000      346.052  9.62584e-09  2.53126e-11
      14.0000      346.340  9.95423e-09  2.48661e-11
      14.0000      346.629  1.00319e-08  2.67620e-11
      14.0000      346.917  9.89971e-09  3.01601e-11
      14.0000      347.207  9.74025e-09  3.00530e-11
      14.0000      347.496  9.95637e-09  2.53023e-11
      14.0000      347.786  1.01148e-08  2.17352e-11
      14.0000      348.077  9.84198e-09  2.15663e-11
      14.0000      348.367  9.67410e-09  2.28336e-11
      14.0000      348.657  9.78274e-09  2.32499e-11
      14.0000      348.948  9.91695e-09  2.45585e-11
      14.0000      349.239  9.64182e-09  2.65364e-11
      14.0000      349.529  9.67105e-09  2.83783e-11
      14.0000      349.820  1.00347e-08  2.61080e-11
      14.0000      350.112  1.03959e-08  2.44245e-11
      14.0000      350.404  1.03613e-08  2.53910e-11
      14.0000      350.696  1.07312e-08  2.73306e-11
      14.0000      350.989  1.11895e-08  2.69294e-11
      14.0000      351.281  1.13091e-08  2.52712e-11
      14.0000      351.574  1.06068e-08  2.43920e-11
      14.0000      351.867  9.74267e-09  2.34258e-11
      14.0000      352.161  9.34893e-09  2.13476e-11
      14.0000      352.454  9.24352e-09  1.90629e-11
      14.0000      352.749  9.18427e-09  1.92647e-11
      14.0000      353.043  8.88756e-09  2.08708e-11
      14.0000      353.337  8.84853e-09  2.09490e-11
      14.0000      353.632  9.21625e-09  2.08633e-11
      14.0000      353.926  9.28049e-09  2.21540e-11
      14.0000      354.221  1.09496e-08  2.57118e-11
      14.0000      354.517  1.01634e-08  2.27169e-11
      14.0000      354.812  9.03225e-09  1.80863e-11
      14.0000      355.107  9.17654e-09  1.74540e-11
      14.0000      355.404  9.03856e-09  1.79837e-11
      14.0000      355.700  8.89333e-09  1.76020e-11
      14.0000      355.996  9.08756e-09  1.71758e-11
      14.0000      356.294  9.16845e-09  1.84276e-11
      14.0000      356.590  9.13590e-09  2.07127e-11
      14.0000      356.888  9.25471e-09  2.10815e-11
      14.0000      357.185  9.55751e-09  2.06884e-11
      14.0000      357.482  9.44316e-09  2.12642e-11
      14.0000      357.780  9.05109e-09  2.18434e-11
      14.0000      358.079  9.01382e-09  2.05556e-11
      14.0000      358.378  9.07135e-09  1.82566e-11
      14.0000      358.676  9.01503e-09  1.75761e-11
      14.0000      358.976  8.80444e-09  1.78942e-11
      14.0000      359.275  8.97291e-09  1.76323e-11
      14.0000      359.575  9.07816e-09  1.65679e-11
      14.0000      359.874  8.95828e-09  1.68508e-11
      14.0000      360.175  8.85850e-09  1.75942e-11
      14.0000      360.475  8.92081e-09  1.71161e-11
      14.0000      360.775  9.05364e-09  1.64648e-11
      14.0000      361.076  8.87926e-09  1.73568e-11
      14.0000      361.377  8.68489e-09  1.83874e-11
      14.0000      361.678  8.86340e-09  1.83250e-11
      14.0000      361.979  9.01452e-09  1.85220e-11
      14.0000      362.282  8.93320e-09  2.04761e-11
      14.0000      362.583  8.76524e-09  2.22406e-11
      14.0000      362.886  8.82467e-09  2.16937e-11
      14.0000      363.189  8.90753e-09  2.08762e-11
      14.0000      363.491  8.78268e-09  2.19139e-11
      14.0000      363.794  8.62370e-09  2.22594e-11
      14.0000      364.097  8.64713e-09  2.03817e-11
      14.0000      364.401  8.68578e-09  1.91950e-11
      14.0000      364.704  8.60128e-09  1.98846e-11
      14.0000      365.009  8.44700e-09  2.02978e-11
      14.0000      365.313  8.46988e-09  1.89629e-11
      14.0000      365.617  8.54645e-09  1.85249e-11
      14.0000      365.922  8.28154e-09  1.90848e-11
      14.0000      366.228  8.24483e-09  1.97250e-11
      14.0000      366.533  8.46076e-09  1.89655e-11
      14.0000      366.838  8.51022e-09  1.84843e-11
      4.00000      367.144  8.18212e-09  1.92359e-11
      4.00000      367.450  8.10948e-09  1.96348e-11
      4.00000      367.757  8.24523e-09  1.85756e-11
      4.00000      368.062  8.25820e-09  1.83776e-11
      4.00000      368.370  8.03542e-09  1.94156e-11
      4.00000      368.677  7.98886e-09  1.99100e-11
      4.00000      368.985  8.10192e-09  1.98759e-11
      4.00000      369.293  8.05043e-09  1.93898e-11
      4.00000      369.600  7.87072e-09  2.12164e-11
      4.00000      369.909  7.84120e-09  2.10257e-11
      4.00000      370.217  8.02947e-09  2.03588e-11
      4.00000      370.525  7.94519e-09  2.09282e-11
      15.0000      370.835  7.60546e-09  2.11967e-11
      15.0000      371.143  7.63684e-09  2.06719e-11
      15.0000      371.453  7.91657e-09  2.16216e-11
      15.0000      371.762  7.72019e-09  2.35759e-11
      15.0000      372.072  7.50569e-09  2.35261e-11
      15.0000      372.383  7.49050e-09  1.97564e-11
      15.0000      372.692  7.59851e-09  1.73433e-11
      15.0000      373.003  7.48008e-09  1.76898e-11
      15.0000      373.314  7.34700e-09  1.84595e-11
      15.0000      373.626  7.46232e-09  1.85930e-11
      15.0000      373.937  7.50251e-09  1.97187e-11
      15.0000      374.249  7.27313e-09  2.08451e-11
      15.0000      374.561  7.18974e-09  1.92232e-11
      15.0000      374.873  7.34229e-09  1.66255e-11
      15.0000      375.185  7.37186e-09  1.55634e-11
      15.0000      375.498  7.18375e-09  1.60418e-11
      15.0000      375.811  7.18977e-09  1.60695e-11
      15.0000      376.125  7.31090e-09  1.61147e-11
      15.0000      376.438  7.16043e-09  1.77605e-11
      15.0000      376.753  6.96030e-09  1.90837e-11
      15.0000      377.067  7.04180e-09  1.74546e-11
      15.0000      377.381  7.17582e-09  1.55898e-11
      15.0000      377.695  7.01984e-09  1.51999e-11
      15.0000      378.010  6.87762e-09  1.50022e-11
      15.0000      378.325  7.00348e-09  1.40521e-11
      15.0000      378.640  7.06198e-09  1.40687e-11
      15.0000      378.956  6.83824e-09  1.52759e-11
      15.0000      379.272  6.71951e-09  1.60024e-11
      15.0000      379.589  6.96750e-09  1.59655e-11
      15.0000      379.905  6.85661e-09  1.62465e-11
      15.0000      380.222  6.60302e-09  1.65801e-11
      15.0000      380.539  6.63505e-09  1.55192e-11
      15.0000      380.855  6.81154e-09  1.40336e-11
      15.0000      381.173  6.66914e-09  1.36459e-11
      15.0000      381.492  6.48156e-09  1.37087e-11
      15.0000      381.809  6.58829e-09  1.28976e-11
      15.0000      382.127  6.67742e-09  1.23799e-11
      15.0000      382.446  6.49434e-09  1.31425e-11
      15.0000      382.765  6.38648e-09  1.37677e-11
      15.0000      383.085  6.48995e-09  1.36104e-11
      15.0000      383.403  6.46780e-09  1.46087e-11
      15.0000      383.723  6.25093e-09  1.64811e-11
      15.0000      384.044  6.24261e-09  1.70756e-11
      15.0000      384.363  6.36755e-09  1.56091e-11
      15.0000      384.683  6.33351e-09  1.52226e-11
      15.0000      385.005  6.17437e-09  1.51812e-11
      15.0000      385.325  6.25205e-09  1.39113e-11
      15.0000      385.646  6.36854e-09  1.24333e-11
      15.0000      385.968  6.17109e-09  1.20734e-11
      15.0000      386.290  5.97287e-09  1.22097e-11
      15.0000      386.612  6.06141e-09  1.18088e-11
      15.0000      386.934  6.08027e-09  1.17049e-11
      15.0000      387.256  5.90418e-09  1.25361e-11
      15.0000      387.580  5.85858e-09  1.28646e-11
      15.0000      387.902  6.00595e-09  1.24503e-11
      15.0000      388.226  5.97091e-09  1.26371e-11
      15.0000      388.550  5.82606e-09  1.31582e-11
      15.0000      388.874  5.87799e-09  1.25826e-11
      15.0000      389.197  5.96040e-09  1.21682e-11
      15.0000      389.522  5.77244e-09  1.30097e-11
      15.0000      389.847  5.64262e-09  1.39120e-11
      15.0000      390.172  5.75033e-09  1.39122e-11
      15.0000      390.497  5.73208e-09  1.44050e-11
      15.0000      390.823  5.57358e-09  1.62152e-11
      4.00000      391.149  5.47002e-09  1.63695e-11
      4.00000      391.475  5.60460e-09  1.55248e-11
      4.00000      391.802  5.56131e-09  1.57301e-11
      4.00000      392.128  5.40428e-09  1.63386e-11
      4.00000      392.455  5.41786e-09  1.55464e-11
      4.00000      392.782  5.57282e-09  1.49537e-11
      4.00000      393.110  5.34573e-09  1.60422e-11
      4.00000      393.437  5.21857e-09  1.74532e-11
      4.00000      393.766  5.34107e-09  1.70889e-11
      4.00000      394.093  5.37170e-09  1.75287e-11
      4.00000      394.421  5.20154e-09  1.92655e-11
      4.00000      394.751  5.15159e-09  1.92591e-11
      4.00000      395.080  5.35496e-09  1.76191e-11
      4.00000      395.409  5.29019e-09  1.74532e-11
      4.00000      395.739  5.11041e-09  1.76633e-11
      4.00000      396.069  5.19640e-09  1.66481e-11
      4.00000      396.399  5.19838e-09  1.61888e-11
      16.0000      396.729  4.93002e-09  1.81528e-11
      16.0000      397.060  4.81977e-09  1.90594e-11
      16.0000      397.392  4.92684e-09  1.64667e-11
      16.0000      397.722  4.93726e-09  1.51082e-11
      16.0000      398.054  4.79510e-09  1.48126e-11
      16.0000      398.386  4.83608e-09  1.36331e-11
      16.0000      398.718  4.95031e-09  1.31172e-11
      16.0000      399.050  4.79712e-09  1.44536e-11
      16.0000      399.383  4.67849e-09  1.56859e-11
      16.0000      399.717  4.76726e-09  1.44797e-11
      16.0000      400.050  4.74221e-09  1.34610e-11
      16.0000      400.383  4.55693e-09  1.36754e-11
      16.0000      400.716  4.59003e-09  1.30580e-11
      16.0000      401.051  4.69243e-09  1.23640e-11
      16.0000      401.386  4.60354e-09  1.28783e-11
      16.0000      401.719  4.48132e-09  1.32467e-11
      16.0000      402.055  4.59494e-09  1.30063e-11
      16.0000      402.390  4.63827e-09  1.33069e-11
      16.0000      402.726  4.39637e-09  1.35978e-11
      16.0000      403.062  4.38073e-09  1.26328e-11
      16.0000      403.397  4.45964e-09  1.15179e-11
      16.0000      403.734  4.37388e-09  1.15902e-11
      16.0000      404.070  4.28865e-09  1.18617e-11
      16.0000      404.406  4.36795e-09  1.12191e-11
      16.0000      404.744  4.37926e-09  1.11016e-11
      16.0000      405.081  4.25664e-09  1.17059e-11
      16.0000      405.420  4.26107e-09  1.16764e-11
      16.0000      405.757  4.33801e-09  1.17187e-11
      16.0000      406.095  4.19206e-09  1.27803e-11
      16.0000      406.435  4.04506e-09  1.32457e-11
      16.0000      406.774  4.13736e-09  1.22482e-11
      16.0000      407.111  4.18683e-09  1.17891e-11
      16.0000      407.451  4.01619e-09  1.18376e-11
      16.0000      407.790  4.04916e-09  1.11989e-11
      16.0000      408.132  4.14256e-09  9.98186e-12
      16.0000      408.472  4.02850e-09  9.78329e-12
      16.0000      408.812  3.93767e-09  9.78219e-12
      16.0000      409.152  4.00608e-09  9.43730e-12
      16.0000      409.494  3.96335e-09  9.96662e-12
      16.0000      409.834  3.79777e-09  1.13406e-11
      16.0000      410.177  3.80982e-09  1.17978e-11
      16.0000      410.519  3.95459e-09  1.21163e-11
      16.0000      410.862  3.81486e-09  1.33714e-11
      16.0000      411.203  3.75907e-09  1.40211e-11
      16.0000      411.546  3.90401e-09  1.28277e-11
      16.0000      411.889  3.88366e-09  1.22698e-11
      16.0000      412.233  3.69454e-09  1.22000e-11
      16.0000      412.577  3.68391e-09  1.16509e-11
      16.0000      412.919  3.77769e-09  1.09201e-11
      16.0000      413.264  3.62148e-09  1.13030e-11
      16.0000      413.609  3.56943e-09  1.21280e-11
      16.0000      413.954  3.68294e-09  1.12866e-11
      16.0000      414.298  3.70154e-09  1.08547e-11
      16.0000      414.644  3.58606e-09  1.10046e-11
      16.0000      414.989  3.63350e-09  1.03385e-11
      4.00000      415.336  3.58664e-09  9.50864e-12
      4.00000      415.683  3.46942e-09  9.71453e-12
      4.00000      416.029  3.38412e-09  1.00491e-11
      4.00000      416.375  3.45909e-09  9.92432e-12
      4.00000      416.722  3.41295e-09  1.03794e-11
      4.00000      417.070  3.28674e-09  1.10490e-11
      4.00000      417.418  3.35009e-09  1.08735e-11
      4.00000      417.767  3.42797e-09  1.05271e-11
      4.00000      418.114  3.32901e-09  1.06873e-11
      4.00000      418.463  3.30396e-09  1.04159e-11
      4.00000      418.811  3.38127e-09  9.99995e-12
      4.00000      419.161  3.28760e-09  1.03331e-11
      4.00000      419.511  3.17210e-09  1.09197e-11
      4.00000      419.859  3.25652e-09  1.11156e-11
      4.00000      420.210  3.22969e-09  1.14183e-11
      4.00000      420.560  3.09597e-09  1.19454e-11
      4.00000      420.911  3.11740e-09  1.17675e-11
      4.00000      421.262  3.19459e-09  1.12927e-11
      4.00000      421.614  3.06732e-09  1.13986e-11
      4.00000      421.964  3.04652e-09  1.14715e-11
      4.00000      422.317  3.12074e-09  1.12709e-11
      17.0000      422.669  3.00723e-09  1.22328e-11
      17.0000      423.021  2.90333e-09  1.33251e-11
      17.0000      423.374  2.96312e-09  1.37420e-11
      17.0000      423.727  2.96808e-09  1.48853e-11
      17.0000      424.079  2.85730e-09  1.54225e-11
      17.0000      424.434  2.89362e-09  1.31601e-11
      17.0000      424.787  2.95155e-09  1.10882e-11
      17.0000      425.141  2.84293e-09  1.06401e-11
      17.0000      425.496  2.77154e-09  1.05274e-11
      17.0000      425.851  2.85026e-09  1.02390e-11
      17.0000      426.205  2.78876e-09  1.14279e-11
      17.0000      426.561  2.70193e-09  1.28626e-11
      17.0000      426.916  2.73085e-09  1.29413e-11
      17.0000      427.272  2.80238e-09  1.23500e-11
      17.0000      427.628  2.67735e-09  1.16199e-11
      17.0000      427.985  2.68307e-09  1.02619e-11
      17.0000      428.343  2.74475e-09  9.02863e-12
      17.0000      428.699  2.64896e-09  9.05513e-12
      17.0000      429.056  2.60252e-09  9.13330e-12
      17.0000      429.415  2.67478e-09  9.06778e-12
      17.0000      429.771  2.62372e-09  9.86228e-12
      17.0000      430.130  2.53196e-09  1.07541e-11
      17.0000      430.489  2.62406e-09  1.07794e-11
      17.0000      430.847  2.64460e-09  1.10137e-11
      17.0000      431.207  2.52769e-09  1.12095e-11
      17.0000      431.566  2.53182e-09  9.89828e-12
      17.0000      431.926  2.55138e-09  8.91108e-12
      17.0000      432.287  2.42159e-09  8.81304e-12
      17.0000      432.646  2.45930e-09  8.63218e-12
      17.0000      433.007  2.48674e-09  8.10392e-12
      17.0000      433.368  2.43800e-09  8.17038e-12
      17.0000      433.730  2.40136e-09  8.26098e-12
      17.0000      434.092  2.46782e-09  7.90783e-12
      17.0000      434.452  2.42596e-09  8.04988e-12
      17.0000      434.815  2.35431e-09  8.56854e-12
      17.0000      435.178  2.38842e-09  8.58018e-12
      17.0000      435.540  2.37981e-09  8.99031e-12
      17.0000      435.905  2.29993e-09  9.97459e-12
      17.0000      436.268  2.30361e-09  1.02824e-11
      17.0000      436.630  2.37712e-09  1.01958e-11
      17.0000      436.994  2.26563e-09  1.02275e-11
      17.0000      437.359  2.24275e-09  9.78531e-12
      17.0000      437.723  2.32167e-09  8.90618e-12
      17.0000      438.089  2.24690e-09  8.72988e-12
      17.0000      438.454  2.18717e-09  8.77687e-12
      17.0000      438.820  2.24061e-09  8.29732e-12
      17.0000      439.186  2.21671e-09  8.21529e-12
      4.00000      439.551  2.09161e-09  8.39061e-12
      4.00000      439.918  2.14726e-09  8.03102e-12
      4.00000      440.284  2.15516e-09  7.73771e-12
      4.00000      440.651  2.07391e-09  7.83040e-12
      4.00000      441.018  2.06492e-09  7.65138e-12
      4.00000      441.386  2.11022e-09  7.52556e-12
      4.00000      441.755  2.06215e-09  7.89613e-12
      4.00000      442.124  2.03166e-09  8.05624e-12
      4.00000      442.492  2.05810e-09  7.92132e-12
      4.00000      442.860  1.99933e-09  8.09405e-12
      4.00000      443.229  1.98082e-09  8.08251e-12
      4.00000      443.599  2.00929e-09  7.76642e-12
      4.00000      443.969  1.97468e-09  7.86571e-12
      4.00000      444.340  1.92617e-09  8.07940e-12
      4.00000      444.709  1.95925e-09  8.03442e-12
      4.00000      445.079  1.94166e-09  8.29506e-12
      4.00000      445.452  1.86381e-09  8.72618e-12
      4.00000      445.824  1.91273e-09  8.67220e-12
      4.00000      446.194  1.93414e-09  8.58253e-12
      4.00000      446.566  1.88207e-09  8.73281e-12
      4.00000      446.939  1.90035e-09  8.64469e-12
      4.00000      447.311  1.92719e-09  8.57284e-12
      4.00000      447.684  1.87378e-09  8.95888e-12
      4.00000      448.057  1.84851e-09  9.25912e-12
      4.00000      448.431  1.85686e-09  9.36195e-12
      18.0000      448.805  1.75643e-09  1.20228e-11
      18.0000      449.180  1.75542e-09  1.04309e-11
      18.0000      449.553  1.78135e-09  8.88875e-12
      18.0000      449.928  1.74924e-09  8.34899e-12
      18.0000      450.302  1.72520e-09  8.11592e-12
      18.0000      450.678  1.74349e-09  8.09992e-12
      18.0000      451.054  1.70370e-09  9.05132e-12
      18.0000      451.431  1.63631e-09  9.99170e-12
      18.0000      451.806  1.65276e-09  1.02699e-11
      18.0000      452.184  1.69381e-09  1.01386e-11
      18.0000      452.560  1.62228e-09  9.25291e-12
      18.0000      452.938  1.68114e-09  7.85890e-12
      18.0000      453.315  1.66852e-09  7.26949e-12
      18.0000      453.694  1.60542e-09  7.26305e-12
      18.0000      454.071  1.64107e-09  7.14200e-12
      18.0000      454.450  1.61316e-09  7.66546e-12
      18.0000      454.829  1.55984e-09  8.50427e-12
      18.0000      455.208  1.59457e-09  8.59610e-12
      18.0000      455.587  1.60816e-09  8.91195e-12
      18.0000      455.967  1.52792e-09  9.46478e-12
      18.0000      456.348  1.56517e-09  8.51361e-12
      18.0000      456.727  1.59844e-09  7.62748e-12
      18.0000      457.109  1.51082e-09  7.63501e-12
      18.0000      457.490  1.50833e-09  7.55474e-12
      18.0000      457.871  1.54704e-09  7.24590e-12
      18.0000      458.253  1.47992e-09  7.42686e-12
      18.0000      458.636  1.47638e-09  7.23604e-12
      18.0000      459.017  1.52116e-09  6.69687e-12
      18.0000      459.400  1.47434e-09  6.69474e-12
      18.0000      459.783  1.45458e-09  6.55443e-12
      18.0000      460.166  1.48707e-09  6.56072e-12
      18.0000      460.549  1.42470e-09  7.39888e-12
      18.0000      460.934  1.39431e-09  8.21219e-12
      18.0000      461.318  1.44643e-09  8.47874e-12
      18.0000      461.702  1.41461e-09  9.15630e-12
      18.0000      462.088  1.36320e-09  9.61280e-12
      18.0000      462.473  1.45451e-09  8.58310e-12
      18.0000      462.858  1.41920e-09  8.07615e-12
      18.0000      463.244  1.37075e-09  7.93865e-12
      4.00000      463.631  1.36642e-09  7.57835e-12
      4.00000      464.018  1.32185e-09  7.60115e-12
      4.00000      464.403  1.27265e-09  8.16295e-12
      4.00000      464.792  1.30214e-09  7.95484e-12
      4.00000      465.179  1.29794e-09  7.66965e-12
      4.00000      465.567  1.27443e-09  7.45341e-12
      4.00000      465.955  1.32543e-09  6.85159e-12
      4.00000      466.342  1.28737e-09  6.45347e-12
      4.00000      466.731  1.25695e-09  6.63697e-12
      4.00000      467.122  1.28400e-09  6.81052e-12
      4.00000      467.510  1.27379e-09  7.18237e-12
      4.00000      467.900  1.22581e-09  7.84022e-12
      4.00000      468.290  1.24663e-09  7.85069e-12
      4.00000      468.680  1.25715e-09  7.57784e-12
      4.00000      469.072  1.21894e-09  7.42638e-12
      4.00000      469.462  1.24296e-09  6.99081e-12
      4.00000      469.854  1.24124e-09  6.97089e-12
      4.00000      470.245  1.19291e-09  7.51506e-12
      4.00000      470.637  1.20353e-09  8.01157e-12
      4.00000      471.029  1.18598e-09  8.65291e-12
      4.00000      471.422  1.14859e-09  9.29789e-12
      4.00000      471.816  1.18052e-09  9.18883e-12
      4.00000      472.208  1.18781e-09  8.82103e-12
      4.00000      472.603  1.14965e-09  8.74452e-12
      4.00000      472.997  1.16417e-09  8.48388e-12
      4.00000      473.391  1.16083e-09  8.71224e-12
      4.00000      473.785  1.10575e-09  9.87800e-12
      4.00000      474.181  1.10517e-09  1.08290e-11
      4.00000      474.577  1.11405e-09  1.13975e-11
      19.0000      474.971  1.04169e-09  1.40828e-11
      19.0000      475.367  1.09179e-09  1.12241e-11
      19.0000      475.765  1.11343e-09  9.36879e-12
      19.0000      476.161  1.05309e-09  8.95276e-12
      19.0000      476.558  1.04910e-09  8.69433e-12
      19.0000      476.954  1.04938e-09  9.25318e-12
      19.0000      477.352  1.03513e-09  1.05896e-11
      19.0000      477.751  1.05330e-09  1.06377e-11
      19.0000      478.149  1.06928e-09  1.07729e-11
      19.0000      478.547  1.02688e-09  1.10647e-11
      19.0000      478.946  1.03488e-09  9.64249e-12
      19.0000      479.345  1.04791e-09  8.48292e-12
      19.0000      479.745  9.99374e-10  8.27173e-12
      19.0000      480.146  1.00968e-09  7.95995e-12
      19.0000      480.545  9.87596e-10  7.96193e-12
      19.0000      480.945  9.55326e-10  8.09556e-12
      19.0000      481.348  9.90326e-10  7.62354e-12
      19.0000      481.749  9.81258e-10  7.30545e-12
      19.0000      482.151  9.94776e-10  7.41686e-12
      19.0000      482.551  1.02402e-09  7.30801e-12
      19.0000      482.954  9.77732e-10  7.84183e-12
      19.0000      483.356  9.41523e-10  8.80656e-12
      19.0000      483.760  9.65273e-10  9.36599e-12
      19.0000      484.163  9.62243e-10  9.52600e-12
      19.0000      484.567  9.33247e-10  8.85809e-12
      19.0000      484.971  9.57361e-10  7.81893e-12
      19.0000      485.376  9.34766e-10  7.24566e-12
      19.0000      485.779  9.34322e-10  6.75962e-12
      19.0000      486.185  9.40114e-10  6.49882e-12
      19.0000      486.590  9.01607e-10  6.74478e-12
      19.0000      486.995  8.99330e-10  6.93695e-12
      19.0000      487.401  9.02409e-10  7.01932e-12
      19.0000      487.807  8.72490e-10  7.21308e-12
      4.00000      488.215  8.11852e-10  6.82221e-12
      4.00000      488.622  8.51004e-10  6.38463e-12
      4.00000      489.029  8.30227e-10  6.45335e-12
      4.00000      489.436  8.39884e-10  6.56239e-12
      4.00000      489.845  8.22642e-10  7.16692e-12
      4.00000      490.254  7.71627e-10  7.86958e-12
      4.00000      490.663  8.30018e-10  7.94036e-12
      4.00000      491.070  8.08004e-10  8.22078e-12
      4.00000      491.480  8.07406e-10  8.08542e-12
      4.00000      491.889  8.38069e-10  7.69811e-12
      4.00000      492.300  8.11696e-10  7.94062e-12
      4.00000      492.710  8.01837e-10  8.42075e-12
      4.00000      493.121  8.23186e-10  8.77403e-12
      4.00000      493.532  7.82127e-10  9.65690e-12
      4.00000      493.944  7.74356e-10  9.97278e-12
      4.00000      494.354  8.10138e-10  9.79191e-12
      4.00000      494.768  7.68638e-10  9.94957e-12
      4.00000      495.179  7.88205e-10  9.49028e-12
      4.00000      495.592  7.96172e-10  9.38649e-12
      4.00000      496.005  7.58630e-10  1.01164e-11
      4.00000      496.418  7.66289e-10  1.06422e-11
      4.00000      496.833  7.74108e-10  1.09977e-11
      4.00000      497.248  7.42166e-10  1.17933e-11
      4.00000      497.661  7.80687e-10  1.14372e-11
      4.00000      498.077  7.77327e-10  1.09650e-11
      4.00000      498.492  7.48139e-10  1.13132e-11
      4.00000      498.907  7.65798e-10  1.06912e-11
      4.00000      499.323  7.49286e-10  1.11840e-11
      4.00000      499.740  7.12693e-10  1.21712e-11
      4.00000      500.158  7.41313e-10  1.20511e-11
      4.00000      500.573  7.34218e-10  1.23331e-11
      4.00000      500.992  7.19821e-10  1.21173e-11
      20.0000      501.409  7.50487e-10  9.13499e-12
      20.0000      501.827  7.28678e-10  8.41172e-12
      20.0000      502.245  7.23764e-10  8.13055e-12
      20.0000      502.664  7.18782e-10  7.96536e-12
      20.0000      503.081  7.06869e-10  8.18309e-12
      20.0000      503.502  7.23768e-10  8.28531e-12
      20.0000      503.921  7.10668e-10  8.39399e-12
      20.0000      504.342  7.11319e-10  8.88230e-12
      20.0000      504.762  7.04914e-10  9.24275e-12
      20.0000      505.183  7.14988e-10  8.49832e-12
      20.0000      505.605  6.78250e-10  8.00156e-12
      20.0000      506.027  6.89551e-10  7.72946e-12
      20.0000      506.447  7.00189e-10  7.39189e-12
      20.0000      506.871  6.94568e-10  6.87836e-12
      20.0000      507.292  6.90482e-10  6.43513e-12
      20.0000      507.715  7.03579e-10  6.16878e-12
      20.0000      508.138  6.99870e-10  6.05178e-12
      20.0000      508.562  6.59092e-10  6.31989e-12
      20.0000      508.986  6.49902e-10  6.70133e-12
      20.0000      509.411  6.49477e-10  7.08469e-12
      20.0000      509.835  6.36288e-10  7.33772e-12
      20.0000      510.261  6.57786e-10  7.36087e-12
      20.0000      510.686  6.64291e-10  7.46862e-12
      20.0000      511.112  6.36888e-10  7.44226e-12
      20.0000      511.538  6.31797e-10  7.42300e-12
      20.0000      511.965  6.12804e-10  7.31978e-12
      20.0000      512.392  6.12414e-10  7.34200e-12
      20.0000      512.818  6.23810e-10  7.13007e-12
      20.0000      513.244  6.24201e-10  6.78512e-12
      20.0000      513.674  6.29327e-10  6.37168e-12
      20.0000      514.102  6.17244e-10  6.23089e-12
      20.0000      514.530  6.23736e-10  6.21767e-12
      20.0000      514.960  6.10662e-10  6.59781e-12
      20.0000      515.390  5.72120e-10  7.43337e-12
      20.0000      515.818  5.85904e-10  8.04395e-12
      20.0000      516.249  5.88950e-10  8.63653e-12
      20.0000      516.678  5.79167e-10  8.94101e-12
      20.0000      517.109  6.24747e-10  9.05472e-12
      20.0000      517.539  6.00295e-10  1.04080e-11
      20.0000      517.971  5.67785e-10  1.18680e-11
      20.0000      518.403  5.78838e-10  1.40569e-11
      20.0000      518.836  5.41042e-10  1.76702e-11
      20.0000      519.267  5.14413e-10  1.95722e-11
      20.0000      519.702  5.29578e-10  2.01529e-11
      20.0000      520.134  4.45501e-10  2.27150e-11
      20.0000      520.568  5.64678e-10  2.20291e-11
      20.0000      521.002  5.51978e-10  2.45014e-11
      20.0000      521.436  4.48295e-10  3.24395e-11
      20.0000      521.872  5.08914e-10  3.60213e-11
      20.0000      522.308  5.20378e-10  4.39243e-11
      20.0000      522.742  5.49042e-10  4.88209e-11
      20.0000      523.177  6.97728e-10  4.55572e-11
      20.0000      523.615  6.47925e-10  4.87720e-11
      20.0000      524.051  4.24611e-10  5.24973e-11
      20.0000      524.488  3.63206e-10  5.23369e-11
      20.0000      524.923  3.36204e-10  6.63345e-11
      20.0000      525.362  3.60600e-10  8.33706e-11
      20.0000      525.801  3.01387e-10  8.81449e-11
      20.0000      526.238  2.92752e-10  9.59567e-11
      20.0000      526.676  3.27322e-10  8.79176e-11
