      11.0000      271.534  2.53199e-08  1.78116e-10
      11.0000      271.761  3.45187e-08  3.42927e-10
      11.0000      271.987  2.80581e-08  1.86346e-10
      11.0000      272.214  2.30384e-08  1.53038e-10
      11.0000      272.441  3.01666e-08  2.16655e-10
      11.0000      272.668  2.61855e-08  3.50839e-10
      11.0000      272.895  3.09981e-08  3.68932e-10
      11.0000      273.123  2.81500e-08  1.98604e-10
      11.0000      273.350  3.09797e-08  5.34571e-10
      11.0000      273.578  2.42061e-08  1.45109e-10
      11.0000      273.806  2.87632e-08  3.85828e-10
      11.0000      274.035  2.96643e-08  1.90189e-10
      11.0000      274.263  2.73879e-08  1.68102e-10
      11.0000      274.492  2.81306e-08  1.53601e-10
      11.0000      274.721  2.61312e-08  1.32411e-10
      11.0000      274.950  2.68004e-08  1.39273e-10
      11.0000      275.179  3.00851e-08  1.51122e-10
      11.0000      275.409  2.86927e-08  1.47975e-10
      11.0000      275.638  2.51007e-08  1.43015e-10
      11.0000      275.867  2.51481e-08  1.36827e-10
      11.0000      276.097  2.82026e-08  1.64287e-10
      11.0000      276.328  2.39157e-08  1.25079e-10
      11.0000      276.558  2.40994e-08  1.35705e-10
      11.0000      276.789  2.21539e-08  9.89354e-11
      11.0000      277.020  2.46063e-08  1.30538e-10
      11.0000      277.250  2.35439e-08  1.07980e-10
      11.0000      277.482  2.29631e-08  1.07595e-10
      11.0000      277.713  2.24935e-08  1.03547e-10
      11.0000      277.945  2.31139e-08  1.02516e-10
      11.0000      278.177  2.35670e-08  1.10083e-10
      11.0000      278.408  2.47324e-08  1.19259e-10
      11.0000      278.640  2.63181e-08  1.35225e-10
      11.0000      278.872  2.64777e-08  1.35808e-10
      11.0000      279.105  2.58404e-08  1.29325e-10
      11.0000      279.337  2.66299e-08  1.37732e-10
      11.0000      279.571  2.23282e-08  1.06759e-10
      11.0000      279.804  2.35925e-08  1.11725e-10
      11.0000      280.037  2.16553e-08  8.93547e-11
      11.0000      280.271  2.27655e-08  8.92692e-11
      11.0000      280.504  2.22896e-08  8.43288e-11
      11.0000      280.738  2.28301e-08  8.93298e-11
      11.0000      280.971  2.18424e-08  8.32101e-11
      11.0000      281.206  2.20213e-08  8.39283e-11
      11.0000      281.440  2.29928e-08  8.73239e-11
      11.0000      281.675  2.01909e-08  7.53021e-11
      11.0000      281.910  2.04832e-08  8.05308e-11
      11.0000      282.145  2.16698e-08  8.38192e-11
      11.0000      282.381  2.11775e-08  8.36803e-11
      11.0000      282.616  2.11433e-08  8.04878e-11
      11.0000      282.851  2.17754e-08  8.48025e-11
      11.0000      283.087  2.10102e-08  7.96241e-11
      11.0000      283.323  2.03847e-08  7.97036e-11
      11.0000      283.559  2.07228e-08  7.98953e-11
      11.0000      283.796  2.03969e-08  7.50721e-11
      11.0000      284.032  2.06698e-08  7.55334e-11
      11.0000      284.269  2.02674e-08  7.39185e-11
      11.0000      284.506  2.06384e-08  7.61689e-11
      11.0000      284.743  1.96883e-08  7.29550e-11
      11.0000      284.981  1.77601e-08  6.19968e-11
      11.0000      285.218  1.97651e-08  7.03262e-11
      11.0000      285.456  2.01586e-08  7.19381e-11
      11.0000      285.694  1.95164e-08  7.27590e-11
      11.0000      285.932  1.81359e-08  6.60142e-11
      11.0000      286.171  1.82255e-08  6.44938e-11
      11.0000      286.409  1.96671e-08  6.97399e-11
      11.0000      286.648  1.95355e-08  7.13336e-11
      11.0000      286.887  1.88508e-08  6.97068e-11
      11.0000      287.126  1.84070e-08  6.64482e-11
      11.0000      287.365  1.79846e-08  6.34244e-11
      11.0000      287.605  1.73081e-08  6.12076e-11
      11.0000      287.844  1.90767e-08  7.16668e-11
      11.0000      288.085  1.93471e-08  7.31502e-11
      11.0000      288.325  1.90518e-08  7.31486e-11
      11.0000      288.565  1.83840e-08  7.00907e-11
      11.0000      288.806  1.79306e-08  7.05338e-11
      11.0000      289.047  1.73742e-08  7.30721e-11
      11.0000      289.287  1.83333e-08  7.88773e-11
      11.0000      289.529  1.73042e-08  7.21737e-11
      11.0000      289.770  1.77540e-08  7.48830e-11
      11.0000      290.011  1.75281e-08  7.47188e-11
      11.0000      290.254  1.65369e-08  7.09850e-11
      11.0000      290.495  1.77520e-08  7.67073e-11
      11.0000      290.737  1.71665e-08  7.04692e-11
      11.0000      290.980  1.66176e-08  6.62551e-11
      11.0000      291.223  1.64950e-08  6.65619e-11
      11.0000      291.465  1.66700e-08  6.93745e-11
      11.0000      291.708  1.69935e-08  7.13602e-11
      11.0000      291.951  1.77549e-08  7.72031e-11
      11.0000      292.195  1.70437e-08  7.45585e-11
      11.0000      292.439  1.76843e-08  8.16404e-11
      11.0000      292.683  1.66619e-08  8.02486e-11
      11.0000      292.926  1.55942e-08  7.33267e-11
      11.0000      293.171  1.73060e-08  8.26463e-11
      12.0000      295.377  1.84264e-08  8.10672e-11
      12.0000      295.624  1.75229e-08  7.38880e-11
      12.0000      295.870  1.73254e-08  7.68667e-11
      12.0000      296.117  1.64585e-08  7.47129e-11
      12.0000      296.364  1.66142e-08  7.34174e-11
      12.0000      296.611  1.60574e-08  6.68074e-11
      12.0000      296.858  1.60460e-08  6.62479e-11
      12.0000      297.105  1.66580e-08  7.02916e-11
      12.0000      297.354  1.52233e-08  6.28549e-11
      12.0000      297.601  1.60912e-08  6.43997e-11
      12.0000      297.850  1.59775e-08  5.67233e-11
      12.0000      298.097  1.49146e-08  4.84587e-11
      12.0000      298.346  1.56646e-08  5.41584e-11
      12.0000      298.595  1.57753e-08  5.74845e-11
      12.0000      298.844  1.55391e-08  5.70164e-11
      12.0000      299.093  1.52544e-08  5.23598e-11
      12.0000      299.342  1.53563e-08  5.00704e-11
      12.0000      299.592  1.48673e-08  4.79610e-11
      12.0000      299.842  1.43101e-08  4.79241e-11
      12.0000      300.091  1.46742e-08  5.10392e-11
      12.0000      300.342  1.47993e-08  4.97317e-11
      12.0000      300.592  1.45249e-08  4.83303e-11
      12.0000      300.843  1.41349e-08  4.62206e-11
      12.0000      301.093  1.47756e-08  6.91670e-11
      12.0000      301.345  1.53073e-08  3.84264e-10
      12.0000      301.595  1.51155e-08  4.36603e-11
      12.0000      301.848  1.50186e-08  4.22365e-11
      12.0000      302.099  1.45969e-08  4.45434e-11
      12.0000      302.350  1.42889e-08  4.52906e-11
      12.0000      302.603  1.40731e-08  4.33283e-11
      12.0000      302.855  1.43031e-08  4.07608e-11
      12.0000      303.107  1.45314e-08  4.12338e-11
      12.0000      303.360  1.38496e-08  3.95802e-11
      12.0000      303.614  1.36283e-08  3.80999e-11
      12.0000      303.866  1.40628e-08  3.89179e-11
      12.0000      304.120  1.41941e-08  3.96121e-11
      12.0000      304.373  1.38740e-08  4.02548e-11
      12.0000      304.627  1.35966e-08  4.01150e-11
      12.0000      304.881  1.38177e-08  3.87543e-11
      12.0000      305.135  1.36346e-08  3.48851e-11
      12.0000      305.389  1.37348e-08  3.42673e-11
      12.0000      305.644  1.34006e-08  3.42145e-11
      12.0000      305.899  1.33450e-08  3.46969e-11
      12.0000      306.154  1.34955e-08  3.43299e-11
      12.0000      306.409  1.37166e-08  3.63465e-11
      12.0000      306.665  1.35324e-08  3.82314e-11
      12.0000      306.921  1.32249e-08  3.99891e-11
      12.0000      307.176  1.35016e-08  4.02992e-11
      12.0000      307.432  1.32046e-08  3.66979e-11
      12.0000      307.689  1.30504e-08  3.45047e-11
      12.0000      307.945  1.31800e-08  3.46720e-11
      12.0000      308.202  1.35714e-08  3.64558e-11
      12.0000      308.458  1.42754e-08  3.35329e-11
      12.0000      308.715  1.37909e-08  3.04758e-11
      12.0000      308.973  1.31256e-08  2.97174e-11
      12.0000      309.231  1.30189e-08  3.14620e-11
      12.0000      309.488  1.29463e-08  3.30679e-11
      12.0000      309.746  1.30726e-08  3.28463e-11
      12.0000      310.004  1.29643e-08  3.36247e-11
      12.0000      310.263  1.26050e-08  3.46145e-11
      12.0000      310.522  1.26057e-08  3.57852e-11
      12.0000      310.781  1.28185e-08  3.47366e-11
      12.0000      311.040  1.28241e-08  3.27464e-11
      12.0000      311.300  1.30824e-08  3.30038e-11
      12.0000      311.559  1.27477e-08  3.30969e-11
      12.0000      311.819  1.27586e-08  3.30588e-11
      12.0000      312.079  1.30872e-08  3.21041e-11
      12.0000      312.339  1.28046e-08  3.06245e-11
      12.0000      312.599  1.27266e-08  3.22685e-11
      12.0000      312.860  1.25524e-08  3.32702e-11
      12.0000      313.120  1.27883e-08  3.30895e-11
      12.0000      313.381  1.25620e-08  3.07845e-11
      12.0000      313.643  1.23095e-08  3.00959e-11
      12.0000      313.905  1.23307e-08  3.13404e-11
      12.0000      314.166  1.23580e-08  3.35983e-11
      12.0000      314.428  1.24263e-08  3.46016e-11
      12.0000      314.690  1.24755e-08  3.40099e-11
      12.0000      314.953  1.24134e-08  3.35958e-11
      12.0000      315.215  1.23202e-08  3.21375e-11
      12.0000      315.477  1.25590e-08  2.99284e-11
      12.0000      315.740  1.29159e-08  2.87127e-11
      12.0000      316.004  1.29248e-08  2.97208e-11
      12.0000      316.268  1.27199e-08  3.24372e-11
      12.0000      316.531  1.25959e-08  3.36621e-11
      12.0000      316.795  1.25356e-08  3.17445e-11
      12.0000      317.059  1.22514e-08  3.01226e-11
      12.0000      317.323  1.21466e-08  3.11885e-11
      12.0000      317.587  1.23446e-08  3.24459e-11
      12.0000      317.853  1.25643e-08  3.09829e-11
      12.0000      318.118  1.25242e-08  3.32522e-11
      12.0000      318.383  1.16234e-08  3.75949e-11
      12.0000      318.648  1.18088e-08  3.53883e-11
      12.0000      318.914  1.20747e-08  3.28655e-11
      13.0000      319.180  1.17046e-08  3.62265e-11
      13.0000      319.446  1.19139e-08  3.74601e-11
      13.0000      319.713  1.21443e-08  4.55292e-11
      13.0000      319.978  1.16144e-08  4.88640e-11
      13.0000      320.246  1.14580e-08  4.38544e-11
      13.0000      320.513  1.20382e-08  3.74260e-11
      13.0000      320.780  1.19599e-08  3.50379e-11
      13.0000      321.047  1.17788e-08  3.69371e-11
      13.0000      321.315  1.17398e-08  3.59560e-11
      13.0000      321.583  1.17418e-08  3.16479e-11
      13.0000      321.851  1.19448e-08  2.89065e-11
      13.0000      322.119  1.17325e-08  2.76357e-11
      13.0000      322.387  1.14893e-08  2.79297e-11
      13.0000      322.657  1.14980e-08  2.82210e-11
      13.0000      322.925  1.17820e-08  2.97098e-11
      13.0000      323.195  1.17931e-08  3.21635e-11
      13.0000      323.464  1.15890e-08  3.29102e-11
      13.0000      323.734  1.17314e-08  3.04199e-11
      13.0000      324.003  1.16039e-08  2.57010e-11
      13.0000      324.273  1.15897e-08  2.46306e-11
      13.0000      324.544  1.12530e-08  2.58142e-11
      13.0000      324.815  1.11670e-08  2.65988e-11
      13.0000      325.085  1.15844e-08  2.52399e-11
      13.0000      325.357  1.15851e-08  2.34842e-11
      13.0000      325.628  1.12544e-08  2.32134e-11
      13.0000      325.900  1.08680e-08  2.30564e-11
      13.0000      326.171  1.10075e-08  2.28404e-11
      13.0000      326.443  1.13720e-08  2.36370e-11
      13.0000      326.715  1.13832e-08  2.64039e-11
      13.0000      326.988  1.12062e-08  3.00820e-11
      13.0000      327.259  1.11932e-08  2.85115e-11
      13.0000      327.533  1.16766e-08  2.54385e-11
      13.0000      327.805  1.15407e-08  2.26869e-11
      13.0000      328.079  1.11454e-08  2.13089e-11
      13.0000      328.352  1.10860e-08  2.03590e-11
      13.0000      328.626  1.12332e-08  1.93426e-11
      13.0000      328.900  1.11798e-08  1.98689e-11
      13.0000      329.175  1.09846e-08  2.30432e-11
      13.0000      329.449  1.08631e-08  2.63221e-11
      13.0000      329.724  1.09000e-08  2.60678e-11
      13.0000      329.998  1.11425e-08  2.50000e-11
      13.0000      330.274  1.10350e-08  2.47390e-11
      13.0000      330.549  1.08473e-08  2.41843e-11
      13.0000      330.825  1.08836e-08  2.16449e-11
      13.0000      331.101  1.11354e-08  1.89858e-11
      13.0000      331.376  1.11692e-08  1.83805e-11
      13.0000      331.653  1.09696e-08  1.94811e-11
      13.0000      331.929  1.09005e-08  2.01703e-11
      13.0000      332.206  1.10290e-08  2.04077e-11
      13.0000      332.483  1.10815e-08  2.20381e-11
      13.0000      332.760  1.07844e-08  2.50061e-11
      13.0000      333.037  1.06619e-08  2.68183e-11
      13.0000      333.316  1.09575e-08  2.58474e-11
      13.0000      333.592  1.11918e-08  2.45014e-11
      13.0000      333.871  1.08730e-08  2.31685e-11
      13.0000      334.150  1.08473e-08  2.27797e-11
      13.0000      334.428  1.10226e-08  2.03818e-11
      13.0000      334.707  1.12300e-08  1.81750e-11
      13.0000      334.986  1.12300e-08  1.80956e-11
      13.0000      335.264  1.10164e-08  1.91016e-11
      13.0000      335.545  1.08494e-08  1.93531e-11
      13.0000      335.824  1.08489e-08  1.92378e-11
      13.0000      336.104  1.07273e-08  2.04687e-11
      13.0000      336.384  1.05347e-08  2.31086e-11
      13.0000      336.665  1.07198e-08  2.44898e-11
      13.0000      336.945  1.09339e-08  2.37617e-11
      13.0000      337.226  1.09832e-08  2.35353e-11
      13.0000      337.507  1.14266e-08  2.64895e-11
      13.0000      337.789  1.06671e-08  2.42718e-11
      13.0000      338.071  1.10795e-08  2.33073e-11
      13.0000      338.352  1.11580e-08  2.23893e-11
      13.0000      338.634  1.07680e-08  2.34456e-11
      13.0000      338.916  1.03802e-08  2.44505e-11
      13.0000      339.199  1.05980e-08  2.49701e-11
      13.0000      339.482  1.06524e-08  2.44206e-11
      13.0000      339.765  1.06114e-08  2.59222e-11
      13.0000      340.048  1.05914e-08  2.99047e-11
      13.0000      340.332  1.06389e-08  2.68400e-11
      13.0000      340.616  1.09697e-08  2.56185e-11
      13.0000      340.899  1.07067e-08  2.47050e-11
      13.0000      341.184  1.05529e-08  2.48988e-11
      13.0000      341.468  1.05537e-08  2.36911e-11
      13.0000      341.753  1.06493e-08  2.20554e-11
      13.0000      342.038  1.04566e-08  2.18934e-11
      13.0000      342.323  1.02266e-08  2.33993e-11
      13.0000      342.608  1.03710e-08  2.50516e-11
      13.0000      342.894  1.04943e-08  2.46295e-11
      4.00000      343.180  1.03249e-08  2.51142e-11
      4.00000      343.466  1.02518e-08  2.72271e-11
      4.00000      343.752  1.02127e-08  2.76597e-11
      4.00000      344.039  1.04712e-08  2.61080e-11
      4.00000      344.325  1.05239e-08  2.55785e-11
      4.00000      344.612  1.03573e-08  2.70476e-11
      14.0000      344.900  9.92766e-09  3.05935e-11
      14.0000      345.187  1.01812e-08  2.81867e-11
      14.0000      345.476  1.00631e-08  2.56700e-11
      14.0000      345.764  9.79139e-09  2.54301e-11
      14.0000      346.052  9.66454e-09  2.53368e-11
      14.0000      346.340  9.99050e-09  2.48772e-11
      14.0000      346.629  1.01096e-08  2.68025e-11
      14.0000      346.917  9.94928e-09  3.01753e-11
      14.0000      347.207  9.81017e-09  3.01428e-11
      14.0000      347.496  1.00038e-08  2.53869e-11
      14.0000      347.786  1.01819e-08  2.18139e-11
      14.0000      348.077  9.92995e-09  2.16387e-11
      14.0000      348.367  9.74834e-09  2.28811e-11
      14.0000      348.657  9.86063e-09  2.32951e-11
      14.0000      348.948  9.96605e-09  2.45785e-11
      14.0000      349.239  9.73429e-09  2.66724e-11
      14.0000      349.529  9.76094e-09  2.85622e-11
      14.0000      349.820  1.00840e-08  2.62140e-11
      14.0000      350.112  1.04342e-08  2.44734e-11
      14.0000      350.404  1.04127e-08  2.54259e-11
      14.0000      350.696  1.07714e-08  2.73267e-11
      14.0000      350.989  1.12336e-08  2.69356e-11
      14.0000      351.281  1.13843e-08  2.53380e-11
      14.0000      351.574  1.06976e-08  2.45399e-11
      14.0000      351.867  9.82534e-09  2.35872e-11
      14.0000      352.161  9.44197e-09  2.15087e-11
      14.0000      352.454  9.30919e-09  1.91524e-11
      14.0000      352.749  9.29878e-09  1.93782e-11
      14.0000      353.043  8.97854e-09  2.09337e-11
      14.0000      353.337  8.91735e-09  2.09907e-11
      14.0000      353.632  9.28572e-09  2.08937e-11
      14.0000      353.926  9.36646e-09  2.22230e-11
      14.0000      354.221  1.10409e-08  2.58190e-11
      14.0000      354.517  1.02644e-08  2.28628e-11
      14.0000      354.812  9.10827e-09  1.81918e-11
      14.0000      355.107  9.24820e-09  1.75028e-11
      14.0000      355.404  9.11684e-09  1.80704e-11
      14.0000      355.700  8.93166e-09  1.76257e-11
      14.0000      355.996  9.12216e-09  1.71619e-11
      14.0000      356.294  9.24232e-09  1.84576e-11
      14.0000      356.590  9.20602e-09  2.07355e-11
      14.0000      356.888  9.31563e-09  2.11182e-11
      14.0000      357.185  9.61955e-09  2.06866e-11
      14.0000      357.482  9.48657e-09  2.12781e-11
      14.0000      357.780  9.11270e-09  2.18091e-11
      14.0000      358.079  9.10448e-09  2.06848e-11
      14.0000      358.378  9.11863e-09  1.83279e-11
      14.0000      358.676  9.10514e-09  1.77093e-11
      14.0000      358.976  8.84606e-09  1.79588e-11
      14.0000      359.275  9.01617e-09  1.76868e-11
      14.0000      359.575  9.12936e-09  1.66136e-11
      14.0000      359.874  9.00250e-09  1.68870e-11
      14.0000      360.175  8.88810e-09  1.76078e-11
      14.0000      360.475  8.96418e-09  1.71388e-11
      14.0000      360.775  9.11799e-09  1.65034e-11
      14.0000      361.076  8.95264e-09  1.73976e-11
      14.0000      361.377  8.76119e-09  1.84285e-11
      14.0000      361.678  8.90992e-09  1.83358e-11
      14.0000      361.979  9.07258e-09  1.85480e-11
      14.0000      362.282  8.99806e-09  2.05155e-11
      14.0000      362.583  8.82036e-09  2.22789e-11
      14.0000      362.886  8.87190e-09  2.17283e-11
      14.0000      363.189  8.96948e-09  2.09474e-11
      14.0000      363.491  8.86145e-09  2.20372e-11
      14.0000      363.794  8.67642e-09  2.23572e-11
      14.0000      364.097  8.69801e-09  2.07313e-11
      14.0000      364.401  8.74225e-09  1.92978e-11
      14.0000      364.704  8.64250e-09  1.99781e-11
      14.0000      365.009  8.50540e-09  2.04056e-11
      14.0000      365.313  8.50807e-09  1.90230e-11
      14.0000      365.617  8.61456e-09  1.86335e-11
      14.0000      365.922  8.33652e-09  1.91702e-11
      14.0000      366.228  8.28371e-09  1.98038e-11
      14.0000      366.533  8.46035e-09  1.89729e-11
      14.0000      366.838  8.57782e-09  1.85725e-11
      4.00000      367.144  8.25494e-09  1.93195e-11
      4.00000      367.450  8.15891e-09  1.96838e-11
      4.00000      367.757  8.28087e-09  1.86277e-11
      4.00000      368.062  8.33148e-09  1.84451e-11
      4.00000      368.370  8.08176e-09  1.94985e-11
      4.00000      368.677  8.04421e-09  1.99143e-11
      4.00000      368.985  8.16549e-09  1.91084e-11
      4.00000      369.293  8.10009e-09  1.94790e-11
      4.00000      369.600  7.93062e-09  2.13014e-11
      4.00000      369.909  7.89872e-09  2.11295e-11
      4.00000      370.217  8.07818e-09  2.04413e-11
      4.00000      370.525  8.00738e-09  2.10670e-11
      15.0000      370.835  7.64456e-09  2.12361e-11
      15.0000      371.143  7.70060e-09  2.07245e-11
      15.0000      371.453  7.95807e-09  2.16325e-11
      15.0000      371.762  7.77280e-09  2.36356e-11
      15.0000      372.072  7.54520e-09  2.35958e-11
      15.0000      372.383  7.50322e-09  1.97993e-11
      15.0000      372.692  7.62799e-09  1.73997e-11
      15.0000      373.003  7.53973e-09  1.77867e-11
      15.0000      373.314  7.43847e-09  1.85264e-11
      15.0000      373.626  7.52335e-09  1.86102e-11
      15.0000      373.937  7.53544e-09  1.97334e-11
      15.0000      374.249  7.31973e-09  2.09147e-11
      15.0000      374.561  7.20279e-09  1.92625e-11
      15.0000      374.873  7.37550e-09  1.66786e-11
      15.0000      375.185  7.39451e-09  1.55889e-11
      15.0000      375.498  7.20900e-09  1.60605e-11
      15.0000      375.811  7.20352e-09  1.60654e-11
      15.0000      376.125  7.34541e-09  1.61226e-11
      15.0000      376.438  7.22020e-09  1.77970e-11
      15.0000      376.753  6.99493e-09  1.91148e-11
      15.0000      377.067  7.08144e-09  1.75165e-11
      15.0000      377.381  7.21823e-09  1.56464e-11
      15.0000      377.695  7.06781e-09  1.52562e-11
      15.0000      378.010  6.90271e-09  1.50298e-11
      15.0000      378.325  7.02678e-09  1.40593e-11
      15.0000      378.640  7.09921e-09  1.40791e-11
      15.0000      378.956  6.89202e-09  1.52958e-11
      15.0000      379.272  6.73596e-09  1.59735e-11
      15.0000      379.589  6.98494e-09  1.59622e-11
      15.0000      379.905  6.88418e-09  1.62796e-11
      15.0000      380.222  6.62695e-09  1.66279e-11
      15.0000      380.539  6.65248e-09  1.55497e-11
      15.0000      380.855  6.85711e-09  1.40975e-11
      15.0000      381.173  6.71213e-09  1.37291e-11
      15.0000      381.492  6.51515e-09  1.37406e-11
      15.0000      381.809  6.60468e-09  1.29072e-11
      15.0000      382.127  6.71077e-09  1.24004e-11
      15.0000      382.446  6.53351e-09  1.32178e-11
      15.0000      382.765  6.40748e-09  1.37773e-11
      15.0000      383.085  6.52220e-09  1.36202e-11
      15.0000      383.403  6.51702e-09  1.44943e-11
      15.0000      383.723  6.27213e-09  1.64850e-11
      15.0000      384.044  6.28800e-09  1.71241e-11
      15.0000      384.363  6.42778e-09  1.56835e-11
      15.0000      384.683  6.40305e-09  1.52967e-11
      15.0000      385.005  6.21363e-09  1.52464e-11
      15.0000      385.325  6.28986e-09  1.39555e-11
      15.0000      385.646  6.43024e-09  1.24850e-11
      15.0000      385.968  6.21114e-09  1.21206e-11
      15.0000      386.290  6.01321e-09  1.22435e-11
      15.0000      386.612  6.10544e-09  1.17868e-11
      15.0000      386.934  6.13484e-09  1.17555e-11
      15.0000      387.256  5.95126e-09  1.25788e-11
      15.0000      387.580  5.89012e-09  1.28933e-11
      15.0000      387.902  6.02172e-09  1.24614e-11
      15.0000      388.226  6.01022e-09  1.26728e-11
      15.0000      388.550  5.85805e-09  1.31624e-11
      15.0000      388.874  5.92030e-09  1.26158e-11
      15.0000      389.197  6.00716e-09  1.21999e-11
      15.0000      389.522  5.83090e-09  1.30597e-11
      15.0000      389.847  5.67921e-09  1.39326e-11
      15.0000      390.172  5.78100e-09  1.39325e-11
      15.0000      390.497  5.76996e-09  1.44354e-11
      15.0000      390.823  5.65153e-09  1.62997e-11
      4.00000      391.149  5.47917e-09  1.63940e-11
      4.00000      391.475  5.63980e-09  1.55491e-11
      4.00000      391.802  5.60973e-09  1.57706e-11
      4.00000      392.128  5.42691e-09  1.63578e-11
      4.00000      392.455  5.45656e-09  1.55877e-11
      4.00000      392.782  5.60223e-09  1.49845e-11
      4.00000      393.110  5.38452e-09  1.60485e-11
      4.00000      393.437  5.26384e-09  1.74785e-11
      4.00000      393.766  5.35127e-09  1.69999e-11
      4.00000      394.093  5.40362e-09  1.75498e-11
      4.00000      394.421  5.22415e-09  1.93848e-11
      4.00000      394.751  5.18464e-09  1.89072e-11
      4.00000      395.080  5.36738e-09  1.74069e-11
      4.00000      395.409  5.33340e-09  1.74762e-11
      4.00000      395.739  5.12971e-09  1.76249e-11
      4.00000      396.069  5.21515e-09  1.66358e-11
      4.00000      396.399  5.24065e-09  1.62086e-11
      16.0000      396.729  4.97025e-09  1.81991e-11
      16.0000      397.060  4.83459e-09  1.90861e-11
      16.0000      397.392  4.93300e-09  1.64826e-11
      16.0000      397.722  4.98695e-09  1.51771e-11
      16.0000      398.054  4.82411e-09  1.48538e-11
      16.0000      398.386  4.86084e-09  1.36523e-11
      16.0000      398.718  4.98294e-09  1.31433e-11
      16.0000      399.050  4.81860e-09  1.44670e-11
      16.0000      399.383  4.69813e-09  1.57102e-11
      16.0000      399.717  4.77309e-09  1.44994e-11
      16.0000      400.050  4.77841e-09  1.34981e-11
      16.0000      400.383  4.61224e-09  1.36219e-11
      16.0000      400.716  4.62905e-09  1.31108e-11
      16.0000      401.051  4.72752e-09  1.24047e-11
      16.0000      401.386  4.64010e-09  1.29153e-11
      16.0000      401.719  4.52926e-09  1.32946e-11
      16.0000      402.055  4.62765e-09  1.30094e-11
      16.0000      402.390  4.66255e-09  1.33102e-11
      16.0000      402.726  4.42324e-09  1.36202e-11
      16.0000      403.062  4.40880e-09  1.26978e-11
      16.0000      403.397  4.48433e-09  1.15545e-11
      16.0000      403.734  4.41771e-09  1.16472e-11
      16.0000      404.070  4.33026e-09  1.19079e-11
      16.0000      404.406  4.40754e-09  1.12586e-11
      16.0000      404.744  4.42070e-09  1.11409e-11
      16.0000      405.081  4.28714e-09  1.17262e-11
      16.0000      405.420  4.28189e-09  1.16897e-11
      16.0000      405.757  4.35119e-09  1.17261e-11
      16.0000      406.095  4.22366e-09  1.28245e-11
      16.0000      406.435  4.06211e-09  1.33271e-11
      16.0000      406.774  4.18430e-09  1.25408e-11
      16.0000      407.111  4.21444e-09  1.18180e-11
      16.0000      407.451  4.03941e-09  1.17212e-11
      16.0000      407.790  4.06753e-09  1.12666e-11
      16.0000      408.132  4.17401e-09  1.00149e-11
      16.0000      408.472  4.05953e-09  9.81257e-12
      16.0000      408.812  3.96406e-09  9.80469e-12
      16.0000      409.152  4.03794e-09  9.46595e-12
      16.0000      409.494  4.00303e-09  9.99876e-12
      16.0000      409.834  3.85443e-09  1.13963e-11
      16.0000      410.177  3.83901e-09  1.18112e-11
      16.0000      410.519  3.98575e-09  1.21405e-11
      16.0000      410.862  3.85282e-09  1.34085e-11
      16.0000      411.203  3.78498e-09  1.40375e-11
      16.0000      411.546  3.93139e-09  1.28520e-11
      16.0000      411.889  3.93081e-09  1.22948e-11
      16.0000      412.233  3.72953e-09  1.22477e-11
      16.0000      412.577  3.71130e-09  1.16829e-11
      16.0000      412.919  3.80682e-09  1.09584e-11
      16.0000      413.264  3.64679e-09  1.13370e-11
      16.0000      413.609  3.58326e-09  1.21110e-11
      16.0000      413.954  3.70140e-09  1.12794e-11
      16.0000      414.298  3.72309e-09  1.08735e-11
      16.0000      414.644  3.59785e-09  1.09920e-11
      16.0000      414.989  3.65121e-09  1.03340e-11
      4.00000      415.336  3.63562e-09  9.60762e-12
      4.00000      415.683  3.49012e-09  9.91337e-12
      4.00000      416.029  3.37471e-09  1.00826e-11
      4.00000      416.375  3.47083e-09  9.97169e-12
      4.00000      416.722  3.42671e-09  1.03952e-11
      4.00000      417.070  3.30814e-09  1.10602e-11
      4.00000      417.418  3.36326e-09  1.08879e-11
      4.00000      417.767  3.45593e-09  1.05410e-11
      4.00000      418.114  3.34971e-09  1.06959e-11
      4.00000      418.463  3.34942e-09  1.04295e-11
      4.00000      418.811  3.40820e-09  1.00191e-11
      4.00000      419.161  3.30915e-09  1.03633e-11
      4.00000      419.511  3.20096e-09  1.09392e-11
      4.00000      419.859  3.27645e-09  1.11287e-11
      4.00000      420.210  3.24912e-09  1.14259e-11
      4.00000      420.560  3.11436e-09  1.19432e-11
      4.00000      420.911  3.12943e-09  1.17725e-11
      4.00000      421.262  3.21845e-09  1.13195e-11
      4.00000      421.614  3.09066e-09  1.14168e-11
      4.00000      421.964  3.06138e-09  1.14706e-11
      4.00000      422.317  3.14362e-09  1.12919e-11
      17.0000      422.669  3.03769e-09  1.22602e-11
      17.0000      423.021  2.94559e-09  1.33680e-11
      17.0000      423.374  2.98534e-09  1.37499e-11
      17.0000      423.727  2.99374e-09  1.49150e-11
      17.0000      424.079  2.88434e-09  1.56120e-11
      17.0000      424.434  2.89260e-09  1.31822e-11
      17.0000      424.787  2.96640e-09  1.10965e-11
      17.0000      425.141  2.85517e-09  1.06449e-11
      17.0000      425.496  2.79366e-09  1.05423e-11
      17.0000      425.851  2.86944e-09  1.02475e-11
      17.0000      426.205  2.82184e-09  1.14650e-11
      17.0000      426.561  2.71698e-09  1.28620e-11
      17.0000      426.916  2.75188e-09  1.29494e-11
      17.0000      427.272  2.81256e-09  1.23535e-11
      17.0000      427.628  2.70221e-09  1.16431e-11
      17.0000      427.985  2.71574e-09  1.02985e-11
      17.0000      428.343  2.77070e-09  9.05009e-12
      17.0000      428.699  2.67216e-09  9.07230e-12
      17.0000      429.056  2.61634e-09  9.13792e-12
      17.0000      429.415  2.69001e-09  9.05661e-12
      17.0000      429.771  2.65733e-09  9.89289e-12
      17.0000      430.130  2.54850e-09  1.07521e-11
      17.0000      430.489  2.63290e-09  1.07709e-11
      17.0000      430.847  2.65706e-09  1.09983e-11
      17.0000      431.207  2.52337e-09  1.11501e-11
      17.0000      431.566  2.55496e-09  9.91956e-12
      17.0000      431.926  2.60199e-09  8.86897e-12
      17.0000      432.287  2.50775e-09  8.84601e-12
      17.0000      432.646  2.46735e-09  8.63196e-12
      17.0000      433.007  2.49984e-09  8.11104e-12
      17.0000      433.368  2.46037e-09  8.18572e-12
      17.0000      433.730  2.41138e-09  8.25877e-12
      17.0000      434.092  2.47688e-09  7.90982e-12
      17.0000      434.452  2.44505e-09  8.06345e-12
      17.0000      434.815  2.37317e-09  8.57928e-12
      17.0000      435.178  2.40094e-09  8.58135e-12
      17.0000      435.540  2.39184e-09  8.99348e-12
      17.0000      435.905  2.32578e-09  1.00029e-11
      17.0000      436.268  2.30819e-09  1.02718e-11
      17.0000      436.630  2.39180e-09  1.02090e-11
      17.0000      436.994  2.28241e-09  1.02438e-11
      17.0000      437.359  2.26555e-09  9.81170e-12
      17.0000      437.723  2.33992e-09  8.92225e-12
      17.0000      438.089  2.26146e-09  8.74263e-12
      17.0000      438.454  2.20443e-09  8.79654e-12
      17.0000      438.820  2.26250e-09  8.32294e-12
      17.0000      439.186  2.24003e-09  8.23723e-12
      4.00000      439.551  2.10462e-09  8.40000e-12
      4.00000      439.918  2.15510e-09  8.05196e-12
      4.00000      440.284  2.17816e-09  7.75723e-12
      4.00000      440.651  2.08478e-09  7.84346e-12
      4.00000      441.018  2.07725e-09  7.65306e-12
      4.00000      441.386  2.11501e-09  7.53914e-12
      4.00000      441.755  2.08474e-09  7.91179e-12
      4.00000      442.124  2.06293e-09  8.06230e-12
      4.00000      442.492  2.08537e-09  7.92471e-12
      4.00000      442.860  2.03862e-09  8.09310e-12
      4.00000      443.229  1.97235e-09  8.08739e-12
      4.00000      443.599  2.03150e-09  7.77904e-12
      4.00000      443.969  2.00012e-09  7.88928e-12
      4.00000      444.340  1.94358e-09  8.09092e-12
      4.00000      444.709  1.96976e-09  8.19514e-12
      4.00000      445.079  1.96465e-09  8.39689e-12
      4.00000      445.452  1.89788e-09  8.72913e-12
      4.00000      445.824  1.92846e-09  8.67150e-12
      4.00000      446.194  1.95204e-09  8.58279e-12
      4.00000      446.566  1.89489e-09  8.74674e-12
      4.00000      446.939  1.91682e-09  8.66150e-12
      4.00000      447.311  1.94817e-09  8.59166e-12
      4.00000      447.684  1.89124e-09  8.96253e-12
      4.00000      448.057  1.86596e-09  9.26196e-12
      4.00000      448.431  1.89313e-09  9.48682e-12
      18.0000      448.805  1.76396e-09  1.20546e-11
      18.0000      449.180  1.75206e-09  1.04227e-11
      18.0000      449.553  1.78433e-09  8.87777e-12
      18.0000      449.928  1.77360e-09  8.37753e-12
      18.0000      450.302  1.72258e-09  8.09273e-12
      18.0000      450.678  1.75184e-09  8.10567e-12
      18.0000      451.054  1.71280e-09  9.04893e-12
      18.0000      451.431  1.65795e-09  1.00245e-11
      18.0000      451.806  1.78362e-09  1.04986e-11
      18.0000      452.184  1.70650e-09  1.03285e-11
      18.0000      452.560  1.64510e-09  9.30203e-12
      18.0000      452.938  1.68686e-09  7.85916e-12
      18.0000      453.315  1.68098e-09  7.27918e-12
      18.0000      453.694  1.62366e-09  7.28296e-12
      18.0000      454.071  1.65444e-09  7.15204e-12
      18.0000      454.450  1.63206e-09  7.68938e-12
      18.0000      454.829  1.57162e-09  8.50877e-12
      18.0000      455.208  1.60366e-09  8.60039e-12
      18.0000      455.587  1.61339e-09  8.90951e-12
      18.0000      455.967  1.55000e-09  9.49661e-12
      18.0000      456.348  1.58462e-09  8.53934e-12
      18.0000      456.727  1.60852e-09  7.63284e-12
      18.0000      457.109  1.52149e-09  7.63586e-12
      18.0000      457.490  1.52519e-09  7.56793e-12
      18.0000      457.871  1.56432e-09  7.27634e-12
      18.0000      458.253  1.49038e-09  7.43228e-12
      18.0000      458.636  1.48351e-09  7.23544e-12
      18.0000      459.017  1.53830e-09  6.71144e-12
      18.0000      459.400  1.49326e-09  6.71156e-12
      18.0000      459.783  1.46735e-09  6.56277e-12
      18.0000      460.166  1.50127e-09  6.57478e-12
      18.0000      460.549  1.43445e-09  7.40540e-12
      18.0000      460.934  1.40344e-09  8.22088e-12
      18.0000      461.318  1.45245e-09  8.47839e-12
      18.0000      461.702  1.43723e-09  9.18929e-12
      18.0000      462.088  1.36906e-09  9.61033e-12
      18.0000      462.473  1.46388e-09  8.58930e-12
      18.0000      462.858  1.43466e-09  8.09275e-12
      18.0000      463.244  1.37428e-09  7.93147e-12
      4.00000      463.631  1.39135e-09  7.46594e-12
      4.00000      464.018  1.32004e-09  7.61941e-12
      4.00000      464.403  1.27901e-09  8.16929e-12
      4.00000      464.792  1.30869e-09  7.95280e-12
      4.00000      465.179  1.32928e-09  7.69213e-12
      4.00000      465.567  1.30181e-09  7.48258e-12
      4.00000      465.955  1.33393e-09  6.87013e-12
      4.00000      466.342  1.30851e-09  6.48056e-12
      4.00000      466.731  1.28944e-09  6.65344e-12
      4.00000      467.122  1.30491e-09  6.82799e-12
      4.00000      467.510  1.29107e-09  7.20394e-12
      4.00000      467.900  1.23336e-09  7.84239e-12
      4.00000      468.290  1.26777e-09  7.86310e-12
      4.00000      468.680  1.27440e-09  7.59045e-12
      4.00000      469.072  1.23395e-09  7.42572e-12
      4.00000      469.462  1.26802e-09  6.99924e-12
      4.00000      469.854  1.25941e-09  6.99444e-12
      4.00000      470.245  1.20142e-09  7.52065e-12
      4.00000      470.637  1.20890e-09  8.00798e-12
      4.00000      471.029  1.19705e-09  8.65372e-12
      4.00000      471.422  1.14917e-09  9.29741e-12
      4.00000      471.816  1.18680e-09  9.18372e-12
      4.00000      472.208  1.20362e-09  8.80686e-12
      4.00000      472.603  1.15511e-09  8.74154e-12
      4.00000      472.997  1.17884e-09  8.49585e-12
      4.00000      473.391  1.17681e-09  8.73122e-12
      4.00000      473.785  1.11515e-09  9.88464e-12
      4.00000      474.181  1.11953e-09  1.08332e-11
      4.00000      474.577  1.12491e-09  1.14302e-11
      19.0000      474.971  1.06210e-09  1.41030e-11
      19.0000      475.367  1.10104e-09  1.12191e-11
      19.0000      475.765  1.12499e-09  9.37348e-12
      19.0000      476.161  1.06756e-09  8.96296e-12
      19.0000      476.558  1.05908e-09  8.69732e-12
      19.0000      476.954  1.06849e-09  9.24982e-12
      19.0000      477.352  1.03592e-09  1.03142e-11
      19.0000      477.751  1.05629e-09  1.06123e-11
      19.0000      478.149  1.07109e-09  1.07609e-11
      19.0000      478.547  1.01419e-09  1.10180e-11
      19.0000      478.946  1.05775e-09  9.68319e-12
      19.0000      479.345  1.05806e-09  8.74627e-12
      19.0000      479.745  1.01379e-09  8.28853e-12
      19.0000      480.146  1.03003e-09  7.98510e-12
      19.0000      480.545  1.00976e-09  7.98896e-12
      19.0000      480.945  9.69579e-10  8.12104e-12
      19.0000      481.348  1.00703e-09  7.65524e-12
      19.0000      481.749  9.99923e-10  7.32866e-12
      19.0000      482.151  1.00512e-09  7.42634e-12
      19.0000      482.551  1.03074e-09  7.31394e-12
      19.0000      482.954  1.00276e-09  7.88732e-12
      19.0000      483.356  9.62861e-10  8.84048e-12
      19.0000      483.760  9.79025e-10  9.38172e-12
      19.0000      484.163  9.73732e-10  9.53866e-12
      19.0000      484.567  9.44558e-10  8.86972e-12
      19.0000      484.971  9.68116e-10  7.82146e-12
      19.0000      485.376  9.55394e-10  7.26874e-12
      19.0000      485.779  9.60470e-10  6.78897e-12
      19.0000      486.185  9.68136e-10  6.54697e-12
      19.0000      486.590  9.08710e-10  6.74481e-12
      19.0000      486.995  9.14322e-10  6.95122e-12
      19.0000      487.401  9.15537e-10  7.02900e-12
      19.0000      487.807  9.02039e-10  7.24492e-12
      4.00000      488.215  7.78815e-10  6.84626e-12
      4.00000      488.622  8.49771e-10  6.38846e-12
      4.00000      489.029  8.84446e-10  6.46408e-12
      4.00000      489.436  8.30212e-10  6.57511e-12
      4.00000      489.845  8.33583e-10  7.17032e-12
      4.00000      490.254  8.01229e-10  7.83905e-12
      4.00000      490.663  8.43137e-10  7.93502e-12
      4.00000      491.070  8.25274e-10  8.26191e-12
      4.00000      491.480  8.15232e-10  8.08929e-12
      4.00000      491.889  8.41329e-10  7.71952e-12
      4.00000      492.300  8.26491e-10  7.94046e-12
      4.00000      492.710  7.97918e-10  8.42980e-12
      4.00000      493.121  8.37938e-10  8.80943e-12
      4.00000      493.532  8.08568e-10  9.65702e-12
      4.00000      493.944  7.99346e-10  9.98246e-12
      4.00000      494.354  8.23940e-10  9.79007e-12
      4.00000      494.768  7.77076e-10  9.95479e-12
      4.00000      495.179  8.13577e-10  9.52339e-12
      4.00000      495.592  7.97779e-10  9.44568e-12
      4.00000      496.005  7.66062e-10  1.01360e-11
      4.00000      496.418  7.83048e-10  1.06252e-11
      4.00000      496.833  7.88404e-10  1.09983e-11
      4.00000      497.248  7.38961e-10  1.17922e-11
      4.00000      497.661  7.79155e-10  1.14302e-11
      4.00000      498.077  7.86118e-10  1.09921e-11
      4.00000      498.492  7.54422e-10  1.13233e-11
      4.00000      498.907  7.70244e-10  1.07969e-11
      4.00000      499.323  7.51775e-10  1.12000e-11
      4.00000      499.740  7.28315e-10  1.22016e-11
      4.00000      500.158  7.52743e-10  1.20552e-11
      4.00000      500.573  7.38287e-10  1.23216e-11
      4.00000      500.992  7.26205e-10  1.21147e-11
      20.0000      501.409  7.59382e-10  9.13831e-12
      20.0000      501.827  7.33337e-10  8.39295e-12
      20.0000      502.245  7.32515e-10  8.11200e-12
      20.0000      502.664  7.18196e-10  7.94749e-12
      20.0000      503.081  7.03704e-10  8.16380e-12
      20.0000      503.502  7.43967e-10  8.29207e-12
      20.0000      503.921  7.18585e-10  8.23091e-12
      20.0000      504.342  7.06228e-10  8.49805e-12
      20.0000      504.762  7.14620e-10  8.61642e-12
      20.0000      505.183  7.27861e-10  8.49911e-12
      20.0000      505.605  6.95154e-10  8.07449e-12
      20.0000      506.027  7.06328e-10  7.87427e-12
      20.0000      506.447  6.99367e-10  7.38018e-12
      20.0000      506.871  6.84755e-10  6.82825e-12
      20.0000      507.292  6.84180e-10  6.35795e-12
      20.0000      507.715  7.03839e-10  6.15883e-12
      20.0000      508.138  7.14617e-10  6.08209e-12
      20.0000      508.562  6.76565e-10  6.34034e-12
      20.0000      508.986  6.54616e-10  6.69497e-12
      20.0000      509.411  6.56151e-10  7.08968e-12
      20.0000      509.835  6.45550e-10  7.34411e-12
      20.0000      510.261  6.60438e-10  7.35684e-12
      20.0000      510.686  6.72161e-10  7.47945e-12
      20.0000      511.112  6.52185e-10  7.46807e-12
      20.0000      511.538  6.39998e-10  7.42405e-12
      20.0000      511.965  6.41661e-10  7.37463e-12
      20.0000      512.392  6.32008e-10  7.37364e-12
      20.0000      512.818  6.35957e-10  7.14339e-12
      20.0000      513.244  6.32674e-10  6.79399e-12
      20.0000      513.674  6.37805e-10  6.37590e-12
      20.0000      514.102  6.27619e-10  6.24197e-12
      20.0000      514.530  6.28975e-10  6.21701e-12
      20.0000      514.960  6.14165e-10  6.59283e-12
      20.0000      515.390  5.92618e-10  7.45867e-12
      20.0000      515.818  6.18072e-10  8.11331e-12
      20.0000      516.249  6.20445e-10  8.72563e-12
      20.0000      516.678  5.96918e-10  8.95965e-12
      20.0000      517.109  6.28526e-10  9.04886e-12
      20.0000      517.539  6.11094e-10  1.04158e-11
      20.0000      517.971  5.76674e-10  1.18624e-11
      20.0000      518.403  5.83391e-10  1.40380e-11
      20.0000      518.836  5.71954e-10  1.77050e-11
      20.0000      519.267  5.76907e-10  1.96688e-11
      20.0000      519.702  5.81205e-10  2.02058e-11
      20.0000      520.134  4.95287e-10  2.27666e-11
      20.0000      520.568  5.73822e-10  2.19906e-11
      20.0000      521.002  5.45769e-10  2.45219e-11
      20.0000      521.436  4.71114e-10  3.31305e-11
      20.0000      521.872  5.53372e-10  3.70903e-11
      20.0000      522.308  5.51125e-10  4.41228e-11
      20.0000      522.742  4.90980e-10  4.86284e-11
      20.0000      523.177  6.53883e-10  4.64815e-11
      20.0000      523.615  6.44673e-10  4.88904e-11
      20.0000      524.051  4.50250e-10  5.24144e-11
      20.0000      524.488  3.82193e-10  5.22665e-11
      20.0000      524.923  3.32751e-10  6.62008e-11
      20.0000      525.362  3.21785e-10  8.30698e-11
      20.0000      525.801  3.61812e-10  8.84039e-11
      20.0000      526.238  4.17499e-10  9.60276e-11
      20.0000      526.676  3.52243e-10  8.77806e-11
