      2.00000      706.513  1.13816e-10  3.65749e-13
      2.00000      702.311  1.03625e-10  3.19223e-13
      2.00000      698.159  8.62405e-11  2.81083e-13
      2.00000      694.056  6.90674e-11  2.57994e-13
      2.00000      690.001  5.18195e-11  2.42200e-13
      2.00000      685.993  3.69005e-11  2.35161e-13
      2.00000      682.031  2.54791e-11  2.38795e-13
      2.00000      678.115  1.83223e-11  2.48101e-13
      2.00000      674.243  1.50171e-11  2.54316e-13
      2.00000      670.416  1.43737e-11  2.54981e-13
      2.00000      666.631  1.56375e-11  2.45424e-13
      2.00000      662.889  1.46577e-11  2.33774e-13
      2.00000      659.189  1.55265e-11  2.30098e-13
      2.00000      655.530  1.69322e-11  2.20571e-13
      2.00000      651.911  1.80540e-11  2.06866e-13
      2.00000      648.333  1.92816e-11  1.92391e-13
      2.00000      644.793  2.11920e-11  1.87353e-13
      2.00000      641.291  2.35786e-11  1.88737e-13
      2.00000      637.828  2.71529e-11  1.95487e-13
      2.00000      634.401  3.16540e-11  2.10899e-13
      2.00000      631.012  3.60391e-11  2.40826e-13
      2.00000      627.658  3.69331e-11  2.80985e-13
      2.00000      624.340  3.60936e-11  3.08540e-13
      2.00000      621.056  3.56108e-11  3.18230e-13
      2.00000      617.807  3.71948e-11  3.22688e-13
      2.00000      614.592  3.91744e-11  3.34722e-13
      2.00000      611.410  4.05031e-11  3.25663e-13
      2.00000      608.261  4.33625e-11  3.00025e-13
      2.00000      605.144  4.59184e-11  2.76705e-13
      2.00000      602.059  4.90311e-11  2.66752e-13
      2.00000      599.005  5.19650e-11  2.72181e-13
      2.00000      595.983  5.44237e-11  2.87575e-13
      2.00000      592.990  5.82894e-11  3.08014e-13
      2.00000      590.027  7.30812e-11  3.31986e-13
      2.00000      587.094  1.05265e-10  3.74481e-13
      2.00000      584.190  8.57404e-11  3.67287e-13
      2.00000      581.314  7.03266e-11  3.58056e-13
      2.00000      578.467  7.04986e-11  3.72717e-13
      2.00000      575.647  7.28965e-11  3.76122e-13
      2.00000      572.855  7.55916e-11  3.56949e-13
      2.00000      570.089  7.88730e-11  3.32678e-13
      2.00000      567.351  8.22199e-11  3.21389e-13
      2.00000      564.638  8.55536e-11  3.26349e-13
      2.00000      561.951  8.68826e-11  3.35354e-13
      2.00000      559.290  8.92768e-11  3.52099e-13
      2.00000      556.654  9.80537e-11  3.85340e-13
      2.00000      554.042  1.00650e-10  4.16694e-13
      2.00000      551.455  1.05229e-10  4.50790e-13
      2.00000      548.892  1.10278e-10  4.86752e-13
      2.00000      546.353  1.14796e-10  4.93666e-13
      2.00000      543.837  1.21870e-10  5.08533e-13
      2.00000      541.344  1.27813e-10  5.11135e-13
      2.00000      538.874  1.33611e-10  5.02054e-13
      2.00000      536.426  1.40005e-10  4.88006e-13
      2.00000      534.000  1.45598e-10  4.73883e-13
      2.00000      531.596  1.52925e-10  4.66975e-13
      2.00000      529.214  1.60716e-10  4.72284e-13
      2.00000      526.853  1.67276e-10  4.85858e-13
      2.00000      524.513  1.74865e-10  5.23879e-13
      2.00000      522.194  1.81727e-10  5.95313e-13
      2.00000      519.895  1.88323e-10  6.70509e-13
      2.00000      517.617  1.96979e-10  7.39572e-13
      2.00000      515.358  2.04995e-10  7.50906e-13
      2.00000      513.119  2.09815e-10  7.45470e-13
      2.00000      510.899  2.21103e-10  7.66410e-13
      2.00000      508.698  2.32836e-10  7.53460e-13
      2.00000      506.516  2.41813e-10  7.19562e-13
      2.00000      504.353  2.48555e-10  6.89237e-13
      2.00000      502.208  2.59220e-10  6.74602e-13
      2.00000      500.082  2.69603e-10  6.73717e-13
      2.00000      497.973  2.78689e-10  6.92670e-13
      2.00000      495.882  2.89274e-10  7.36927e-13
      2.00000      493.808  3.00543e-10  7.98158e-13
      2.00000      491.752  3.09939e-10  8.78151e-13
      2.00000      489.713  3.21289e-10  9.50679e-13
      2.00000      487.691  3.29376e-10  9.83975e-13
      2.00000      485.685  3.45219e-10  1.05680e-12
      2.00000      483.696  3.50776e-10  1.12964e-12
      2.00000      481.723  3.60132e-10  1.13243e-12
      2.00000      479.766  3.69437e-10  1.10321e-12
      2.00000      477.825  3.77762e-10  1.05160e-12
      2.00000      475.899  3.85724e-10  1.01420e-12
      2.00000      473.989  3.90894e-10  9.89227e-13
