      2.00000      706.513  1.13266e-10  3.67966e-13
      2.00000      702.311  1.02433e-10  3.15850e-13
      2.00000      698.159  8.40271e-11  2.78585e-13
      2.00000      694.056  6.73848e-11  2.56134e-13
      2.00000      690.001  5.06003e-11  2.39586e-13
      2.00000      685.993  3.60855e-11  2.31945e-13
      2.00000      682.031  2.55947e-11  2.37093e-13
      2.00000      678.115  1.90007e-11  2.47489e-13
      2.00000      674.243  1.56345e-11  2.54034e-13
      2.00000      670.416  1.52751e-11  2.54304e-13
      2.00000      666.631  1.65989e-11  2.45578e-13
      2.00000      662.889  1.59005e-11  2.32527e-13
      2.00000      659.189  1.68034e-11  2.29002e-13
      2.00000      655.530  1.73802e-11  2.19985e-13
      2.00000      651.911  1.86992e-11  2.05614e-13
      2.00000      648.333  2.00268e-11  1.90763e-13
      2.00000      644.793  2.20064e-11  1.85985e-13
      2.00000      641.291  2.44402e-11  1.88174e-13
      2.00000      637.828  2.78275e-11  1.94833e-13
      2.00000      634.401  3.26420e-11  2.10820e-13
      2.00000      631.012  3.65960e-11  2.39714e-13
      2.00000      627.658  3.80052e-11  2.80701e-13
      2.00000      624.340  3.70914e-11  3.12270e-13
      2.00000      621.056  3.66083e-11  3.15590e-13
      2.00000      617.807  3.75705e-11  3.22450e-13
      2.00000      614.592  3.97216e-11  3.38006e-13
      2.00000      611.410  4.15486e-11  3.25061e-13
      2.00000      608.261  4.46088e-11  2.98944e-13
      2.00000      605.144  4.71171e-11  2.75727e-13
      2.00000      602.059  5.00956e-11  2.65644e-13
      2.00000      599.005  5.27661e-11  2.70596e-13
      2.00000      595.983  5.53195e-11  2.86445e-13
      2.00000      592.990  5.95141e-11  3.07237e-13
      2.00000      590.027  7.56222e-11  3.31821e-13
      2.00000      587.094  1.07934e-10  3.78767e-13
      2.00000      584.190  8.61861e-11  3.67178e-13
      2.00000      581.314  7.14317e-11  3.59109e-13
      2.00000      578.467  7.23090e-11  3.75483e-13
      2.00000      575.647  7.43943e-11  3.77662e-13
      2.00000      572.855  7.72743e-11  3.58225e-13
      2.00000      570.089  8.06771e-11  3.33317e-13
      2.00000      567.351  8.41826e-11  3.22077e-13
      2.00000      564.638  8.77502e-11  3.28483e-13
      2.00000      561.951  8.95582e-11  3.39771e-13
      2.00000      559.290  9.25490e-11  3.54417e-13
      2.00000      556.654  1.00164e-10  3.86901e-13
      2.00000      554.042  1.02764e-10  4.18556e-13
      2.00000      551.455  1.07312e-10  4.54971e-13
      2.00000      548.892  1.12561e-10  4.90185e-13
      2.00000      546.353  1.17518e-10  4.94289e-13
      2.00000      543.837  1.24126e-10  5.09266e-13
      2.00000      541.344  1.30036e-10  5.11747e-13
      2.00000      538.874  1.35820e-10  5.00740e-13
      2.00000      536.426  1.41820e-10  4.86095e-13
      2.00000      534.000  1.47397e-10  4.73050e-13
      2.00000      531.596  1.55232e-10  4.66877e-13
      2.00000      529.214  1.63288e-10  4.70843e-13
      2.00000      526.853  1.69590e-10  4.84475e-13
      2.00000      524.513  1.77011e-10  5.22872e-13
      2.00000      522.194  1.84077e-10  5.93480e-13
      2.00000      519.895  1.90931e-10  6.69901e-13
      2.00000      517.617  2.00746e-10  7.41185e-13
      2.00000      515.358  2.07609e-10  7.53296e-13
      2.00000      513.119  2.12521e-10  7.48255e-13
      2.00000      510.899  2.25525e-10  7.74632e-13
      2.00000      508.698  2.35553e-10  7.55652e-13
      2.00000      506.516  2.43697e-10  7.22564e-13
      2.00000      504.353  2.51050e-10  6.91478e-13
      2.00000      502.208  2.61663e-10  6.77126e-13
      2.00000      500.082  2.73391e-10  6.76480e-13
      2.00000      497.973  2.82419e-10  6.95243e-13
      2.00000      495.882  2.92179e-10  7.40332e-13
      2.00000      493.808  3.03244e-10  8.02326e-13
      2.00000      491.752  3.12446e-10  8.83710e-13
      2.00000      489.713  3.24961e-10  9.62751e-13
      2.00000      487.691  3.32255e-10  9.84669e-13
      2.00000      485.685  3.49338e-10  1.05678e-12
      2.00000      483.696  3.54353e-10  1.12176e-12
      2.00000      481.723  3.65497e-10  1.13540e-12
      2.00000      479.766  3.73146e-10  1.10763e-12
      2.00000      477.825  3.80822e-10  1.06521e-12
      2.00000      475.899  3.88757e-10  1.01998e-12
      2.00000      473.989  3.93241e-10  9.89810e-13
