      2.00000      706.513  1.29481e-10  3.77989e-13
      2.00000      702.311  1.19075e-10  3.31047e-13
      2.00000      698.159  1.00397e-10  2.91734e-13
      2.00000      694.056  8.10886e-11  2.67537e-13
      2.00000      690.001  6.12830e-11  2.49446e-13
      2.00000      685.993  4.37013e-11  2.40279e-13
      2.00000      682.031  2.99933e-11  2.43233e-13
      2.00000      678.115  2.09905e-11  2.52146e-13
      2.00000      674.243  1.65347e-11  2.56460e-13
      2.00000      670.416  1.56633e-11  2.56736e-13
      2.00000      666.631  1.67908e-11  2.46252e-13
      2.00000      662.889  1.63198e-11  2.34824e-13
      2.00000      659.189  1.67911e-11  2.30470e-13
      2.00000      655.530  1.79484e-11  2.21423e-13
      2.00000      651.911  1.91136e-11  2.07281e-13
      2.00000      648.333  2.03812e-11  1.92277e-13
      2.00000      644.793  2.22665e-11  1.87656e-13
      2.00000      641.291  2.48946e-11  1.90222e-13
      2.00000      637.828  2.85158e-11  1.96992e-13
      2.00000      634.401  3.31980e-11  2.12493e-13
      2.00000      631.012  3.80199e-11  2.42725e-13
      2.00000      627.658  3.92421e-11  2.83615e-13
      2.00000      624.340  3.77005e-11  3.10645e-13
      2.00000      621.056  3.75470e-11  3.16692e-13
      2.00000      617.807  3.83340e-11  3.24746e-13
      2.00000      614.592  3.99318e-11  3.37862e-13
      2.00000      611.410  4.22955e-11  3.27603e-13
      2.00000      608.261  4.54968e-11  3.00774e-13
      2.00000      605.144  4.84390e-11  2.77183e-13
      2.00000      602.059  5.10641e-11  2.67114e-13
      2.00000      599.005  5.36034e-11  2.72287e-13
      2.00000      595.983  5.67743e-11  2.88467e-13
      2.00000      592.990  6.08656e-11  3.09200e-13
      2.00000      590.027  7.53849e-11  3.33447e-13
      2.00000      587.094  1.07932e-10  3.78296e-13
      2.00000      584.190  8.96214e-11  3.75042e-13
      2.00000      581.314  7.29250e-11  3.62605e-13
      2.00000      578.467  7.34035e-11  3.80463e-13
      2.00000      575.647  7.56180e-11  3.81741e-13
      2.00000      572.855  7.77906e-11  3.60531e-13
      2.00000      570.089  8.12402e-11  3.35429e-13
      2.00000      567.351  8.48413e-11  3.24563e-13
      2.00000      564.638  8.82416e-11  3.29517e-13
      2.00000      561.951  9.00399e-11  3.39425e-13
      2.00000      559.290  9.26707e-11  3.56647e-13
      2.00000      556.654  1.00014e-10  3.88222e-13
      2.00000      554.042  1.02486e-10  4.19500e-13
      2.00000      551.455  1.07675e-10  4.55121e-13
      2.00000      548.892  1.12765e-10  4.91808e-13
      2.00000      546.353  1.18467e-10  4.96570e-13
      2.00000      543.837  1.23974e-10  5.18131e-13
      2.00000      541.344  1.29811e-10  5.14574e-13
      2.00000      538.874  1.36345e-10  5.04922e-13
      2.00000      536.426  1.42874e-10  4.88991e-13
      2.00000      534.000  1.48074e-10  4.76000e-13
      2.00000      531.596  1.54821e-10  4.70988e-13
      2.00000      529.214  1.63506e-10  4.73146e-13
      2.00000      526.853  1.70742e-10  4.86685e-13
      2.00000      524.513  1.77738e-10  5.25500e-13
      2.00000      522.194  1.84938e-10  5.96939e-13
      2.00000      519.895  1.92055e-10  6.74513e-13
      2.00000      517.617  2.00584e-10  7.48293e-13
      2.00000      515.358  2.07786e-10  7.55102e-13
      2.00000      513.119  2.12905e-10  7.54097e-13
      2.00000      510.899  2.24570e-10  7.72568e-13
      2.00000      508.698  2.36775e-10  7.58854e-13
      2.00000      506.516  2.44185e-10  7.24744e-13
      2.00000      504.353  2.51328e-10  6.93432e-13
      2.00000      502.208  2.61311e-10  6.77487e-13
      2.00000      500.082  2.72358e-10  6.77917e-13
      2.00000      497.973  2.81486e-10  6.99428e-13
      2.00000      495.882  2.91698e-10  7.41565e-13
      2.00000      493.808  3.03043e-10  8.02606e-13
      2.00000      491.752  3.12630e-10  8.85480e-13
      2.00000      489.713  3.24214e-10  9.70331e-13
      2.00000      487.691  3.32840e-10  9.87531e-13
      2.00000      485.685  3.49814e-10  1.05972e-12
      2.00000      483.696  3.55999e-10  1.12537e-12
      2.00000      481.723  3.65335e-10  1.13695e-12
      2.00000      479.766  3.72551e-10  1.10506e-12
      2.00000      477.825  3.79808e-10  1.05410e-12
      2.00000      475.899  3.87897e-10  1.01398e-12
      2.00000      473.989  3.92434e-10  9.92483e-13
