      2.00000      706.513  1.20454e-10  1.86001e-13
      2.00000      702.311  1.10311e-10  1.61679e-13
      2.00000      698.159  9.22100e-11  1.42470e-13
      2.00000      694.056  7.43388e-11  1.30802e-13
      2.00000      690.001  5.60101e-11  1.22332e-13
      2.00000      685.993  3.98601e-11  1.18145e-13
      2.00000      682.031  2.75604e-11  1.20003e-13
      2.00000      678.115  1.96399e-11  1.24481e-13
      2.00000      674.243  1.56973e-11  1.27772e-13
      2.00000      670.416  1.50920e-11  1.27957e-13
      2.00000      666.631  1.62565e-11  1.22632e-13
      2.00000      662.889  1.55968e-11  1.16592e-13
      2.00000      659.189  1.63351e-11  1.14618e-13
      2.00000      655.530  1.73133e-11  1.10232e-13
      2.00000      651.911  1.85696e-11  1.03052e-13
      2.00000      648.333  1.98530e-11  9.56407e-14
      2.00000      644.793  2.18106e-11  9.32842e-14
      2.00000      641.291  2.43111e-11  9.43315e-14
      2.00000      637.828  2.78193e-11  9.76485e-14
      2.00000      634.401  3.25124e-11  1.05416e-13
      2.00000      631.012  3.69098e-11  1.20381e-13
      2.00000      627.658  3.80831e-11  1.40953e-13
      2.00000      624.340  3.70075e-11  1.54864e-13
      2.00000      621.056  3.65724e-11  1.58312e-13
      2.00000      617.807  3.75255e-11  1.61384e-13
      2.00000      614.592  3.95374e-11  1.67860e-13
      2.00000      611.410  4.14155e-11  1.62605e-13
      2.00000      608.261  4.43332e-11  1.49626e-13
      2.00000      605.144  4.70575e-11  1.38081e-13
      2.00000      602.059  4.99984e-11  1.33075e-13
      2.00000      599.005  5.26633e-11  1.35606e-13
      2.00000      595.983  5.53251e-11  1.43502e-13
      2.00000      592.990  5.93354e-11  1.53814e-13
      2.00000      590.027  7.42218e-11  1.65825e-13
      2.00000      587.094  1.06190e-10  1.87925e-13
      2.00000      584.190  8.72773e-11  1.84652e-13
      2.00000      581.314  7.15057e-11  1.79686e-13
      2.00000      578.467  7.18274e-11  1.87562e-13
      2.00000      575.647  7.41686e-11  1.88900e-13
      2.00000      572.855  7.66682e-11  1.78741e-13
      2.00000      570.089  8.00203e-11  1.66541e-13
      2.00000      567.351  8.34665e-11  1.60979e-13
      2.00000      564.638  8.69501e-11  1.63581e-13
      2.00000      561.951  8.84844e-11  1.68483e-13
      2.00000      559.290  9.09571e-11  1.76662e-13
      2.00000      556.654  9.91601e-11  1.93046e-13
      2.00000      554.042  1.01690e-10  2.08702e-13
      2.00000      551.455  1.06324e-10  2.26172e-13
      2.00000      548.892  1.11399e-10  2.44129e-13
      2.00000      546.353  1.16540e-10  2.46908e-13
      2.00000      543.837  1.22826e-10  2.55285e-13
      2.00000      541.344  1.28619e-10  2.55719e-13
      2.00000      538.874  1.34741e-10  2.50705e-13
      2.00000      536.426  1.40941e-10  2.43885e-13
      2.00000      534.000  1.46428e-10  2.36489e-13
      2.00000      531.596  1.53620e-10  2.33556e-13
      2.00000      529.214  1.61650e-10  2.35610e-13
      2.00000      526.853  1.68377e-10  2.42357e-13
      2.00000      524.513  1.75935e-10  2.61738e-13
      2.00000      522.194  1.83165e-10  2.97347e-13
      2.00000      519.895  1.89275e-10  3.35624e-13
      2.00000      517.617  1.98516e-10  3.70703e-13
      2.00000      515.358  2.06114e-10  3.76071e-13
      2.00000      513.119  2.10987e-10  3.74065e-13
      2.00000      510.899  2.22641e-10  3.84812e-13
      2.00000      508.698  2.34290e-10  3.77267e-13
      2.00000      506.516  2.42297e-10  3.60443e-13
      2.00000      504.353  2.49461e-10  3.45033e-13
      2.00000      502.208  2.59894e-10  3.37575e-13
      2.00000      500.082  2.70754e-10  3.37380e-13
      2.00000      497.973  2.79606e-10  3.47029e-13
      2.00000      495.882  2.89759e-10  3.69028e-13
      2.00000      493.808  3.00868e-10  3.99866e-13
      2.00000      491.752  3.10256e-10  4.40278e-13
      2.00000      489.713  3.22136e-10  4.78534e-13
      2.00000      487.691  3.30517e-10  4.92187e-13
      2.00000      485.685  3.47187e-10  5.28442e-13
      2.00000      483.696  3.53216e-10  5.62094e-13
      2.00000      481.723  3.62336e-10  5.66620e-13
      2.00000      479.766  3.70097e-10  5.53657e-13
      2.00000      477.825  3.77623e-10  5.26896e-13
      2.00000      475.899  3.85236e-10  5.06930e-13
      2.00000      473.989  3.90513e-10  4.94126e-13
