      2.00000      706.513  1.25255e-10  3.76159e-13
      2.00000      702.311  1.16111e-10  3.27088e-13
      2.00000      698.159  9.81758e-11  2.88163e-13
      2.00000      694.056  7.98143e-11  2.64582e-13
      2.00000      690.001  6.03377e-11  2.47296e-13
      2.00000      685.993  4.27530e-11  2.37693e-13
      2.00000      682.031  2.91744e-11  2.40863e-13
      2.00000      678.115  2.02460e-11  2.48086e-13
      2.00000      674.243  1.56030e-11  2.57351e-13
      2.00000      670.416  1.50559e-11  2.57622e-13
      2.00000      666.631  1.59987e-11  2.43791e-13
      2.00000      662.889  1.55091e-11  2.31598e-13
      2.00000      659.189  1.62193e-11  2.27363e-13
      2.00000      655.530  1.69925e-11  2.19871e-13
      2.00000      651.911  1.84116e-11  2.04641e-13
      2.00000      648.333  1.97224e-11  1.89681e-13
      2.00000      644.793  2.17775e-11  1.85269e-13
      2.00000      641.291  2.43311e-11  1.87509e-13
      2.00000      637.828  2.77810e-11  1.93863e-13
      2.00000      634.401  3.25554e-11  2.09103e-13
      2.00000      631.012  3.69842e-11  2.39770e-13
      2.00000      627.658  3.81518e-11  2.82313e-13
      2.00000      624.340  3.71444e-11  3.07436e-13
      2.00000      621.056  3.65235e-11  3.15977e-13
      2.00000      617.807  3.70027e-11  3.21179e-13
      2.00000      614.592  3.93218e-11  3.32254e-13
      2.00000      611.410  4.13149e-11  3.22496e-13
      2.00000      608.261  4.38649e-11  2.97252e-13
      2.00000      605.144  4.67556e-11  2.75027e-13
      2.00000      602.059  4.98029e-11  2.65087e-13
      2.00000      599.005  5.23185e-11  2.69777e-13
      2.00000      595.983  5.47830e-11  2.85521e-13
      2.00000      592.990  5.86722e-11  3.06053e-13
      2.00000      590.027  7.27990e-11  3.29334e-13
      2.00000      587.094  1.03630e-10  3.71814e-13
      2.00000      584.190  8.75615e-11  3.67645e-13
      2.00000      581.314  7.13394e-11  3.57695e-13
      2.00000      578.467  7.10986e-11  3.71769e-13
      2.00000      575.647  7.37655e-11  3.75645e-13
      2.00000      572.855  7.60165e-11  3.54192e-13
      2.00000      570.089  7.92907e-11  3.30890e-13
      2.00000      567.351  8.26222e-11  3.19784e-13
      2.00000      564.638  8.62553e-11  3.24273e-13
      2.00000      561.951  8.74568e-11  3.33266e-13
      2.00000      559.290  8.93319e-11  3.50096e-13
      2.00000      556.654  9.84083e-11  3.83894e-13
      2.00000      554.042  1.00861e-10  4.14854e-13
      2.00000      551.455  1.05079e-10  4.48460e-13
      2.00000      548.892  1.09994e-10  4.84251e-13
      2.00000      546.353  1.15380e-10  4.90724e-13
      2.00000      543.837  1.21335e-10  5.06273e-13
      2.00000      541.344  1.26818e-10  5.08278e-13
      2.00000      538.874  1.33189e-10  4.97902e-13
      2.00000      536.426  1.39068e-10  4.87985e-13
      2.00000      534.000  1.44643e-10  4.68950e-13
      2.00000      531.596  1.51504e-10  4.63582e-13
      2.00000      529.214  1.59088e-10  4.68594e-13
      2.00000      526.853  1.65901e-10  4.81827e-13
      2.00000      524.513  1.74127e-10  5.21645e-13
      2.00000      522.194  1.81917e-10  5.93035e-13
      2.00000      519.895  1.85791e-10  6.70056e-13
      2.00000      517.617  1.95755e-10  7.36522e-13
      2.00000      515.358  2.04064e-10  7.49249e-13
      2.00000      513.119  2.08706e-10  7.44663e-13
      2.00000      510.899  2.19367e-10  7.64845e-13
      2.00000      508.698  2.31998e-10  7.50141e-13
      2.00000      506.516  2.39496e-10  7.16645e-13
      2.00000      504.353  2.46910e-10  6.86092e-13
      2.00000      502.208  2.57382e-10  6.71370e-13
      2.00000      500.082  2.67662e-10  6.70908e-13
      2.00000      497.973  2.75830e-10  6.88847e-13
      2.00000      495.882  2.85884e-10  7.33371e-13
      2.00000      493.808  2.96641e-10  7.95817e-13
      2.00000      491.752  3.06009e-10  8.74842e-13
      2.00000      489.713  3.18079e-10  9.44297e-13
      2.00000      487.691  3.27597e-10  9.81314e-13
      2.00000      485.685  3.44379e-10  1.05423e-12
      2.00000      483.696  3.51735e-10  1.11995e-12
      2.00000      481.723  3.58378e-10  1.12816e-12
      2.00000      479.766  3.65252e-10  1.11334e-12
      2.00000      477.825  3.72100e-10  1.04414e-12
      2.00000      475.899  3.78568e-10  1.00724e-12
      2.00000      473.989  3.85480e-10  9.81456e-13
