      11.0000      516.799  1.94755e-10  5.62597e-13
      11.0000      517.196  1.90611e-10  8.47728e-13
      11.0000      517.594  1.93198e-10  6.66944e-13
      11.0000      517.992  1.85430e-10  4.95949e-13
      11.0000      518.391  1.99663e-10  6.18323e-13
      11.0000      518.790  1.85368e-10  4.78473e-13
      11.0000      519.189  1.91176e-10  5.60937e-13
      11.0000      519.589  1.85423e-10  6.44979e-13
      11.0000      519.989  1.76359e-10  4.86930e-13
      11.0000      520.389  1.80803e-10  5.35743e-13
      11.0000      520.789  1.80191e-10  5.28770e-13
      11.0000      521.190  1.77949e-10  5.81709e-13
      11.0000      521.591  1.79854e-10  4.95419e-13
      11.0000      521.992  1.77444e-10  4.10739e-13
      11.0000      522.394  1.74058e-10  3.80744e-13
      11.0000      522.796  1.79672e-10  8.31928e-13
      11.0000      523.198  1.75999e-10  6.65089e-13
      11.0000      523.601  1.69989e-10  8.54413e-13
      11.0000      524.004  1.73202e-10          NaN
      11.0000      524.407  1.77983e-10          NaN
      11.0000      524.811  1.71956e-10  3.76208e-13
      11.0000      525.214  1.69833e-10  2.95102e-13
      11.0000      525.619  1.67217e-10  2.67824e-13
      11.0000      526.023  1.64360e-10  2.83339e-13
      11.0000      526.428  1.73521e-10  3.97109e-13
      11.0000      526.833  1.66810e-10  3.71498e-13
      11.0000      527.238  1.59506e-10  2.96890e-13
      11.0000      527.644  1.62291e-10  2.99940e-13
      11.0000      528.050  1.63907e-10  3.20234e-13
      11.0000      528.457  1.57122e-10  4.26685e-13
      11.0000      528.863  1.57243e-10  3.36262e-13
      11.0000      529.270  1.56930e-10  3.59036e-13
      11.0000      529.678  1.51164e-10  3.72311e-13
      11.0000      530.085  1.53415e-10  3.23915e-13
      11.0000      530.493  1.52575e-10  2.86245e-13
      11.0000      530.901  1.54302e-10  3.34352e-13
      11.0000      531.310  1.52286e-10  3.03478e-13
      11.0000      531.719  1.48930e-10  3.00977e-13
      11.0000      532.128  1.44085e-10  2.85995e-13
      11.0000      532.537  1.47557e-10  3.07940e-13
      11.0000      532.947  1.51516e-10  2.89471e-13
      11.0000      533.357  1.45803e-10  2.94964e-13
      11.0000      533.768  1.41258e-10  2.73219e-13
      11.0000      534.179  1.42933e-10  2.52275e-13
      11.0000      534.590  1.44085e-10  2.86883e-13
      11.0000      535.001  1.38670e-10  3.32200e-13
      11.0000      535.413  1.38046e-10  2.87581e-13
      11.0000      535.825  1.37757e-10  2.63357e-13
      11.0000      536.237  1.37618e-10  2.56596e-13
      11.0000      536.650  1.37295e-10  2.73043e-13
      11.0000      537.063  1.36166e-10  2.60950e-13
      11.0000      537.476  1.31483e-10  2.56960e-13
      11.0000      537.889  1.35113e-10          NaN
      11.0000      538.304  1.32783e-10          NaN
      11.0000      538.718  1.28608e-10  2.55680e-13
      11.0000      539.132  1.29217e-10  2.61492e-13
      11.0000      539.547  1.26076e-10  2.31302e-13
      11.0000      539.962  1.19536e-10          NaN
      11.0000      540.378  1.20499e-10          NaN
      11.0000      540.794  1.21236e-10  2.53772e-13
      11.0000      541.210  1.18900e-10  2.77393e-13
      11.0000      541.626  1.21140e-10  2.47893e-13
      11.0000      542.043  1.18911e-10  2.17571e-13
      11.0000      542.460  1.16575e-10  2.32565e-13
      11.0000      542.878  1.15514e-10  2.14133e-13
      11.0000      543.295  1.15268e-10  2.29185e-13
      11.0000      543.713  1.14452e-10  2.31288e-13
      11.0000      544.132  1.16045e-10  2.32514e-13
      11.0000      544.550  1.15632e-10  2.30151e-13
      11.0000      544.970  1.16261e-10  2.34047e-13
      11.0000      545.389  1.14628e-10  2.16439e-13
      11.0000      545.809  1.12837e-10  2.01400e-13
      11.0000      546.229  1.11915e-10  2.11495e-13
      11.0000      546.649  1.12648e-10  2.35030e-13
      11.0000      547.070  1.12585e-10  1.97921e-13
      11.0000      547.491  1.12579e-10  1.89374e-13
      11.0000      547.912  1.11471e-10  1.87310e-13
      11.0000      548.334  1.08767e-10  1.81116e-13
      11.0000      548.756  1.05595e-10  1.83342e-13
      11.0000      549.178  1.06547e-10  1.95667e-13
      11.0000      549.600  1.08359e-10  2.17687e-13
      11.0000      550.024  1.07900e-10  2.05734e-13
      11.0000      550.447  1.07961e-10  2.01849e-13
      11.0000      550.870  1.04829e-10  1.94795e-13
      11.0000      551.294  1.03980e-10  2.02204e-13
      11.0000      551.718  1.04226e-10  2.39204e-13
      11.0000      552.143  1.05368e-10  2.34937e-13
      11.0000      552.568  1.02903e-10  2.29850e-13
      11.0000      552.993  1.01337e-10  2.21269e-13
      11.0000      553.418  1.01495e-10  2.33908e-13
      11.0000      553.844  1.00462e-10  2.70509e-13
      11.0000      554.271  9.96291e-11  2.83242e-13
      11.0000      554.697  9.97860e-11  2.76082e-13
      11.0000      555.124  9.76963e-11  2.87791e-13
      11.0000      555.551  9.72672e-11  2.46979e-13
      11.0000      555.979  9.80140e-11  2.23974e-13
      11.0000      556.407  9.75799e-11  2.38051e-13
      11.0000      556.835  9.50779e-11  2.61262e-13
      11.0000      557.263  9.44779e-11  2.12218e-13
      11.0000      557.692  9.44676e-11  2.18439e-13
      11.0000      558.121  9.58947e-11  2.30384e-13
      11.0000      558.551  9.47765e-11  2.09430e-13
      12.0000      561.999  9.02214e-11  4.11140e-13
      12.0000      562.431  9.09929e-11  4.27867e-13
      12.0000      562.864  8.77916e-11  3.59408e-13
      12.0000      563.297  8.87226e-11  4.38103e-13
      12.0000      563.731  8.63932e-11  5.45231e-13
      12.0000      564.164  8.56666e-11  4.29750e-13
      12.0000      564.599  8.33182e-11  3.66738e-13
      12.0000      565.033  8.15856e-11  3.76016e-13
      12.0000      565.468  8.83180e-11  4.69073e-13
      12.0000      565.903  8.59522e-11  5.75152e-13
      12.0000      566.338  8.25162e-11  4.90024e-13
      12.0000      566.774  8.33615e-11  3.66323e-13
      12.0000      567.210  8.25473e-11  1.88295e-12
      12.0000      567.647  8.07325e-11  3.28494e-12
      12.0000      568.084  8.19120e-11  2.68531e-13
      12.0000      568.521  8.08525e-11  3.61503e-13
      12.0000      568.958  8.03533e-11  3.51056e-13
      12.0000      569.396  7.98762e-11  2.63410e-13
      12.0000      569.834  7.94980e-11          NaN
      12.0000      570.273  8.08792e-11          NaN
      12.0000      570.711  8.39355e-11  2.68952e-13
      12.0000      571.151  7.78604e-11  2.33454e-13
      12.0000      571.590  7.78576e-11  2.20123e-13
      12.0000      572.030  7.83713e-11  2.41347e-13
      12.0000      572.470  7.49512e-11  2.40937e-13
      12.0000      572.911  7.60463e-11  2.44353e-13
      12.0000      573.352  7.69432e-11  2.49871e-13
      12.0000      573.793  7.72027e-11  2.71460e-13
      12.0000      574.234  7.44643e-11  2.39399e-13
      12.0000      574.676  7.35934e-11  4.43711e-13
      12.0000      575.119  7.46587e-11  2.62292e-13
      12.0000      575.561  7.63734e-11  2.68447e-13
      12.0000      576.004  7.46576e-11  2.22211e-13
      12.0000      576.447  7.49056e-11  2.98323e-13
      12.0000      576.891  7.13221e-11  2.13817e-13
      12.0000      577.335  7.10342e-11  2.07509e-13
      12.0000      577.779  7.25214e-11  2.42217e-13
      12.0000      578.224  7.22504e-11  2.39865e-13
      12.0000      578.669  7.06542e-11  2.01215e-13
      12.0000      579.114  7.04059e-11          NaN
      12.0000      579.560  7.08273e-11          NaN
      12.0000      580.006  7.01203e-11  2.01179e-13
      12.0000      580.452  6.96535e-11  2.29009e-13
      12.0000      580.899  7.04327e-11  1.97577e-13
      12.0000      581.346  6.92064e-11  2.05935e-13
      12.0000      581.793  6.84539e-11  2.79311e-13
      12.0000      582.241  6.59540e-11          NaN
      12.0000      582.689  6.66013e-11          NaN
      12.0000      583.137  6.90415e-11  2.76182e-13
      12.0000      583.586  6.92047e-11  2.10304e-13
      12.0000      584.035  7.02487e-11  1.89029e-13
      12.0000      584.484  7.09257e-11  1.81154e-13
      12.0000      584.934  6.58115e-11  1.80482e-13
      12.0000      585.384  5.98036e-11  1.81676e-13
      12.0000      585.835  6.48998e-11  1.86395e-13
      12.0000      586.286  9.28024e-11  2.63751e-13
      12.0000      586.737  2.56086e-10  3.03612e-13
      12.0000      587.188  2.83340e-10  2.73776e-13
      12.0000      587.640  9.31800e-11  2.09191e-13
      12.0000      588.092  6.45893e-11  1.60754e-13
      12.0000      588.545  5.97580e-11  1.65544e-13
      12.0000      588.998  5.87323e-11  2.05824e-13
      12.0000      589.451  6.00024e-11  1.80872e-13
      12.0000      589.905  5.96383e-11  2.17837e-13
      12.0000      590.359  5.80423e-11  1.62218e-13
      12.0000      590.813  5.79714e-11  1.59139e-13
      12.0000      591.267  5.52605e-11  1.59338e-13
      12.0000      591.723  5.58014e-11  1.68509e-13
      12.0000      592.178  5.56909e-11  1.66415e-13
      12.0000      592.634  5.54621e-11  1.53179e-13
      12.0000      593.090  5.55492e-11  1.46352e-13
      12.0000      593.546  5.68070e-11  1.40293e-13
      12.0000      594.003  5.57538e-11  1.46179e-13
      12.0000      594.460  5.37922e-11  1.56608e-13
      12.0000      594.917  5.35700e-11  1.49751e-13
      12.0000      595.375  5.30490e-11  1.53101e-13
      12.0000      595.833  5.36519e-11  1.44444e-13
      12.0000      596.292  5.38298e-11  1.32409e-13
      12.0000      596.751  5.23539e-11  1.42696e-13
      12.0000      597.210  5.13713e-11  1.36403e-13
      12.0000      597.669  5.09735e-11  1.43415e-13
      12.0000      598.129  5.06739e-11  1.48010e-13
      12.0000      598.589  5.11771e-11  1.28085e-13
      12.0000      599.050  5.05959e-11  1.48757e-13
      12.0000      599.511  5.03130e-11  1.85921e-13
      12.0000      599.972  5.01443e-11  1.53794e-13
      12.0000      600.434  4.89514e-11  1.40217e-13
      12.0000      600.896  4.85912e-11  1.47234e-13
      12.0000      601.359  4.85590e-11  1.42946e-13
      12.0000      601.822  4.79513e-11  1.36091e-13
      12.0000      602.284  4.82429e-11  1.39229e-13
      12.0000      602.748  4.70070e-11  1.44834e-13
      12.0000      603.212  4.69236e-11  1.60185e-13
      12.0000      603.676  4.71943e-11  2.15345e-13
      12.0000      604.141  4.62090e-11  2.06331e-13
      12.0000      604.606  4.60522e-11  1.72467e-13
      12.0000      605.071  4.58916e-11  1.74990e-13
      12.0000      605.537  4.53683e-11          NaN
      12.0000      606.002  4.83047e-11          NaN
      12.0000      606.469  4.73349e-11          NaN
      12.0000      606.935  4.62308e-11  2.40634e-13
      12.0000      607.402  4.46650e-11  1.71472e-13
      13.0000      607.870  4.20330e-11          NaN
      13.0000      608.338  4.25328e-11  4.53397e-13
      13.0000      608.806  4.24878e-11  6.54808e-13
      13.0000      609.274  4.10392e-11  4.20330e-13
      13.0000      609.743  4.06766e-11  3.21681e-13
      13.0000      610.212  4.14885e-11  4.34808e-13
      13.0000      610.682  4.04400e-11  4.41383e-13
      13.0000      611.152  4.88021e-11  3.93119e-13
      13.0000      611.622  4.56380e-11  3.33169e-13
      13.0000      612.093  3.99068e-11  3.60462e-13
      13.0000      612.564  4.06348e-11  3.67218e-13
      13.0000      613.035  3.97319e-11  3.28373e-13
      13.0000      613.507  3.95086e-11  3.75187e-13
      13.0000      613.979  3.86851e-11  2.60738e-13
      13.0000      614.451  4.04710e-11  2.38742e-13
      13.0000      614.924  3.95692e-11  2.60557e-13
      13.0000      615.397  3.99328e-11  2.46696e-13
      13.0000      615.871  3.93062e-11  2.87241e-13
      13.0000      616.345  4.06640e-11  3.51747e-13
      13.0000      616.819  3.91688e-11  2.55194e-13
      13.0000      617.294  3.86474e-11  5.79781e-13
      13.0000      617.769  3.84814e-11  1.75464e-13
      13.0000      618.245  3.92295e-11  2.18962e-13
      13.0000      618.720  3.79347e-11  2.77360e-13
      13.0000      619.196  3.67944e-11  2.24024e-13
      13.0000      619.673  3.80215e-11  2.46103e-13
      13.0000      620.150  3.80073e-11  2.72334e-13
      13.0000      620.627  3.62317e-11          NaN
      13.0000      621.105  3.63543e-11          NaN
      13.0000      621.582  3.71604e-11  2.14571e-13
      13.0000      622.061  3.64381e-11  1.67609e-13
      13.0000      622.539  3.63482e-11  1.53741e-13
      13.0000      623.018  3.57612e-11  1.40053e-13
      13.0000      623.498  3.57528e-11  1.39445e-13
      13.0000      623.978  3.58912e-11  1.40606e-13
      13.0000      624.458  3.66517e-11  1.63418e-13
      13.0000      624.938  3.58223e-11  1.35463e-13
      13.0000      625.419  3.48070e-11  1.27789e-13
      13.0000      625.901  3.37206e-11  1.32450e-13
      13.0000      626.382  3.30263e-11  1.32222e-13
      13.0000      626.864  3.37486e-11  1.63501e-13
      13.0000      627.347  4.38564e-11  1.57552e-13
      13.0000      627.830  5.65589e-11  1.41158e-13
      13.0000      628.312  4.57541e-11  1.35687e-13
      13.0000      628.796  3.56111e-11  1.71745e-13
      13.0000      629.280  3.33016e-11  1.76808e-13
      13.0000      629.764  3.29123e-11  1.42353e-13
      13.0000      630.249  3.33279e-11  1.44922e-13
      13.0000      630.734  3.45731e-11  1.33961e-13
      13.0000      631.219  3.60888e-11  1.31131e-13
      13.0000      631.705  3.63387e-11  1.18508e-13
      13.0000      632.191  3.69150e-11  1.31993e-13
      13.0000      632.678  4.01664e-11  1.45554e-13
      13.0000      633.164  4.13598e-11  1.25458e-13
      13.0000      633.652  3.94897e-11  1.21919e-13
      13.0000      634.139  3.64756e-11  1.15373e-13
      13.0000      634.627  3.31358e-11  1.26074e-13
      13.0000      635.115  3.00012e-11  1.18977e-13
      13.0000      635.604  2.80477e-11  1.12754e-13
      13.0000      636.094  2.68463e-11  1.02948e-13
      13.0000      636.583  2.59664e-11  1.08465e-13
      13.0000      637.073  2.50539e-11  1.03292e-13
      13.0000      637.563  2.46228e-11  1.05260e-13
      13.0000      638.054  2.44416e-11  1.02802e-13
      13.0000      638.545  2.39984e-11  1.01435e-13
      13.0000      639.036  2.41823e-11  9.82359e-14
      13.0000      639.528  2.51133e-11  1.27510e-13
      13.0000      640.020  2.50481e-11  1.55262e-13
      13.0000      640.512  2.32842e-11  1.00770e-13
      13.0000      641.005  2.27367e-11  1.08209e-13
      13.0000      641.499  2.23530e-11  1.01404e-13
      13.0000      641.992  2.24685e-11  1.11994e-13
      13.0000      642.486  2.20340e-11  9.42125e-14
      13.0000      642.981  2.17788e-11  1.05540e-13
      13.0000      643.475  2.12332e-11  1.11918e-13
      13.0000      643.971  2.05270e-11  1.07523e-13
      13.0000      644.466  2.13133e-11  1.18744e-13
      13.0000      644.962  2.06654e-11  1.21212e-13
      13.0000      645.459  2.01041e-11  1.46777e-13
      13.0000      645.955  1.96745e-11  1.30665e-13
      13.0000      646.452  1.96029e-11  1.29034e-13
      13.0000      646.950  1.98070e-11  1.36671e-13
      13.0000      647.447  1.93897e-11  1.25979e-13
      13.0000      647.946  1.85871e-11  1.32207e-13
      13.0000      648.445  1.88871e-11  2.14385e-13
      13.0000      648.943  1.82409e-11  1.85512e-13
      13.0000      649.443  1.82510e-11  1.47734e-13
      13.0000      649.942  1.82042e-11  1.43107e-13
      13.0000      650.442  1.84950e-11  1.10208e-13
      13.0000      650.943  1.80284e-11  1.14093e-13
      13.0000      651.444  1.73046e-11  1.46257e-13
      13.0000      651.945  1.74237e-11  1.67758e-13
      13.0000      652.447  1.72437e-11  1.79218e-13
      13.0000      652.949  1.69815e-11  1.44858e-13
      13.0000      653.452  1.76197e-11          NaN
      13.0000      653.955  1.74176e-11  1.21529e-13
      13.0000      654.458  1.70306e-11  1.17146e-13
      13.0000      654.961  1.71057e-11  1.27191e-13
      13.0000      655.465  1.71648e-11  2.41601e-13
      13.0000      655.970  1.65808e-11  2.53569e-13
      13.0000      656.475  1.63452e-11  3.46641e-13
      13.0000      656.980  1.63327e-11  2.48839e-13
      14.0000      657.485  1.72154e-11  3.36921e-13
      14.0000      657.991  1.68315e-11  2.72901e-13
      14.0000      658.497  1.68933e-11  2.90560e-13
      14.0000      659.004  1.76144e-11  4.29626e-13
      14.0000      659.511  1.75686e-11  3.34243e-13
      14.0000      660.019  1.50210e-11  2.74872e-13
      14.0000      660.527  1.53416e-11  2.75251e-13
      14.0000      661.035  1.77012e-11  1.96043e-13
      14.0000      661.544  1.67542e-11  2.60537e-13
      14.0000      662.053  1.63750e-11  2.41637e-13
      14.0000      662.562  1.52164e-11  2.04966e-13
      14.0000      663.072  1.54757e-11  1.69182e-13
      14.0000      663.582  1.51099e-11  1.65134e-13
      14.0000      664.093  1.52594e-11  1.58449e-13
      14.0000      664.604  1.47107e-11  1.62766e-13
      14.0000      665.116  1.49838e-11  1.67502e-13
      14.0000      665.627  1.54727e-11  1.71174e-13
      14.0000      666.140  1.51440e-11  1.84575e-13
      14.0000      666.652  1.63030e-11  1.69443e-13
      14.0000      667.165  2.22145e-11  1.78311e-13
      14.0000      667.678  2.57799e-11  1.74922e-13
      14.0000      668.192  1.92814e-11  1.46909e-13
      14.0000      668.707  1.51859e-11  1.15982e-13
      14.0000      669.221  1.42612e-11  1.28355e-13
      14.0000      669.736  1.53022e-11  1.26929e-13
      14.0000      670.252  1.65293e-11  1.20840e-13
      14.0000      670.767  1.50531e-11  1.60259e-13
      14.0000      671.283  1.36551e-11  2.41873e-13
      14.0000      671.800  1.28622e-11  1.02793e-13
      14.0000      672.317  1.41681e-11  1.02648e-13
      14.0000      672.834  1.51564e-11  1.08250e-13
      14.0000      673.352  1.39376e-11  1.08579e-13
      14.0000      673.870  1.38801e-11  1.12604e-13
      14.0000      674.389  1.74880e-11  1.19251e-13
      14.0000      674.908  2.20094e-11  1.12411e-13
      14.0000      675.427  1.83404e-11  1.11829e-13
      14.0000      675.947  1.33786e-11  1.07806e-13
      14.0000      676.467  1.34971e-11  1.02651e-13
      14.0000      676.988  1.65202e-11  1.08184e-13
      14.0000      677.509  1.87785e-11  1.47792e-13
      14.0000      678.030  1.53774e-11  2.23866e-13
      14.0000      678.552  1.36184e-11  1.16689e-13
      14.0000      679.074  2.27403e-11  9.42169e-14
      14.0000      679.597  3.57728e-11  1.04541e-13
      14.0000      680.119  2.86736e-11  1.37116e-13
      14.0000      680.643  1.57906e-11  1.19281e-13
      14.0000      681.166  1.58863e-11  1.03694e-13
      14.0000      681.691  2.30521e-11  1.05568e-13
      14.0000      682.215  2.45543e-11  9.76177e-14
      14.0000      682.740  1.30611e-11  9.66253e-14
      14.0000      683.266  1.06391e-11          NaN
      14.0000      683.792  3.30085e-11          NaN
      14.0000      684.318  6.64673e-11  1.16949e-13
      14.0000      684.844  4.51363e-11          NaN
      14.0000      685.371  1.43900e-11          NaN
      14.0000      685.899  1.52679e-11  9.70543e-14
      14.0000      686.427  3.52438e-11          NaN
      14.0000      686.955  4.39801e-11          NaN
      14.0000      687.484  1.77821e-11  1.29087e-13
      14.0000      688.012  1.54647e-11  9.93562e-14
      14.0000      688.542  5.85752e-11  1.24879e-13
      14.0000      689.072  1.43211e-10          NaN
      14.0000      689.602  6.55125e-11          NaN
      14.0000      690.133  1.60859e-11          NaN
      14.0000      690.664  2.11705e-11          NaN
      14.0000      691.195  7.61678e-11  1.74040e-13
      14.0000      691.727  7.63176e-11  1.44127e-13
      14.0000      692.260  1.70543e-11  1.19960e-13
      14.0000      692.792  1.47631e-11  1.00442e-13
      14.0000      693.326  1.02323e-10  1.59783e-13
      14.0000      693.859  1.97331e-10  2.00401e-13
      14.0000      694.393  5.86113e-11  1.44072e-13
      14.0000      694.927  1.85287e-11  1.11555e-13
      14.0000      695.462  4.30181e-11  1.35606e-13
      14.0000      695.997  1.26221e-10  2.10672e-13
      14.0000      696.533  7.53082e-11  1.31258e-13
      14.0000      697.069  3.07107e-11  1.17884e-13
      14.0000      697.605  4.02009e-11  1.39074e-13
      14.0000      698.142  1.81444e-10  1.78386e-13
      14.0000      698.679  1.85175e-10  1.70973e-13
      14.0000      699.217  6.81130e-11  1.09757e-13
      14.0000      699.755  2.74277e-11  1.65190e-13
      14.0000      700.293  9.99892e-11  1.12431e-13
      14.0000      700.832  1.68859e-10  2.64748e-13
      14.0000      701.371  9.05594e-11  1.25572e-13
      14.0000      701.911  2.72639e-11  2.09305e-13
      14.0000      702.451  9.19232e-11  2.57659e-13
      14.0000      702.992  2.97568e-10  5.67008e-13
      14.0000      703.533  2.29892e-10  4.43419e-13
      14.0000      704.074  4.69130e-11  4.01563e-13
      14.0000      704.616  3.77376e-11  8.02134e-13
      14.0000      705.158  1.70766e-10  4.50183e-13
      14.0000      705.701  2.28680e-10  3.16817e-13
      14.0000      706.244  5.13430e-11  4.48689e-13
      15.0000      706.788  3.36778e-11  2.84626e-13
      15.0000      707.332  1.51113e-10  3.33813e-13
      15.0000      707.876  3.59526e-10  5.28749e-13
      15.0000      708.421  1.33627e-10  3.05896e-13
      15.0000      708.965  3.56410e-11  3.38869e-13
      15.0000      709.511  7.76836e-11  2.52136e-13
      15.0000      710.057  1.96795e-10          NaN
      15.0000      710.604  1.46593e-10          NaN
      15.0000      711.151  3.82682e-11  1.84632e-13
      15.0000      711.698  6.85226e-11  1.88026e-13
      15.0000      712.245  2.16284e-10  2.43942e-13
      15.0000      712.793  2.76270e-10  2.98937e-13
      15.0000      713.342  7.92544e-11  1.86091e-13
      15.0000      713.891  4.84311e-11  1.73495e-13
      15.0000      714.440  1.34093e-10  1.99919e-13
      15.0000      714.990  2.07597e-10  2.34647e-13
      15.0000      715.540  1.09828e-10  2.24815e-13
      15.0000      716.091  5.04100e-11  1.53310e-13
      15.0000      716.642  1.43879e-10  1.84809e-13
      15.0000      717.193  2.92878e-10  2.57907e-13
      15.0000      717.745  2.17122e-10  2.19673e-13
      15.0000      718.297  5.08197e-11  1.56954e-13
      15.0000      718.850  7.55803e-11  1.53539e-13
      15.0000      719.403  1.90829e-10  1.84984e-13
      15.0000      719.957  1.83408e-10  1.78452e-13
      15.0000      720.511  5.65181e-11  1.28833e-13
      15.0000      721.066  5.91288e-11          NaN
      15.0000      721.620  1.91477e-10          NaN
      15.0000      722.175  2.46347e-10  1.92985e-13
      15.0000      722.731  1.21092e-10  1.42594e-13
      15.0000      723.288  6.13711e-11  1.25791e-13
      15.0000      723.844  9.82474e-11  1.43927e-13
      15.0000      724.401  1.24002e-10  1.54107e-13
      15.0000      724.959  6.56104e-11  1.18128e-13
      15.0000      725.517  2.04003e-11  8.95618e-14
      15.0000      726.075  1.73169e-11  1.02209e-13
      15.0000      726.634  1.68670e-11  9.74980e-14
      15.0000      727.193  3.68313e-11  1.02549e-13
      15.0000      727.752  2.21450e-10  1.62970e-13
      15.0000      728.312  7.71669e-10  3.11009e-13
      15.0000      728.873  2.18760e-09  1.20236e-12
      15.0000      729.434  3.15792e-09  1.77242e-12
      15.0000      729.995  2.08699e-09  1.10915e-12
      15.0000      730.557  9.25563e-10  3.60489e-13
      15.0000      731.119  4.61996e-10          NaN
      15.0000      731.681  2.62129e-10          NaN
      15.0000      732.245  8.85519e-11  1.40439e-13
      15.0000      732.808  7.26888e-11  1.34455e-13
      15.0000      733.372  1.83902e-10  1.70461e-13
      15.0000      733.936  2.78528e-10  2.05598e-13
      15.0000      734.501  1.13540e-10  1.63600e-13
      15.0000      735.067  7.70423e-11  1.44475e-13
      15.0000      735.632  1.60863e-10  1.52651e-13
      15.0000      736.198  2.64003e-10  2.02112e-13
      15.0000      736.764  1.23295e-10  1.54666e-13
      15.0000      737.332  6.67581e-11  1.40309e-13
      15.0000      737.899  1.39689e-10  1.63494e-13
      15.0000      738.467  3.42079e-10  2.32333e-13
      15.0000      739.035  1.55887e-10  1.69489e-13
      15.0000      739.604  5.80404e-11  1.38434e-13
      15.0000      740.173  7.28786e-11  1.37262e-13
      15.0000      740.742  2.26803e-10  2.09192e-13
      15.0000      741.312  1.18381e-10  1.77033e-13
      15.0000      741.883  5.46885e-11  1.66781e-13
      15.0000      742.454  6.60837e-11  1.42522e-13
      15.0000      743.025  2.74055e-10  2.56082e-13
      15.0000      743.597  1.67254e-10  2.01591e-13
      15.0000      744.169  6.63311e-11  1.28524e-13
      15.0000      744.742  5.55569e-11  1.16820e-13
      15.0000      745.315  1.78298e-10          NaN
      15.0000      745.888  1.44355e-10  1.08442e-13
      15.0000      746.463  6.56928e-11  1.64178e-13
      15.0000      747.037  7.70296e-11  1.02894e-13
      15.0000      747.612  2.26305e-10  1.51065e-13
      15.0000      748.187  2.21074e-10  1.32836e-13
      15.0000      748.763  8.36781e-11  2.15824e-13
      15.0000      749.339  6.62510e-11  1.16393e-13
      15.0000      749.916  1.58026e-10  2.23746e-13
      15.0000      750.493  1.74716e-10  7.79700e-13
      15.0000      751.070  6.87010e-11  8.13390e-13
      15.0000      751.649  6.09694e-11  6.30322e-13
      15.0000      752.227  1.87369e-10  6.11066e-13
      15.0000      752.806  2.31278e-10  4.19075e-13
      15.0000      753.385  7.66210e-11  4.78558e-13
      15.0000      753.965  3.54857e-11  3.66260e-13
      15.0000      754.545  1.12791e-10  4.30511e-13
      15.0000      755.126  1.50067e-10          NaN
      15.0000      755.707  5.40271e-11  2.67950e-13
      16.0000      756.288  3.56957e-11  1.96916e-13
      16.0000      756.870  1.49736e-10  3.16239e-13
      16.0000      757.452  1.80677e-10  3.35522e-13
      16.0000      758.035  6.85783e-11  2.19281e-13
      16.0000      758.619  2.74090e-11  2.66825e-13
      16.0000      759.202  8.59209e-11          NaN
      16.0000      759.787  1.17166e-10          NaN
      16.0000      760.371  4.36202e-11  1.95529e-13
      16.0000      760.956  2.18984e-11  2.25163e-13
      16.0000      761.542  1.12122e-10  2.64794e-13
      16.0000      762.128  1.57844e-10  2.47586e-13
      16.0000      762.715  4.43107e-11  1.87710e-13
      16.0000      763.302  1.60065e-11  1.70998e-13
      16.0000      763.889  6.47116e-11  2.66760e-13
      16.0000      764.477  9.61554e-11  3.00867e-13
      16.0000      765.065  2.72938e-11  1.66573e-13
      16.0000      765.654  1.76509e-11  1.62954e-13
      16.0000      766.243  8.62107e-11  1.96870e-13
      16.0000      766.832  1.33125e-10  2.62799e-13
      16.0000      767.423  2.87703e-11  2.75307e-13
      16.0000      768.013  1.26816e-11  2.54237e-13
      16.0000      768.604  4.19153e-11  1.90434e-13
      16.0000      769.196  5.77177e-11  1.64101e-13
      16.0000      769.787  1.54671e-11  1.72728e-13
      16.0000      770.380  1.25839e-11  1.84335e-13
      16.0000      770.973  6.14789e-11  2.39031e-13
      16.0000      771.566  8.04070e-11  2.33910e-13
      16.0000      772.160  1.72056e-11  1.21989e-13
      16.0000      772.754  1.06399e-12  1.70062e-13
      16.0000      773.349  2.48642e-11  1.29707e-13
      16.0000      773.944  2.78580e-11  1.13631e-13
      16.0000      774.539  8.82408e-12  2.08769e-13
      16.0000      775.135  1.00440e-11  1.23156e-13
      16.0000      775.732  4.08986e-11  2.09734e-13
      16.0000      776.329  3.63662e-11  1.17233e-13
      16.0000      776.927  8.29832e-12  9.14163e-14
      16.0000      777.524  5.06456e-12  9.71654e-14
      16.0000      778.122  1.34662e-11  1.19570e-13
      16.0000      778.721  1.02320e-11  1.04817e-13
      16.0000      779.321  3.92171e-12  7.98179e-14
      16.0000      779.920  5.57830e-12  8.91815e-14
      16.0000      780.520  1.78684e-11  1.22652e-13
      16.0000      781.121  1.06369e-11  1.22569e-13
      16.0000      781.722  5.22190e-12          NaN
      16.0000      782.324  4.54426e-12          NaN
      16.0000      782.926  7.23474e-12  7.55665e-14
      16.0000      783.528  5.16832e-12  7.86062e-14
      16.0000      784.131  3.89753e-12  7.08792e-14
      16.0000      784.735  6.20310e-12  8.87420e-14
      16.0000      785.339  9.21359e-12          NaN
      16.0000      785.943  6.05380e-12          NaN
      16.0000      786.548  4.52936e-12  6.67388e-14
      16.0000      787.153  4.84939e-12  7.48187e-14
      16.0000      787.758  4.94916e-12  7.84994e-14
      16.0000      788.365  4.34922e-12  6.77430e-14
      16.0000      788.971  4.40259e-12  7.53252e-14
      16.0000      789.579  5.25547e-12  7.06485e-14
      16.0000      790.186  5.69322e-12  6.39531e-14
      16.0000      790.794  5.37247e-12  6.60510e-14
      16.0000      791.403  5.15195e-12  7.28834e-14
      16.0000      792.011  5.22680e-12          NaN
      16.0000      792.621  5.37695e-12          NaN
      16.0000      793.231  5.72166e-12  8.26938e-14
      16.0000      793.842  5.27518e-12  1.26216e-13
      16.0000      794.452  6.08268e-12  9.05522e-14
      16.0000      795.064  5.80818e-12          NaN
      16.0000      795.675  5.94414e-12  9.59931e-14
      16.0000      796.288  6.21915e-12  1.99744e-13
      16.0000      796.900  6.66467e-12  9.66175e-14
      16.0000      797.514  6.85296e-12  8.70947e-14
      16.0000      798.128  6.71045e-12  9.00766e-14
      16.0000      798.742  8.27281e-12  1.20077e-13
      16.0000      799.357  7.92015e-12  8.68218e-14
      16.0000      799.972  6.91587e-12  4.56774e-13
      16.0000      800.587  6.84244e-12  8.63225e-13
      16.0000      801.203  8.10256e-12  6.37045e-13
      16.0000      801.820  7.83249e-12  3.57130e-13
      16.0000      802.437  7.88584e-12  3.99053e-13
      16.0000      803.054  7.12499e-12  2.36391e-13
      16.0000      803.672  7.71315e-13  3.89385e-13
      16.0000      804.291  1.37979e-12  3.49624e-13
      16.0000      804.910  7.29944e-12  2.73982e-13
      16.0000      805.529  7.91787e-12  2.37607e-13
      17.0000      806.149  9.51601e-12  2.40563e-13
      17.0000      806.769  1.05537e-11  3.22348e-13
      17.0000      807.390  8.52880e-12  2.05845e-13
      17.0000      808.012  8.35497e-12  1.80488e-13
      17.0000      808.633  9.34496e-12  1.82023e-13
      17.0000      809.255  1.07913e-11  1.83733e-13
      17.0000      809.878  8.71542e-12  1.53053e-13
      17.0000      810.501  8.26002e-12  1.82640e-13
      17.0000      811.125  9.33475e-12          NaN
      17.0000      811.750  1.20018e-11          NaN
      17.0000      812.374  9.03061e-12          NaN
      17.0000      812.999  8.31502e-12          NaN
      17.0000      813.625  2.15256e-11  1.23929e-13
      17.0000      814.251  4.02343e-11  1.38242e-13
      17.0000      814.878  2.82846e-11  1.36653e-13
      17.0000      815.504  9.62214e-12  1.15921e-13
      17.0000      816.132  1.14540e-11  1.29181e-13
      17.0000      816.760  1.54340e-11  1.07059e-13
      17.0000      817.389  1.28872e-11  1.24710e-13
      17.0000      818.017  6.91245e-12  1.17487e-13
      17.0000      818.647  9.41552e-12  8.80376e-14
      17.0000      819.277  1.52518e-11  9.38811e-14
      17.0000      819.907  1.42810e-11  1.07951e-13
      17.0000      820.538  7.07969e-12  1.20760e-13
      17.0000      821.170  7.82347e-12  8.05954e-14
      17.0000      821.802  1.57062e-11          NaN
      17.0000      822.434  2.02365e-11          NaN
      17.0000      823.067  1.11345e-11  9.03275e-14
      17.0000      823.700  8.49752e-12  7.88159e-14
      17.0000      824.334  1.43667e-11  8.29316e-14
      17.0000      824.969  1.70078e-11  8.42735e-14
      17.0000      825.604  8.51721e-12  9.14959e-14
      17.0000      826.239  5.65717e-12  9.00251e-14
      17.0000      826.875  1.05823e-11  7.35308e-14
      17.0000      827.511  1.68582e-11  7.89428e-14
      17.0000      828.148  1.01935e-11  9.18279e-14
      17.0000      828.785  6.12968e-12  9.54935e-14
      17.0000      829.423  8.93894e-12  7.83379e-14
      17.0000      830.061  1.65175e-11  8.71849e-14
      17.0000      830.700  1.20730e-11  7.98585e-14
      17.0000      831.339  6.40846e-12  9.47893e-14
      17.0000      831.979  8.04424e-12  7.82983e-14
      17.0000      832.619  1.31711e-11  8.73107e-14
      17.0000      833.260  1.11923e-11  8.42642e-14
      17.0000      833.901  6.72108e-12  8.43555e-14
      17.0000      834.543  5.50018e-12  1.16436e-13
      17.0000      835.185  1.10530e-11  9.71190e-14
      17.0000      835.828  1.12318e-11  9.63393e-14
      17.0000      836.471  6.80907e-12  8.39566e-14
      17.0000      837.114  6.91088e-12  1.21620e-13
      17.0000      837.759  9.11930e-12  9.02393e-14
      17.0000      838.404  9.18496e-12  9.84343e-14
      17.0000      839.049  7.26241e-12          NaN
      17.0000      839.694  7.14995e-12          NaN
      17.0000      840.340  7.80177e-12  8.70277e-14
      17.0000      840.987  7.80943e-12  8.94269e-14
      17.0000      841.634  6.67755e-12  7.54115e-14
      17.0000      842.282  5.60706e-12  7.91410e-14
      17.0000      842.930  7.58963e-12  7.90573e-14
      17.0000      843.579  8.19446e-12  6.80456e-14
      17.0000      844.228  8.10031e-12  9.22780e-14
      17.0000      844.877  3.68724e-12          NaN
      17.0000      845.528  5.77427e-12  1.16028e-13
      17.0000      846.178  7.56437e-12  3.06692e-13
      17.0000      846.830  7.43191e-12          NaN
      17.0000      847.481  8.01116e-12  1.70754e-13
      17.0000      848.133  6.96200e-12  1.16292e-13
      17.0000      848.786  7.51439e-12  1.09933e-13
      17.0000      849.439  8.33976e-12  4.32128e-13
      17.0000      850.093  9.58343e-12  4.13314e-13
      17.0000      850.747  8.74868e-12  3.75348e-13
      17.0000      851.401  7.97176e-12  3.29596e-13
      17.0000      852.057  7.82260e-12  2.76763e-13
      17.0000      852.713  7.27872e-12          NaN
      17.0000      853.368  6.01023e-12  8.36268e-13
      17.0000      854.026  7.04491e-12  5.24539e-13
      17.0000      854.683  5.78788e-12  4.59306e-13
      18.0000      855.341  8.76010e-12          NaN
      18.0000      855.999  6.69745e-12          NaN
      18.0000      856.657  7.92793e-12  2.31915e-13
      18.0000      857.316  6.91385e-12  1.94515e-13
      18.0000      857.976  4.49871e-12  3.24540e-13
      18.0000      858.637  6.66522e-12  2.71611e-13
      18.0000      859.297  6.20498e-12  1.66225e-13
      18.0000      859.958  6.64259e-12  2.03983e-13
      18.0000      860.620  6.33777e-12  2.17099e-13
      18.0000      861.283  6.59518e-12  2.70258e-13
      18.0000      861.945  6.32732e-12  1.52287e-13
      18.0000      862.608  5.61557e-12  1.46528e-13
      18.0000      863.272  5.83295e-12  1.70775e-13
      18.0000      863.937  5.87350e-12  1.47479e-13
      18.0000      864.602  5.75076e-12  1.83264e-13
      18.0000      865.267  5.48227e-12  1.33748e-13
      18.0000      865.933  5.82456e-12  1.47744e-13
      18.0000      866.599  5.60193e-12  2.26796e-13
      18.0000      867.266  5.44307e-12  1.18367e-13
      18.0000      867.934  5.75535e-12  1.27444e-13
      18.0000      868.601  5.17596e-12  1.45218e-13
      18.0000      869.270  5.27727e-12  1.19729e-13
      18.0000      869.938  4.96526e-12  1.07903e-13
      18.0000      870.608  4.78462e-12  2.74058e-13
      18.0000      871.277  4.87735e-12  1.07775e-13
      18.0000      871.948  4.73717e-12  1.07628e-13
      18.0000      872.619  1.47626e-12  9.81292e-14
      18.0000      873.291  7.68577e-13  1.02528e-13
      18.0000      873.962  4.17528e-13  1.14658e-13
      18.0000      874.635  6.85298e-13  1.05701e-13
      18.0000      875.308  1.00036e-12  1.13544e-13
      18.0000      875.982  1.28768e-12  1.25100e-13
      18.0000      876.656  9.54337e-13  1.04685e-13
      18.0000      877.331  9.29910e-13  1.29841e-13
      18.0000      878.005  1.61277e-12  1.17186e-13
      18.0000      878.681  1.58972e-12  9.60196e-14
      18.0000      879.357  7.96870e-13  1.06924e-13
      18.0000      880.035  1.80403e-12  1.12806e-13
      18.0000      880.711  1.93790e-12  1.01544e-13
      18.0000      881.389  1.78009e-12  1.02366e-13
      18.0000      882.068  1.66877e-12  8.02952e-14
      18.0000      882.747  1.67506e-12  8.62925e-14
      18.0000      883.426  2.05754e-12  8.59047e-14
      18.0000      884.105  2.00483e-12  7.90507e-14
      18.0000      884.786  1.77137e-12  8.03131e-14
      18.0000      885.467  1.73613e-12  6.87692e-14
      18.0000      886.148  1.99228e-12  6.24216e-14
      18.0000      886.830  2.06548e-12  5.92315e-14
      18.0000      887.512  1.75935e-12  6.06317e-14
      18.0000      888.195  1.79887e-12  6.28041e-14
      18.0000      888.879  2.22386e-12  7.04361e-14
      18.0000      889.563  2.43631e-12  6.96414e-14
      18.0000      890.248  2.13431e-12  6.77396e-14
      18.0000      890.932  2.08127e-12  7.92133e-14
      18.0000      891.618  2.38416e-12  9.20021e-14
      18.0000      892.304  3.75268e-12  7.43004e-14
      18.0000      892.991  1.37971e-12  7.13844e-14
      18.0000      893.678  1.79646e-12  7.14733e-14
      18.0000      894.366  2.76322e-12  7.97132e-14
      18.0000      895.054  3.84646e-12  8.77452e-14
      18.0000      895.743  3.71634e-12  1.27353e-13
      18.0000      896.432  3.86075e-12  1.58887e-13
      18.0000      897.122  3.61596e-12  1.15564e-13
      18.0000      897.812  3.35635e-12  1.12317e-13
      18.0000      898.503  3.17963e-12  9.12338e-14
      18.0000      899.194  2.91975e-12  7.30084e-13
      18.0000      899.887  1.62907e-11  5.57764e-13
      18.0000      900.579  1.12017e-11  4.27888e-13
      18.0000      901.272  2.89721e-12  3.90621e-13
      18.0000      901.965  3.23116e-12  3.31521e-13
      18.0000      902.660  3.03296e-12  5.24309e-13
      18.0000      903.354  2.99350e-12  2.15432e-13
      18.0000      904.050  3.32636e-12  2.58786e-13
      18.0000      904.745  3.15062e-12  3.05311e-13
      19.0000      905.441  6.00645e-12  2.11422e-13
      19.0000      906.138  5.67884e-12  2.29581e-13
      19.0000      906.835  5.06269e-12  2.09712e-13
      19.0000      907.533  6.72622e-12  1.85171e-13
      19.0000      908.231  4.29144e-12  1.72980e-13
      19.0000      908.931  6.74097e-12  2.80287e-13
      19.0000      909.630  3.88340e-12  2.24515e-13
      19.0000      910.330  3.08544e-12  2.98181e-13
      19.0000      911.031  5.02099e-12  2.21433e-13
      19.0000      911.732  4.98989e-12  1.58402e-13
      19.0000      912.433  4.74639e-12  1.21919e-13
      19.0000      913.135  4.85726e-12  1.27292e-13
      19.0000      913.838  4.45882e-12  1.11974e-13
      19.0000      914.541  4.38606e-12  1.17546e-13
      19.0000      915.245  4.71350e-12  1.05507e-13
      19.0000      915.949  4.37217e-12  9.72671e-14
      19.0000      916.654  4.93015e-12  1.05454e-13
      19.0000      917.360  4.49397e-12  1.13876e-13
      19.0000      918.065  4.21174e-12  1.02659e-13
      19.0000      918.771  3.99912e-12  9.12408e-14
      19.0000      919.479  3.74503e-12  1.15741e-13
      19.0000      920.187  8.24020e-13  1.04578e-13
      19.0000      920.894 -5.62714e-13  1.37809e-13
      19.0000      921.603 -6.20795e-13  9.67501e-14
      19.0000      922.313 -1.06914e-12  7.55195e-14
      19.0000      923.022 -1.12031e-12  7.60780e-14
      19.0000      923.732 -6.32845e-13  7.87353e-14
      19.0000      924.443 -3.87980e-13  8.54213e-14
      19.0000      925.155 -8.54908e-13  8.90133e-14
      19.0000      925.867 -6.89636e-13  8.03470e-14
      19.0000      926.579 -6.77922e-14  6.88345e-14
      19.0000      927.292 -4.03847e-14  6.80896e-14
      19.0000      928.005 -1.92936e-13  9.31846e-14
      19.0000      928.720  1.30952e-13  1.01215e-13
      19.0000      929.435  5.66181e-13  7.24852e-14
      19.0000      930.149  4.47931e-13  7.62811e-14
      19.0000      930.866 -7.71344e-15  6.87407e-14
      19.0000      931.582 -1.32489e-13  8.12420e-14
      19.0000      932.298  4.05539e-13  6.92143e-14
      19.0000      933.016  2.38294e-13  6.75783e-14
      19.0000      933.734  4.44640e-14  6.76883e-14
      19.0000      934.453  2.80211e-13  6.95599e-14
      19.0000      935.172  2.18777e-13  7.03110e-14
      19.0000      935.891  6.07958e-14  7.14744e-14
      19.0000      936.611  1.41462e-13  1.02765e-13
      19.0000      937.332  7.98493e-15  9.95355e-14
      19.0000      938.054  2.95894e-13  9.98886e-14
      19.0000      938.775  1.52981e-13  8.47585e-14
      19.0000      939.498 -1.56974e-14  9.37229e-14
      19.0000      940.221  6.73884e-13  7.53188e-14
      19.0000      940.944  5.71530e-13  9.85761e-14
      19.0000      941.668  1.63722e-12  9.66456e-14
      19.0000      942.393  2.04214e-12  8.13173e-14
      19.0000      943.118  2.05246e-12  9.12935e-14
      19.0000      943.844  1.76782e-12          NaN
      19.0000      944.570  1.52583e-12  6.21656e-14
      19.0000      945.298  6.51060e-13  6.33451e-14
      19.0000      946.025 -5.12842e-12  1.05900e-13
      19.0000      946.753 -3.19019e-12          NaN
      19.0000      947.481  6.39203e-13  1.02876e-13
      19.0000      948.211  1.59579e-12  3.65549e-13
      19.0000      948.939  2.47624e-12  5.67443e-13
      19.0000      949.670  2.36880e-12          NaN
      19.0000      950.401  1.77174e-12  4.39663e-13
      19.0000      951.133  1.67456e-12  2.65226e-13
      19.0000      951.864  2.21994e-12  3.53148e-13
      19.0000      952.597  1.88543e-12  2.21336e-13
      19.0000      953.330  1.69146e-12  1.85143e-13
      19.0000      954.064  2.01648e-12  2.91593e-13
      20.0000      954.798  3.31950e-12  1.49144e-13
      20.0000      955.532  3.02178e-12  1.37917e-13
      20.0000      956.268  2.20871e-12  2.70273e-13
      20.0000      957.004  2.65017e-12  2.81370e-13
      20.0000      957.740  2.84400e-12  1.57950e-13
      20.0000      958.477  2.77951e-12  1.73378e-13
      20.0000      959.214  3.90608e-12  2.49716e-13
      20.0000      959.953  3.73791e-12  1.44865e-13
      20.0000      960.691  3.18534e-12  1.05608e-13
      20.0000      961.430  2.26227e-12  9.81818e-14
      20.0000      962.170  1.63124e-12  1.45456e-13
      20.0000      962.911  1.63636e-12  1.26727e-13
      20.0000      963.652  1.35794e-12  1.16410e-13
      20.0000      964.394  2.48638e-12  8.61419e-14
      20.0000      965.135  2.74172e-12  9.78776e-14
      20.0000      965.878  2.18286e-12  1.16314e-13
      20.0000      966.622  2.41199e-12  9.01185e-14
      20.0000      967.365  3.08814e-12  1.19020e-13
      20.0000      968.110  4.62350e-13  1.25527e-13
      20.0000      968.855 -1.24314e-12  1.35688e-13
      20.0000      969.600 -1.57171e-12  1.13439e-13
      20.0000      970.346 -1.58689e-12  8.56666e-14
      20.0000      971.093 -1.59291e-12  7.76643e-14
      20.0000      971.840 -9.96524e-13  1.87558e-13
      20.0000      972.589 -9.84893e-13  1.40096e-13
      20.0000      973.336 -1.12390e-12  1.24720e-13
      20.0000      974.085 -7.48637e-13  1.23000e-13
      20.0000      974.836 -3.14399e-13  8.93752e-14
      20.0000      975.585 -2.18912e-12  7.75938e-14
      20.0000      976.337 -3.15304e-12  7.92444e-14
      20.0000      977.087 -1.28838e-12  7.51968e-14
      20.0000      977.839  3.16353e-13  6.58735e-14
      20.0000      978.592  4.98393e-13  6.11395e-14
      20.0000      979.345  2.24995e-13  6.57338e-14
      20.0000      980.098  5.03073e-13  6.74826e-14
      20.0000      980.853  6.69052e-13          NaN
      20.0000      981.608  3.97215e-13          NaN
      20.0000      982.363  4.98858e-13  6.45956e-14
      20.0000      983.119  7.60585e-13  6.38269e-14
      20.0000      983.875  7.79859e-13  7.49095e-14
      20.0000      984.633  9.73071e-13  7.70015e-14
      20.0000      985.391  8.61887e-13  8.08294e-14
      20.0000      986.149  1.15564e-12  6.94119e-14
      20.0000      986.908  9.64646e-13  7.03240e-14
      20.0000      987.667  9.72952e-13  7.42368e-14
