      11.0000      516.799  1.93677e-10  5.85091e-13
      11.0000      517.196  1.90898e-10  8.47999e-13
      11.0000      517.594  1.96082e-10  6.07204e-13
      11.0000      517.992  1.86973e-10  5.32005e-13
      11.0000      518.391  1.98907e-10  6.82484e-13
      11.0000      518.790  1.85368e-10  6.16378e-13
      11.0000      519.189  1.90845e-10  5.49348e-13
      11.0000      519.589  1.85329e-10  5.40476e-13
      11.0000      519.989  1.78399e-10  4.48667e-13
      11.0000      520.389  1.81751e-10  4.33463e-13
      11.0000      520.789  1.81813e-10  4.48039e-13
      11.0000      521.190  1.77871e-10  4.86023e-13
      11.0000      521.591  1.79685e-10  5.44512e-13
      11.0000      521.992  1.77485e-10  4.81132e-13
      11.0000      522.394  1.73535e-10  4.22001e-13
      11.0000      522.796  1.80456e-10  8.39031e-13
      11.0000      523.198  1.77960e-10  6.68483e-13
      11.0000      523.601  1.70969e-10  8.69084e-13
      11.0000      524.004  1.72645e-10          NaN
      11.0000      524.407  1.77093e-10          NaN
      11.0000      524.811  1.71915e-10  3.14382e-13
      11.0000      525.214  1.69432e-10  2.72620e-13
      11.0000      525.619  1.68029e-10  2.88187e-13
      11.0000      526.023  1.65993e-10  2.88686e-13
      11.0000      526.428  1.72641e-10  3.91965e-13
      11.0000      526.833  1.67044e-10  3.60257e-13
      11.0000      527.238  1.58673e-10  3.15657e-13
      11.0000      527.644  1.62068e-10  3.15131e-13
      11.0000      528.050  1.63240e-10  3.21754e-13
      11.0000      528.457  1.57480e-10  4.15098e-13
      11.0000      528.863  1.57670e-10  3.35764e-13
      11.0000      529.270  1.57999e-10  3.68980e-13
      11.0000      529.678  1.51900e-10  3.70106e-13
      11.0000      530.085  1.52505e-10  3.31130e-13
      11.0000      530.493  1.51850e-10  2.67338e-13
      11.0000      530.901  1.53713e-10  3.13711e-13
      11.0000      531.310  1.52169e-10  2.99094e-13
      11.0000      531.719  1.49510e-10  3.01481e-13
      11.0000      532.128  1.44404e-10  2.78985e-13
      11.0000      532.537  1.47185e-10  3.57116e-13
      11.0000      532.947  1.51192e-10  2.82596e-13
      11.0000      533.357  1.45714e-10  2.66462e-13
      11.0000      533.768  1.41355e-10  2.53409e-13
      11.0000      534.179  1.43538e-10  2.53511e-13
      11.0000      534.590  1.44323e-10  2.75129e-13
      11.0000      535.001  1.39174e-10  3.70487e-13
      11.0000      535.413  1.38119e-10  3.71336e-13
      11.0000      535.825  1.38029e-10  3.17376e-13
      11.0000      536.237  1.38034e-10  2.59260e-13
      11.0000      536.650  1.37667e-10  2.39733e-13
      11.0000      537.063  1.36961e-10  2.57755e-13
      11.0000      537.476  1.32575e-10  2.61955e-13
      11.0000      537.889  1.35630e-10          NaN
      11.0000      538.304  1.33399e-10          NaN
      11.0000      538.718  1.28870e-10  2.42926e-13
      11.0000      539.132  1.29719e-10  2.74648e-13
      11.0000      539.547  1.25929e-10  2.23346e-13
      11.0000      539.962  1.20185e-10          NaN
      11.0000      540.378  1.20788e-10          NaN
      11.0000      540.794  1.22393e-10  2.75997e-13
      11.0000      541.210  1.19508e-10  2.70070e-13
      11.0000      541.626  1.21013e-10  2.48151e-13
      11.0000      542.043  1.19316e-10  2.13673e-13
      11.0000      542.460  1.16390e-10  2.27641e-13
      11.0000      542.878  1.16269e-10  2.58012e-13
      11.0000      543.295  1.15974e-10  2.16416e-13
      11.0000      543.713  1.14842e-10  2.22748e-13
      11.0000      544.132  1.16589e-10  2.18849e-13
      11.0000      544.550  1.15493e-10  1.99998e-13
      11.0000      544.970  1.16319e-10  2.22547e-13
      11.0000      545.389  1.14912e-10  2.12076e-13
      11.0000      545.809  1.13931e-10  2.16185e-13
      11.0000      546.229  1.13068e-10  2.21436e-13
      11.0000      546.649  1.12817e-10  2.02987e-13
      11.0000      547.070  1.12668e-10  1.94517e-13
      11.0000      547.491  1.12839e-10  1.98717e-13
      11.0000      547.912  1.12481e-10  1.87904e-13
      11.0000      548.334  1.09714e-10  1.80969e-13
      11.0000      548.756  1.03316e-10  1.96772e-13
      11.0000      549.178  1.04697e-10  1.97804e-13
      11.0000      549.600  1.08529e-10  2.04296e-13
      11.0000      550.024  1.08239e-10  1.97593e-13
      11.0000      550.447  1.08579e-10  1.93510e-13
      11.0000      550.870  1.06415e-10  1.89681e-13
      11.0000      551.294  1.05950e-10  2.07818e-13
      11.0000      551.718  1.04684e-10  2.39745e-13
      11.0000      552.143  1.05813e-10  2.52644e-13
      11.0000      552.568  1.02426e-10  2.50377e-13
      11.0000      552.993  1.01589e-10  2.24822e-13
      11.0000      553.418  1.02251e-10  2.27687e-13
      11.0000      553.844  1.01297e-10  2.32519e-13
      11.0000      554.271  1.00954e-10  2.43134e-13
      11.0000      554.697  9.95284e-11  2.68850e-13
      11.0000      555.124  9.78718e-11  2.69519e-13
      11.0000      555.551  9.82392e-11  2.38525e-13
      11.0000      555.979  9.87602e-11  2.22526e-13
      11.0000      556.407  9.75945e-11  2.18821e-13
      11.0000      556.835  9.62468e-11  2.15591e-13
      11.0000      557.263  9.45299e-11  2.41558e-13
      11.0000      557.692  9.46717e-11  2.41035e-13
      11.0000      558.121  9.72377e-11  2.52311e-13
      11.0000      558.551  9.64585e-11  2.10279e-13
      12.0000      561.999  8.95596e-11  4.48300e-13
      12.0000      562.431  9.05252e-11  4.32063e-13
      12.0000      562.864  8.71343e-11  3.87056e-13
      12.0000      563.297  8.74793e-11  4.35545e-13
      12.0000      563.731  8.49138e-11  4.49105e-13
      12.0000      564.164  8.46857e-11  3.55551e-13
      12.0000      564.599  8.46805e-11  4.23490e-13
      12.0000      565.033  8.53164e-11  3.36121e-13
      12.0000      565.468  8.67873e-11  3.22616e-13
      12.0000      565.903  8.39245e-11  3.67395e-13
      12.0000      566.338  8.07628e-11  3.46008e-13
      12.0000      566.774  8.19887e-11  3.38697e-13
      12.0000      567.210  8.25105e-11  1.88113e-12
      12.0000      567.647  8.06359e-11  3.25453e-12
      12.0000      568.084  8.08891e-11  2.99486e-13
      12.0000      568.521  8.00507e-11  4.06823e-13
      12.0000      568.958  7.95848e-11  3.79475e-13
      12.0000      569.396  7.92641e-11  2.74507e-13
      12.0000      569.834  7.91411e-11          NaN
      12.0000      570.273  8.02538e-11          NaN
      12.0000      570.711  8.18579e-11  2.62162e-13
      12.0000      571.151  7.78800e-11  2.33708e-13
      12.0000      571.590  7.75405e-11  2.24869e-13
      12.0000      572.030  7.77426e-11  2.65326e-13
      12.0000      572.470  7.40395e-11  2.39856e-13
      12.0000      572.911  7.60666e-11  2.48906e-13
      12.0000      573.352  7.56250e-11  2.30402e-13
      12.0000      573.793  7.59551e-11  2.55997e-13
      12.0000      574.234  7.37734e-11  2.65378e-13
      12.0000      574.676  7.38602e-11  4.51428e-13
      12.0000      575.119  7.41522e-11  2.40446e-13
      12.0000      575.561  7.52200e-11  2.29779e-13
      12.0000      576.004  7.35278e-11  2.18773e-13
      12.0000      576.447  7.41000e-11  2.94518e-13
      12.0000      576.891  7.16616e-11  2.25998e-13
      12.0000      577.335  7.08215e-11  2.08949e-13
      12.0000      577.779  7.18085e-11  2.50799e-13
      12.0000      578.224  7.07799e-11  2.49466e-13
      12.0000      578.669  7.01528e-11  2.01316e-13
      12.0000      579.114  6.95069e-11          NaN
      12.0000      579.560  6.96869e-11          NaN
      12.0000      580.006  6.96013e-11  1.89416e-13
      12.0000      580.452  6.89346e-11  2.30238e-13
      12.0000      580.899  6.96979e-11  1.93861e-13
      12.0000      581.346  6.83105e-11  2.08798e-13
      12.0000      581.793  6.76232e-11  2.84773e-13
      12.0000      582.241  6.62444e-11          NaN
      12.0000      582.689  6.63789e-11          NaN
      12.0000      583.137  6.75895e-11  2.73976e-13
      12.0000      583.586  6.77010e-11  2.02428e-13
      12.0000      584.035  6.89880e-11  1.86688e-13
      12.0000      584.484  6.98735e-11  1.78991e-13
      12.0000      584.934  6.45617e-11  1.71147e-13
      12.0000      585.384  5.74291e-11  1.74205e-13
      12.0000      585.835  6.42929e-11  1.65874e-13
      12.0000      586.286  9.21813e-11  2.61450e-13
      12.0000      586.737  2.46121e-10  2.90593e-13
      12.0000      587.188  2.72696e-10  2.77188e-13
      12.0000      587.640  9.13370e-11  2.10215e-13
      12.0000      588.092  6.49263e-11  1.76968e-13
      12.0000      588.545  5.92436e-11  1.78498e-13
      12.0000      588.998  5.80074e-11  2.02154e-13
      12.0000      589.451  5.89235e-11  1.80005e-13
      12.0000      589.905  5.86674e-11  2.47671e-13
      12.0000      590.359  5.71949e-11  1.71615e-13
      12.0000      590.813  5.72623e-11  1.63343e-13
      12.0000      591.267  5.50922e-11  1.66050e-13
      12.0000      591.723  5.52973e-11  1.61853e-13
      12.0000      592.178  5.41815e-11  1.68751e-13
      12.0000      592.634  5.48613e-11  1.57422e-13
      12.0000      593.090  5.48570e-11  1.56827e-13
      12.0000      593.546  5.68698e-11  1.46896e-13
      12.0000      594.003  5.49830e-11  1.47760e-13
      12.0000      594.460  5.32884e-11  1.51919e-13
      12.0000      594.917  5.36756e-11  1.48331e-13
      12.0000      595.375  5.30520e-11  1.60115e-13
      12.0000      595.833  5.26738e-11  1.53286e-13
      12.0000      596.292  5.31162e-11  1.39929e-13
      12.0000      596.751  5.24732e-11  1.43179e-13
      12.0000      597.210  5.14673e-11  1.32676e-13
      12.0000      597.669  5.10505e-11  1.43767e-13
      12.0000      598.129  5.04532e-11  1.51788e-13
      12.0000      598.589  5.07122e-11  1.35349e-13
      12.0000      599.050  5.03208e-11  1.32101e-13
      12.0000      599.511  5.00175e-11  1.76435e-13
      12.0000      599.972  5.03088e-11  1.64839e-13
      12.0000      600.434  4.90289e-11  1.41382e-13
      12.0000      600.896  4.82288e-11  1.47507e-13
      12.0000      601.359  4.83125e-11  1.52063e-13
      12.0000      601.822  4.76578e-11  1.52690e-13
      12.0000      602.284  4.75540e-11  1.42149e-13
      12.0000      602.748  4.69145e-11  1.47333e-13
      12.0000      603.212  4.68181e-11  1.76400e-13
      12.0000      603.676  4.70271e-11  2.28639e-13
      12.0000      604.141  4.58221e-11  2.06988e-13
      12.0000      604.606  4.62748e-11  1.78812e-13
      12.0000      605.071  4.54207e-11  1.63470e-13
      12.0000      605.537  4.54781e-11          NaN
      12.0000      606.002  4.78779e-11          NaN
      12.0000      606.469  4.67797e-11          NaN
      12.0000      606.935  4.59080e-11  2.29325e-13
      12.0000      607.402  4.46973e-11  1.66635e-13
      13.0000      607.870  4.11023e-11          NaN
      13.0000      608.338  4.15603e-11  4.23545e-13
      13.0000      608.806  4.21415e-11  6.43804e-13
      13.0000      609.274  3.99082e-11  4.54731e-13
      13.0000      609.743  4.09274e-11  3.56083e-13
      13.0000      610.212  4.08965e-11  3.74860e-13
      13.0000      610.682  3.95053e-11  4.78823e-13
      13.0000      611.152  3.77892e-11  4.25475e-13
      13.0000      611.622  4.23189e-11  3.30784e-13
      13.0000      612.093  4.22111e-11  3.74544e-13
      13.0000      612.564  3.86397e-11  3.35491e-13
      13.0000      613.035  3.83852e-11  3.10366e-13
      13.0000      613.507  3.81894e-11  3.71008e-13
      13.0000      613.979  3.78765e-11  2.93089e-13
      13.0000      614.451  3.92965e-11  3.39771e-13
      13.0000      614.924  3.78003e-11  2.57183e-13
      13.0000      615.397  3.83008e-11  2.67761e-13
      13.0000      615.871  3.81516e-11  3.01500e-13
      13.0000      616.345  3.85765e-11  4.41676e-13
      13.0000      616.819  3.80339e-11  3.10406e-13
      13.0000      617.294  3.81533e-11  5.80839e-13
      13.0000      617.769  3.69946e-11  1.76978e-13
      13.0000      618.245  3.70171e-11  2.25971e-13
      13.0000      618.720  3.56157e-11  2.88458e-13
      13.0000      619.196  3.53419e-11  2.34989e-13
      13.0000      619.673  3.64684e-11  2.46424e-13
      13.0000      620.150  3.68351e-11  2.77463e-13
      13.0000      620.627  3.59033e-11          NaN
      13.0000      621.105  3.63621e-11          NaN
      13.0000      621.582  3.66581e-11  1.91633e-13
      13.0000      622.061  3.58691e-11  1.71451e-13
      13.0000      622.539  3.54984e-11  1.54050e-13
      13.0000      623.018  3.44195e-11  1.39428e-13
      13.0000      623.498  3.43655e-11  1.40706e-13
      13.0000      623.978  3.45788e-11  1.44849e-13
      13.0000      624.458  3.52014e-11  1.58964e-13
      13.0000      624.938  3.43654e-11  1.31868e-13
      13.0000      625.419  3.36861e-11  1.39635e-13
      13.0000      625.901  3.27578e-11  1.35976e-13
      13.0000      626.382  3.23389e-11  1.35126e-13
      13.0000      626.864  3.29010e-11  1.46334e-13
      13.0000      627.347  4.16166e-11  1.53296e-13
      13.0000      627.830  5.37263e-11  1.50219e-13
      13.0000      628.312  4.37835e-11  1.35860e-13
      13.0000      628.796  3.43507e-11  1.64109e-13
      13.0000      629.280  3.21052e-11  1.77004e-13
      13.0000      629.764  3.13711e-11  1.32614e-13
      13.0000      630.249  3.15509e-11  1.25828e-13
      13.0000      630.734  3.28854e-11  1.18719e-13
      13.0000      631.219  3.44534e-11  1.15986e-13
      13.0000      631.705  3.47076e-11  1.16701e-13
      13.0000      632.191  3.51599e-11  1.37270e-13
      13.0000      632.678  3.80460e-11  1.61356e-13
      13.0000      633.164  3.92848e-11  1.37862e-13
      13.0000      633.652  3.76164e-11  1.28093e-13
      13.0000      634.139  3.49822e-11  1.15586e-13
      13.0000      634.627  3.17952e-11  1.33359e-13
      13.0000      635.115  2.89817e-11  1.15927e-13
      13.0000      635.604  2.72843e-11  1.03217e-13
      13.0000      636.094  2.63289e-11  9.75731e-14
      13.0000      636.583  2.53592e-11  9.54973e-14
      13.0000      637.073  2.43941e-11  9.12877e-14
      13.0000      637.563  2.40637e-11  1.05952e-13
      13.0000      638.054  2.36859e-11  1.07345e-13
      13.0000      638.545  2.38780e-11  1.01096e-13
      13.0000      639.036  2.40446e-11  9.97662e-14
      13.0000      639.528  2.48472e-11  1.31465e-13
      13.0000      640.020  2.53796e-11  1.62333e-13
      13.0000      640.512  2.26168e-11  1.04219e-13
      13.0000      641.005  2.17537e-11  1.10831e-13
      13.0000      641.499  2.18502e-11  1.03371e-13
      13.0000      641.992  2.20668e-11  1.01827e-13
      13.0000      642.486  2.16593e-11  9.41462e-14
      13.0000      642.981  2.14563e-11  1.03963e-13
      13.0000      643.475  2.08742e-11  1.15823e-13
      13.0000      643.971  2.05076e-11  1.13191e-13
      13.0000      644.466  2.12977e-11  1.19208e-13
      13.0000      644.962  2.02478e-11  1.11124e-13
      13.0000      645.459  1.98549e-11  1.42409e-13
      13.0000      645.955  2.00386e-11  1.29751e-13
      13.0000      646.452  1.95459e-11  1.28212e-13
      13.0000      646.950  1.92970e-11  1.29966e-13
      13.0000      647.447  1.93052e-11  1.27234e-13
      13.0000      647.946  1.83172e-11  1.31577e-13
      13.0000      648.445  1.88021e-11  2.08545e-13
      13.0000      648.943  1.89906e-11  1.83758e-13
      13.0000      649.443  1.83882e-11  1.50884e-13
      13.0000      649.942  1.78981e-11  1.15421e-13
      13.0000      650.442  1.82241e-11  1.19872e-13
      13.0000      650.943  1.77459e-11  1.15977e-13
      13.0000      651.444  1.69213e-11  1.49686e-13
      13.0000      651.945  1.68113e-11  1.67731e-13
      13.0000      652.447  1.67799e-11  1.82103e-13
      13.0000      652.949  1.67641e-11  1.45228e-13
      13.0000      653.452  1.69793e-11          NaN
      13.0000      653.955  1.66671e-11  1.17823e-13
      13.0000      654.458  1.66160e-11  1.11976e-13
      13.0000      654.961  1.66938e-11  1.31342e-13
      13.0000      655.465  1.66601e-11  2.36128e-13
      13.0000      655.970  1.64262e-11  2.59970e-13
      13.0000      656.475  1.60260e-11  2.96012e-13
      13.0000      656.980  1.59920e-11  2.80688e-13
      14.0000      657.485  1.64030e-11  2.52690e-13
      14.0000      657.991  1.59509e-11  2.60139e-13
      14.0000      658.497  1.58036e-11  2.98588e-13
      14.0000      659.004  1.62373e-11  4.22522e-13
      14.0000      659.511  1.66121e-11  2.54786e-13
      14.0000      660.019  1.46472e-11  2.75356e-13
      14.0000      660.527  1.42773e-11  2.63721e-13
      14.0000      661.035  1.69147e-11  2.11698e-13
      14.0000      661.544  1.56364e-11  2.66173e-13
      14.0000      662.053  1.57658e-11  2.35275e-13
      14.0000      662.562  1.52919e-11  2.03269e-13
      14.0000      663.072  1.51500e-11  2.18057e-13
      14.0000      663.582  1.48494e-11  1.66394e-13
      14.0000      664.093  1.48182e-11  1.66933e-13
      14.0000      664.604  1.45707e-11  1.79535e-13
      14.0000      665.116  1.44904e-11  1.66097e-13
      14.0000      665.627  1.46242e-11  1.60009e-13
      14.0000      666.140  1.45228e-11  1.83083e-13
      14.0000      666.652  1.54232e-11  1.53102e-13
      14.0000      667.165  2.10297e-11  1.84131e-13
      14.0000      667.678  2.45875e-11  1.69567e-13
      14.0000      668.192  1.81921e-11  1.48903e-13
      14.0000      668.707  1.45327e-11  1.21785e-13
      14.0000      669.221  1.36244e-11  1.32972e-13
      14.0000      669.736  1.44735e-11  1.30822e-13
      14.0000      670.252  1.52495e-11  1.16854e-13
      14.0000      670.767  1.41850e-11  1.61329e-13
      14.0000      671.283  1.30974e-11  2.45725e-13
      14.0000      671.800  1.24999e-11  1.06738e-13
      14.0000      672.317  1.32920e-11  1.03182e-13
      14.0000      672.834  1.41506e-11  1.09264e-13
      14.0000      673.352  1.35193e-11  1.11635e-13
      14.0000      673.870  1.35462e-11  1.20889e-13
      14.0000      674.389  1.59217e-11  1.18484e-13
      14.0000      674.908  1.93666e-11  1.05879e-13
      14.0000      675.427  1.62374e-11  9.76928e-14
      14.0000      675.947  1.21952e-11  1.01008e-13
      14.0000      676.467  1.28552e-11  1.03357e-13
      14.0000      676.988  1.53250e-11  1.11743e-13
      14.0000      677.509  1.69924e-11  1.55324e-13
      14.0000      678.030  1.42950e-11  2.08957e-13
      14.0000      678.552  1.28047e-11  1.09383e-13
      14.0000      679.074  2.00396e-11  9.42669e-14
      14.0000      679.597  3.05230e-11  1.05264e-13
      14.0000      680.119  2.50945e-11  1.34976e-13
      14.0000      680.643  1.46713e-11  1.20790e-13
      14.0000      681.166  1.49740e-11  1.06077e-13
      14.0000      681.691  2.05128e-11  1.04119e-13
      14.0000      682.215  2.16240e-11  9.41965e-14
      14.0000      682.740  1.20735e-11  9.74583e-14
      14.0000      683.266  9.84098e-12          NaN
      14.0000      683.792  2.81035e-11          NaN
      14.0000      684.318  5.52709e-11  1.20282e-13
      14.0000      684.844  3.76576e-11          NaN
      14.0000      685.371  1.20693e-11          NaN
      14.0000      685.899  1.36883e-11  8.96007e-14
      14.0000      686.427  3.06725e-11          NaN
      14.0000      686.955  3.73046e-11          NaN
      14.0000      687.484  1.57890e-11  1.46325e-13
      14.0000      688.012  1.40425e-11  1.10707e-13
      14.0000      688.542  4.89241e-11  1.17408e-13
      14.0000      689.072  1.20229e-10          NaN
      14.0000      689.602  5.40271e-11          NaN
      14.0000      690.133  1.46110e-11          NaN
      14.0000      690.664  1.81906e-11          NaN
      14.0000      691.195  6.39014e-11  1.72442e-13
      14.0000      691.727  6.29472e-11  1.39934e-13
      14.0000      692.260  1.55269e-11  1.09626e-13
      14.0000      692.792  1.31135e-11  9.58931e-14
      14.0000      693.326  8.30051e-11  1.55533e-13
      14.0000      693.859  1.68538e-10  1.91706e-13
      14.0000      694.393  5.19262e-11  1.40009e-13
      14.0000      694.927  1.67966e-11  1.03412e-13
      14.0000      695.462  3.61415e-11  1.17266e-13
      14.0000      695.997  1.07264e-10  1.94462e-13
      14.0000      696.533  6.39118e-11  1.30454e-13
      14.0000      697.069  2.97388e-11  1.31922e-13
      14.0000      697.605  3.66017e-11  1.44640e-13
      14.0000      698.142  1.69072e-10  1.72138e-13
      14.0000      698.679  1.61817e-10  1.63723e-13
      14.0000      699.217  5.81124e-11  1.08928e-13
      14.0000      699.755  2.43409e-11  1.60948e-13
      14.0000      700.293  8.52710e-11  9.86446e-14
      14.0000      700.832  1.45570e-10  2.60999e-13
      14.0000      701.371  8.08503e-11  1.19266e-13
      14.0000      701.911  2.45995e-11  2.01632e-13
      14.0000      702.451  7.90183e-11  2.49836e-13
      14.0000      702.992  2.60433e-10  5.38752e-13
      14.0000      703.533  2.06241e-10  4.39031e-13
      14.0000      704.074  4.22653e-11  3.99645e-13
      14.0000      704.616  3.34592e-11  7.25902e-13
      14.0000      705.158  1.46594e-10  4.20140e-13
      14.0000      705.701  2.00713e-10  2.96592e-13
      14.0000      706.244  4.56657e-11  4.95698e-13
      15.0000      706.788  2.92109e-11  3.59602e-13
      15.0000      707.332  1.20999e-10  3.70605e-13
      15.0000      707.876  3.12840e-10  4.50382e-13
      15.0000      708.421  1.24595e-10  2.97773e-13
      15.0000      708.965  3.33568e-11  2.55792e-13
      15.0000      709.511  6.64301e-11  2.60728e-13
      15.0000      710.057  1.69808e-10          NaN
      15.0000      710.604  1.32343e-10          NaN
      15.0000      711.151  3.33274e-11  1.74309e-13
      15.0000      711.698  5.97263e-11  1.84580e-13
      15.0000      712.245  1.92148e-10  2.49054e-13
      15.0000      712.793  2.52211e-10  3.08887e-13
      15.0000      713.342  7.33285e-11  2.07432e-13
      15.0000      713.891  4.22925e-11  1.67045e-13
      15.0000      714.440  1.15299e-10  1.88832e-13
      15.0000      714.990  1.83912e-10  2.14422e-13
      15.0000      715.540  1.01218e-10  1.80957e-13
      15.0000      716.091  4.37751e-11  1.50715e-13
      15.0000      716.642  1.25490e-10  1.68118e-13
      15.0000      717.193  2.67380e-10  2.27670e-13
      15.0000      717.745  2.06088e-10  2.22560e-13
      15.0000      718.297  4.59256e-11  1.54332e-13
      15.0000      718.850  6.66930e-11  1.52683e-13
      15.0000      719.403  1.64129e-10  1.81456e-13
      15.0000      719.957  1.59218e-10  1.83823e-13
      15.0000      720.511  4.97685e-11  1.55449e-13
      15.0000      721.066  5.15784e-11          NaN
      15.0000      721.620  1.79537e-10          NaN
      15.0000      722.175  2.29331e-10  1.85896e-13
      15.0000      722.731  1.09859e-10  1.49444e-13
      15.0000      723.288  5.72541e-11  1.35564e-13
      15.0000      723.844  8.30966e-11  1.48547e-13
      15.0000      724.401  1.06844e-10  1.53541e-13
      15.0000      724.959  6.08123e-11  1.34291e-13
      15.0000      725.517  1.97498e-11  1.27980e-13
      15.0000      726.075  1.60355e-11  1.27586e-13
      15.0000      726.634  1.63591e-11  1.02423e-13
      15.0000      727.193  3.22515e-11  1.14522e-13
      15.0000      727.752  1.89068e-10  1.49300e-13
      15.0000      728.312  6.74615e-10  2.75217e-13
      15.0000      728.873  1.96508e-09  1.04912e-12
      15.0000      729.434  2.88703e-09  1.52094e-12
      15.0000      729.995  1.90902e-09  8.94387e-13
      15.0000      730.557  8.05889e-10  3.15191e-13
      15.0000      731.119  3.82896e-10          NaN
      15.0000      731.681  2.29440e-10          NaN
      15.0000      732.245  7.52590e-11  1.28020e-13
      15.0000      732.808  6.45449e-11  1.39767e-13
      15.0000      733.372  1.64710e-10  1.59753e-13
      15.0000      733.936  2.54305e-10  2.01527e-13
      15.0000      734.501  1.02816e-10  1.61284e-13
      15.0000      735.067  6.87039e-11  1.54604e-13
      15.0000      735.632  1.42247e-10  1.65035e-13
      15.0000      736.198  2.36171e-10  1.95890e-13
      15.0000      736.764  1.10641e-10  1.59980e-13
      15.0000      737.332  6.05572e-11  1.48576e-13
      15.0000      737.899  1.23982e-10  1.69663e-13
      15.0000      738.467  3.06136e-10  2.59026e-13
      15.0000      739.035  1.42186e-10  1.80441e-13
      15.0000      739.604  5.27881e-11  1.33449e-13
      15.0000      740.173  6.38753e-11  1.35430e-13
      15.0000      740.742  2.01351e-10  1.99476e-13
      15.0000      741.312  1.07178e-10  1.61571e-13
      15.0000      741.883  4.87363e-11  1.65319e-13
      15.0000      742.454  5.86042e-11  1.57535e-13
      15.0000      743.025  2.51031e-10  2.51012e-13
      15.0000      743.597  1.59238e-10  2.04187e-13
      15.0000      744.169  6.18432e-11  1.26249e-13
      15.0000      744.742  5.00274e-11  1.15930e-13
      15.0000      745.315  1.59348e-10          NaN
      15.0000      745.888  1.31561e-10  1.05659e-13
      15.0000      746.463  5.91103e-11  1.62546e-13
      15.0000      747.037  6.76087e-11  9.95233e-14
      15.0000      747.612  2.03312e-10  1.47584e-13
      15.0000      748.187  2.04361e-10  1.44455e-13
      15.0000      748.763  7.66704e-11  2.05995e-13
      15.0000      749.339  5.77657e-11  1.21039e-13
      15.0000      749.916  1.37999e-10  2.15490e-13
      15.0000      750.493  1.56161e-10  8.00080e-13
      15.0000      751.070  6.16149e-11  7.27100e-13
      15.0000      751.649  5.36974e-11  5.96914e-13
      15.0000      752.227  1.66005e-10  5.63040e-13
      15.0000      752.806  2.10637e-10  4.09348e-13
      15.0000      753.385  7.13011e-11  4.76357e-13
      15.0000      753.965  3.18352e-11  3.60710e-13
      15.0000      754.545  9.51152e-11  4.25772e-13
      15.0000      755.126  1.30029e-10          NaN
      15.0000      755.707  4.74146e-11  2.81556e-13
      16.0000      756.288  3.04875e-11  2.16845e-13
      16.0000      756.870  1.29762e-10  2.73355e-13
      16.0000      757.452  1.60175e-10  3.08136e-13
      16.0000      758.035  6.50709e-11  2.21948e-13
      16.0000      758.619  5.71729e-11  2.39570e-13
      16.0000      759.202  7.64546e-11          NaN
      16.0000      759.787  9.89297e-11          NaN
      16.0000      760.371  3.78464e-11  1.77873e-13
      16.0000      760.956  1.90942e-11  2.22680e-13
      16.0000      761.542  1.01307e-10  2.48041e-13
      16.0000      762.128  9.42910e-11  1.94815e-13
      16.0000      762.715  3.58646e-11  1.67848e-13
      16.0000      763.302  1.51350e-11  1.62399e-13
      16.0000      763.889  5.35585e-11  2.23858e-13
      16.0000      764.477  7.93682e-11  2.01661e-13
      16.0000      765.065  2.24659e-11  1.35994e-13
      16.0000      765.654  1.33940e-11  1.26837e-13
      16.0000      766.243  7.49435e-11  1.93961e-13
      16.0000      766.832  1.12345e-10  2.52758e-13
      16.0000      767.423  2.47145e-11  2.71473e-13
      16.0000      768.013  1.09424e-11  2.52193e-13
      16.0000      768.604  3.40470e-11  1.65082e-13
      16.0000      769.196  4.71927e-11  1.48794e-13
      16.0000      769.787  1.32874e-11  1.59476e-13
      16.0000      770.380  1.10470e-11  1.63736e-13
      16.0000      770.973  5.05418e-11  2.35671e-13
      16.0000      771.566  6.57233e-11  2.27255e-13
      16.0000      772.160  1.46485e-11  1.18811e-13
      16.0000      772.754  2.49373e-12  1.75826e-13
      16.0000      773.349  2.00794e-11  1.23364e-13
      16.0000      773.944  2.23353e-11  1.08186e-13
      16.0000      774.539  7.72324e-12  2.10587e-13
      16.0000      775.135  8.16383e-12  1.09899e-13
      16.0000      775.732  3.25238e-11  2.02348e-13
      16.0000      776.329  2.95647e-11  1.13149e-13
      16.0000      776.927  7.70480e-12  9.22113e-14
      16.0000      777.524  5.81150e-12  1.02324e-13
      16.0000      778.122  1.07725e-11  1.01325e-13
      16.0000      778.721  8.23243e-12  8.58001e-14
      16.0000      779.321  3.60875e-12  8.87845e-14
      16.0000      779.920  3.84455e-12  9.13271e-14
      16.0000      780.520  1.54480e-11  1.18086e-13
      16.0000      781.121  9.93942e-12  1.22780e-13
      16.0000      781.722  4.72342e-12          NaN
      16.0000      782.324  4.33134e-12          NaN
      16.0000      782.926  6.43345e-12  8.20310e-14
      16.0000      783.528  4.80047e-12  7.26082e-14
      16.0000      784.131  4.00033e-12  7.25552e-14
      16.0000      784.735  5.24158e-12  8.87204e-14
      16.0000      785.339  7.84534e-12          NaN
      16.0000      785.943  5.50017e-12          NaN
      16.0000      786.548  4.27287e-12  7.09270e-14
      16.0000      787.153  4.67412e-12  6.81479e-14
      16.0000      787.758  4.73801e-12  6.91335e-14
      16.0000      788.365  4.17024e-12  6.57621e-14
      16.0000      788.971  4.16802e-12  8.07624e-14
      16.0000      789.579  5.01763e-12  7.60490e-14
      16.0000      790.186  5.33156e-12  6.61143e-14
      16.0000      790.794  5.16548e-12  6.64563e-14
      16.0000      791.403  5.06233e-12  7.26795e-14
      16.0000      792.011  5.05579e-12          NaN
      16.0000      792.621  4.95803e-12          NaN
      16.0000      793.231  4.86271e-12  7.46491e-14
      16.0000      793.842  4.88964e-12  1.18408e-13
      16.0000      794.452  5.34908e-12  8.15489e-14
      16.0000      795.064  5.49338e-12          NaN
      16.0000      795.675  5.86047e-12  1.02259e-13
      16.0000      796.288  5.95390e-12  2.00521e-13
      16.0000      796.900  6.37972e-12  1.02973e-13
      16.0000      797.514  6.19912e-12  8.53172e-14
      16.0000      798.128  5.88225e-12  8.60217e-14
      16.0000      798.742  7.18926e-12  1.18448e-13
      16.0000      799.357  7.09616e-12  8.68935e-14
      16.0000      799.972  6.37733e-12  4.38416e-13
      16.0000      800.587  6.11945e-12  7.44532e-13
      16.0000      801.203  7.31998e-12  6.58633e-13
      16.0000      801.820  6.76662e-12  3.32149e-13
      16.0000      802.437  6.88078e-12  3.86067e-13
      16.0000      803.054  6.63019e-12  2.30932e-13
      16.0000      803.672  1.79540e-13  4.01024e-13
      16.0000      804.291  1.15162e-12  3.61347e-13
      16.0000      804.910  7.22467e-12  3.06185e-13
      16.0000      805.529  7.06735e-12  2.58002e-13
      17.0000      806.149  8.28076e-12  2.34447e-13
      17.0000      806.769  9.50378e-12  2.54158e-13
      17.0000      807.390  7.74549e-12  2.10617e-13
      17.0000      808.012  7.57901e-12  2.46250e-13
      17.0000      808.633  9.91693e-12  1.80854e-13
      17.0000      809.255  1.20838e-11  1.83429e-13
      17.0000      809.878  8.22005e-12  1.53101e-13
      17.0000      810.501  7.45090e-12  1.88880e-13
      17.0000      811.125  8.07463e-12          NaN
      17.0000      811.750  1.06334e-11          NaN
      17.0000      812.374  8.24727e-12          NaN
      17.0000      812.999  7.66103e-12          NaN
      17.0000      813.625  2.00911e-11  1.45611e-13
      17.0000      814.251  3.85878e-11  1.50216e-13
      17.0000      814.878  2.80779e-11  1.45891e-13
      17.0000      815.504  9.49662e-12  1.26458e-13
      17.0000      816.132  1.08035e-11  1.36886e-13
      17.0000      816.760  1.37825e-11  1.17916e-13
      17.0000      817.389  1.21387e-11  1.36479e-13
      17.0000      818.017  6.81965e-12  1.25426e-13
      17.0000      818.647  8.32896e-12  8.81218e-14
      17.0000      819.277  1.35269e-11  9.25409e-14
      17.0000      819.907  1.30301e-11  1.13528e-13
      17.0000      820.538  6.78104e-12  1.30858e-13
      17.0000      821.170  7.31790e-12  8.01260e-14
      17.0000      821.802  1.37117e-11          NaN
      17.0000      822.434  1.85159e-11          NaN
      17.0000      823.067  1.14024e-11  9.56837e-14
      17.0000      823.700  7.79021e-12  8.23369e-14
      17.0000      824.334  1.33057e-11  8.52387e-14
      17.0000      824.969  1.57539e-11  8.23292e-14
      17.0000      825.604  7.55717e-12  9.14907e-14
      17.0000      826.239  4.43261e-12  9.41221e-14
      17.0000      826.875  8.63242e-12  7.51716e-14
      17.0000      827.511  1.51116e-11  8.54058e-14
      17.0000      828.148  1.01192e-11  9.29646e-14
      17.0000      828.785  6.17060e-12  8.97351e-14
      17.0000      829.423  8.36367e-12  8.23677e-14
      17.0000      830.061  1.45786e-11  8.62082e-14
      17.0000      830.700  1.11496e-11  7.63337e-14
      17.0000      831.339  5.99513e-12  9.54499e-14
      17.0000      831.979  7.03020e-12  7.70911e-14
      17.0000      832.619  1.13904e-11  9.58563e-14
      17.0000      833.260  9.96785e-12  8.39233e-14
      17.0000      833.901  5.86691e-12  8.89406e-14
      17.0000      834.543  4.89815e-12  9.56761e-14
      17.0000      835.185  1.00847e-11  9.49704e-14
      17.0000      835.828  1.06719e-11  9.40409e-14
      17.0000      836.471  6.15588e-12  8.79042e-14
      17.0000      837.114  6.26460e-12  1.28107e-13
      17.0000      837.759  7.98448e-12  9.21816e-14
      17.0000      838.404  8.42214e-12  9.50104e-14
      17.0000      839.049  6.69776e-12          NaN
      17.0000      839.694  6.67504e-12          NaN
      17.0000      840.340  7.04260e-12  7.77675e-14
      17.0000      840.987  7.08575e-12  8.09359e-14
      17.0000      841.634  6.23659e-12  8.25266e-14
      17.0000      842.282  5.39067e-12  7.93160e-14
      17.0000      842.930  6.59281e-12  7.42872e-14
      17.0000      843.579  7.87153e-12  6.97404e-14
      17.0000      844.228  7.34489e-12  9.46185e-14
      17.0000      844.877  5.48697e-12          NaN
      17.0000      845.528  6.53590e-12  1.10945e-13
      17.0000      846.178  7.14114e-12  3.06194e-13
      17.0000      846.830  7.03231e-12          NaN
      17.0000      847.481  7.24602e-12  1.67519e-13
      17.0000      848.133  6.21657e-12  1.04887e-13
      17.0000      848.786  6.53995e-12  1.01828e-13
      17.0000      849.439  7.20974e-12  4.96314e-13
      17.0000      850.093  8.60252e-12  4.03686e-13
      17.0000      850.747  7.35845e-12  3.55031e-13
      17.0000      851.401  7.15401e-12  3.60729e-13
      17.0000      852.057  7.22019e-12  2.50646e-13
      17.0000      852.713  6.70776e-12          NaN
      17.0000      853.368  5.51540e-12  8.33398e-13
      17.0000      854.026  6.47859e-12  4.44014e-13
      17.0000      854.683  5.24164e-12  3.21536e-13
      18.0000      855.341  6.98505e-12          NaN
      18.0000      855.999  6.08517e-12          NaN
      18.0000      856.657  6.72608e-12  2.88208e-13
      18.0000      857.316  6.59957e-12  2.34616e-13
      18.0000      857.976  3.79768e-12  3.79384e-13
      18.0000      858.637  6.23498e-12  2.85069e-13
      18.0000      859.297  5.65260e-12  1.66941e-13
      18.0000      859.958  6.21008e-12  2.07829e-13
      18.0000      860.620  5.64184e-12  2.21388e-13
      18.0000      861.283  5.89477e-12  2.54616e-13
      18.0000      861.945  6.06073e-12  1.63717e-13
      18.0000      862.608  5.49864e-12  1.53672e-13
      18.0000      863.272  5.58339e-12  1.64482e-13
      18.0000      863.937  5.66972e-12  2.44149e-13
      18.0000      864.602  5.66858e-12  1.63649e-13
      18.0000      865.267  5.39568e-12  1.39103e-13
      18.0000      865.933  5.32251e-12  1.53371e-13
      18.0000      866.599  4.97092e-12  2.37616e-13
      18.0000      867.266  4.81392e-12  1.22411e-13
      18.0000      867.934  5.47834e-12  1.30334e-13
      18.0000      868.601  5.41690e-12  1.47723e-13
      18.0000      869.270  5.13631e-12  1.14185e-13
      18.0000      869.938  5.07973e-12  1.21287e-13
      18.0000      870.608  4.91264e-12  2.75453e-13
      18.0000      871.277  4.78660e-12  1.06115e-13
      18.0000      871.948  4.91011e-12  1.02887e-13
      18.0000      872.619  1.32356e-12  9.74863e-14
      18.0000      873.291  9.66889e-13  1.17059e-13
      18.0000      873.962  7.70391e-13  1.21255e-13
      18.0000      874.635  2.52684e-13  7.23311e-14
      18.0000      875.308  9.68491e-13  1.15021e-13
      18.0000      875.982  3.33216e-13  1.04380e-13
      18.0000      876.656  1.02170e-12  1.09780e-13
      18.0000      877.331  1.02596e-12  1.30888e-13
      18.0000      878.005  1.55216e-12  1.15629e-13
      18.0000      878.681  1.63997e-12  1.04913e-13
      18.0000      879.357  1.23532e-12  1.12368e-13
      18.0000      880.035  2.06861e-12  1.14580e-13
      18.0000      880.711  2.02877e-12  1.00436e-13
      18.0000      881.389  1.79451e-12  1.01830e-13
      18.0000      882.068  1.87688e-12  8.06859e-14
      18.0000      882.747  1.71478e-12  8.10483e-14
      18.0000      883.426  2.09166e-12  8.46580e-14
      18.0000      884.105  2.13571e-12  7.13694e-14
      18.0000      884.786  1.98740e-12  7.78780e-14
      18.0000      885.467  2.01769e-12  8.31479e-14
      18.0000      886.148  2.12273e-12  7.92559e-14
      18.0000      886.830  2.26120e-12  6.72738e-14
      18.0000      887.512  2.04499e-12  6.92679e-14
      18.0000      888.195  1.94677e-12  6.85284e-14
      18.0000      888.879  2.15121e-12  6.95166e-14
      18.0000      889.563  2.39388e-12  6.41491e-14
      18.0000      890.248  2.09115e-12  6.23173e-14
      18.0000      890.932  1.92671e-12  7.56694e-14
      18.0000      891.618  2.32589e-12  8.77571e-14
      18.0000      892.304  1.91035e-12  7.53811e-14
      18.0000      892.991  2.44005e-12  6.96622e-14
      18.0000      893.678  3.92430e-12  7.25044e-14
      18.0000      894.366  2.73512e-12  8.12616e-14
      18.0000      895.054  3.61410e-12  8.76965e-14
      18.0000      895.743  3.44169e-12  1.21112e-13
      18.0000      896.432  3.60539e-12  1.59035e-13
      18.0000      897.122  3.35026e-12  1.13202e-13
      18.0000      897.812  3.59720e-12  1.04492e-13
      18.0000      898.503  3.40870e-12  9.27796e-14
      18.0000      899.194  2.92128e-12  8.23436e-13
      18.0000      899.887  1.43124e-11  5.54394e-13
      18.0000      900.579  9.79626e-12  4.72331e-13
      18.0000      901.272  3.04742e-12  3.67424e-13
      18.0000      901.965  3.01962e-12  3.30863e-13
      18.0000      902.660  2.65748e-12  5.18407e-13
      18.0000      903.354  2.89319e-12  2.05704e-13
      18.0000      904.050  3.06508e-12  2.51192e-13
      18.0000      904.745  2.98156e-12  3.57133e-13
      19.0000      905.441  5.38088e-12  2.91365e-13
      19.0000      906.138  5.34638e-12  2.57301e-13
      19.0000      906.835  4.59593e-12  2.03737e-13
      19.0000      907.533  6.81589e-12  1.72943e-13
      19.0000      908.231  4.17631e-12  1.68502e-13
      19.0000      908.931  1.05527e-11  2.83465e-13
      19.0000      909.630  5.44275e-12  2.64394e-13
      19.0000      910.330  3.60314e-12  3.06576e-13
      19.0000      911.031  4.51764e-12  2.17967e-13
      19.0000      911.732  4.70450e-12  1.48764e-13
      19.0000      912.433  4.39491e-12  1.19106e-13
      19.0000      913.135  4.78918e-12  1.21741e-13
      19.0000      913.838  4.33546e-12  1.49164e-13
      19.0000      914.541  3.96416e-12  1.28503e-13
      19.0000      915.245  4.80010e-12  1.09135e-13
      19.0000      915.949  3.91361e-12  9.54921e-14
      19.0000      916.654  4.97381e-12  1.08413e-13
      19.0000      917.360  4.66361e-12  1.02262e-13
      19.0000      918.065  4.10055e-12  9.60222e-14
      19.0000      918.771  3.85753e-12  9.08070e-14
      19.0000      919.479  3.72371e-12  1.13262e-13
      19.0000      920.187  1.58215e-12  1.09812e-13
      19.0000      920.894  3.30640e-13  1.29941e-13
      19.0000      921.603 -2.41692e-13  9.83421e-14
      19.0000      922.313 -1.44124e-13  7.67960e-14
      19.0000      923.022  1.13173e-13  6.89652e-14
      19.0000      923.732  8.71265e-14  7.65732e-14
      19.0000      924.443 -2.18085e-13  6.57943e-14
      19.0000      925.155 -4.03676e-13  6.32668e-14
      19.0000      925.867 -3.68641e-13  6.83867e-14
      19.0000      926.579 -2.00382e-13  7.30195e-14
      19.0000      927.292 -1.64170e-13  7.58914e-14
      19.0000      928.005 -2.22975e-13  9.83098e-14
      19.0000      928.720  2.70434e-14  1.04992e-13
      19.0000      929.435  2.88672e-13  7.46277e-14
      19.0000      930.149  3.04459e-13  7.59801e-14
      19.0000      930.866  2.86397e-13  6.49551e-14
      19.0000      931.582  3.94110e-13  7.11539e-14
      19.0000      932.298  5.69424e-13  7.15759e-14
      19.0000      933.016  2.95281e-13  7.82434e-14
      19.0000      933.734  9.66413e-14  6.61011e-14
      19.0000      934.453  3.02806e-13  7.22945e-14
      19.0000      935.172  1.58161e-13  7.06546e-14
      19.0000      935.891  1.02627e-13  7.02712e-14
      19.0000      936.611  1.54166e-13  1.01240e-13
      19.0000      937.332  7.13656e-13  1.04176e-13
      19.0000      938.054  1.55097e-12  9.77944e-14
      19.0000      938.775  2.23302e-13  7.48711e-14
      19.0000      939.498  3.11222e-13  9.13583e-14
      19.0000      940.221  7.27871e-13  7.54664e-14
      19.0000      940.944  4.32617e-13  9.05879e-14
      19.0000      941.668  2.39216e-12  1.07768e-13
      19.0000      942.393  1.79435e-12  7.13258e-14
      19.0000      943.118  1.15505e-12  8.95826e-14
      19.0000      943.844  7.60041e-13          NaN
      19.0000      944.570  5.73541e-13  6.31624e-14
      19.0000      945.298  2.65514e-13  6.60172e-14
      19.0000      946.025 -6.25442e-12  9.84222e-14
      19.0000      946.753 -2.82152e-12          NaN
      19.0000      947.481  1.70163e-12  1.14729e-13
      19.0000      948.211  2.17964e-12  4.17707e-13
      19.0000      948.939  2.40752e-12  5.64057e-13
      19.0000      949.670  2.19107e-12          NaN
      19.0000      950.401  1.76112e-12  4.54887e-13
      19.0000      951.133  1.48922e-12  3.80410e-13
      19.0000      951.864  2.04427e-12  3.64439e-13
      19.0000      952.597  2.00777e-12  2.03760e-13
      19.0000      953.330  1.87412e-12  2.56311e-13
      19.0000      954.064  1.89148e-12  2.98039e-13
      20.0000      954.798  3.25972e-12  1.61315e-13
      20.0000      955.532  3.26342e-12  1.48146e-13
      20.0000      956.268  2.08508e-12  2.58894e-13
      20.0000      957.004  2.83111e-12  2.76595e-13
      20.0000      957.740  2.82286e-12  1.36506e-13
      20.0000      958.477  2.37066e-12  1.72830e-13
      20.0000      959.214  1.84494e-12  2.50757e-13
      20.0000      959.953  2.82014e-12  1.63342e-13
      20.0000      960.691  3.12104e-12  1.23505e-13
      20.0000      961.430  1.87640e-12  1.13995e-13
      20.0000      962.170  1.01888e-12  1.47571e-13
      20.0000      962.911  1.22695e-12  1.20332e-13
      20.0000      963.652  1.38478e-12  1.10975e-13
      20.0000      964.394  1.97935e-12  9.24528e-14
      20.0000      965.135  2.48032e-12  1.02651e-13
      20.0000      965.878  1.06505e-12  1.25722e-13
      20.0000      966.622  1.68805e-12  1.01732e-13
      20.0000      967.365  2.71326e-12  1.29861e-13
      20.0000      968.110  6.07038e-13  1.23973e-13
      20.0000      968.855 -8.56951e-13  1.25943e-13
      20.0000      969.600 -1.48776e-12  1.14779e-13
      20.0000      970.346 -1.67871e-12  8.99481e-14
      20.0000      971.093 -1.71955e-12  7.84892e-14
      20.0000      971.840 -5.27991e-13  1.88846e-13
      20.0000      972.589 -7.73610e-13  1.36372e-13
      20.0000      973.336 -1.11456e-12  1.22879e-13
      20.0000      974.085 -7.11658e-13  1.22279e-13
      20.0000      974.836 -3.05789e-13  9.03085e-14
      20.0000      975.585 -2.71341e-13  7.19914e-14
      20.0000      976.337 -9.13687e-13  7.50867e-14
      20.0000      977.087 -4.85102e-13  8.16444e-14
      20.0000      977.839  4.56814e-13  7.24016e-14
      20.0000      978.592  4.80089e-13  5.70473e-14
      20.0000      979.345  2.05241e-13  6.30909e-14
      20.0000      980.098  3.93434e-13  6.64029e-14
      20.0000      980.853  7.85756e-13          NaN
      20.0000      981.608  8.17536e-13          NaN
      20.0000      982.363  7.07969e-13  6.51016e-14
      20.0000      983.119  8.64503e-13  5.90058e-14
      20.0000      983.875  7.71977e-13  6.88211e-14
      20.0000      984.633  1.08550e-12  8.47943e-14
      20.0000      985.391  9.84003e-13  9.01729e-14
      20.0000      986.149  1.32821e-12  6.91335e-14
      20.0000      986.908  1.03304e-12  6.37543e-14
      20.0000      987.667  9.41066e-13  7.21684e-14
