      11.0000      516.799  1.94007e-10  5.75426e-13
      11.0000      517.196  1.94849e-10  8.37323e-13
      11.0000      517.594  1.99291e-10  6.18473e-13
      11.0000      517.992  1.89688e-10  5.21043e-13
      11.0000      518.391  2.03982e-10  6.32271e-13
      11.0000      518.790  1.91555e-10  4.89482e-13
      11.0000      519.189  1.97980e-10  5.49387e-13
      11.0000      519.589  1.91143e-10  4.99893e-13
      11.0000      519.989  1.81921e-10  4.43158e-13
      11.0000      520.389  1.84088e-10  4.65182e-13
      11.0000      520.789  1.84358e-10  4.60031e-13
      11.0000      521.190  1.81370e-10  4.81574e-13
      11.0000      521.591  1.84125e-10  4.71452e-13
      11.0000      521.992  1.81878e-10  4.22119e-13
      11.0000      522.394  1.77726e-10  3.87304e-13
      11.0000      522.796  1.83816e-10  8.60853e-13
      11.0000      523.198  1.80796e-10  9.42848e-13
      11.0000      523.601  1.73699e-10  8.71658e-13
      11.0000      524.004  1.76534e-10          NaN
      11.0000      524.407  1.81706e-10          NaN
      11.0000      524.811  1.76231e-10  3.63764e-13
      11.0000      525.214  1.73703e-10  2.77513e-13
      11.0000      525.619  1.70758e-10  3.14872e-13
      11.0000      526.023  1.68717e-10  3.16934e-13
      11.0000      526.428  1.75021e-10  4.02667e-13
      11.0000      526.833  1.69084e-10  3.51236e-13
      11.0000      527.238  1.63589e-10  2.97495e-13
      11.0000      527.644  1.66731e-10  3.21988e-13
      11.0000      528.050  1.66799e-10  3.34955e-13
      11.0000      528.457  1.60349e-10  4.17291e-13
      11.0000      528.863  1.60042e-10  3.35142e-13
      11.0000      529.270  1.60014e-10  3.50589e-13
      11.0000      529.678  1.54487e-10  3.70030e-13
      11.0000      530.085  1.56492e-10  3.18377e-13
      11.0000      530.493  1.56404e-10  2.67158e-13
      11.0000      530.901  1.57098e-10  3.22006e-13
      11.0000      531.310  1.55498e-10  2.97460e-13
      11.0000      531.719  1.52690e-10  2.88201e-13
      11.0000      532.128  1.47316e-10  2.84694e-13
      11.0000      532.537  1.50010e-10  2.89329e-13
      11.0000      532.947  1.53960e-10  3.11706e-13
      11.0000      533.357  1.48655e-10  2.94704e-13
      11.0000      533.768  1.44698e-10  2.60623e-13
      11.0000      534.179  1.46793e-10  2.56483e-13
      11.0000      534.590  1.46860e-10  3.50638e-13
      11.0000      535.001  1.41623e-10  3.62639e-13
      11.0000      535.413  1.41150e-10  2.88999e-13
      11.0000      535.825  1.40647e-10  2.80141e-13
      11.0000      536.237  1.41086e-10  2.54755e-13
      11.0000      536.650  1.39968e-10  2.62591e-13
      11.0000      537.063  1.39196e-10  2.58226e-13
      11.0000      537.476  1.34617e-10  2.69905e-13
      11.0000      537.889  1.38218e-10          NaN
      11.0000      538.304  1.35785e-10          NaN
      11.0000      538.718  1.32082e-10  2.50659e-13
      11.0000      539.132  1.32641e-10  2.55629e-13
      11.0000      539.547  1.28466e-10  2.29773e-13
      11.0000      539.962  1.22378e-10          NaN
      11.0000      540.378  1.22748e-10          NaN
      11.0000      540.794  1.23893e-10  2.46658e-13
      11.0000      541.210  1.22717e-10  3.03651e-13
      11.0000      541.626  1.24839e-10  2.80005e-13
      11.0000      542.043  1.22139e-10  2.28554e-13
      11.0000      542.460  1.20003e-10  2.26456e-13
      11.0000      542.878  1.19045e-10  2.15587e-13
      11.0000      543.295  1.17672e-10  2.14252e-13
      11.0000      543.713  1.16219e-10  2.25758e-13
      11.0000      544.132  1.20425e-10  2.24875e-13
      11.0000      544.550  1.18115e-10  2.17119e-13
      11.0000      544.970  1.16495e-10  2.46014e-13
      11.0000      545.389  1.17195e-10  2.45678e-13
      11.0000      545.809  1.17011e-10  2.24886e-13
      11.0000      546.229  1.14964e-10  2.06306e-13
      11.0000      546.649  1.15543e-10  2.02865e-13
      11.0000      547.070  1.16200e-10  1.98304e-13
      11.0000      547.491  1.15408e-10  2.10295e-13
      11.0000      547.912  1.14921e-10  2.17649e-13
      11.0000      548.334  1.12390e-10  1.96024e-13
      11.0000      548.756  1.08350e-10  1.97095e-13
      11.0000      549.178  1.09424e-10  2.19045e-13
      11.0000      549.600  1.11044e-10  2.20830e-13
      11.0000      550.024  1.10884e-10  2.12371e-13
      11.0000      550.447  1.11540e-10  2.19451e-13
      11.0000      550.870  1.08496e-10  1.93641e-13
      11.0000      551.294  1.07112e-10  2.06815e-13
      11.0000      551.718  1.07171e-10  2.46491e-13
      11.0000      552.143  1.08348e-10  2.42594e-13
      11.0000      552.568  1.05855e-10  2.49619e-13
      11.0000      552.993  1.04453e-10  2.34741e-13
      11.0000      553.418  1.04560e-10  2.21341e-13
      11.0000      553.844  1.03238e-10  2.25971e-13
      11.0000      554.271  1.02874e-10  2.45522e-13
      11.0000      554.697  1.01933e-10  2.96377e-13
      11.0000      555.124  1.00395e-10  2.52157e-13
      11.0000      555.551  9.87811e-11  2.36245e-13
      11.0000      555.979  1.00118e-10  2.22766e-13
      11.0000      556.407  1.00253e-10  2.14532e-13
      11.0000      556.835  9.81809e-11  2.12028e-13
      11.0000      557.263  9.70935e-11  2.14269e-13
      11.0000      557.692  9.70894e-11  2.18205e-13
      11.0000      558.121  9.82052e-11  2.17605e-13
      11.0000      558.551  9.76278e-11  2.07800e-13
      12.0000      561.999  9.15098e-11  4.53132e-13
      12.0000      562.431  9.38388e-11  4.41416e-13
      12.0000      562.864  8.94017e-11  5.10152e-13
      12.0000      563.297  9.03199e-11  6.28615e-13
      12.0000      563.731  8.82643e-11  4.55974e-13
      12.0000      564.164  8.75029e-11  3.77846e-13
      12.0000      564.599  8.77785e-11  3.49324e-13
      12.0000      565.033  8.75421e-11  3.44664e-13
      12.0000      565.468  8.89915e-11  4.43087e-13
      12.0000      565.903  8.65146e-11  5.24141e-13
      12.0000      566.338  8.30019e-11  4.09064e-13
      12.0000      566.774  8.48110e-11  3.66783e-13
      12.0000      567.210  8.47661e-11  1.84553e-12
      12.0000      567.647  8.27165e-11  3.21229e-12
      12.0000      568.084  8.29304e-11  2.54663e-13
      12.0000      568.521  8.26818e-11  3.86740e-13
      12.0000      568.958  8.25591e-11  3.72373e-13
      12.0000      569.396  8.19440e-11  3.03749e-13
      12.0000      569.834  8.15678e-11          NaN
      12.0000      570.273  8.22801e-11          NaN
      12.0000      570.711  8.42426e-11  2.73209e-13
      12.0000      571.151  8.08893e-11  2.42254e-13
      12.0000      571.590  7.91351e-11  2.39801e-13
      12.0000      572.030  7.92540e-11  2.56706e-13
      12.0000      572.470  7.54516e-11  2.41013e-13
      12.0000      572.911  7.88555e-11  2.50886e-13
      12.0000      573.352  7.77396e-11  2.58735e-13
      12.0000      573.793  7.83273e-11  2.77183e-13
      12.0000      574.234  7.61265e-11  2.63662e-13
      12.0000      574.676  7.57502e-11  4.55475e-13
      12.0000      575.119  7.59868e-11  2.42792e-13
      12.0000      575.561  7.76960e-11  2.36707e-13
      12.0000      576.004  7.64273e-11  2.37470e-13
      12.0000      576.447  7.64154e-11  2.97520e-13
      12.0000      576.891  7.35785e-11  2.22020e-13
      12.0000      577.335  7.25336e-11  2.10389e-13
      12.0000      577.779  7.38177e-11  2.54507e-13
      12.0000      578.224  7.29982e-11  2.67134e-13
      12.0000      578.669  7.18380e-11  1.93535e-13
      12.0000      579.114  7.21072e-11          NaN
      12.0000      579.560  7.25952e-11          NaN
      12.0000      580.006  7.19472e-11  1.94454e-13
      12.0000      580.452  7.10198e-11  2.45400e-13
      12.0000      580.899  7.18983e-11  1.98783e-13
      12.0000      581.346  6.99808e-11  1.98773e-13
      12.0000      581.793  7.02032e-11  2.82300e-13
      12.0000      582.241  6.88277e-11          NaN
      12.0000      582.689  6.90212e-11          NaN
      12.0000      583.137  6.98788e-11  2.80875e-13
      12.0000      583.586  7.04198e-11  2.09539e-13
      12.0000      584.035  7.20466e-11  2.19031e-13
      12.0000      584.484  7.27220e-11  2.03663e-13
      12.0000      584.934  6.76754e-11  1.69904e-13
      12.0000      585.384  6.14154e-11  1.76193e-13
      12.0000      585.835  6.66714e-11  1.68459e-13
      12.0000      586.286  9.55574e-11  2.64508e-13
      12.0000      586.737  2.67486e-10  3.07680e-13
      12.0000      587.188  2.67825e-10  3.27358e-13
      12.0000      587.640  9.01094e-11  2.20586e-13
      12.0000      588.092  6.64857e-11  1.69355e-13
      12.0000      588.545  6.13390e-11  1.98919e-13
      12.0000      588.998  5.95893e-11  1.97644e-13
      12.0000      589.451  6.09548e-11  1.80270e-13
      12.0000      589.905  6.10004e-11  2.26689e-13
      12.0000      590.359  5.93078e-11  1.78935e-13
      12.0000      590.813  5.90023e-11  1.70357e-13
      12.0000      591.267  5.65609e-11  1.69035e-13
      12.0000      591.723  5.69920e-11  1.82789e-13
      12.0000      592.178  5.69450e-11  1.72679e-13
      12.0000      592.634  5.69455e-11  1.60083e-13
      12.0000      593.090  5.70773e-11  1.44787e-13
      12.0000      593.546  5.78278e-11  1.42035e-13
      12.0000      594.003  5.66040e-11  1.47803e-13
      12.0000      594.460  5.49117e-11  1.67535e-13
      12.0000      594.917  5.53965e-11  1.62052e-13
      12.0000      595.375  5.46768e-11  1.58624e-13
      12.0000      595.833  5.50013e-11  1.54183e-13
      12.0000      596.292  5.51327e-11  1.56355e-13
      12.0000      596.751  5.39141e-11  1.56288e-13
      12.0000      597.210  5.30210e-11  1.34869e-13
      12.0000      597.669  5.27249e-11  1.45125e-13
      12.0000      598.129  5.25371e-11  1.50767e-13
      12.0000      598.589  5.30161e-11  1.49820e-13
      12.0000      599.050  5.22802e-11  1.37662e-13
      12.0000      599.511  5.16230e-11  1.71257e-13
      12.0000      599.972  5.14847e-11  1.58652e-13
      12.0000      600.434  5.03012e-11  1.41770e-13
      12.0000      600.896  4.98601e-11  1.51971e-13
      12.0000      601.359  4.98533e-11  1.46760e-13
      12.0000      601.822  4.90338e-11  1.42911e-13
      12.0000      602.284  4.93273e-11  1.43685e-13
      12.0000      602.748  4.81709e-11  1.42220e-13
      12.0000      603.212  4.83258e-11  1.64290e-13
      12.0000      603.676  4.87732e-11  2.10046e-13
      12.0000      604.141  4.78030e-11  2.04156e-13
      12.0000      604.606  4.79532e-11  1.73842e-13
      12.0000      605.071  4.72802e-11  1.77818e-13
      12.0000      605.537  4.71319e-11          NaN
      12.0000      606.002  4.97813e-11          NaN
      12.0000      606.469  4.86305e-11          NaN
      12.0000      606.935  4.79266e-11  2.31808e-13
      12.0000      607.402  4.66659e-11  1.64744e-13
      13.0000      607.870  4.44096e-11          NaN
      13.0000      608.338  4.46401e-11  4.31909e-13
      13.0000      608.806  4.36510e-11  6.85091e-13
      13.0000      609.274  4.22540e-11  4.97517e-13
      13.0000      609.743  4.23938e-11  3.51204e-13
      13.0000      610.212  4.35847e-11  4.31484e-13
      13.0000      610.682  4.22287e-11  4.36328e-13
      13.0000      611.152  4.73717e-11  3.76460e-13
      13.0000      611.622  4.62293e-11  3.50977e-13
      13.0000      612.093  4.39778e-11  3.95109e-13
      13.0000      612.564  4.07924e-11  3.29491e-13
      13.0000      613.035  4.02708e-11  3.12026e-13
      13.0000      613.507  3.96845e-11  3.75435e-13
      13.0000      613.979  3.87383e-11  2.68203e-13
      13.0000      614.451  4.08385e-11  2.84915e-13
      13.0000      614.924  3.94409e-11  2.74549e-13
      13.0000      615.397  4.05420e-11  2.63143e-13
      13.0000      615.871  4.02770e-11  3.03251e-13
      13.0000      616.345  4.12927e-11  3.86086e-13
      13.0000      616.819  3.93649e-11  2.79090e-13
      13.0000      617.294  3.92427e-11  5.83582e-13
      13.0000      617.769  3.88015e-11  1.84672e-13
      13.0000      618.245  3.86375e-11  2.24566e-13
      13.0000      618.720  3.77788e-11  2.78735e-13
      13.0000      619.196  3.69437e-11  2.38448e-13
      13.0000      619.673  3.76569e-11  2.58176e-13
      13.0000      620.150  3.81156e-11  2.74216e-13
      13.0000      620.627  3.70747e-11          NaN
      13.0000      621.105  3.70647e-11          NaN
      13.0000      621.582  3.75643e-11  1.88892e-13
      13.0000      622.061  3.69261e-11  1.68732e-13
      13.0000      622.539  3.71309e-11  1.56914e-13
      13.0000      623.018  3.61924e-11  1.42101e-13
      13.0000      623.498  3.60231e-11  1.43553e-13
      13.0000      623.978  3.66723e-11  1.43356e-13
      13.0000      624.458  3.68275e-11  1.58289e-13
      13.0000      624.938  3.59177e-11  1.31839e-13
      13.0000      625.419  3.50135e-11  1.36915e-13
      13.0000      625.901  3.37673e-11  1.57023e-13
      13.0000      626.382  3.33119e-11  1.45543e-13
      13.0000      626.864  3.40948e-11  1.48391e-13
      13.0000      627.347  4.42912e-11  1.68063e-13
      13.0000      627.830  5.55729e-11  1.55743e-13
      13.0000      628.312  4.45049e-11  1.36237e-13
      13.0000      628.796  3.50679e-11  1.53990e-13
      13.0000      629.280  3.30976e-11  1.80749e-13
      13.0000      629.764  3.25730e-11  1.40262e-13
      13.0000      630.249  3.28723e-11  1.23098e-13
      13.0000      630.734  3.41820e-11  1.22893e-13
      13.0000      631.219  3.58986e-11  1.27379e-13
      13.0000      631.705  3.59524e-11  1.17269e-13
      13.0000      632.191  3.64045e-11  1.40529e-13
      13.0000      632.678  3.95992e-11  1.56988e-13
      13.0000      633.164  4.05028e-11  1.27751e-13
      13.0000      633.652  3.86824e-11  1.10786e-13
      13.0000      634.139  3.62158e-11  1.15639e-13
      13.0000      634.627  3.29895e-11  1.34127e-13
      13.0000      635.115  3.03883e-11  1.34419e-13
      13.0000      635.604  2.87033e-11  1.21888e-13
      13.0000      636.094  2.75357e-11  1.01189e-13
      13.0000      636.583  2.66462e-11  9.60821e-14
      13.0000      637.073  2.56849e-11  9.18882e-14
      13.0000      637.563  2.53026e-11  1.08130e-13
      13.0000      638.054  2.50282e-11  1.04003e-13
      13.0000      638.545  2.50370e-11  1.01735e-13
      13.0000      639.036  2.51706e-11  1.02827e-13
      13.0000      639.528  2.57337e-11  1.40447e-13
      13.0000      640.020  2.61103e-11  1.62020e-13
      13.0000      640.512  2.39701e-11  1.00940e-13
      13.0000      641.005  2.34560e-11  1.04345e-13
      13.0000      641.499  2.32769e-11  1.11064e-13
      13.0000      641.992  2.33447e-11  1.16075e-13
      13.0000      642.486  2.25038e-11  1.04979e-13
      13.0000      642.981  2.23488e-11  1.10499e-13
      13.0000      643.475  2.20429e-11  1.13893e-13
      13.0000      643.971  2.17640e-11  1.10505e-13
      13.0000      644.466  2.21270e-11  1.17729e-13
      13.0000      644.962  2.12658e-11  1.15883e-13
      13.0000      645.459  2.09175e-11  1.48615e-13
      13.0000      645.955  2.06953e-11  1.31429e-13
      13.0000      646.452  2.04932e-11  1.28026e-13
      13.0000      646.950  2.05439e-11  1.50713e-13
      13.0000      647.447  2.01573e-11  1.28081e-13
      13.0000      647.946  1.94343e-11  1.44061e-13
      13.0000      648.445  1.95832e-11  2.10684e-13
      13.0000      648.943  1.93659e-11  1.87793e-13
      13.0000      649.443  1.91809e-11  1.50209e-13
      13.0000      649.942  1.90792e-11  1.15939e-13
      13.0000      650.442  1.92198e-11  1.18032e-13
      13.0000      650.943  1.84971e-11  1.14139e-13
      13.0000      651.444  1.77963e-11  1.47440e-13
      13.0000      651.945  1.78597e-11  1.69725e-13
      13.0000      652.447  1.77855e-11  1.81080e-13
      13.0000      652.949  1.78293e-11  1.50332e-13
      13.0000      653.452  1.79458e-11          NaN
      13.0000      653.955  1.75100e-11  1.27840e-13
      13.0000      654.458  1.74176e-11  1.23223e-13
      13.0000      654.961  1.72934e-11  1.31600e-13
      13.0000      655.465  1.74234e-11  2.61886e-13
      13.0000      655.970  1.73445e-11  2.55859e-13
      13.0000      656.475  1.65950e-11  2.83080e-13
      13.0000      656.980  1.68575e-11  2.64671e-13
      14.0000      657.485  1.78444e-11  2.66553e-13
      14.0000      657.991  1.72855e-11  2.69352e-13
      14.0000      658.497  1.73407e-11  2.82821e-13
      14.0000      659.004  1.85320e-11  4.25628e-13
      14.0000      659.511  1.82293e-11  2.61487e-13
      14.0000      660.019  1.53027e-11  2.62885e-13
      14.0000      660.527  1.55788e-11  2.97476e-13
      14.0000      661.035  1.77330e-11  2.40970e-13
      14.0000      661.544  1.67553e-11  2.72580e-13
      14.0000      662.053  1.65747e-11  2.41899e-13
      14.0000      662.562  1.61987e-11  2.08083e-13
      14.0000      663.072  1.62592e-11  1.72983e-13
      14.0000      663.582  1.69432e-11  1.75204e-13
      14.0000      664.093  1.63397e-11  1.69551e-13
      14.0000      664.604  1.55295e-11  1.81774e-13
      14.0000      665.116  1.51654e-11  2.03046e-13
      14.0000      665.627  1.56763e-11  1.57407e-13
      14.0000      666.140  1.52149e-11  1.78864e-13
      14.0000      666.652  1.62124e-11  1.66463e-13
      14.0000      667.165  2.25663e-11  1.84183e-13
      14.0000      667.678  2.54904e-11  1.75235e-13
      14.0000      668.192  1.87690e-11  1.46988e-13
      14.0000      668.707  1.53239e-11  1.16531e-13
      14.0000      669.221  1.42999e-11  1.28940e-13
      14.0000      669.736  1.51786e-11  1.27573e-13
      14.0000      670.252  1.61846e-11  1.23331e-13
      14.0000      670.767  1.49439e-11  1.67404e-13
      14.0000      671.283  1.38361e-11  2.54230e-13
      14.0000      671.800  1.31891e-11  1.04435e-13
      14.0000      672.317  1.44086e-11  1.05045e-13
      14.0000      672.834  1.52859e-11  1.08367e-13
      14.0000      673.352  1.44438e-11  1.08241e-13
      14.0000      673.870  1.43583e-11  1.14376e-13
      14.0000      674.389  1.73662e-11  1.19438e-13
      14.0000      674.908  2.08637e-11  1.09600e-13
      14.0000      675.427  1.72917e-11  1.26560e-13
      14.0000      675.947  1.35407e-11  1.29615e-13
      14.0000      676.467  1.37317e-11  1.06222e-13
      14.0000      676.988  1.62960e-11  1.03749e-13
      14.0000      677.509  1.75638e-11  1.34677e-13
      14.0000      678.030  1.45381e-11  2.08424e-13
      14.0000      678.552  1.37411e-11  1.26446e-13
      14.0000      679.074  2.14782e-11  9.77275e-14
      14.0000      679.597  3.17195e-11  1.06501e-13
      14.0000      680.119  2.54163e-11  1.39214e-13
      14.0000      680.643  1.51255e-11  1.13464e-13
      14.0000      681.166  1.58385e-11  1.16497e-13
      14.0000      681.691  2.20807e-11  1.13397e-13
      14.0000      682.215  2.22338e-11  9.53802e-14
      14.0000      682.740  1.20356e-11  9.51546e-14
      14.0000      683.266  1.01239e-11          NaN
      14.0000      683.792  2.94434e-11          NaN
      14.0000      684.318  5.74544e-11  1.18192e-13
      14.0000      684.844  3.70840e-11          NaN
      14.0000      685.371  1.29276e-11          NaN
      14.0000      685.899  1.53760e-11  9.32920e-14
      14.0000      686.427  3.45892e-11          NaN
      14.0000      686.955  3.91780e-11          NaN
      14.0000      687.484  1.59153e-11  1.26802e-13
      14.0000      688.012  1.57547e-11  1.01316e-13
      14.0000      688.542  5.48081e-11  1.28007e-13
      14.0000      689.072  1.26205e-10          NaN
      14.0000      689.602  4.93727e-11          NaN
      14.0000      690.133  1.50126e-11          NaN
      14.0000      690.664  2.01555e-11          NaN
      14.0000      691.195  7.08640e-11  1.76240e-13
      14.0000      691.727  6.12529e-11  1.47249e-13
      14.0000      692.260  1.57530e-11  1.10188e-13
      14.0000      692.792  1.46615e-11  9.77194e-14
      14.0000      693.326  9.44425e-11  1.50710e-13
      14.0000      693.859  1.69734e-10  1.89218e-13
      14.0000      694.393  4.92699e-11  1.28291e-13
      14.0000      694.927  1.70378e-11  1.16283e-13
      14.0000      695.462  4.16612e-11  1.18136e-13
      14.0000      695.997  1.12425e-10  1.95663e-13
      14.0000      696.533  6.24639e-11  1.24550e-13
      14.0000      697.069  4.24912e-11  1.24291e-13
      14.0000      697.605  4.75825e-11  1.40408e-13
      14.0000      698.142  1.64408e-10  1.66688e-13
      14.0000      698.679  1.60629e-10  1.56073e-13
      14.0000      699.217  5.55977e-11  1.08442e-13
      14.0000      699.755  2.67225e-11  1.60498e-13
      14.0000      700.293  9.52396e-11  9.88450e-14
      14.0000      700.832  1.49190e-10  2.67524e-13
      14.0000      701.371  7.70926e-11  1.22796e-13
      14.0000      701.911  2.50471e-11  2.33148e-13
      14.0000      702.451  8.92494e-11  2.59285e-13
      14.0000      702.992  2.74839e-10  5.37682e-13
      14.0000      703.533  1.97448e-10  4.54802e-13
      14.0000      704.074  4.10081e-11  3.82669e-13
      14.0000      704.616  3.63267e-11  7.25490e-13
      14.0000      705.158  1.63173e-10  4.35917e-13
      14.0000      705.701  1.97878e-10  2.95459e-13
      14.0000      706.244  4.30410e-11  4.24869e-13
      15.0000      706.788  3.05898e-11  2.64113e-13
      15.0000      707.332  1.41344e-10  3.50751e-13
      15.0000      707.876  3.32832e-10  5.36840e-13
      15.0000      708.421  1.13150e-10  2.91510e-13
      15.0000      708.965  3.31395e-11  2.55510e-13
      15.0000      709.511  7.28859e-11  2.45533e-13
      15.0000      710.057  1.81796e-10          NaN
      15.0000      710.604  1.28258e-10          NaN
      15.0000      711.151  3.41962e-11  1.74142e-13
      15.0000      711.698  6.60349e-11  1.87315e-13
      15.0000      712.245  2.03461e-10  2.56956e-13
      15.0000      712.793  2.53820e-10  3.26224e-13
      15.0000      713.342  6.93909e-11  1.99973e-13
      15.0000      713.891  4.67628e-11  1.76824e-13
      15.0000      714.440  1.25724e-10  1.85428e-13
      15.0000      714.990  1.89046e-10  2.20258e-13
      15.0000      715.540  9.22666e-11  1.80568e-13
      15.0000      716.091  4.57051e-11  1.57346e-13
      15.0000      716.642  1.36635e-10  1.76781e-13
      15.0000      717.193  2.73943e-10  2.26075e-13
      15.0000      717.745  1.98178e-10  2.12936e-13
      15.0000      718.297  4.47713e-11  1.46647e-13
      15.0000      718.850  7.24724e-11  1.56998e-13
      15.0000      719.403  1.72268e-10  1.93137e-13
      15.0000      719.957  1.65027e-10  1.68057e-13
      15.0000      720.511  5.43926e-11  1.23402e-13
      15.0000      721.066  5.89947e-11          NaN
      15.0000      721.620  1.92966e-10          NaN
      15.0000      722.175  2.33034e-10  1.87070e-13
      15.0000      722.731  1.05170e-10  1.37810e-13
      15.0000      723.288  5.82917e-11  1.29405e-13
      15.0000      723.844  9.12846e-11  1.42137e-13
      15.0000      724.401  1.10504e-10  1.46558e-13
      15.0000      724.959  5.59408e-11  1.13836e-13
      15.0000      725.517  1.91578e-11  1.01270e-13
      15.0000      726.075  1.69237e-11  1.30104e-13
      15.0000      726.634  1.63898e-11  9.78213e-14
      15.0000      727.193  3.66808e-11  1.00153e-13
      15.0000      727.752  2.10937e-10  1.57573e-13
      15.0000      728.312  7.32940e-10  2.95062e-13
      15.0000      728.873  2.06786e-09  1.07089e-12
      15.0000      729.434  2.95383e-09  1.52749e-12
      15.0000      729.995  1.87280e-09  8.36343e-13
      15.0000      730.557  7.87236e-10  3.13766e-13
      15.0000      731.119  3.90650e-10          NaN
      15.0000      731.681  2.23419e-10          NaN
      15.0000      732.245  7.49394e-11  1.33078e-13
      15.0000      732.808  6.89223e-11  1.46167e-13
      15.0000      733.372  1.74476e-10  1.58056e-13
      15.0000      733.936  2.59968e-10  2.03516e-13
      15.0000      734.501  9.88402e-11  1.62081e-13
      15.0000      735.067  7.29851e-11  1.46337e-13
      15.0000      735.632  1.52560e-10  1.52542e-13
      15.0000      736.198  2.44416e-10  1.99928e-13
      15.0000      736.764  1.04885e-10  1.63837e-13
      15.0000      737.332  6.27912e-11  1.45455e-13
      15.0000      737.899  1.34259e-10  1.70787e-13
      15.0000      738.467  3.24468e-10  2.26298e-13
      15.0000      739.035  1.37912e-10  1.68733e-13
      15.0000      739.604  5.50280e-11  1.55673e-13
      15.0000      740.173  6.88162e-11  1.41618e-13
      15.0000      740.742  2.13177e-10  2.22464e-13
      15.0000      741.312  1.01361e-10  1.69124e-13
      15.0000      741.883  5.20983e-11  1.60062e-13
      15.0000      742.454  6.45707e-11  1.41657e-13
      15.0000      743.025  2.63786e-10  2.54257e-13
      15.0000      743.597  1.48908e-10  1.97725e-13
      15.0000      744.169  6.04510e-11  1.23359e-13
      15.0000      744.742  5.37614e-11  1.10992e-13
      15.0000      745.315  1.68782e-10          NaN
      15.0000      745.888  1.27083e-10  1.23075e-13
      15.0000      746.463  5.89199e-11  1.59002e-13
      15.0000      747.037  7.33800e-11  1.08877e-13
      15.0000      747.612  2.16608e-10  1.54329e-13
      15.0000      748.187  2.06700e-10  1.39190e-13
      15.0000      748.763  7.18750e-11  2.08035e-13
      15.0000      749.339  6.16893e-11  1.11183e-13
      15.0000      749.916  1.46366e-10  2.25612e-13
      15.0000      750.493  1.57839e-10  8.13082e-13
      15.0000      751.070  5.94274e-11  7.36942e-13
      15.0000      751.649  5.71612e-11  5.81983e-13
      15.0000      752.227  1.76283e-10  5.65084e-13
      15.0000      752.806  2.11895e-10  4.81539e-13
      15.0000      753.385  6.70613e-11  4.94847e-13
      15.0000      753.965  3.28595e-11  3.59184e-13
      15.0000      754.545  1.05638e-10  4.05488e-13
      15.0000      755.126  1.31297e-10          NaN
      15.0000      755.707  4.61068e-11  3.13232e-13
      16.0000      756.288  3.32889e-11  2.10320e-13
      16.0000      756.870  1.42470e-10  3.00537e-13
      16.0000      757.452  1.57466e-10  3.33390e-13
      16.0000      758.035  5.90139e-11  2.10472e-13
      16.0000      758.619  2.49702e-11  2.44105e-13
      16.0000      759.202  8.26800e-11          NaN
      16.0000      759.787  1.00051e-10          NaN
      16.0000      760.371  3.71706e-11  1.80308e-13
      16.0000      760.956  2.02965e-11  2.24486e-13
      16.0000      761.542  1.11389e-10  2.52760e-13
      16.0000      762.128  1.41641e-10  2.46375e-13
      16.0000      762.715  3.79135e-11  1.65089e-13
      16.0000      763.302  1.53945e-11  1.65636e-13
      16.0000      763.889  6.02159e-11  2.50435e-13
      16.0000      764.477  7.96118e-11  2.14449e-13
      16.0000      765.065  2.13036e-11  1.38196e-13
      16.0000      765.654  1.35770e-11  1.36859e-13
      16.0000      766.243  7.83259e-11  2.02357e-13
      16.0000      766.832  8.99197e-11  2.60469e-13
      16.0000      767.423  2.92547e-11  2.76563e-13
      16.0000      768.013  1.15686e-11  2.51688e-13
      16.0000      768.604  3.89739e-11  1.69811e-13
      16.0000      769.196  4.65754e-11  1.48606e-13
      16.0000      769.787  1.43213e-11  1.63334e-13
      16.0000      770.380  1.14188e-11  1.64770e-13
      16.0000      770.973  5.68280e-11  2.39060e-13
      16.0000      771.566  6.53316e-11  2.27882e-13
      16.0000      772.160  1.43174e-11  1.20673e-13
      16.0000      772.754  2.82173e-12  1.73226e-13
      16.0000      773.349  2.31129e-11  1.26553e-13
      16.0000      773.944  2.27294e-11  1.09726e-13
      16.0000      774.539  7.69920e-12  2.09382e-13
      16.0000      775.135  9.42465e-12  1.03731e-13
      16.0000      775.732  3.64718e-11  2.02289e-13
      16.0000      776.329  2.92480e-11  1.12505e-13
      16.0000      776.927  7.35559e-12  9.17508e-14
      16.0000      777.524  5.68457e-12  9.57737e-14
      16.0000      778.122  1.26444e-11  1.04517e-13
      16.0000      778.721  8.39010e-12  8.78503e-14
      16.0000      779.321  3.92410e-12  8.11138e-14
      16.0000      779.920  6.09977e-12  9.01982e-14
      16.0000      780.520  1.75014e-11  1.19383e-13
      16.0000      781.121  9.85519e-12  1.24248e-13
      16.0000      781.722  4.90805e-12          NaN
      16.0000      782.324  4.80525e-12          NaN
      16.0000      782.926  6.74934e-12  7.65892e-14
      16.0000      783.528  5.11105e-12  7.31128e-14
      16.0000      784.131  3.93943e-12  7.20569e-14
      16.0000      784.735  6.52782e-12  9.10518e-14
      16.0000      785.339  8.11924e-12          NaN
      16.0000      785.943  5.32844e-12          NaN
      16.0000      786.548  4.20941e-12  6.89979e-14
      16.0000      787.153  4.76250e-12  6.61689e-14
      16.0000      787.758  4.96923e-12  6.60264e-14
      16.0000      788.365  4.30025e-12  6.40567e-14
      16.0000      788.971  4.37899e-12  7.39571e-14
      16.0000      789.579  5.29215e-12  7.01383e-14
      16.0000      790.186  5.64399e-12  6.36327e-14
      16.0000      790.794  5.23150e-12  6.41547e-14
      16.0000      791.403  5.17440e-12  7.00636e-14
      16.0000      792.011  5.24810e-12          NaN
      16.0000      792.621  5.15459e-12          NaN
      16.0000      793.231  5.36424e-12  7.28229e-14
      16.0000      793.842  5.59737e-12  1.17226e-13
      16.0000      794.452  6.07130e-12  8.30566e-14
      16.0000      795.064  5.37204e-12          NaN
      16.0000      795.675  6.46030e-12  9.34194e-14
      16.0000      796.288  6.12980e-12  1.98320e-13
      16.0000      796.900  6.77519e-12  9.84913e-14
      16.0000      797.514  6.49410e-12  8.75132e-14
      16.0000      798.128  6.60589e-12  8.44956e-14
      16.0000      798.742  7.55063e-12  1.12196e-13
      16.0000      799.357  7.09796e-12  9.33448e-14
      16.0000      799.972  6.50555e-12  4.13432e-13
      16.0000      800.587  6.72714e-12  7.37835e-13
      16.0000      801.203  7.33563e-12  6.47088e-13
      16.0000      801.820  7.39472e-12  3.29214e-13
      16.0000      802.437  7.51446e-12  3.80138e-13
      16.0000      803.054  7.05939e-12  2.47265e-13
      16.0000      803.672  5.45070e-13  3.88023e-13
      16.0000      804.291  1.36088e-12  3.62484e-13
      16.0000      804.910  7.43420e-12  2.83690e-13
      16.0000      805.529  7.15966e-12  3.53069e-13
      17.0000      806.149  9.05476e-12  2.53524e-13
      17.0000      806.769  9.88127e-12  2.69701e-13
      17.0000      807.390  8.23026e-12  2.00564e-13
      17.0000      808.012  8.22336e-12  1.80908e-13
      17.0000      808.633  9.92922e-12  1.89767e-13
      17.0000      809.255  1.11995e-11  1.92409e-13
      17.0000      809.878  8.27168e-12  1.61832e-13
      17.0000      810.501  7.72034e-12  1.96059e-13
      17.0000      811.125  8.74063e-12          NaN
      17.0000      811.750  1.10228e-11          NaN
      17.0000      812.374  8.27320e-12          NaN
      17.0000      812.999  8.07226e-12          NaN
      17.0000      813.625  2.12572e-11  1.31239e-13
      17.0000      814.251  3.94327e-11  1.42748e-13
      17.0000      814.878  2.67833e-11  1.31291e-13
      17.0000      815.504  8.91920e-12  1.18463e-13
      17.0000      816.132  1.00167e-11  1.27060e-13
      17.0000      816.760  1.44752e-11  1.18604e-13
      17.0000      817.389  1.20779e-11  1.49331e-13
      17.0000      818.017  6.80533e-12  1.27390e-13
      17.0000      818.647  9.04496e-12  9.44149e-14
      17.0000      819.277  1.43025e-11  9.56056e-14
      17.0000      819.907  1.29738e-11  1.24831e-13
      17.0000      820.538  6.56350e-12  1.35033e-13
      17.0000      821.170  7.57479e-12  8.37957e-14
      17.0000      821.802  1.50241e-11          NaN
      17.0000      822.434  1.88860e-11          NaN
      17.0000      823.067  1.01809e-11  9.11330e-14
      17.0000      823.700  8.24498e-12  8.01715e-14
      17.0000      824.334  1.35242e-11  9.03687e-14
      17.0000      824.969  1.54371e-11  9.17855e-14
      17.0000      825.604  7.10104e-12  9.01913e-14
      17.0000      826.239  5.37123e-12  9.27575e-14
      17.0000      826.875  1.00530e-11  7.96927e-14
      17.0000      827.511  1.56999e-11  8.33519e-14
      17.0000      828.148  8.76357e-12  9.12736e-14
      17.0000      828.785  5.71335e-12  8.85913e-14
      17.0000      829.423  8.30679e-12  8.43641e-14
      17.0000      830.061  1.43866e-11  9.28403e-14
      17.0000      830.700  9.83147e-12  7.95148e-14
      17.0000      831.339  5.92085e-12  9.64568e-14
      17.0000      831.979  7.43049e-12  7.93698e-14
      17.0000      832.619  1.25663e-11  8.58129e-14
      17.0000      833.260  9.18602e-12  8.54389e-14
      17.0000      833.901  5.72918e-12  8.38899e-14
      17.0000      834.543  4.10491e-12  9.50588e-14
      17.0000      835.185  1.09435e-11  9.55882e-14
      17.0000      835.828  7.61739e-12  9.09345e-14
      17.0000      836.471  6.55514e-12  1.04479e-13
      17.0000      837.114  6.12447e-12  1.23016e-13
      17.0000      837.759  8.99211e-12  8.73517e-14
      17.0000      838.404  8.14860e-12  9.31938e-14
      17.0000      839.049  6.77330e-12          NaN
      17.0000      839.694  6.56993e-12          NaN
      17.0000      840.340  7.50681e-12  8.83286e-14
      17.0000      840.987  7.10389e-12  7.92656e-14
      17.0000      841.634  6.30626e-12  7.44179e-14
      17.0000      842.282  5.48289e-12  7.60350e-14
      17.0000      842.930  7.13447e-12  8.60712e-14
      17.0000      843.579  8.15945e-12  6.78961e-14
      17.0000      844.228  7.68908e-12  9.34078e-14
      17.0000      844.877  4.36918e-12          NaN
      17.0000      845.528  5.82175e-12  1.04244e-13
      17.0000      846.178  7.14109e-12  3.07616e-13
      17.0000      846.830  7.01444e-12          NaN
      17.0000      847.481  7.19398e-12  1.71370e-13
      17.0000      848.133  6.31978e-12  1.01444e-13
      17.0000      848.786  6.37780e-12  1.00152e-13
      17.0000      849.439  6.97207e-12  4.28926e-13
      17.0000      850.093  8.55038e-12  3.87360e-13
      17.0000      850.747  7.76423e-12  3.45397e-13
      17.0000      851.401  7.52072e-12  3.27004e-13
      17.0000      852.057  7.60860e-12  2.56421e-13
      17.0000      852.713  6.89664e-12          NaN
      17.0000      853.368  5.74802e-12  8.28362e-13
      17.0000      854.026  7.19989e-12  4.44683e-13
      17.0000      854.683  5.43508e-12  3.62658e-13
      18.0000      855.341  7.91960e-12          NaN
      18.0000      855.999  8.61745e-12          NaN
      18.0000      856.657 -5.41164e-11  2.32194e-13
      18.0000      857.316  4.98945e-12  2.16570e-13
      18.0000      857.976  3.73055e-12  3.23848e-13
      18.0000      858.637  6.43122e-12  2.67896e-13
      18.0000      859.297  6.13865e-12  1.81991e-13
      18.0000      859.958  6.24192e-12  2.69340e-13
      18.0000      860.620  5.91938e-12  2.23484e-13
      18.0000      861.283  5.90915e-12  2.45605e-13
      18.0000      861.945  6.10624e-12  1.54870e-13
      18.0000      862.608  5.68700e-12  1.39677e-13
      18.0000      863.272  5.42246e-12  1.73498e-13
      18.0000      863.937  6.00092e-12  1.49134e-13
      18.0000      864.602  5.59240e-12  1.49007e-13
      18.0000      865.267  5.34279e-12  1.31332e-13
      18.0000      865.933  5.67044e-12  1.41426e-13
      18.0000      866.599  5.45460e-12  2.20613e-13
      18.0000      867.266  4.91760e-12  1.20957e-13
      18.0000      867.934  5.20495e-12  1.33273e-13
      18.0000      868.601  4.94869e-12  1.51836e-13
      18.0000      869.270  5.07795e-12  1.15815e-13
      18.0000      869.938  4.90759e-12  1.22592e-13
      18.0000      870.608  4.67575e-12  2.76774e-13
      18.0000      871.277  5.42977e-12  1.14439e-13
      18.0000      871.948  4.89872e-12  1.11611e-13
      18.0000      872.619  1.59573e-12  1.03493e-13
      18.0000      873.291  1.12400e-12  1.08199e-13
      18.0000      873.962  6.62916e-13  1.18801e-13
      18.0000      874.635  6.21574e-13  1.13739e-13
      18.0000      875.308  8.02986e-13  1.15611e-13
      18.0000      875.982  1.26092e-12  1.24223e-13
      18.0000      876.656  8.75001e-13  1.13945e-13
      18.0000      877.331  1.05230e-12  1.32449e-13
      18.0000      878.005  1.60052e-12  1.18301e-13
      18.0000      878.681  1.46854e-12  1.02784e-13
      18.0000      879.357  1.70558e-12  1.16305e-13
      18.0000      880.035  1.91779e-12  1.24531e-13
      18.0000      880.711  1.68475e-12  1.01723e-13
      18.0000      881.389  1.42139e-12  1.04693e-13
      18.0000      882.068  1.69476e-12  9.24547e-14
      18.0000      882.747  1.77765e-12  7.81750e-14
      18.0000      883.426  2.11154e-12  8.61669e-14
      18.0000      884.105  2.12518e-12  7.66678e-14
      18.0000      884.786  1.66800e-12  7.44652e-14
      18.0000      885.467  1.71686e-12  7.01684e-14
      18.0000      886.148  1.94291e-12  6.43682e-14
      18.0000      886.830  2.10996e-12  6.23514e-14
      18.0000      887.512  1.81485e-12  7.24723e-14
      18.0000      888.195  1.85726e-12  7.02623e-14
      18.0000      888.879  2.21813e-12  7.45435e-14
      18.0000      889.563  2.23232e-12  7.20655e-14
      18.0000      890.248  1.94382e-12  6.84713e-14
      18.0000      890.932  1.94893e-12  7.43154e-14
      18.0000      891.618  2.24691e-12  8.90929e-14
      18.0000      892.304  2.18674e-12  8.46278e-14
      18.0000      892.991  1.03176e-12  7.42089e-14
      18.0000      893.678  2.32083e-12  7.23462e-14
      18.0000      894.366  2.79722e-12  7.98126e-14
      18.0000      895.054  3.68581e-12  8.67510e-14
      18.0000      895.743  3.41480e-12  1.22671e-13
      18.0000      896.432  3.62775e-12  1.58001e-13
      18.0000      897.122  3.47650e-12  1.18032e-13
      18.0000      897.812  3.12009e-12  1.15639e-13
      18.0000      898.503  3.12494e-12  8.86638e-14
      18.0000      899.194  2.78166e-12  7.23125e-13
      18.0000      899.887  1.42126e-11  5.94244e-13
      18.0000      900.579  9.44565e-12  4.47112e-13
      18.0000      901.272  2.81017e-12  3.74330e-13
      18.0000      901.965  3.02901e-12  3.30776e-13
      18.0000      902.660  3.00495e-12  5.20302e-13
      18.0000      903.354  2.90051e-12  2.17509e-13
      18.0000      904.050  2.87133e-12  2.56598e-13
      18.0000      904.745  2.86957e-12  3.12491e-13
      19.0000      905.441  4.85010e-12  2.16910e-13
      19.0000      906.138  4.67023e-12  2.23459e-13
      19.0000      906.835  4.78463e-12  2.03128e-13
      19.0000      907.533  6.95228e-12  1.98396e-13
      19.0000      908.231  4.34170e-12  1.75725e-13
      19.0000      908.931  1.08835e-11  2.91161e-13
      19.0000      909.630  5.94565e-12  2.36253e-13
      19.0000      910.330  3.58035e-12  3.06036e-13
      19.0000      911.031  4.44240e-12  2.51123e-13
      19.0000      911.732  4.43508e-12  1.99643e-13
      19.0000      912.433  4.46327e-12  1.72569e-13
      19.0000      913.135  4.88776e-12  1.32265e-13
      19.0000      913.838  4.33600e-12  1.11548e-13
      19.0000      914.541  4.11266e-12  1.17992e-13
      19.0000      915.245  4.53678e-12  1.06429e-13
      19.0000      915.949  4.02471e-12  1.16492e-13
      19.0000      916.654  4.56645e-12  1.20050e-13
      19.0000      917.360  4.23674e-12  1.02899e-13
      19.0000      918.065  3.98591e-12  1.15109e-13
      19.0000      918.771  3.92361e-12  1.18326e-13
      19.0000      919.479  3.68259e-12  1.38508e-13
      19.0000      920.187  1.19614e-12  1.13879e-13
      19.0000      920.894 -2.61209e-13  1.27455e-13
      19.0000      921.603 -4.57337e-13  8.87492e-14
      19.0000      922.313 -8.51404e-13  7.66926e-14
      19.0000      923.022 -8.48856e-13  7.78694e-14
      19.0000      923.732 -3.61211e-13  7.88655e-14
      19.0000      924.443 -3.28807e-13  8.63294e-14
      19.0000      925.155 -5.28098e-13  9.19908e-14
      19.0000      925.867 -4.49684e-13  7.96445e-14
      19.0000      926.579 -3.03477e-13  7.12708e-14
      19.0000      927.292 -2.23612e-13  7.18092e-14
      19.0000      928.005 -1.95658e-13  1.02386e-13
      19.0000      928.720  1.72425e-15  1.10697e-13
      19.0000      929.435  2.32044e-13  7.08184e-14
      19.0000      930.149  2.04001e-13  7.50401e-14
      19.0000      930.866  1.59805e-13  6.67992e-14
      19.0000      931.582  2.16973e-13  8.09292e-14
      19.0000      932.298  1.62796e-13  8.74627e-14
      19.0000      933.016  1.77041e-13  7.34998e-14
      19.0000      933.734 -5.95274e-14  6.68954e-14
      19.0000      934.453  3.04621e-13  6.92221e-14
      19.0000      935.172  4.11239e-13  7.45503e-14
      19.0000      935.891  3.27481e-13  8.81117e-14
      19.0000      936.611  8.29354e-14  1.14878e-13
      19.0000      937.332  1.29574e-13  1.05877e-13
      19.0000      938.054  8.46760e-13  9.71013e-14
      19.0000      938.775 -1.85102e-14  7.32640e-14
      19.0000      939.498  2.18490e-13  9.25668e-14
      19.0000      940.221  6.61635e-13  7.63859e-14
      19.0000      940.944  6.11180e-13  8.48472e-14
      19.0000      941.668  1.92548e-12  9.88560e-14
      19.0000      942.393  1.77793e-12  6.91818e-14
      19.0000      943.118  1.32162e-12  8.13173e-14
      19.0000      943.844  7.83766e-13          NaN
      19.0000      944.570  4.94516e-13  6.31871e-14
      19.0000      945.298  1.90120e-13  7.91850e-14
      19.0000      946.025 -6.47192e-12  9.63977e-14
      19.0000      946.753 -2.51465e-12          NaN
      19.0000      947.481  2.05655e-12  9.86983e-14
      19.0000      948.211  2.33555e-12  4.25349e-13
      19.0000      948.939  2.68504e-12  5.71468e-13
      19.0000      949.670  2.44627e-12          NaN
      19.0000      950.401  1.82966e-12  3.78102e-13
      19.0000      951.133  1.67229e-12  2.74870e-13
      19.0000      951.864  2.12768e-12  3.39507e-13
      19.0000      952.597  1.56320e-12  3.25839e-13
      19.0000      953.330  1.67074e-12  2.01625e-13
      19.0000      954.064  1.94055e-12  3.00711e-13
      20.0000      954.798  3.17055e-12  1.56161e-13
      20.0000      955.532  3.23458e-12  1.43564e-13
      20.0000      956.268  1.85352e-12  2.59526e-13
      20.0000      957.004  2.75838e-12  2.64831e-13
      20.0000      957.740  2.47703e-12  1.34246e-13
      20.0000      958.477  2.50425e-12  1.62145e-13
      20.0000      959.214  2.76990e-12  2.50875e-13
      20.0000      959.953  2.61310e-12  1.50714e-13
      20.0000      960.691  2.73635e-12  1.08363e-13
      20.0000      961.430  1.96237e-12  9.76185e-14
      20.0000      962.170  1.20604e-12  1.43330e-13
      20.0000      962.911  1.53879e-12  1.25348e-13
      20.0000      963.652  1.92674e-12  1.23317e-13
      20.0000      964.394  2.39381e-12  9.68065e-14
      20.0000      965.135  2.54751e-12  8.92268e-14
      20.0000      965.878  2.24451e-12  1.13902e-13
      20.0000      966.622  2.27600e-12  8.30878e-14
      20.0000      967.365  2.69177e-12  1.19021e-13
      20.0000      968.110 -1.25106e-14  1.23996e-13
      20.0000      968.855 -9.20048e-13  1.35808e-13
      20.0000      969.600 -1.30556e-12  1.10502e-13
      20.0000      970.346 -1.57628e-12  8.59559e-14
      20.0000      971.093 -1.46121e-12  7.73682e-14
      20.0000      971.840 -1.37260e-12  1.88983e-13
      20.0000      972.589 -1.25010e-12  1.38063e-13
      20.0000      973.336 -1.11384e-12  1.23198e-13
      20.0000      974.085 -7.44014e-13  1.20452e-13
      20.0000      974.836 -4.93577e-13  8.55815e-14
      20.0000      975.585 -2.58018e-13  7.04695e-14
      20.0000      976.337 -1.43088e-12  7.58729e-14
      20.0000      977.087 -9.79448e-13  7.72433e-14
      20.0000      977.839  4.26728e-13  6.59974e-14
      20.0000      978.592  5.40983e-13  5.98100e-14
      20.0000      979.345  3.07997e-13  6.53371e-14
      20.0000      980.098  4.23788e-13  6.58362e-14
      20.0000      980.853  6.64613e-13          NaN
      20.0000      981.608  6.79269e-13          NaN
      20.0000      982.363  7.50824e-13  7.14372e-14
      20.0000      983.119  8.62148e-13  7.90848e-14
      20.0000      983.875  8.74171e-13  7.42514e-14
      20.0000      984.633  8.39355e-13  6.77892e-14
      20.0000      985.391  1.09443e-12  8.36008e-14
      20.0000      986.149  1.18218e-12  6.87127e-14
      20.0000      986.908  1.01637e-12  6.96812e-14
      20.0000      987.667  8.15427e-13  7.59286e-14
