      11.0000      516.799  1.62561e-10  5.66440e-13
      11.0000      517.196  1.84873e-10  8.64771e-13
      11.0000      517.594  1.94823e-10  5.53547e-13
      11.0000      517.992  1.86037e-10  5.19777e-13
      11.0000      518.391  2.02364e-10  6.02770e-13
      11.0000      518.790  1.86339e-10  5.05284e-13
      11.0000      519.189  1.91098e-10  5.80401e-13
      11.0000      519.589  1.86414e-10  5.92493e-13
      11.0000      519.989  1.76522e-10  4.30084e-13
      11.0000      520.389  1.80855e-10  4.57907e-13
      11.0000      520.789  1.80406e-10  5.88087e-13
      11.0000      521.190  1.78385e-10  4.79589e-13
      11.0000      521.591  1.79629e-10  4.87652e-13
      11.0000      521.992  1.73643e-10  4.05767e-13
      11.0000      522.394  1.72384e-10  3.97298e-13
      11.0000      522.796  1.80997e-10  8.32623e-13
      11.0000      523.198  1.76986e-10  6.47712e-13
      11.0000      523.601  1.70340e-10  8.65153e-13
      11.0000      524.004  1.72882e-10          NaN
      11.0000      524.407  1.77760e-10          NaN
      11.0000      524.811  1.72447e-10  3.26297e-13
      11.0000      525.214  1.69837e-10  2.71556e-13
      11.0000      525.619  1.67459e-10  3.43316e-13
      11.0000      526.023  1.65175e-10  3.05096e-13
      11.0000      526.428  1.72454e-10  3.89974e-13
      11.0000      526.833  1.66376e-10  3.51840e-13
      11.0000      527.238  1.59278e-10  3.11621e-13
      11.0000      527.644  1.62472e-10  3.20389e-13
      11.0000      528.050  1.63294e-10  3.20462e-13
      11.0000      528.457  1.56871e-10  4.14945e-13
      11.0000      528.863  1.56764e-10  3.21165e-13
      11.0000      529.270  1.56590e-10  3.73041e-13
      11.0000      529.678  1.52100e-10  3.99852e-13
      11.0000      530.085  1.53969e-10  3.54928e-13
      11.0000      530.493  1.53111e-10  2.84421e-13
      11.0000      530.901  1.54574e-10  2.97593e-13
      11.0000      531.310  1.51247e-10  3.20697e-13
      11.0000      531.719  1.49609e-10  3.11875e-13
      11.0000      532.128  1.43835e-10  2.95076e-13
      11.0000      532.537  1.47148e-10  3.15599e-13
      11.0000      532.947  1.51456e-10  2.92445e-13
      11.0000      533.357  1.45756e-10  2.64478e-13
      11.0000      533.768  1.41250e-10  2.56305e-13
      11.0000      534.179  1.43374e-10  2.47763e-13
      11.0000      534.590  1.44318e-10  2.88632e-13
      11.0000      535.001  1.38605e-10  3.44964e-13
      11.0000      535.413  1.38077e-10  2.97354e-13
      11.0000      535.825  1.37789e-10  2.86456e-13
      11.0000      536.237  1.38896e-10  2.82217e-13
      11.0000      536.650  1.37802e-10  2.60306e-13
      11.0000      537.063  1.37270e-10  2.51294e-13
      11.0000      537.476  1.32700e-10  2.57410e-13
      11.0000      537.889  1.35136e-10          NaN
      11.0000      538.304  1.33054e-10          NaN
      11.0000      538.718  1.28635e-10  2.43846e-13
      11.0000      539.132  1.29064e-10  2.56171e-13
      11.0000      539.547  1.25151e-10  2.24826e-13
      11.0000      539.962  1.19047e-10          NaN
      11.0000      540.378  1.20627e-10          NaN
      11.0000      540.794  1.21705e-10  2.55758e-13
      11.0000      541.210  1.19635e-10  2.88678e-13
      11.0000      541.626  1.21463e-10  2.64019e-13
      11.0000      542.043  1.19335e-10  2.26199e-13
      11.0000      542.460  1.16607e-10  2.20892e-13
      11.0000      542.878  1.16245e-10  2.27220e-13
      11.0000      543.295  1.15805e-10  2.39529e-13
      11.0000      543.713  1.14640e-10  2.35833e-13
      11.0000      544.132  1.16996e-10  2.29600e-13
      11.0000      544.550  1.15969e-10  2.07810e-13
      11.0000      544.970  1.16293e-10  2.37330e-13
      11.0000      545.389  1.14499e-10  2.21873e-13
      11.0000      545.809  1.13760e-10  2.06160e-13
      11.0000      546.229  1.13039e-10  2.07723e-13
      11.0000      546.649  1.12792e-10  2.13531e-13
      11.0000      547.070  1.12866e-10  2.09426e-13
      11.0000      547.491  1.13419e-10  1.96776e-13
      11.0000      547.912  1.13153e-10  1.80617e-13
      11.0000      548.334  1.09635e-10  1.75777e-13
      11.0000      548.756  1.05592e-10  1.87577e-13
      11.0000      549.178  1.06726e-10  2.24162e-13
      11.0000      549.600  1.08224e-10  2.03444e-13
      11.0000      550.024  1.07814e-10  1.89379e-13
      11.0000      550.447  1.07919e-10  1.90947e-13
      11.0000      550.870  1.05638e-10  2.02849e-13
      11.0000      551.294  1.04336e-10  1.97657e-13
      11.0000      551.718  1.04510e-10  2.37282e-13
      11.0000      552.143  1.05470e-10  2.20745e-13
      11.0000      552.568  1.03210e-10  2.19418e-13
      11.0000      552.993  1.01550e-10  2.34426e-13
      11.0000      553.418  1.02150e-10  2.29030e-13
      11.0000      553.844  1.00152e-10  2.18020e-13
      11.0000      554.271  1.00264e-10  2.43758e-13
      11.0000      554.697  9.90580e-11  2.65422e-13
      11.0000      555.124  9.72235e-11  2.51510e-13
      11.0000      555.551  9.80686e-11  2.64645e-13
      11.0000      555.979  9.86927e-11  2.23962e-13
      11.0000      556.407  9.75689e-11  2.13286e-13
      11.0000      556.835  9.56027e-11  2.29101e-13
      11.0000      557.263  9.51582e-11  2.16159e-13
      11.0000      557.692  9.48180e-11  2.21498e-13
      11.0000      558.121  9.51170e-11  2.18470e-13
      11.0000      558.551  9.50409e-11  2.04722e-13
      12.0000      561.999  9.02374e-11  4.17234e-13
      12.0000      562.431  9.28402e-11  4.27197e-13
      12.0000      562.864  8.82194e-11  4.53523e-13
      12.0000      563.297  8.82223e-11  4.53301e-13
      12.0000      563.731  8.57217e-11  4.35583e-13
      12.0000      564.164  8.53965e-11  3.49298e-13
      12.0000      564.599  8.57842e-11  3.69112e-13
      12.0000      565.033  8.68102e-11  3.75444e-13
      12.0000      565.468  8.77346e-11  3.28736e-13
      12.0000      565.903  8.50508e-11  3.50824e-13
      12.0000      566.338  8.12296e-11  3.37487e-13
      12.0000      566.774  8.28230e-11  3.19924e-13
      12.0000      567.210  8.41735e-11  1.84842e-12
      12.0000      567.647  8.19326e-11  3.22833e-12
      12.0000      568.084  8.22199e-11  2.45789e-13
      12.0000      568.521  8.10252e-11  3.65635e-13
      12.0000      568.958  8.00097e-11  3.58174e-13
      12.0000      569.396  7.96763e-11  2.61453e-13
      12.0000      569.834  7.98725e-11          NaN
      12.0000      570.273  8.12740e-11          NaN
      12.0000      570.711  8.27912e-11  2.51534e-13
      12.0000      571.151  7.84205e-11  2.29636e-13
      12.0000      571.590  7.78659e-11  2.40044e-13
      12.0000      572.030  7.82388e-11  2.55524e-13
      12.0000      572.470  7.46966e-11  2.34687e-13
      12.0000      572.911  7.63239e-11  2.42858e-13
      12.0000      573.352  7.65505e-11  2.55594e-13
      12.0000      573.793  7.73006e-11  2.72972e-13
      12.0000      574.234  7.47008e-11  2.63369e-13
      12.0000      574.676  7.48471e-11  4.55078e-13
      12.0000      575.119  7.49293e-11  2.35934e-13
      12.0000      575.561  7.62978e-11  2.50907e-13
      12.0000      576.004  7.60480e-11  2.20680e-13
      12.0000      576.447  7.52836e-11  3.10047e-13
      12.0000      576.891  7.24081e-11  2.15135e-13
      12.0000      577.335  7.17293e-11  2.27842e-13
      12.0000      577.779  7.22900e-11  2.41591e-13
      12.0000      578.224  7.18041e-11  2.50822e-13
      12.0000      578.669  7.03210e-11  1.99774e-13
      12.0000      579.114  7.06320e-11          NaN
      12.0000      579.560  7.12056e-11          NaN
      12.0000      580.006  7.07991e-11  2.02170e-13
      12.0000      580.452  6.94202e-11  2.38990e-13
      12.0000      580.899  7.08692e-11  1.91494e-13
      12.0000      581.346  6.97594e-11  2.13060e-13
      12.0000      581.793  6.88707e-11  2.96132e-13
      12.0000      582.241  6.77026e-11          NaN
      12.0000      582.689  6.67709e-11          NaN
      12.0000      583.137  6.88476e-11  2.75842e-13
      12.0000      583.586  6.87389e-11  1.96324e-13
      12.0000      584.035  7.00691e-11  1.86336e-13
      12.0000      584.484  7.07970e-11  2.04438e-13
      12.0000      584.934  6.62869e-11  1.68401e-13
      12.0000      585.384  6.00698e-11  1.73207e-13
      12.0000      585.835  6.54527e-11  1.65377e-13
      12.0000      586.286  9.50796e-11  2.64456e-13
      12.0000      586.737  2.59817e-10  3.05787e-13
      12.0000      587.188  2.77731e-10  2.74169e-13
      12.0000      587.640  9.14573e-11  2.05083e-13
      12.0000      588.092  6.54554e-11  1.60073e-13
      12.0000      588.545  6.00902e-11  1.64347e-13
      12.0000      588.998  5.86846e-11  2.18279e-13
      12.0000      589.451  5.95386e-11  2.03369e-13
      12.0000      589.905  5.91533e-11  2.16308e-13
      12.0000      590.359  5.76682e-11  1.85383e-13
      12.0000      590.813  5.79310e-11  1.75236e-13
      12.0000      591.267  5.58880e-11  1.49579e-13
      12.0000      591.723  5.66872e-11  1.69609e-13
      12.0000      592.178  5.55400e-11  1.67981e-13
      12.0000      592.634  5.59390e-11  1.59075e-13
      12.0000      593.090  5.56209e-11  1.43931e-13
      12.0000      593.546  5.68279e-11  1.38500e-13
      12.0000      594.003  5.55394e-11  1.49865e-13
      12.0000      594.460  5.38886e-11  1.51368e-13
      12.0000      594.917  5.41631e-11  1.48771e-13
      12.0000      595.375  5.34795e-11  1.63421e-13
      12.0000      595.833  5.34116e-11  1.55831e-13
      12.0000      596.292  5.34740e-11  1.35273e-13
      12.0000      596.751  5.27347e-11  1.54409e-13
      12.0000      597.210  5.18287e-11  1.31507e-13
      12.0000      597.669  5.14582e-11  1.45526e-13
      12.0000      598.129  5.12730e-11  1.50611e-13
      12.0000      598.589  5.17412e-11  1.29497e-13
      12.0000      599.050  5.08182e-11  1.28627e-13
      12.0000      599.511  5.00624e-11  1.75126e-13
      12.0000      599.972  5.01630e-11  1.58584e-13
      12.0000      600.434  4.92086e-11  1.34671e-13
      12.0000      600.896  4.89051e-11  1.53362e-13
      12.0000      601.359  4.90780e-11  1.61141e-13
      12.0000      601.822  4.82855e-11  1.51272e-13
      12.0000      602.284  4.84100e-11  1.56166e-13
      12.0000      602.748  4.73638e-11  1.41313e-13
      12.0000      603.212  4.73532e-11  1.67835e-13
      12.0000      603.676  4.74894e-11  2.09683e-13
      12.0000      604.141  4.70380e-11  2.04895e-13
      12.0000      604.606  4.61403e-11  1.72364e-13
      12.0000      605.071  4.59628e-11  1.64780e-13
      12.0000      605.537  4.60172e-11          NaN
      12.0000      606.002  4.82871e-11          NaN
      12.0000      606.469  4.78527e-11          NaN
      12.0000      606.935  4.69523e-11  2.30752e-13
      12.0000      607.402  4.58799e-11  1.67219e-13
      13.0000      607.870  4.23173e-11          NaN
      13.0000      608.338  4.18738e-11  4.08952e-13
      13.0000      608.806  4.24981e-11  6.40598e-13
      13.0000      609.274  4.08742e-11  4.24866e-13
      13.0000      609.743  4.29702e-11  3.51084e-13
      13.0000      610.212  4.20682e-11  3.95787e-13
      13.0000      610.682  4.20446e-11  4.45824e-13
      13.0000      611.152  4.69403e-11  3.76274e-13
      13.0000      611.622  4.60076e-11  3.23011e-13
      13.0000      612.093  4.44436e-11  3.60733e-13
      13.0000      612.564  4.05580e-11  3.79853e-13
      13.0000      613.035  4.01406e-11  3.28476e-13
      13.0000      613.507  3.96640e-11  5.14038e-13
      13.0000      613.979  3.92693e-11  2.74303e-13
      13.0000      614.451  4.06639e-11  2.51874e-13
      13.0000      614.924  3.94138e-11  3.29696e-13
      13.0000      615.397  3.99680e-11  2.55681e-13
      13.0000      615.871  3.93830e-11  2.83332e-13
      13.0000      616.345  4.07333e-11  3.56922e-13
      13.0000      616.819  3.94728e-11  2.58842e-13
      13.0000      617.294  3.30865e-11  5.81946e-13
      13.0000      617.769  2.60583e-11  1.49697e-13
      13.0000      618.245  3.86083e-11  2.34101e-13
      13.0000      618.720  3.72810e-11  2.87046e-13
      13.0000      619.196  3.67771e-11  2.25362e-13
      13.0000      619.673  3.80307e-11  2.51733e-13
      13.0000      620.150  3.86117e-11  2.73501e-13
      13.0000      620.627  3.86629e-11          NaN
      13.0000      621.105  3.84980e-11          NaN
      13.0000      621.582  3.79177e-11  2.00723e-13
      13.0000      622.061  3.72789e-11  1.73568e-13
      13.0000      622.539  3.70774e-11  1.53745e-13
      13.0000      623.018  3.60285e-11  1.41770e-13
      13.0000      623.498  3.58088e-11  1.45911e-13
      13.0000      623.978  3.61546e-11  1.43625e-13
      13.0000      624.458  3.64557e-11  1.62346e-13
      13.0000      624.938  3.56831e-11  1.32668e-13
      13.0000      625.419  3.49320e-11  1.51312e-13
      13.0000      625.901  3.39048e-11  1.37000e-13
      13.0000      626.382  3.36038e-11  1.37191e-13
      13.0000      626.864  3.40903e-11  1.47517e-13
      13.0000      627.347  4.42083e-11  1.46883e-13
      13.0000      627.830  5.70869e-11  1.63550e-13
      13.0000      628.312  4.54228e-11  1.44760e-13
      13.0000      628.796  3.54436e-11  1.54780e-13
      13.0000      629.280  3.33151e-11  1.78002e-13
      13.0000      629.764  3.30188e-11  1.58301e-13
      13.0000      630.249  3.33714e-11  1.43585e-13
      13.0000      630.734  3.47895e-11  1.17486e-13
      13.0000      631.219  3.64695e-11  1.15178e-13
      13.0000      631.705  3.63500e-11  1.14614e-13
      13.0000      632.191  3.67751e-11  1.27567e-13
      13.0000      632.678  4.00625e-11  1.40896e-13
      13.0000      633.164  4.13208e-11  1.23666e-13
      13.0000      633.652  3.93762e-11  1.16799e-13
      13.0000      634.139  3.68768e-11  1.11358e-13
      13.0000      634.627  3.38265e-11  1.29044e-13
      13.0000      635.115  3.03920e-11  1.13887e-13
      13.0000      635.604  2.83295e-11  1.02928e-13
      13.0000      636.094  2.70139e-11  1.09521e-13
      13.0000      636.583  2.61114e-11  1.12051e-13
      13.0000      637.073  2.51742e-11  9.83531e-14
      13.0000      637.563  2.44951e-11  1.06418e-13
      13.0000      638.054  2.42034e-11  1.02836e-13
      13.0000      638.545  2.48700e-11  1.02739e-13
      13.0000      639.036  2.52912e-11  9.71711e-14
      13.0000      639.528  2.58315e-11  1.29631e-13
      13.0000      640.020  2.59873e-11  1.69973e-13
      13.0000      640.512  2.36654e-11  1.15031e-13
      13.0000      641.005  2.29845e-11  1.13131e-13
      13.0000      641.499  2.26376e-11  1.06117e-13
      13.0000      641.992  2.27653e-11  1.04831e-13
      13.0000      642.486  2.23581e-11  9.39512e-14
      13.0000      642.981  2.23171e-11  1.06987e-13
      13.0000      643.475  2.15580e-11  1.14650e-13
      13.0000      643.971  2.11465e-11  1.10344e-13
      13.0000      644.466  2.15596e-11  1.16204e-13
      13.0000      644.962  2.07547e-11  1.10767e-13
      13.0000      645.459  2.05945e-11  1.44148e-13
      13.0000      645.955  1.98894e-11  1.38957e-13
      13.0000      646.452  2.04651e-11  1.37244e-13
      13.0000      646.950  1.97730e-11  1.30040e-13
      13.0000      647.447  1.98309e-11  1.26196e-13
      13.0000      647.946  1.90617e-11  1.32628e-13
      13.0000      648.445  1.93217e-11  2.09552e-13
      13.0000      648.943  1.97710e-11  1.81862e-13
      13.0000      649.443  1.87694e-11  1.46350e-13
      13.0000      649.942  1.86671e-11  1.29179e-13
      13.0000      650.442  1.86573e-11  1.12430e-13
      13.0000      650.943  1.80014e-11  1.12727e-13
      13.0000      651.444  1.71283e-11  1.45391e-13
      13.0000      651.945  1.74092e-11  1.71858e-13
      13.0000      652.447  1.74184e-11  1.87935e-13
      13.0000      652.949  1.80434e-11  1.46179e-13
      13.0000      653.452  1.87262e-11          NaN
      13.0000      653.955  1.74312e-11  1.21306e-13
      13.0000      654.458  1.72752e-11  1.18741e-13
      13.0000      654.961  1.72896e-11  1.31699e-13
      13.0000      655.465  1.73440e-11  2.90757e-13
      13.0000      655.970  1.79054e-11  2.61137e-13
      13.0000      656.475  1.66547e-11  3.44781e-13
      13.0000      656.980  1.65483e-11  2.83728e-13
      14.0000      657.485  1.73959e-11  2.52973e-13
      14.0000      657.991  1.66058e-11  2.67018e-13
      14.0000      658.497  1.67176e-11  3.01332e-13
      14.0000      659.004  1.80464e-11  4.59378e-13
      14.0000      659.511  1.80563e-11  3.56071e-13
      14.0000      660.019  1.51702e-11  2.79158e-13
      14.0000      660.527  1.58411e-11  2.72080e-13
      14.0000      661.035  1.74512e-11  2.14967e-13
      14.0000      661.544  1.63043e-11  2.56039e-13
      14.0000      662.053  1.60997e-11  2.60630e-13
      14.0000      662.562  1.58272e-11  1.94109e-13
      14.0000      663.072  1.57670e-11  1.77961e-13
      14.0000      663.582  1.56480e-11  1.63969e-13
      14.0000      664.093  1.55299e-11  1.64241e-13
      14.0000      664.604  1.52389e-11  1.90425e-13
      14.0000      665.116  1.49637e-11  1.92627e-13
      14.0000      665.627  1.55448e-11  1.55500e-13
      14.0000      666.140  1.51738e-11  1.77130e-13
      14.0000      666.652  1.62506e-11  1.49849e-13
      14.0000      667.165  2.24364e-11  1.79161e-13
      14.0000      667.678  2.59923e-11  1.94492e-13
      14.0000      668.192  1.95097e-11  1.56086e-13
      14.0000      668.707  1.54497e-11  1.29311e-13
      14.0000      669.221  1.45387e-11  1.31082e-13
      14.0000      669.736  1.57261e-11  1.26456e-13
      14.0000      670.252  1.66552e-11  1.25401e-13
      14.0000      670.767  1.41562e-11  1.66903e-13
      14.0000      671.283  1.26894e-11  2.47263e-13
      14.0000      671.800  1.37699e-11  1.57996e-13
      14.0000      672.317  1.51095e-11  1.48566e-13
      14.0000      672.834  1.53898e-11  1.07514e-13
      14.0000      673.352  1.44632e-11  1.16649e-13
      14.0000      673.870  1.44768e-11  1.36166e-13
      14.0000      674.389  1.80324e-11  1.20719e-13
      14.0000      674.908  2.26829e-11  1.06967e-13
      14.0000      675.427  1.86676e-11  9.82900e-14
      14.0000      675.947  1.36189e-11  1.04220e-13
      14.0000      676.467  1.36872e-11  9.98035e-14
      14.0000      676.988  1.69199e-11  9.98539e-14
      14.0000      677.509  1.88288e-11  1.34795e-13
      14.0000      678.030  1.55574e-11  2.11988e-13
      14.0000      678.552  1.45572e-11  1.14052e-13
      14.0000      679.074  2.34782e-11  9.30870e-14
      14.0000      679.597  3.55532e-11  1.08834e-13
      14.0000      680.119  2.88567e-11  1.35443e-13
      14.0000      680.643  1.63584e-11  1.01731e-13
      14.0000      681.166  1.72496e-11  1.06957e-13
      14.0000      681.691  2.38188e-11  1.05345e-13
      14.0000      682.215  2.48756e-11  9.53724e-14
      14.0000      682.740  1.29633e-11  9.96182e-14
      14.0000      683.266  1.07923e-11          NaN
      14.0000      683.792  3.51051e-11          NaN
      14.0000      684.318  6.92098e-11  1.27464e-13
      14.0000      684.844  4.59832e-11          NaN
      14.0000      685.371  1.56580e-11          NaN
      14.0000      685.899  1.62452e-11  9.21295e-14
      14.0000      686.427  3.85352e-11          NaN
      14.0000      686.955  4.56135e-11          NaN
      14.0000      687.484  1.91660e-11  1.28510e-13
      14.0000      688.012  1.63710e-11  9.62128e-14
      14.0000      688.542  6.16358e-11  1.23034e-13
      14.0000      689.072  1.50020e-10          NaN
      14.0000      689.602  6.84441e-11          NaN
      14.0000      690.133  1.65063e-11          NaN
      14.0000      690.664  2.12674e-11          NaN
      14.0000      691.195  7.99285e-11  1.77195e-13
      14.0000      691.727  7.41874e-11  1.44337e-13
      14.0000      692.260  1.72486e-11  1.18916e-13
      14.0000      692.792  1.52250e-11  9.95101e-14
      14.0000      693.326  1.03764e-10  1.58040e-13
      14.0000      693.859  2.03211e-10  2.13299e-13
      14.0000      694.393  5.82682e-11  1.32310e-13
      14.0000      694.927  2.05525e-11  1.04539e-13
      14.0000      695.462  4.48036e-11  1.22039e-13
      14.0000      695.997  1.32056e-10  2.00373e-13
      14.0000      696.533  7.10086e-11  1.38093e-13
      14.0000      697.069  3.19531e-11  1.27606e-13
      14.0000      697.605  4.26384e-11  1.45870e-13
      14.0000      698.142  1.85571e-10  1.78207e-13
      14.0000      698.679  1.87200e-10  1.63420e-13
      14.0000      699.217  6.75698e-11  1.12531e-13
      14.0000      699.755  2.94462e-11  1.65903e-13
      14.0000      700.293  1.05800e-10  9.93642e-14
      14.0000      700.832  1.73993e-10  2.74235e-13
      14.0000      701.371  9.14185e-11  1.20487e-13
      14.0000      701.911  2.75307e-11  2.14113e-13
      14.0000      702.451  9.76761e-11  2.53043e-13
      14.0000      702.992  3.08144e-10  5.63347e-13
      14.0000      703.533  2.33790e-10  4.39632e-13
      14.0000      704.074  4.64128e-11  3.84574e-13
      14.0000      704.616  3.85739e-11  7.63208e-13
      14.0000      705.158  1.75307e-10  4.23932e-13
      14.0000      705.701  2.34055e-10  2.93269e-13
      14.0000      706.244  4.87090e-11  4.79264e-13
      15.0000      706.788  3.34858e-11  2.57624e-13
      15.0000      707.332  1.55225e-10  3.33252e-13
      15.0000      707.876  3.68501e-10  4.59819e-13
      15.0000      708.421  1.32652e-10  3.29815e-13
      15.0000      708.965  3.65882e-11  2.46719e-13
      15.0000      709.511  8.12675e-11  2.54179e-13
      15.0000      710.057  2.05593e-10          NaN
      15.0000      710.604  1.54622e-10          NaN
      15.0000      711.151  3.85632e-11  1.82769e-13
      15.0000      711.698  7.11880e-11  2.38061e-13
      15.0000      712.245  2.22904e-10  2.47579e-13
      15.0000      712.793  2.82984e-10  2.96238e-13
      15.0000      713.342  7.92997e-11  1.84235e-13
      15.0000      713.891  4.96902e-11  1.72959e-13
      15.0000      714.440  1.37394e-10  2.06753e-13
      15.0000      714.990  2.14392e-10  2.51366e-13
      15.0000      715.540  1.15659e-10  1.99002e-13
      15.0000      716.091  5.08987e-11  1.53780e-13
      15.0000      716.642  1.50150e-10  1.72889e-13
      15.0000      717.193  3.05396e-10  2.32429e-13
      15.0000      717.745  2.21309e-10  2.28396e-13
      15.0000      718.297  5.10707e-11  1.57702e-13
      15.0000      718.850  7.95141e-11  1.54214e-13
      15.0000      719.403  1.96164e-10  2.03616e-13
      15.0000      719.957  1.85675e-10  2.01084e-13
      15.0000      720.511  5.66411e-11  1.45564e-13
      15.0000      721.066  6.20469e-11          NaN
      15.0000      721.620  2.12663e-10          NaN
      15.0000      722.175  2.62813e-10  2.02001e-13
      15.0000      722.731  1.21073e-10  1.49257e-13
      15.0000      723.288  6.40317e-11  1.22757e-13
      15.0000      723.844  9.80670e-11  1.36350e-13
      15.0000      724.401  1.21796e-10  1.44438e-13
      15.0000      724.959  6.42497e-11  1.12339e-13
      15.0000      725.517  2.08230e-11  9.14788e-14
      15.0000      726.075  1.77604e-11  1.07722e-13
      15.0000      726.634  1.74666e-11  1.04424e-13
      15.0000      727.193  3.83053e-11  1.03568e-13
      15.0000      727.752  2.32026e-10  1.61318e-13
      15.0000      728.312  8.08916e-10  3.14718e-13
      15.0000      728.873  2.28293e-09  1.22573e-12
      15.0000      729.434  3.29120e-09  1.80840e-12
      15.0000      729.995  2.17955e-09  1.14056e-12
      15.0000      730.557  9.61391e-10  3.76456e-13
      15.0000      731.119  4.75619e-10          NaN
      15.0000      731.681  2.71910e-10          NaN
      15.0000      732.245  9.34409e-11  1.29730e-13
      15.0000      732.808  7.44814e-11  1.35404e-13
      15.0000      733.372  1.92074e-10  1.62046e-13
      15.0000      733.936  2.91991e-10  2.14265e-13
      15.0000      734.501  1.14773e-10  1.77986e-13
      15.0000      735.067  7.96711e-11  1.35795e-13
      15.0000      735.632  1.67403e-10  1.63944e-13
      15.0000      736.198  2.74488e-10  2.03126e-13
      15.0000      736.764  1.23808e-10  1.64337e-13
      15.0000      737.332  7.04935e-11  1.50563e-13
      15.0000      737.899  1.44376e-10  1.63841e-13
      15.0000      738.467  3.50739e-10  2.28110e-13
      15.0000      739.035  1.59377e-10  1.74438e-13
      15.0000      739.604  6.07153e-11  1.31129e-13
      15.0000      740.173  7.54704e-11  1.43766e-13
      15.0000      740.742  2.36974e-10  2.11338e-13
      15.0000      741.312  1.19308e-10  1.64309e-13
      15.0000      741.883  6.00571e-11  1.86104e-13
      15.0000      742.454  7.18899e-11  1.45824e-13
      15.0000      743.025  2.85155e-10  2.59237e-13
      15.0000      743.597  1.73395e-10  2.04155e-13
      15.0000      744.169  6.85088e-11  1.22388e-13
      15.0000      744.742  5.86549e-11  1.23687e-13
      15.0000      745.315  1.86837e-10          NaN
      15.0000      745.888  1.32722e-10  1.07830e-13
      15.0000      746.463  6.83518e-11  1.64590e-13
      15.0000      747.037  7.87975e-11  1.04659e-13
      15.0000      747.612  2.34188e-10  1.59177e-13
      15.0000      748.187  2.27033e-10  1.38646e-13
      15.0000      748.763  8.47654e-11  2.20944e-13
      15.0000      749.339  6.89061e-11  1.09800e-13
      15.0000      749.916  1.64720e-10  2.39813e-13
      15.0000      750.493  1.80487e-10  7.80792e-13
      15.0000      751.070  6.92570e-11  7.48013e-13
      15.0000      751.649  6.17349e-11  5.89788e-13
      15.0000      752.227  1.90209e-10  6.96250e-13
      15.0000      752.806  2.37081e-10  4.16453e-13
      15.0000      753.385  7.78848e-11  6.59939e-13
      15.0000      753.965  3.72695e-11  4.54842e-13
      15.0000      754.545  1.17907e-10  4.39608e-13
      15.0000      755.126  1.52282e-10          NaN
      15.0000      755.707  5.49082e-11  2.73226e-13
      16.0000      756.288  3.62040e-11  2.35768e-13
      16.0000      756.870  1.55996e-10  3.02145e-13
      16.0000      757.452  1.85002e-10  3.29515e-13
      16.0000      758.035  6.92237e-11  2.68814e-13
      16.0000      758.619  2.91558e-11  2.40964e-13
      16.0000      759.202  1.03992e-10          NaN
      16.0000      759.787  1.21560e-10          NaN
      16.0000      760.371  4.43216e-11  1.88403e-13
      16.0000      760.956  2.28305e-11  2.27180e-13
      16.0000      761.542  1.24746e-10  2.59844e-13
      16.0000      762.128  1.67150e-10  2.67187e-13
      16.0000      762.715  4.49716e-11  1.71363e-13
      16.0000      763.302  1.81234e-11  1.63007e-13
      16.0000      763.889  6.87900e-11  2.20754e-13
      16.0000      764.477  9.72172e-11  2.38104e-13
      16.0000      765.065  2.61420e-11  1.39026e-13
      16.0000      765.654  1.62011e-11  1.29962e-13
      16.0000      766.243  9.58141e-11  2.06360e-13
      16.0000      766.832  1.37098e-10  2.54174e-13
      16.0000      767.423  2.85400e-11  2.74692e-13
      16.0000      768.013  1.32536e-11  2.51630e-13
      16.0000      768.604  4.24186e-11  1.80081e-13
      16.0000      769.196  6.00611e-11  1.63996e-13
      16.0000      769.787  1.51385e-11  1.59014e-13
      16.0000      770.380  1.28933e-11  1.63667e-13
      16.0000      770.973  6.16093e-11  2.41589e-13
      16.0000      771.566  6.47709e-11  2.31481e-13
      16.0000      772.160  1.57182e-11  1.16965e-13
      16.0000      772.754  4.11120e-12  1.93603e-13
      16.0000      773.349  2.57636e-11  1.26909e-13
      16.0000      773.944  2.79648e-11  1.12385e-13
      16.0000      774.539  8.92449e-12  2.13576e-13
      16.0000      775.135  1.05689e-11  1.06804e-13
      16.0000      775.732  3.58516e-11  2.19173e-13
      16.0000      776.329  3.23530e-11  1.15933e-13
      16.0000      776.927  7.96527e-12  9.42424e-14
      16.0000      777.524  5.75599e-12  9.83973e-14
      16.0000      778.122  1.46866e-11  1.10229e-13
      16.0000      778.721  9.96971e-12  9.00311e-14
      16.0000      779.321  4.35683e-12  9.36846e-14
      16.0000      779.920  6.89805e-12  9.16878e-14
      16.0000      780.520  2.09101e-11  1.20711e-13
      16.0000      781.121  1.18840e-11  1.23565e-13
      16.0000      781.722  5.39796e-12          NaN
      16.0000      782.324  4.89250e-12          NaN
      16.0000      782.926  7.65112e-12  7.88378e-14
      16.0000      783.528  5.37832e-12  8.23388e-14
      16.0000      784.131  4.21156e-12  8.18847e-14
      16.0000      784.735  6.43245e-12  8.84723e-14
      16.0000      785.339  9.71119e-12          NaN
      16.0000      785.943  6.41644e-12          NaN
      16.0000      786.548  4.80785e-12  8.27906e-14
      16.0000      787.153  5.21220e-12  7.52887e-14
      16.0000      787.758  5.26195e-12  6.85570e-14
      16.0000      788.365  4.63566e-12  6.33071e-14
      16.0000      788.971  4.71714e-12  7.30312e-14
      16.0000      789.579  5.73026e-12  7.37207e-14
      16.0000      790.186  6.08210e-12  6.55898e-14
      16.0000      790.794  5.57469e-12  6.39238e-14
      16.0000      791.403  5.49549e-12  6.90174e-14
      16.0000      792.011  5.55505e-12          NaN
      16.0000      792.621  5.48213e-12          NaN
      16.0000      793.231  5.82414e-12  7.29454e-14
      16.0000      793.842  5.43893e-12  1.17252e-13
      16.0000      794.452  6.08561e-12  8.90216e-14
      16.0000      795.064  6.96797e-12          NaN
      16.0000      795.675  6.88031e-12  9.51986e-14
      16.0000      796.288  6.40550e-12  1.99698e-13
      16.0000      796.900  7.20496e-12  1.00357e-13
      16.0000      797.514  6.71312e-12  1.02430e-13
      16.0000      798.128  6.64814e-12  8.13638e-14
      16.0000      798.742  8.31277e-12  1.13308e-13
      16.0000      799.357  8.11930e-12  8.87677e-14
      16.0000      799.972  6.91215e-12  4.55199e-13
      16.0000      800.587  6.78440e-12  7.82927e-13
      16.0000      801.203  8.13993e-12  6.55318e-13
      16.0000      801.820  7.99110e-12  3.54878e-13
      16.0000      802.437  5.61811e-12  3.79616e-13
      16.0000      803.054  3.64241e-12  2.31309e-13
      16.0000      803.672 -1.07105e-12  3.82316e-13
      16.0000      804.291  1.66900e-12  3.57060e-13
      16.0000      804.910  8.85774e-12  2.89198e-13
      16.0000      805.529  8.24047e-12  2.42661e-13
      17.0000      806.149  9.92138e-12  2.33796e-13
      17.0000      806.769  1.06797e-11  2.50560e-13
      17.0000      807.390  8.45576e-12  2.06291e-13
      17.0000      808.012  8.61922e-12  1.77120e-13
      17.0000      808.633  1.17294e-11  2.04395e-13
      17.0000      809.255  1.38413e-11  1.92882e-13
      17.0000      809.878  9.03707e-12  1.68950e-13
      17.0000      810.501  8.50835e-12  1.84118e-13
      17.0000      811.125  9.22502e-12          NaN
      17.0000      811.750  1.19502e-11          NaN
      17.0000      812.374  8.98909e-12          NaN
      17.0000      812.999  8.59454e-12          NaN
      17.0000      813.625  2.19993e-11  1.23963e-13
      17.0000      814.251  4.10576e-11  1.37896e-13
      17.0000      814.878  2.91339e-11  1.39703e-13
      17.0000      815.504  1.02406e-11  1.21613e-13
      17.0000      816.132  1.19894e-11  1.27917e-13
      17.0000      816.760  1.60513e-11  1.10593e-13
      17.0000      817.389  1.32665e-11  1.28362e-13
      17.0000      818.017  7.21112e-12  1.22162e-13
      17.0000      818.647  9.78568e-12  9.51510e-14
      17.0000      819.277  1.56602e-11  9.61480e-14
      17.0000      819.907  1.44066e-11  1.10777e-13
      17.0000      820.538  7.14578e-12  1.19035e-13
      17.0000      821.170  8.28790e-12  8.74629e-14
      17.0000      821.802  1.62609e-11          NaN
      17.0000      822.434  2.05812e-11          NaN
      17.0000      823.067  1.11048e-11  1.03690e-13
      17.0000      823.700  8.60646e-12  8.74031e-14
      17.0000      824.334  1.47955e-11  9.17645e-14
      17.0000      824.969  1.72493e-11  9.22226e-14
      17.0000      825.604  8.20146e-12  9.52641e-14
      17.0000      826.239  5.63694e-12  9.03698e-14
      17.0000      826.875  1.05816e-11  7.52135e-14
      17.0000      827.511  1.71269e-11  8.32514e-14
      17.0000      828.148  1.03537e-11  8.78037e-14
      17.0000      828.785  6.74033e-12  8.95338e-14
      17.0000      829.423  9.64275e-12  7.86421e-14
      17.0000      830.061  1.69793e-11  8.67628e-14
      17.0000      830.700  1.20721e-11  7.71012e-14
      17.0000      831.339  7.38090e-12  9.86406e-14
      17.0000      831.979  8.19588e-12  8.12972e-14
      17.0000      832.619  1.36343e-11  8.86956e-14
      17.0000      833.260  1.09184e-11  8.23200e-14
      17.0000      833.901  6.78120e-12  8.39124e-14
      17.0000      834.543  5.97269e-12  1.01645e-13
      17.0000      835.185  1.17566e-11  9.59637e-14
      17.0000      835.828  1.16180e-11  9.15390e-14
      17.0000      836.471  7.05156e-12  8.22241e-14
      17.0000      837.114  7.00813e-12  1.21100e-13
      17.0000      837.759  9.45707e-12  8.92296e-14
      17.0000      838.404  9.12328e-12  9.40027e-14
      17.0000      839.049  7.42325e-12          NaN
      17.0000      839.694  7.29654e-12          NaN
      17.0000      840.340  8.15039e-12  7.71720e-14
      17.0000      840.987  7.91814e-12  7.42253e-14
      17.0000      841.634  6.89567e-12  7.30960e-14
      17.0000      842.282  5.85997e-12  7.75670e-14
      17.0000      842.930  7.48813e-12  8.06682e-14
      17.0000      843.579  8.14889e-12  7.22331e-14
      17.0000      844.228  8.08542e-12  9.07621e-14
      17.0000      844.877  4.02075e-13          NaN
      17.0000      845.528  4.41254e-12  1.05276e-13
      17.0000      846.178  7.96454e-12  3.08104e-13
      17.0000      846.830  7.88142e-12          NaN
      17.0000      847.481  8.03822e-12  1.81932e-13
      17.0000      848.133  7.64527e-12  1.17175e-13
      17.0000      848.786  7.68317e-12  1.10279e-13
      17.0000      849.439  7.56585e-12  4.26311e-13
      17.0000      850.093  9.29912e-12  4.35107e-13
      17.0000      850.747  8.07701e-12  3.48410e-13
      17.0000      851.401  8.26952e-12  3.68407e-13
      17.0000      852.057  7.81648e-12  2.90474e-13
      17.0000      852.713  7.28491e-12          NaN
      17.0000      853.368  6.06037e-12  8.29004e-13
      17.0000      854.026  7.53379e-12  5.84458e-13
      17.0000      854.683  5.82704e-12  3.06335e-13
      18.0000      855.341  8.94711e-12          NaN
      18.0000      855.999  7.72687e-12          NaN
      18.0000      856.657  7.47921e-12  2.28525e-13
      18.0000      857.316  6.46682e-12  2.10906e-13
      18.0000      857.976  4.30000e-12  3.28518e-13
      18.0000      858.637  6.64476e-12  2.69960e-13
      18.0000      859.297  6.57752e-12  1.65509e-13
      18.0000      859.958  7.14883e-12  2.05576e-13
      18.0000      860.620  6.12152e-12  2.18510e-13
      18.0000      861.283  6.28122e-12  2.47376e-13
      18.0000      861.945  5.82784e-12  1.50801e-13
      18.0000      862.608  6.14036e-12  1.38622e-13
      18.0000      863.272  5.86416e-12  1.65246e-13
      18.0000      863.937  6.26652e-12  1.52082e-13
      18.0000      864.602  5.87897e-12  1.48286e-13
      18.0000      865.267  5.58244e-12  1.32464e-13
      18.0000      865.933  5.90285e-12  1.39860e-13
      18.0000      866.599  5.86917e-12  2.26862e-13
      18.0000      867.266  5.20757e-12  1.12869e-13
      18.0000      867.934  5.39282e-12  1.20769e-13
      18.0000      868.601  5.79405e-12  1.43556e-13
      18.0000      869.270  5.75852e-12  1.24349e-13
      18.0000      869.938  5.44832e-12  1.16393e-13
      18.0000      870.608  5.14319e-12  2.75751e-13
      18.0000      871.277  5.28156e-12  1.09743e-13
      18.0000      871.948  5.35207e-12  1.02784e-13
      18.0000      872.619  1.14939e-12  9.98235e-14
      18.0000      873.291  7.56995e-13  1.02357e-13
      18.0000      873.962  5.97190e-13  1.12476e-13
      18.0000      874.635  1.04410e-12  1.35436e-13
      18.0000      875.308  8.83391e-13  1.17775e-13
      18.0000      875.982  1.35430e-12  1.24759e-13
      18.0000      876.656  1.01657e-12  1.26585e-13
      18.0000      877.331  9.81969e-13  1.33894e-13
      18.0000      878.005  1.58330e-12  1.15567e-13
      18.0000      878.681  1.48194e-12  9.33367e-14
      18.0000      879.357  1.05509e-12  1.07795e-13
      18.0000      880.035  1.78457e-12  1.13718e-13
      18.0000      880.711  2.12890e-12  1.00457e-13
      18.0000      881.389  1.78952e-12  1.05210e-13
      18.0000      882.068  1.91542e-12  7.97621e-14
      18.0000      882.747  1.76002e-12  7.86131e-14
      18.0000      883.426  2.24946e-12  8.61076e-14
      18.0000      884.105  2.43025e-12  7.91342e-14
      18.0000      884.786  1.98027e-12  7.74141e-14
      18.0000      885.467  1.89766e-12  6.88666e-14
      18.0000      886.148  2.07996e-12  6.22676e-14
      18.0000      886.830  2.24369e-12  5.97921e-14
      18.0000      887.512  1.91951e-12  6.15989e-14
      18.0000      888.195  1.89866e-12  6.26768e-14
      18.0000      888.879  2.33506e-12  6.89708e-14
      18.0000      889.563  2.49477e-12  6.42810e-14
      18.0000      890.248  2.13171e-12  6.51380e-14
      18.0000      890.932  1.98835e-12  8.41225e-14
      18.0000      891.618  2.28949e-12  9.65725e-14
      18.0000      892.304  1.65567e-12  8.56524e-14
      18.0000      892.991  5.14294e-12  6.85189e-14
      18.0000      893.678  8.43877e-12  8.51906e-14
      18.0000      894.366  3.87130e-12  8.08545e-14
      18.0000      895.054  5.06199e-12  8.61450e-14
      18.0000      895.743  4.48442e-12  1.23219e-13
      18.0000      896.432 -1.07483e-12  1.65287e-13
      18.0000      897.122 -3.05828e-12  1.10010e-13
      18.0000      897.812  3.95615e-12  1.03201e-13
      18.0000      898.503  4.15656e-12  1.01383e-13
      18.0000      899.194  3.22456e-12  6.86573e-13
      18.0000      899.887  1.53827e-11  5.72575e-13
      18.0000      900.579  1.02513e-11  4.43578e-13
      18.0000      901.272  2.93534e-12  3.77082e-13
      18.0000      901.965  3.06456e-12  3.63855e-13
      18.0000      902.660  2.81297e-12  5.20754e-13
      18.0000      903.354  2.86498e-12  1.98494e-13
      18.0000      904.050  3.04879e-12  2.47345e-13
      18.0000      904.745  3.10102e-12  2.98738e-13
      19.0000      905.441  5.99441e-12  2.40756e-13
      19.0000      906.138  5.39629e-12  2.33767e-13
      19.0000      906.835  5.02019e-12  2.03523e-13
      19.0000      907.533  6.39197e-12  1.88683e-13
      19.0000      908.231  4.24145e-12  1.99185e-13
      19.0000      908.931  8.60214e-12  3.00791e-13
      19.0000      909.630  6.46326e-12  2.32976e-13
      19.0000      910.330  4.76324e-12  2.99982e-13
      19.0000      911.031  4.95899e-12  2.17623e-13
      19.0000      911.732  4.81570e-12  1.57706e-13
      19.0000      912.433  4.91286e-12  1.30062e-13
      19.0000      913.135  5.58796e-12  1.20820e-13
      19.0000      913.838  4.88852e-12  1.13347e-13
      19.0000      914.541  4.83192e-12  1.22780e-13
      19.0000      915.245  5.00196e-12  1.09393e-13
      19.0000      915.949  4.43561e-12  1.03190e-13
      19.0000      916.654  4.65114e-12  1.22164e-13
      19.0000      917.360  4.55297e-12  1.04019e-13
      19.0000      918.065  4.38927e-12  9.80815e-14
      19.0000      918.771  4.47591e-12  9.27163e-14
      19.0000      919.479  4.09247e-12  1.13794e-13
      19.0000      920.187  1.89646e-12  1.04943e-13
      19.0000      920.894  5.58902e-13  1.27425e-13
      19.0000      921.603 -1.38862e-13  9.02825e-14
      19.0000      922.313 -7.99763e-13  7.60790e-14
      19.0000      923.022 -7.76521e-13  7.90180e-14
      19.0000      923.732 -2.04656e-13  7.99288e-14
      19.0000      924.443 -1.42667e-13  8.65266e-14
      19.0000      925.155 -4.75009e-13  8.10367e-14
      19.0000      925.867 -3.61834e-13  7.14501e-14
      19.0000      926.579 -1.28233e-13  7.07266e-14
      19.0000      927.292 -1.90578e-14  7.14186e-14
      19.0000      928.005 -6.18012e-14  9.89279e-14
      19.0000      928.720  1.34672e-13  1.09042e-13
      19.0000      929.435  6.20631e-13  7.51910e-14
      19.0000      930.149  5.30512e-13  7.52419e-14
      19.0000      930.866  3.89757e-13  6.92263e-14
      19.0000      931.582  3.89028e-13  8.22620e-14
      19.0000      932.298  4.40113e-13  6.40184e-14
      19.0000      933.016  3.12885e-13  6.65282e-14
      19.0000      933.734  1.03991e-13  6.44777e-14
      19.0000      934.453  3.08977e-13  6.83719e-14
      19.0000      935.172  2.14149e-13  7.08606e-14
      19.0000      935.891  2.06343e-13  6.62712e-14
      19.0000      936.611  3.39092e-13  9.57533e-14
      19.0000      937.332  8.76168e-13  9.99502e-14
      19.0000      938.054  1.52493e-12  1.09854e-13
      19.0000      938.775  1.44724e-13  7.59465e-14
      19.0000      939.498  2.77469e-13  9.71802e-14
      19.0000      940.221  7.51643e-13  7.79860e-14
      19.0000      940.944  8.63601e-13  9.01676e-14
      19.0000      941.668  2.78889e-12  9.75487e-14
      19.0000      942.393  2.06060e-12  7.64165e-14
      19.0000      943.118  1.29082e-12  8.29180e-14
      19.0000      943.844  6.67225e-13          NaN
      19.0000      944.570  5.38564e-13  7.23635e-14
      19.0000      945.298  5.14789e-13  6.78404e-14
      19.0000      946.025 -3.51362e-12  9.68776e-14
      19.0000      946.753 -1.33626e-12          NaN
      19.0000      947.481  1.86240e-12  1.07140e-13
      19.0000      948.211  2.15510e-12  3.64847e-13
      19.0000      948.939  2.77100e-12  5.56368e-13
      19.0000      949.670  2.78585e-12          NaN
      19.0000      950.401  2.12668e-12  4.11524e-13
      19.0000      951.133  1.94354e-12  2.71835e-13
      19.0000      951.864  2.27429e-12  3.44187e-13
      19.0000      952.597  2.40851e-12  2.56353e-13
      19.0000      953.330  2.19920e-12  2.06540e-13
      19.0000      954.064  1.85260e-12  2.97843e-13
      20.0000      954.798  3.95754e-12  1.56666e-13
      20.0000      955.532  3.48674e-12  1.41105e-13
      20.0000      956.268  2.35737e-12  2.57605e-13
      20.0000      957.004  3.23763e-12  2.64590e-13
      20.0000      957.740  3.13585e-12  1.37415e-13
      20.0000      958.477  2.37719e-12  1.60753e-13
      20.0000      959.214  2.79049e-12  2.47454e-13
      20.0000      959.953  2.81906e-12  1.33569e-13
      20.0000      960.691  2.96451e-12  1.04270e-13
      20.0000      961.430  2.03410e-12  9.79881e-14
      20.0000      962.170  1.10711e-12  1.48749e-13
      20.0000      962.911  1.74209e-12  1.23380e-13
      20.0000      963.652  2.10708e-12  1.10843e-13
      20.0000      964.394  2.69158e-12  9.12086e-14
      20.0000      965.135  2.93321e-12  9.21918e-14
      20.0000      965.878  2.22847e-12  1.14999e-13
      20.0000      966.622  2.35142e-12  8.44798e-14
      20.0000      967.365  2.93864e-12  1.18206e-13
      20.0000      968.110  5.00063e-13  1.27421e-13
      20.0000      968.855 -1.48510e-12  1.41821e-13
      20.0000      969.600 -1.48867e-12  1.09295e-13
      20.0000      970.346 -1.38329e-12  8.78611e-14
      20.0000      971.093 -1.22154e-12  8.27347e-14
      20.0000      971.840  4.98570e-15  2.04272e-13
      20.0000      972.589 -4.05794e-13  1.44227e-13
      20.0000      973.336 -1.12798e-12  1.23399e-13
      20.0000      974.085 -6.50480e-13  1.20599e-13
      20.0000      974.836  3.71616e-15  8.74113e-14
      20.0000      975.585  1.66665e-13  7.27088e-14
      20.0000      976.337 -1.33002e-12  7.59253e-14
      20.0000      977.087 -1.00401e-12  7.55990e-14
      20.0000      977.839  4.33525e-13  6.49808e-14
      20.0000      978.592  5.60193e-13  5.67989e-14
      20.0000      979.345  4.31957e-13  6.01695e-14
      20.0000      980.098  6.05645e-13  6.08965e-14
      20.0000      980.853  7.81404e-13          NaN
      20.0000      981.608  7.22939e-13          NaN
      20.0000      982.363  5.63730e-13  6.48699e-14
      20.0000      983.119  9.53475e-13  6.21968e-14
      20.0000      983.875  9.08144e-13  6.93275e-14
      20.0000      984.633  7.62531e-13  6.93697e-14
      20.0000      985.391  1.00846e-12  9.19192e-14
      20.0000      986.149  1.38002e-12  7.60231e-14
      20.0000      986.908  1.12082e-12  7.46244e-14
      20.0000      987.667  8.69687e-13  7.12258e-14
