      11.0000      516.799  1.86250e-10  2.86227e-13
      11.0000      517.196  1.90308e-10  4.24756e-13
      11.0000      517.594  1.95849e-10  3.06435e-13
      11.0000      517.992  1.87032e-10  2.58680e-13
      11.0000      518.391  2.01229e-10  3.17333e-13
      11.0000      518.790  1.87158e-10  2.62650e-13
      11.0000      519.189  1.92775e-10  2.80081e-13
      11.0000      519.589  1.87077e-10  2.86035e-13
      11.0000      519.989  1.78300e-10  2.26352e-13
      11.0000      520.389  1.81874e-10  2.37300e-13
      11.0000      520.789  1.81692e-10  2.54683e-13
      11.0000      521.190  1.78894e-10  2.54524e-13
      11.0000      521.591  1.80823e-10  2.50250e-13
      11.0000      521.992  1.77613e-10  2.15497e-13
      11.0000      522.394  1.74426e-10  1.98573e-13
      11.0000      522.796  1.81235e-10  4.20595e-13
      11.0000      523.198  1.77935e-10  3.70617e-13
      11.0000      523.601  1.71249e-10  4.32551e-13
      11.0000      524.004  1.73816e-10          NaN
      11.0000      524.407  1.78635e-10          NaN
      11.0000      524.811  1.73137e-10  1.73054e-13
      11.0000      525.214  1.70701e-10  1.39679e-13
      11.0000      525.619  1.68366e-10  1.52437e-13
      11.0000      526.023  1.66061e-10  1.49405e-13
      11.0000      526.428  1.73409e-10  1.97730e-13
      11.0000      526.833  1.67329e-10  1.79401e-13
      11.0000      527.238  1.60262e-10  1.52765e-13
      11.0000      527.644  1.63390e-10  1.57241e-13
      11.0000      528.050  1.64310e-10  1.62205e-13
      11.0000      528.457  1.57956e-10  2.09266e-13
      11.0000      528.863  1.57930e-10  1.66072e-13
      11.0000      529.270  1.57883e-10  1.81508e-13
      11.0000      529.678  1.52413e-10  1.89142e-13
      11.0000      530.085  1.54095e-10  1.66190e-13
      11.0000      530.493  1.53485e-10  1.38220e-13
      11.0000      530.901  1.54922e-10  1.58598e-13
      11.0000      531.310  1.52800e-10  1.52661e-13
      11.0000      531.719  1.50185e-10  1.50375e-13
      11.0000      532.128  1.44910e-10  1.43123e-13
      11.0000      532.537  1.47975e-10  1.59231e-13
      11.0000      532.947  1.52031e-10  1.47126e-13
      11.0000      533.357  1.46482e-10  1.40269e-13
      11.0000      533.768  1.42140e-10  1.30499e-13
      11.0000      534.179  1.44160e-10  1.26264e-13
      11.0000      534.590  1.44896e-10  1.50883e-13
      11.0000      535.001  1.39518e-10  1.76445e-13
      11.0000      535.413  1.38848e-10  1.56631e-13
      11.0000      535.825  1.38556e-10  1.43749e-13
      11.0000      536.237  1.38908e-10  1.31720e-13
      11.0000      536.650  1.38183e-10  1.29600e-13
      11.0000      537.063  1.37398e-10  1.28540e-13
      11.0000      537.476  1.32843e-10  1.30805e-13
      11.0000      537.889  1.36024e-10          NaN
      11.0000      538.304  1.33755e-10          NaN
      11.0000      538.718  1.29549e-10  1.24166e-13
      11.0000      539.132  1.30160e-10  1.31048e-13
      11.0000      539.547  1.26406e-10  1.13668e-13
      11.0000      539.962  1.20286e-10          NaN
      11.0000      540.378  1.21165e-10          NaN
      11.0000      540.794  1.22307e-10  1.29138e-13
      11.0000      541.210  1.20190e-10  1.42615e-13
      11.0000      541.626  1.22114e-10  1.30177e-13
      11.0000      542.043  1.19925e-10  1.10791e-13
      11.0000      542.460  1.17394e-10  1.13463e-13
      11.0000      542.878  1.16768e-10  1.14709e-13
      11.0000      543.295  1.16180e-10  1.12539e-13
      11.0000      543.713  1.15038e-10  1.14481e-13
      11.0000      544.132  1.17514e-10  1.13259e-13
      11.0000      544.550  1.16302e-10  1.07032e-13
      11.0000      544.970  1.16342e-10  1.17567e-13
      11.0000      545.389  1.15309e-10  1.12196e-13
      11.0000      545.809  1.14385e-10  1.06176e-13
      11.0000      546.229  1.13247e-10  1.05911e-13
      11.0000      546.649  1.13450e-10  1.07002e-13
      11.0000      547.070  1.13580e-10  1.00060e-13
      11.0000      547.491  1.13561e-10  9.94660e-14
      11.0000      547.912  1.13007e-10  9.69493e-14
      11.0000      548.334  1.10127e-10  9.18136e-14
      11.0000      548.756  1.05713e-10  9.56443e-14
      11.0000      549.178  1.06849e-10  1.04774e-13
      11.0000      549.600  1.09039e-10  1.05854e-13
      11.0000      550.024  1.08709e-10  1.00727e-13
      11.0000      550.447  1.09000e-10  1.00874e-13
      11.0000      550.870  1.06345e-10  9.76501e-14
      11.0000      551.294  1.05344e-10  1.01832e-13
      11.0000      551.718  1.05148e-10  1.20353e-13
      11.0000      552.143  1.06250e-10  1.19007e-13
      11.0000      552.568  1.03598e-10  1.18842e-13
      11.0000      552.993  1.02232e-10  1.14445e-13
      11.0000      553.418  1.02614e-10  1.14018e-13
      11.0000      553.844  1.01287e-10  1.18805e-13
      11.0000      554.271  1.00930e-10  1.27240e-13
      11.0000      554.697  1.00076e-10  1.38471e-13
      11.0000      555.124  9.82966e-11  1.32831e-13
      11.0000      555.551  9.80890e-11  1.23426e-13
      11.0000      555.979  9.88961e-11  1.11654e-13
      11.0000      556.407  9.82492e-11  1.10698e-13
      11.0000      556.835  9.62771e-11  1.15158e-13
      11.0000      557.263  9.53149e-11  1.10686e-13
      11.0000      557.692  9.52617e-11  1.12497e-13
      11.0000      558.121  9.66137e-11  1.15059e-13
      11.0000      558.551  9.59759e-11  1.04034e-13
      12.0000      561.999  9.03820e-11  2.16423e-13
      12.0000      562.431  9.20493e-11  2.16087e-13
      12.0000      562.864  8.81367e-11  2.15772e-13
      12.0000      563.297  8.86860e-11  2.47774e-13
      12.0000      563.731  8.63233e-11  2.36725e-13
      12.0000      564.164  8.58129e-11  1.89717e-13
      12.0000      564.599  8.53903e-11  1.89095e-13
      12.0000      565.033  8.53136e-11  1.79255e-13
      12.0000      565.468  8.79579e-11  1.98195e-13
      12.0000      565.903  8.53605e-11  2.32323e-13
      12.0000      566.338  8.18776e-11  2.00168e-13
      12.0000      566.774  8.32461e-11  1.74246e-13
      12.0000      567.210  8.34994e-11  9.32295e-13
      12.0000      567.647  8.15044e-11  1.62257e-12
      12.0000      568.084  8.19879e-11  1.33946e-13
      12.0000      568.521  8.11525e-11  1.90303e-13
      12.0000      568.958  8.06267e-11  1.82721e-13
      12.0000      569.396  8.01901e-11  1.38149e-13
      12.0000      569.834  8.00199e-11          NaN
      12.0000      570.273  8.11718e-11          NaN
      12.0000      570.711  8.32068e-11  1.32046e-13
      12.0000      571.151  7.87625e-11  1.17404e-13
      12.0000      571.590  7.80998e-11  1.15690e-13
      12.0000      572.030  7.84017e-11  1.27435e-13
      12.0000      572.470  7.47847e-11  1.19569e-13
      12.0000      572.911  7.68231e-11  1.23386e-13
      12.0000      573.352  7.67146e-11  1.24447e-13
      12.0000      573.793  7.71964e-11  1.34761e-13
      12.0000      574.234  7.47662e-11  1.29088e-13
      12.0000      574.676  7.45128e-11  2.25724e-13
      12.0000      575.119  7.49317e-11  1.22786e-13
      12.0000      575.561  7.63968e-11  1.23452e-13
      12.0000      576.004  7.51652e-11  1.12453e-13
      12.0000      576.447  7.51762e-11  1.50080e-13
      12.0000      576.891  7.22426e-11  1.09650e-13
      12.0000      577.335  7.15296e-11  1.06916e-13
      12.0000      577.779  7.26094e-11  1.23670e-13
      12.0000      578.224  7.19582e-11  1.26006e-13
      12.0000      578.669  7.07415e-11  9.94928e-14
      12.0000      579.114  7.06630e-11          NaN
      12.0000      579.560  7.10787e-11          NaN
      12.0000      580.006  7.06170e-11  9.84367e-14
      12.0000      580.452  6.97570e-11  1.18002e-13
      12.0000      580.899  7.07245e-11  9.77252e-14
      12.0000      581.346  6.93143e-11  1.03353e-13
      12.0000      581.793  6.87878e-11  1.42850e-13
      12.0000      582.241  6.71822e-11          NaN
      12.0000      582.689  6.71930e-11          NaN
      12.0000      583.137  6.88393e-11  1.38365e-13
      12.0000      583.586  6.90161e-11  1.02364e-13
      12.0000      584.035  7.03381e-11  9.78775e-14
      12.0000      584.484  7.10795e-11  9.62186e-14
      12.0000      584.934  6.60839e-11  8.62740e-14
      12.0000      585.384  5.96795e-11  8.81754e-14
      12.0000      585.835  6.53292e-11  8.58725e-14
      12.0000      586.286  9.39052e-11  1.31772e-13
      12.0000      586.737  2.57377e-10  1.50996e-13
      12.0000      587.188  2.75398e-10  1.44507e-13
      12.0000      587.640  9.15209e-11  1.05673e-13
      12.0000      588.092  6.53642e-11  8.34656e-14
      12.0000      588.545  6.01077e-11  8.86867e-14
      12.0000      588.998  5.87534e-11  1.03059e-13
      12.0000      589.451  5.98548e-11  9.31976e-14
      12.0000      589.905  5.96149e-11  1.13735e-13
      12.0000      590.359  5.80533e-11  8.73752e-14
      12.0000      590.813  5.80418e-11  8.35672e-14
      12.0000      591.267  5.57004e-11  8.05869e-14
      12.0000      591.723  5.61945e-11  8.54293e-14
      12.0000      592.178  5.55894e-11  8.44861e-14
      12.0000      592.634  5.58020e-11  7.87309e-14
      12.0000      593.090  5.57761e-11  7.40325e-14
      12.0000      593.546  5.70831e-11  7.09828e-14
      12.0000      594.003  5.57200e-11  7.39539e-14
      12.0000      594.460  5.39702e-11  7.84960e-14
      12.0000      594.917  5.42013e-11  7.61664e-14
      12.0000      595.375  5.35643e-11  7.94295e-14
      12.0000      595.833  5.36846e-11  7.60002e-14
      12.0000      596.292  5.38882e-11  7.06479e-14
      12.0000      596.751  5.28690e-11  7.46369e-14
      12.0000      597.210  5.19221e-11  6.69388e-14
      12.0000      597.669  5.15518e-11  7.22305e-14
      12.0000      598.129  5.12343e-11  7.51503e-14
      12.0000      598.589  5.16616e-11  6.79800e-14
      12.0000      599.050  5.10038e-11  6.84995e-14
      12.0000      599.511  5.05040e-11  8.86333e-14
      12.0000      599.972  5.05252e-11  7.95077e-14
      12.0000      600.434  4.93725e-11  6.97696e-14
      12.0000      600.896  4.88963e-11  7.50214e-14
      12.0000      601.359  4.89507e-11  7.54412e-14
      12.0000      601.822  4.82321e-11  7.29476e-14
      12.0000      602.284  4.83835e-11  7.27257e-14
      12.0000      602.748  4.73641e-11  7.19721e-14
      12.0000      603.212  4.73552e-11  8.36422e-14
      12.0000      603.676  4.76210e-11  1.08032e-13
      12.0000      604.141  4.67180e-11  1.02798e-13
      12.0000      604.606  4.66052e-11  8.71956e-14
      12.0000      605.071  4.61388e-11  8.51893e-14
      12.0000      605.537  4.59989e-11          NaN
      12.0000      606.002  4.85628e-11          NaN
      12.0000      606.469  4.76495e-11          NaN
      12.0000      606.935  4.67544e-11  1.16586e-13
      12.0000      607.402  4.54770e-11  8.37677e-14
      13.0000      607.870  4.24655e-11          NaN
      13.0000      608.338  4.26517e-11  2.14876e-13
      13.0000      608.806  4.26946e-11  3.28155e-13
      13.0000      609.274  4.10189e-11  2.25207e-13
      13.0000      609.743  4.17420e-11  1.72641e-13
      13.0000      610.212  4.20094e-11  2.05001e-13
      13.0000      610.682  4.10547e-11  2.25448e-13
      13.0000      611.152  4.52259e-11  1.96672e-13
      13.0000      611.622  4.50484e-11  1.67321e-13
      13.0000      612.093  4.26348e-11  1.86490e-13
      13.0000      612.564  4.01562e-11  1.76822e-13
      13.0000      613.035  3.96321e-11  1.59963e-13
      13.0000      613.507  3.92616e-11  2.06700e-13
      13.0000      613.979  3.86423e-11  1.37172e-13
      13.0000      614.451  4.03175e-11  1.40770e-13
      13.0000      614.924  3.90560e-11  1.41003e-13
      13.0000      615.397  3.96859e-11  1.29222e-13
      13.0000      615.871  3.92794e-11  1.46980e-13
      13.0000      616.345  4.03166e-11  1.92883e-13
      13.0000      616.819  3.90101e-11  1.38376e-13
      13.0000      617.294  3.72825e-11  2.90769e-13
      13.0000      617.769  3.50840e-11  8.61037e-14
      13.0000      618.245  3.83731e-11  1.12982e-13
      13.0000      618.720  3.71526e-11  1.41471e-13
      13.0000      619.196  3.64643e-11  1.15394e-13
      13.0000      619.673  3.75444e-11  1.25328e-13
      13.0000      620.150  3.78924e-11  1.37193e-13
      13.0000      620.627  3.69681e-11          NaN
      13.0000      621.105  3.70698e-11          NaN
      13.0000      621.582  3.73251e-11  9.96035e-14
      13.0000      622.061  3.66281e-11  8.51779e-14
      13.0000      622.539  3.65137e-11  7.73093e-14
      13.0000      623.018  3.56004e-11  7.04212e-14
      13.0000      623.498  3.54876e-11  7.12129e-14
      13.0000      623.978  3.58242e-11  7.15587e-14
      13.0000      624.458  3.62841e-11  8.03845e-14
      13.0000      624.938  3.54472e-11  6.64839e-14
      13.0000      625.419  3.46097e-11  6.95832e-14
      13.0000      625.901  3.35376e-11  7.04707e-14
      13.0000      626.382  3.30702e-11  6.88049e-14
      13.0000      626.864  3.37087e-11  7.57988e-14
      13.0000      627.347  4.34931e-11  7.83191e-14
      13.0000      627.830  5.57362e-11  7.64427e-14
      13.0000      628.312  4.48663e-11  6.90946e-14
      13.0000      628.796  3.51183e-11  8.06605e-14
      13.0000      629.280  3.29549e-11  8.90738e-14
      13.0000      629.764  3.24688e-11  7.18433e-14
      13.0000      630.249  3.27806e-11  6.73632e-14
      13.0000      630.734  3.41075e-11  6.17178e-14
      13.0000      631.219  3.57276e-11  6.13085e-14
      13.0000      631.705  3.58372e-11  5.83908e-14
      13.0000      632.191  3.63136e-11  6.72155e-14
      13.0000      632.678  3.94685e-11  7.57128e-14
      13.0000      633.164  4.06171e-11  6.44009e-14
      13.0000      633.652  3.87912e-11  5.97848e-14
      13.0000      634.139  3.61376e-11  5.72516e-14
      13.0000      634.627  3.29367e-11  6.53461e-14
      13.0000      635.115  2.99408e-11  6.05358e-14
      13.0000      635.604  2.80912e-11  5.52370e-14
      13.0000      636.094  2.69312e-11  5.14495e-14
      13.0000      636.583  2.60208e-11  5.16428e-14
      13.0000      637.073  2.50768e-11  4.81660e-14
      13.0000      637.563  2.46210e-11  5.32226e-14
      13.0000      638.054  2.43398e-11  5.21315e-14
      13.0000      638.545  2.44458e-11  5.08766e-14
      13.0000      639.036  2.46722e-11  4.97614e-14
      13.0000      639.528  2.53814e-11  6.61776e-14
      13.0000      640.020  2.56313e-11  8.12402e-14
      13.0000      640.512  2.33841e-11  5.27004e-14
      13.0000      641.005  2.27327e-11  5.45888e-14
      13.0000      641.499  2.25294e-11  5.27756e-14
      13.0000      641.992  2.26613e-11  5.44140e-14
      13.0000      642.486  2.21388e-11  4.84683e-14
      13.0000      642.981  2.19753e-11  5.33874e-14
      13.0000      643.475  2.14270e-11  5.70398e-14
      13.0000      643.971  2.09863e-11  5.52046e-14
      13.0000      644.466  2.15744e-11  5.89883e-14
      13.0000      644.962  2.07334e-11  5.74125e-14
      13.0000      645.459  2.03678e-11  7.27534e-14
      13.0000      645.955  2.00744e-11  6.63754e-14
      13.0000      646.452  2.00268e-11  6.53426e-14
      13.0000      646.950  1.98552e-11  6.85542e-14
      13.0000      647.447  1.96708e-11  6.34377e-14
      13.0000      647.946  1.88501e-11  6.76085e-14
      13.0000      648.445  1.91485e-11  1.05402e-13
      13.0000      648.943  1.90921e-11  9.23720e-14
      13.0000      649.443  1.86473e-11  7.44027e-14
      13.0000      649.942  1.84622e-11  6.32114e-14
      13.0000      650.442  1.86490e-11  5.76016e-14
      13.0000      650.943  1.80682e-11  5.71199e-14
      13.0000      651.444  1.72876e-11  7.36011e-14
      13.0000      651.945  1.73760e-11  8.46383e-14
      13.0000      652.447  1.73069e-11  9.13066e-14
      13.0000      652.949  1.74046e-11  7.33327e-14
      13.0000      653.452  1.78178e-11          NaN
      13.0000      653.955  1.72564e-11  6.10890e-14
      13.0000      654.458  1.70849e-11  5.89200e-14
      13.0000      654.961  1.70957e-11  6.52358e-14
      13.0000      655.465  1.71481e-11  1.29241e-13
      13.0000      655.970  1.70642e-11  1.28826e-13
      13.0000      656.475  1.64052e-11  1.59450e-13
      13.0000      656.980  1.64327e-11  1.34921e-13
      14.0000      657.485  1.72147e-11  1.39735e-13
      14.0000      657.991  1.66684e-11  1.33697e-13
      14.0000      658.497  1.66888e-11  1.46707e-13
      14.0000      659.004  1.76075e-11  2.17269e-13
      14.0000      659.511  1.76166e-11  1.52438e-13
      14.0000      660.019  1.50353e-11  1.36568e-13
      14.0000      660.527  1.52597e-11  1.38706e-13
      14.0000      661.035  1.74500e-11  1.08261e-13
      14.0000      661.544  1.63625e-11  1.31953e-13
      14.0000      662.053  1.62038e-11  1.22522e-13
      14.0000      662.562  1.56335e-11  1.01337e-13
      14.0000      663.072  1.56630e-11  9.27915e-14
      14.0000      663.582  1.56376e-11  8.38669e-14
      14.0000      664.093  1.54868e-11  8.24224e-14
      14.0000      664.604  1.50124e-11  8.94529e-14
      14.0000      665.116  1.49008e-11  9.15074e-14
      14.0000      665.627  1.53295e-11  8.05685e-14
      14.0000      666.140  1.50139e-11  9.04691e-14
      14.0000      666.652  1.60473e-11  7.99671e-14
      14.0000      667.165  2.20617e-11  9.07335e-14
      14.0000      667.678  2.54625e-11  8.94026e-14
      14.0000      668.192  1.89380e-11  7.48844e-14
      14.0000      668.707  1.51230e-11  6.05105e-14
      14.0000      669.221  1.41810e-11  6.51750e-14
      14.0000      669.736  1.51701e-11  6.39782e-14
      14.0000      670.252  1.61547e-11  6.08242e-14
      14.0000      670.767  1.45846e-11  8.20028e-14
      14.0000      671.283  1.33195e-11  1.23657e-13
      14.0000      671.800  1.30803e-11  6.01190e-14
      14.0000      672.317  1.42446e-11  5.82502e-14
      14.0000      672.834  1.49957e-11  5.41754e-14
      14.0000      673.352  1.40910e-11  5.56636e-14
      14.0000      673.870  1.40654e-11  6.06820e-14
      14.0000      674.389  1.72021e-11  5.97379e-14
      14.0000      674.908  2.12306e-11  5.43719e-14
      14.0000      675.427  1.76343e-11  5.46169e-14
      14.0000      675.947  1.31833e-11  5.56139e-14
      14.0000      676.467  1.34428e-11  5.15168e-14
      14.0000      676.988  1.62653e-11  5.29888e-14
      14.0000      677.509  1.80409e-11  7.17093e-14
      14.0000      678.030  1.49420e-11  1.06700e-13
      14.0000      678.552  1.36804e-11  5.84045e-14
      14.0000      679.074  2.19341e-11  4.74203e-14
      14.0000      679.597  3.33921e-11  5.31486e-14
      14.0000      680.119  2.70103e-11  6.83489e-14
      14.0000      680.643  1.54864e-11  5.70315e-14
      14.0000      681.166  1.59871e-11  5.42080e-14
      14.0000      681.691  2.23661e-11  5.35852e-14
      14.0000      682.215  2.33219e-11  4.78248e-14
      14.0000      682.740  1.25334e-11  4.86138e-14
      14.0000      683.266  1.03491e-11          NaN
      14.0000      683.792  3.14151e-11          NaN
      14.0000      684.318  6.21006e-11  6.03952e-14
      14.0000      684.844  4.14653e-11          NaN
      14.0000      685.371  1.37612e-11          NaN
      14.0000      685.899  1.51444e-11  4.65289e-14
      14.0000      686.427  3.47602e-11          NaN
      14.0000      686.955  4.15191e-11          NaN
      14.0000      687.484  1.71631e-11  6.64586e-14
      14.0000      688.012  1.54083e-11  5.10205e-14
      14.0000      688.542  5.59858e-11  6.16961e-14
      14.0000      689.072  1.34916e-10          NaN
      14.0000      689.602  5.93391e-11          NaN
      14.0000      690.133  1.55540e-11          NaN
      14.0000      690.664  2.01960e-11          NaN
      14.0000      691.195  7.27154e-11  8.74945e-14
      14.0000      691.727  6.86763e-11  7.19677e-14
      14.0000      692.260  1.63957e-11  5.73862e-14
      14.0000      692.792  1.44408e-11  4.92032e-14
      14.0000      693.326  9.58836e-11  7.80270e-14
      14.0000      693.859  1.84703e-10  9.94396e-14
      14.0000      694.393  5.45189e-11  6.81560e-14
      14.0000      694.927  1.82289e-11  5.45371e-14
      14.0000      695.462  4.14061e-11  6.17403e-14
      14.0000      695.997  1.19491e-10  1.00197e-13
      14.0000      696.533  6.81731e-11  6.55884e-14
      14.0000      697.069  3.37235e-11  6.27653e-14
      14.0000      697.605  4.17559e-11  7.12630e-14
      14.0000      698.142  1.75124e-10  8.69610e-14
      14.0000      698.679  1.73704e-10  8.18160e-14
      14.0000      699.217  6.23482e-11  5.49629e-14
      14.0000      699.755  2.69843e-11  8.15765e-14
      14.0000      700.293  9.65746e-11  5.12440e-14
      14.0000      700.832  1.59403e-10  1.33460e-13
      14.0000      701.371  8.49801e-11  6.10270e-14
      14.0000      701.911  2.61103e-11  1.07432e-13
      14.0000      702.451  8.94668e-11  1.27492e-13
      14.0000      702.992  2.85246e-10  2.75932e-13
      14.0000      703.533  2.16843e-10  2.22133e-13
      14.0000      704.074  4.41498e-11  1.96103e-13
      14.0000      704.616  3.65244e-11  3.77423e-13
      14.0000      705.158  1.63960e-10  2.16351e-13
      14.0000      705.701  2.15332e-10  1.50342e-13
      14.0000      706.244  4.71896e-11  2.31469e-13
      15.0000      706.788  3.17411e-11  1.47150e-13
      15.0000      707.332  1.42170e-10  1.73721e-13
      15.0000      707.876  3.43425e-10  2.47746e-13
      15.0000      708.421  1.26006e-10  1.53297e-13
      15.0000      708.965  3.46814e-11  1.38387e-13
      15.0000      709.511  7.45668e-11  1.26601e-13
      15.0000      710.057  1.88498e-10          NaN
      15.0000      710.604  1.40454e-10          NaN
      15.0000      711.151  3.60888e-11  8.95133e-14
      15.0000      711.698  6.63680e-11  1.00369e-13
      15.0000      712.245  2.08699e-10  1.24714e-13
      15.0000      712.793  2.66321e-10  1.53898e-13
      15.0000      713.342  7.53184e-11  9.73362e-14
      15.0000      713.891  4.67942e-11  8.63084e-14
      15.0000      714.440  1.28128e-10  9.77099e-14
      15.0000      714.990  1.98737e-10  1.15308e-13
      15.0000      715.540  1.04743e-10  9.85817e-14
      15.0000      716.091  4.76972e-11  7.69030e-14
      15.0000      716.642  1.39038e-10  8.78777e-14
      15.0000      717.193  2.84899e-10  1.18185e-13
      15.0000      717.745  2.10674e-10  1.10481e-13
      15.0000      718.297  4.81468e-11  7.69855e-14
      15.0000      718.850  7.35650e-11  7.71837e-14
      15.0000      719.403  1.80848e-10  9.54943e-14
      15.0000      719.957  1.73332e-10  9.16222e-14
      15.0000      720.511  5.43301e-11  6.94528e-14
      15.0000      721.066  5.79372e-11          NaN
      15.0000      721.620  1.94161e-10          NaN
      15.0000      722.175  2.42882e-10  9.60469e-14
      15.0000      722.731  1.14299e-10  7.24292e-14
      15.0000      723.288  6.02372e-11  6.42339e-14
      15.0000      723.844  9.26739e-11  7.14036e-14
      15.0000      724.401  1.15786e-10  7.48605e-14
      15.0000      724.959  6.16533e-11  5.99828e-14
      15.0000      725.517  2.00327e-11  5.18556e-14
      15.0000      726.075  1.70091e-11  5.87666e-14
      15.0000      726.634  1.67706e-11  5.02927e-14
      15.0000      727.193  3.60172e-11  5.26713e-14
      15.0000      727.752  2.13370e-10  7.89391e-14
      15.0000      728.312  7.47035e-10  1.49704e-13
      15.0000      728.873  2.12587e-09  5.69844e-13
      15.0000      729.434  3.07249e-09  8.31351e-13
      15.0000      729.995  2.01209e-09  5.01903e-13
      15.0000      730.557  8.70020e-10  1.71294e-13
      15.0000      731.119  4.27790e-10          NaN
      15.0000      731.681  2.46725e-10          NaN
      15.0000      732.245  8.30478e-11  6.64510e-14
      15.0000      732.808  7.01593e-11  6.95126e-14
      15.0000      733.372  1.78790e-10  8.13245e-14
      15.0000      733.936  2.71198e-10  1.03142e-13
      15.0000      734.501  1.07492e-10  8.31891e-14
      15.0000      735.067  7.46006e-11  7.27281e-14
      15.0000      735.632  1.55768e-10  7.93273e-14
      15.0000      736.198  2.54770e-10  1.00142e-13
      15.0000      736.764  1.15657e-10  8.03758e-14
      15.0000      737.332  6.51500e-11  7.31386e-14
      15.0000      737.899  1.35577e-10  8.34895e-14
      15.0000      738.467  3.30856e-10  1.18406e-13
      15.0000      739.035  1.48840e-10  8.66692e-14
      15.0000      739.604  5.66429e-11  7.00006e-14
      15.0000      740.173  7.02601e-11  6.97793e-14
      15.0000      740.742  2.19576e-10  1.05388e-13
      15.0000      741.312  1.11557e-10  8.40559e-14
      15.0000      741.883  5.38951e-11  8.49267e-14
      15.0000      742.454  6.52871e-11  7.35107e-14
      15.0000      743.025  2.68507e-10  1.27582e-13
      15.0000      743.597  1.62199e-10  1.00966e-13
      15.0000      744.169  6.42835e-11  6.25768e-14
      15.0000      744.742  5.45002e-11  5.84725e-14
      15.0000      745.315  1.73317e-10          NaN
      15.0000      745.888  1.33931e-10  5.57327e-14
      15.0000      746.463  6.30187e-11  8.12969e-14
      15.0000      747.037  7.42040e-11  5.20216e-14
      15.0000      747.612  2.20103e-10  7.65493e-14
      15.0000      748.187  2.14792e-10  6.94213e-14
      15.0000      748.763  7.92472e-11  1.06392e-13
      15.0000      749.339  6.36530e-11  5.73451e-14
      15.0000      749.916  1.51778e-10  1.13167e-13
      15.0000      750.493  1.67301e-10  3.96768e-13
      15.0000      751.070  6.47501e-11  3.78557e-13
      15.0000      751.649  5.83908e-11  3.00017e-13
      15.0000      752.227  1.79967e-10  3.05624e-13
      15.0000      752.806  2.22723e-10  2.16290e-13
      15.0000      753.385  7.32170e-11  2.66497e-13
      15.0000      753.965  3.43625e-11  1.93674e-13
      15.0000      754.545  1.07863e-10  2.12764e-13
      15.0000      755.126  1.40919e-10          NaN
      15.0000      755.707  5.06142e-11  1.42267e-13
      16.0000      756.288  3.39190e-11  1.07709e-13
      16.0000      756.870  1.44491e-10  1.49236e-13
      16.0000      757.452  1.70830e-10  1.63411e-13
      16.0000      758.035  6.54717e-11  1.15625e-13
      16.0000      758.619  3.46770e-11  1.24056e-13
      16.0000      759.202  8.72620e-11          NaN
      16.0000      759.787  1.09427e-10          NaN
      16.0000      760.371  4.07397e-11  9.28295e-14
      16.0000      760.956  2.10299e-11  1.12442e-13
      16.0000      761.542  1.12391e-10  1.28220e-13
      16.0000      762.128  1.40232e-10  1.20245e-13
      16.0000      762.715  4.07651e-11  8.66127e-14
      16.0000      763.302  1.61648e-11  8.27724e-14
      16.0000      763.889  6.18190e-11  1.20604e-13
      16.0000      764.477  8.80882e-11  1.20900e-13
      16.0000      765.065  2.43014e-11  7.27440e-14
      16.0000      765.654  1.52057e-11  6.99384e-14
      16.0000      766.243  8.38235e-11  9.99724e-14
      16.0000      766.832  1.18122e-10  1.28792e-13
      16.0000      767.423  2.78199e-11  1.37258e-13
      16.0000      768.013  1.21116e-11  1.26220e-13
      16.0000      768.604  3.93387e-11  8.83112e-14
      16.0000      769.196  5.28867e-11  7.82812e-14
      16.0000      769.787  1.45536e-11  8.18653e-14
      16.0000      770.380  1.19858e-11  8.46778e-14
      16.0000      770.973  5.76145e-11  1.19424e-13
      16.0000      771.566  6.90582e-11  1.15074e-13
      16.0000      772.160  1.54724e-11  5.98122e-14
      16.0000      772.754  2.62266e-12  8.92066e-14
      16.0000      773.349  2.34550e-11  6.33266e-14
      16.0000      773.944  2.52219e-11  5.55014e-14
      16.0000      774.539  8.29275e-12  1.05293e-13
      16.0000      775.135  9.55033e-12  5.55723e-14
      16.0000      775.732  3.64365e-11  1.04250e-13
      16.0000      776.329  3.18830e-11  5.73607e-14
      16.0000      776.927  7.83100e-12  4.62059e-14
      16.0000      777.524  5.57915e-12  4.92226e-14
      16.0000      778.122  1.28924e-11  5.45654e-14
      16.0000      778.721  9.20607e-12  4.62139e-14
      16.0000      779.321  3.95285e-12  4.30188e-14
      16.0000      779.920  5.60517e-12  4.53020e-14
      16.0000      780.520  1.79320e-11  6.01099e-14
      16.0000      781.121  1.05789e-11  6.16462e-14
      16.0000      781.722  5.06284e-12          NaN
      16.0000      782.324  4.64334e-12          NaN
      16.0000      782.926  7.01716e-12  3.91477e-14
      16.0000      783.528  5.11454e-12  3.83862e-14
      16.0000      784.131  4.01221e-12  3.72369e-14
      16.0000      784.735  6.10124e-12  4.46264e-14
      16.0000      785.339  8.72234e-12          NaN
      16.0000      785.943  5.82471e-12          NaN
      16.0000      786.548  4.45487e-12  3.63143e-14
      16.0000      787.153  4.87455e-12  3.56096e-14
      16.0000      787.758  4.97959e-12  3.53563e-14
      16.0000      788.365  4.36384e-12  3.26198e-14
      16.0000      788.971  4.41669e-12  3.79141e-14
      16.0000      789.579  5.32388e-12  3.63394e-14
      16.0000      790.186  5.68772e-12  3.24155e-14
      16.0000      790.794  5.33604e-12  3.25780e-14
      16.0000      791.403  5.22104e-12  3.55902e-14
      16.0000      792.011  5.27144e-12          NaN
      16.0000      792.621  5.24292e-12          NaN
      16.0000      793.231  5.44318e-12  3.79432e-14
      16.0000      793.842  5.30028e-12  5.99171e-14
      16.0000      794.452  5.89717e-12  4.30648e-14
      16.0000      795.064  5.91040e-12          NaN
      16.0000      795.675  6.28630e-12  4.83874e-14
      16.0000      796.288  6.17709e-12  9.97863e-14
      16.0000      796.900  6.75614e-12  4.98186e-14
      16.0000      797.514  6.56483e-12  4.54251e-14
      16.0000      798.128  6.46168e-12  4.27735e-14
      16.0000      798.742  7.83137e-12  5.80275e-14
      16.0000      799.357  7.55839e-12  4.44982e-14
      16.0000      799.972  6.67773e-12  2.20650e-13
      16.0000      800.587  6.61836e-12  3.91859e-13
      16.0000      801.203  7.72453e-12  3.24787e-13
      16.0000      801.820  7.49623e-12  1.71789e-13
      16.0000      802.437  6.97479e-12  1.93149e-13
      16.0000      803.054  6.11425e-12  1.18283e-13
      16.0000      803.672  1.06225e-13  1.95123e-13
      16.0000      804.291  1.39033e-12  1.78832e-13
      16.0000      804.910  7.70401e-12  1.44250e-13
      16.0000      805.529  7.59634e-12  1.38421e-13
      17.0000      806.149  9.19323e-12  1.20356e-13
      17.0000      806.769  1.01546e-11  1.37846e-13
      17.0000      807.390  8.24008e-12  1.02930e-13
      17.0000      808.012  8.19414e-12  9.91571e-14
      17.0000      808.633  1.02301e-11  9.47462e-14
      17.0000      809.255  1.19790e-11  9.40840e-14
      17.0000      809.878  8.56106e-12  7.96866e-14
      17.0000      810.501  7.98490e-12  9.39987e-14
      17.0000      811.125  8.84376e-12          NaN
      17.0000      811.750  1.14020e-11          NaN
      17.0000      812.374  8.63504e-12          NaN
      17.0000      812.999  8.16071e-12          NaN
      17.0000      813.625  2.12183e-11  6.57416e-14
      17.0000      814.251  3.98281e-11  7.11811e-14
      17.0000      814.878  2.80699e-11  6.92427e-14
      17.0000      815.504  9.56964e-12  6.03388e-14
      17.0000      816.132  1.10659e-11  6.51598e-14
      17.0000      816.760  1.49358e-11  5.68242e-14
      17.0000      817.389  1.25926e-11  6.75257e-14
      17.0000      818.017  6.93713e-12  6.15867e-14
      17.0000      818.647  9.14378e-12  4.57466e-14
      17.0000      819.277  1.46853e-11  4.72773e-14
      17.0000      819.907  1.36728e-11  5.72256e-14
      17.0000      820.538  6.89250e-12  6.33000e-14
      17.0000      821.170  7.75102e-12  4.15235e-14
      17.0000      821.802  1.51757e-11          NaN
      17.0000      822.434  1.95549e-11          NaN
      17.0000      823.067  1.09557e-11  4.76781e-14
      17.0000      823.700  8.28479e-12  4.11234e-14
      17.0000      824.334  1.39980e-11  4.38253e-14
      17.0000      824.969  1.63620e-11  4.38817e-14
      17.0000      825.604  7.84422e-12  4.60650e-14
      17.0000      826.239  5.27449e-12  4.59171e-14
      17.0000      826.875  9.96231e-12  3.79684e-14
      17.0000      827.511  1.61992e-11  4.13857e-14
      17.0000      828.148  9.85749e-12  4.54939e-14
      17.0000      828.785  6.18849e-12  4.54396e-14
      17.0000      829.423  8.81304e-12  4.04839e-14
      17.0000      830.061  1.56155e-11  4.41448e-14
      17.0000      830.700  1.12816e-11  3.91084e-14
      17.0000      831.339  6.42634e-12  4.81726e-14
      17.0000      831.979  7.67520e-12  3.95146e-14
      17.0000      832.619  1.26905e-11  4.47509e-14
      17.0000      833.260  1.03161e-11  4.19970e-14
      17.0000      833.901  6.27459e-12  4.26505e-14
      17.0000      834.543  5.11898e-12  5.12830e-14
      17.0000      835.185  1.09594e-11  4.79568e-14
      17.0000      835.828  1.02848e-11  4.66191e-14
      17.0000      836.471  6.64291e-12  4.50365e-14
      17.0000      837.114  6.57702e-12  6.17460e-14
      17.0000      837.759  8.88824e-12  4.48838e-14
      17.0000      838.404  8.71974e-12  4.75906e-14
      17.0000      839.049  7.03918e-12          NaN
      17.0000      839.694  6.92287e-12          NaN
      17.0000      840.340  7.62539e-12  4.13666e-14
      17.0000      840.987  7.47930e-12  4.05742e-14
      17.0000      841.634  6.52902e-12  3.82252e-14
      17.0000      842.282  5.58515e-12  3.90131e-14
      17.0000      842.930  7.20126e-12  4.00658e-14
      17.0000      843.579  8.09358e-12  3.47504e-14
      17.0000      844.228  7.80493e-12  4.63887e-14
      17.0000      844.877  3.48637e-12          NaN
      17.0000      845.528  5.63611e-12  5.46129e-14
      17.0000      846.178  7.45278e-12  1.53576e-13
      17.0000      846.830  7.34002e-12          NaN
      17.0000      847.481  7.62235e-12  8.64894e-14
      17.0000      848.133  6.78591e-12  5.50828e-14
      17.0000      848.786  7.02883e-12  5.28240e-14
      17.0000      849.439  7.52185e-12  2.23436e-13
      17.0000      850.093  9.00889e-12  2.05115e-13
      17.0000      850.747  7.98710e-12  1.78119e-13
      17.0000      851.401  7.72900e-12  1.73460e-13
      17.0000      852.057  7.61697e-12  1.34524e-13
      17.0000      852.713  7.04200e-12          NaN
      17.0000      853.368  5.83351e-12  4.15882e-13
      17.0000      854.026  7.06429e-12  2.51449e-13
      17.0000      854.683  5.57291e-12  1.83662e-13
      18.0000      855.341  8.15297e-12          NaN
      18.0000      855.999  7.28174e-12          NaN
      18.0000      856.657 -7.99579e-12  1.23234e-13
      18.0000      857.316  6.24242e-12  1.07315e-13
      18.0000      857.976  4.08174e-12  1.69937e-13
      18.0000      858.637  6.49405e-12  1.36858e-13
      18.0000      859.297  6.14344e-12  8.51520e-14
      18.0000      859.958  6.56086e-12  1.11694e-13
      18.0000      860.620  6.00513e-12  1.10067e-13
      18.0000      861.283  6.17008e-12  1.27325e-13
      18.0000      861.945  6.08053e-12  7.77497e-14
      18.0000      862.608  5.73539e-12  7.23755e-14
      18.0000      863.272  5.67574e-12  8.42713e-14
      18.0000      863.937  5.95267e-12  8.89973e-14
      18.0000      864.602  5.72268e-12  8.08387e-14
      18.0000      865.267  5.45080e-12  6.70974e-14
      18.0000      865.933  5.68009e-12  7.28498e-14
      18.0000      866.599  5.47416e-12  1.14027e-13
      18.0000      867.266  5.09554e-12  5.93534e-14
      18.0000      867.934  5.45787e-12  6.40194e-14
      18.0000      868.601  5.33390e-12  7.35582e-14
      18.0000      869.270  5.31251e-12  5.92923e-14
      18.0000      869.938  5.10023e-12  5.85927e-14
      18.0000      870.608  4.87905e-12  1.37755e-13
      18.0000      871.277  5.09382e-12  5.47812e-14
      18.0000      871.948  4.97452e-12  5.31455e-14
      18.0000      872.619  1.38624e-12  4.98801e-14
      18.0000      873.291  9.04115e-13  5.38509e-14
      18.0000      873.962  6.12006e-13  5.84240e-14
      18.0000      874.635  6.50914e-13  5.45916e-14
      18.0000      875.308  9.13808e-13  5.77489e-14
      18.0000      875.982  1.05903e-12  5.99695e-14
      18.0000      876.656  9.66902e-13  5.70187e-14
      18.0000      877.331  9.97537e-13  6.58885e-14
      18.0000      878.005  1.58719e-12  5.83381e-14
      18.0000      878.681  1.54504e-12  4.96882e-14
      18.0000      879.357  1.19821e-12  5.54561e-14
      18.0000      880.035  1.89375e-12  5.82523e-14
      18.0000      880.711  1.94508e-12  5.05209e-14
      18.0000      881.389  1.69638e-12  5.17674e-14
      18.0000      882.068  1.78896e-12  4.17338e-14
      18.0000      882.747  1.73188e-12  4.05482e-14
      18.0000      883.426  2.12755e-12  4.28558e-14
      18.0000      884.105  2.17399e-12  3.83102e-14
      18.0000      884.786  1.85176e-12  3.87727e-14
      18.0000      885.467  1.84209e-12  3.64940e-14
      18.0000      886.148  2.03447e-12  3.37254e-14
      18.0000      886.830  2.17008e-12  3.11217e-14
      18.0000      887.512  1.88467e-12  3.30916e-14
      18.0000      888.195  1.87539e-12  3.30773e-14
      18.0000      888.879  2.23206e-12  3.54502e-14
      18.0000      889.563  2.38932e-12  3.38106e-14
      18.0000      890.248  2.07525e-12  3.29805e-14
      18.0000      890.932  1.98631e-12  3.92110e-14
      18.0000      891.618  2.31161e-12  4.57093e-14
      18.0000      892.304  2.37636e-12  4.00789e-14
      18.0000      892.991  2.49862e-12  3.54880e-14
      18.0000      893.678  4.12009e-12  3.77961e-14
      18.0000      894.366  3.04172e-12  4.02066e-14
      18.0000      895.054  4.05209e-12  4.35435e-14
      18.0000      895.743  3.76432e-12  6.18052e-14
      18.0000      896.432  2.50476e-12  8.01643e-14
      18.0000      897.122  1.84611e-12  5.71202e-14
      18.0000      897.812  3.50744e-12  5.45186e-14
      18.0000      898.503  3.46746e-12  4.68185e-14
      18.0000      899.194  2.96182e-12  3.71261e-13
      18.0000      899.887  1.50496e-11  2.84980e-13
      18.0000      900.579  1.01737e-11  2.24006e-13
      18.0000      901.272  2.92254e-12  1.88729e-13
      18.0000      901.965  3.08609e-12  1.69775e-13
      18.0000      902.660  2.87708e-12  2.60474e-13
      18.0000      903.354  2.91304e-12  1.04712e-13
      18.0000      904.050  3.07789e-12  1.26760e-13
      18.0000      904.745  3.02569e-12  1.59619e-13
      19.0000      905.441  5.55796e-12  1.21090e-13
      19.0000      906.138  5.27294e-12  1.18187e-13
      19.0000      906.835  4.86586e-12  1.02521e-13
      19.0000      907.533  6.72159e-12  9.32604e-14
      19.0000      908.231  4.26272e-12  8.97458e-14
      19.0000      908.931  9.19482e-12  1.44517e-13
      19.0000      909.630  5.43377e-12  1.20001e-13
      19.0000      910.330  3.75805e-12  1.51358e-13
      19.0000      911.031  4.73500e-12  1.13733e-13
      19.0000      911.732  4.73629e-12  8.36476e-14
      19.0000      912.433  4.62936e-12  6.88052e-14
      19.0000      913.135  5.03054e-12  6.28071e-14
      19.0000      913.838  4.50470e-12  6.12773e-14
      19.0000      914.541  4.32370e-12  6.08930e-14
      19.0000      915.245  4.76309e-12  5.38146e-14
      19.0000      915.949  4.18653e-12  5.17193e-14
      19.0000      916.654  4.78039e-12  5.71236e-14
      19.0000      917.360  4.48682e-12  5.29347e-14
      19.0000      918.065  4.17187e-12  5.16171e-14
      19.0000      918.771  4.06404e-12  4.94773e-14
      19.0000      919.479  3.81095e-12  6.03934e-14
      19.0000      920.187  1.37469e-12  5.41853e-14
      19.0000      920.894  1.64049e-14  6.53635e-14
      19.0000      921.603 -3.64671e-13  4.68102e-14
      19.0000      922.313 -7.16107e-13  3.81368e-14
      19.0000      923.022 -6.58128e-13  3.77918e-14
      19.0000      923.732 -2.77896e-13  3.92676e-14
      19.0000      924.443 -2.69385e-13  4.07472e-14
      19.0000      925.155 -5.65423e-13  4.10452e-14
      19.0000      925.867 -4.67449e-13  3.75672e-14
      19.0000      926.579 -1.74971e-13  3.54893e-14
      19.0000      927.292 -1.11806e-13  3.59278e-14
      19.0000      928.005 -1.68343e-13  4.91285e-14
      19.0000      928.720  7.35980e-14  5.32752e-14
      19.0000      929.435  4.26882e-13  3.66507e-14
      19.0000      930.149  3.71726e-13  3.78188e-14
      19.0000      930.866  2.07061e-13  3.37258e-14
      19.0000      931.582  2.16905e-13  3.95124e-14
      19.0000      932.298  3.94468e-13  3.67949e-14
      19.0000      933.016  2.55875e-13  3.58095e-14
      19.0000      933.734  4.63923e-14  3.31506e-14
      19.0000      934.453  2.99154e-13  3.49388e-14
      19.0000      935.172  2.50581e-13  3.58074e-14
      19.0000      935.891  1.74312e-13  3.72510e-14
      19.0000      936.611  1.79414e-13  5.19469e-14
      19.0000      937.332  4.31846e-13  5.12103e-14
      19.0000      938.054  1.05464e-12  5.06446e-14
      19.0000      938.775  1.25624e-13  3.86694e-14
      19.0000      939.498  1.97871e-13  4.68661e-14
      19.0000      940.221  7.03758e-13  3.81483e-14
      19.0000      940.944  6.19732e-13  4.55883e-14
      19.0000      941.668  2.18594e-12  5.01513e-14
      19.0000      942.393  1.91876e-12  3.73543e-14
      19.0000      943.118  1.45499e-12  4.31910e-14
      19.0000      943.844  9.94714e-13          NaN
      19.0000      944.570  7.83115e-13  3.26756e-14
      19.0000      945.298  4.05371e-13  3.46802e-14
      19.0000      946.025 -5.34212e-12  4.97365e-14
      19.0000      946.753 -2.46565e-12          NaN
      19.0000      947.481  1.56495e-12  5.30133e-14
      19.0000      948.211  2.06652e-12  1.97190e-13
      19.0000      948.939  2.58495e-12  2.82430e-13
      19.0000      949.670  2.44800e-12          NaN
      19.0000      950.401  1.87230e-12  2.11030e-13
      19.0000      951.133  1.69490e-12  1.50936e-13
      19.0000      951.864  2.16655e-12  1.75225e-13
      19.0000      952.597  1.96622e-12  1.28061e-13
      19.0000      953.330  1.85888e-12  1.07029e-13
      19.0000      954.064  1.92528e-12  1.48533e-13
      20.0000      954.798  3.42682e-12  7.79410e-14
      20.0000      955.532  3.25163e-12  7.13660e-14
      20.0000      956.268  2.12617e-12  1.30812e-13
      20.0000      957.004  2.86932e-12  1.35973e-13
      20.0000      957.740  2.81994e-12  7.09256e-14
      20.0000      958.477  2.50790e-12  8.36894e-14
      20.0000      959.214  2.82785e-12  1.24852e-13
      20.0000      959.953  2.99755e-12  7.42554e-14
      20.0000      960.691  3.00181e-12  5.53519e-14
      20.0000      961.430  2.03379e-12  5.10915e-14
      20.0000      962.170  1.24082e-12  7.31456e-14
      20.0000      962.911  1.53605e-12  6.19850e-14
      20.0000      963.652  1.69413e-12  5.77495e-14
      20.0000      964.394  2.38778e-12  4.58656e-14
      20.0000      965.135  2.67569e-12  4.78135e-14
      20.0000      965.878  1.93022e-12  5.89139e-14
      20.0000      966.622  2.18186e-12  4.50771e-14
      20.0000      967.365  2.85796e-12  6.08113e-14
      20.0000      968.110  3.89235e-13  6.26186e-14
      20.0000      968.855 -1.12631e-12  6.74675e-14
      20.0000      969.600 -1.46342e-12  5.60128e-14
      20.0000      970.346 -1.55629e-12  4.36874e-14
      20.0000      971.093 -1.49880e-12  3.95468e-14
      20.0000      971.840 -7.23032e-13  9.62686e-14
      20.0000      972.589 -8.53599e-13  6.98602e-14
      20.0000      973.336 -1.12007e-12  6.17755e-14
      20.0000      974.085 -7.13697e-13  6.07936e-14
      20.0000      974.836 -2.77512e-13  4.40940e-14
      20.0000      975.585 -6.37954e-13  3.66197e-14
      20.0000      976.337 -1.70691e-12  3.82745e-14
      20.0000      977.087 -9.39235e-13  3.87315e-14
      20.0000      977.839  4.08355e-13  3.36893e-14
      20.0000      978.592  5.19914e-13  2.93639e-14
      20.0000      979.345  2.92547e-13  3.18107e-14
      20.0000      980.098  4.81485e-13  3.26018e-14
      20.0000      980.853  7.25206e-13          NaN
      20.0000      981.608  6.54240e-13          NaN
      20.0000      982.363  6.30345e-13  3.32812e-14
      20.0000      983.119  8.60178e-13  3.32400e-14
      20.0000      983.875  8.33538e-13  3.59404e-14
      20.0000      984.633  9.15114e-13  3.75224e-14
      20.0000      985.391  9.87196e-13  4.33754e-14
      20.0000      986.149  1.26151e-12  3.54422e-14
      20.0000      986.908  1.03372e-12  3.48518e-14
      20.0000      987.667  8.99783e-13  3.67063e-14
