      11.0000      514.419  5.45493e-10  3.77814e-12
      11.0000      514.815  5.71695e-10  3.82811e-12
      11.0000      515.211  5.62134e-10  4.19152e-12
      11.0000      515.607  5.52824e-10  4.01592e-12
      11.0000      516.004  5.70862e-10  5.33762e-12
      11.0000      516.401  5.69859e-10  4.70001e-12
      11.0000      516.799  5.62829e-10  4.09721e-12
      11.0000      517.196  5.65083e-10  3.95044e-12
      11.0000      517.594  5.63018e-10  4.12136e-12
      11.0000      517.992  5.39645e-10  4.13207e-12
      11.0000      518.391  5.94257e-10  5.34757e-12
      11.0000      518.790  5.69943e-10  3.89456e-12
      11.0000      519.189  5.61353e-10  4.48425e-12
      11.0000      519.589  5.55782e-10  4.00280e-12
      11.0000      519.989  5.24015e-10  3.17444e-12
      11.0000      520.389  5.49415e-10  3.76955e-12
      11.0000      520.789  5.49430e-10  4.19831e-12
      11.0000      521.190  5.36132e-10  4.12800e-12
      11.0000      521.591  5.48132e-10  4.05431e-12
      11.0000      521.992  5.53285e-10  3.82328e-12
      11.0000      522.394  5.36976e-10  3.19397e-12
      11.0000      522.796  5.58445e-10  3.56828e-12
      11.0000      523.198  5.47086e-10  5.91330e-12
      11.0000      523.601  5.35903e-10  3.27845e-12
      11.0000      524.004  5.40732e-10          NaN
      11.0000      524.407  5.37578e-10          NaN
      11.0000      524.811  5.21999e-10  2.60337e-12
      11.0000      525.214  5.19074e-10  2.15240e-12
      11.0000      525.619  5.24378e-10  2.09006e-12
      11.0000      526.023  5.61159e-10  2.19198e-12
      11.0000      526.428  6.03870e-10  2.53683e-12
      11.0000      526.833  5.56365e-10  2.42070e-12
      11.0000      527.238  5.23364e-10  2.34728e-12
      11.0000      527.644  5.46346e-10  2.35489e-12
      11.0000      528.050  5.31950e-10  2.24727e-12
      11.0000      528.457  5.05847e-10  2.10226e-12
      11.0000      528.863  5.09757e-10  2.26007e-12
      11.0000      529.270  5.31313e-10  2.38394e-12
      11.0000      529.678  5.30748e-10  2.52182e-12
      11.0000      530.085  5.12183e-10  2.37163e-12
      11.0000      530.493  4.99717e-10  2.12825e-12
      11.0000      530.901  5.04387e-10  2.29707e-12
      11.0000      531.310  4.99170e-10  2.24446e-12
      11.0000      531.719  4.96857e-10  2.08596e-12
      11.0000      532.128  4.86975e-10  2.15343e-12
      11.0000      532.537  4.92115e-10  2.29345e-12
      11.0000      532.947  5.04750e-10  2.30424e-12
      11.0000      533.357  4.89525e-10  2.00352e-12
      11.0000      533.768  4.81591e-10  1.83879e-12
      11.0000      534.179  4.90415e-10  1.88452e-12
      11.0000      534.590  4.90894e-10  2.07960e-12
      11.0000      535.001  4.69596e-10  2.06471e-12
      11.0000      535.413  4.83014e-10  2.04699e-12
      11.0000      535.825  4.81473e-10  2.01449e-12
      11.0000      536.237  4.84082e-10  1.96845e-12
      11.0000      536.650  4.81323e-10  1.82304e-12
      11.0000      537.063  4.86432e-10  1.90793e-12
      11.0000      537.476  4.70619e-10  1.91225e-12
      11.0000      537.889  4.91452e-10          NaN
      11.0000      538.304  4.80732e-10          NaN
      11.0000      538.718  4.74287e-10  1.86128e-12
      11.0000      539.132  4.87839e-10  1.82361e-12
      11.0000      539.547  4.79302e-10  1.72363e-12
      11.0000      539.962  4.58845e-10          NaN
      11.0000      540.378  4.77120e-10          NaN
      11.0000      540.794  4.69461e-10  1.88691e-12
      11.0000      541.210  4.62542e-10  1.88635e-12
      11.0000      541.626  4.63089e-10  1.81788e-12
      11.0000      542.043  4.64059e-10  1.62600e-12
      11.0000      542.460  4.64136e-10  1.62582e-12
      11.0000      542.878  4.58525e-10  1.62556e-12
      11.0000      543.295  4.55744e-10  1.68655e-12
      11.0000      543.713  4.54595e-10  1.74819e-12
      11.0000      544.132  4.67963e-10  1.77681e-12
      11.0000      544.550  4.70971e-10  1.61634e-12
      11.0000      544.970  4.68313e-10  1.55366e-12
      11.0000      545.389  4.63758e-10  1.48158e-12
      11.0000      545.809  4.49940e-10  1.48025e-12
      11.0000      546.229  4.50139e-10  1.54019e-12
      11.0000      546.649  4.54056e-10  1.61896e-12
      11.0000      547.070  4.33590e-10  1.53849e-12
      11.0000      547.491  4.63209e-10  1.47172e-12
      11.0000      547.912  4.88542e-10  1.43017e-12
      11.0000      548.334  4.80326e-10  1.43207e-12
      11.0000      548.756  4.63021e-10  1.40935e-12
      11.0000      549.178  4.60213e-10  1.52053e-12
      11.0000      549.600  4.61895e-10  1.58663e-12
      11.0000      550.024  4.57893e-10  1.59328e-12
      11.0000      550.447  4.61612e-10  1.56970e-12
      11.0000      550.870  4.55974e-10  1.47591e-12
      11.0000      551.294  4.61222e-10  1.57423e-12
      11.0000      551.718  4.60800e-10  1.71497e-12
      11.0000      552.143  4.67113e-10  1.88761e-12
      11.0000      552.568  4.60969e-10  1.93978e-12
      11.0000      552.993  4.57448e-10  1.90004e-12
      11.0000      553.418  4.55908e-10  1.84393e-12
      11.0000      553.844  4.55508e-10  1.87013e-12
      11.0000      554.271  4.67504e-10  1.96514e-12
      11.0000      554.697  4.55938e-10  1.98869e-12
      11.0000      555.124  4.58807e-10  2.09924e-12
      11.0000      555.551  4.52872e-10  2.01255e-12
      11.0000      555.979  4.62802e-10  1.93062e-12
      11.0000      556.407  4.54908e-10  1.88736e-12
      11.0000      556.835  4.51158e-10  1.78045e-12
      11.0000      557.263  4.61314e-10  1.79194e-12
      11.0000      557.692  4.54845e-10  1.80108e-12
      11.0000      558.121  4.51883e-10  1.79194e-12
      11.0000      558.551  4.55101e-10  1.72282e-12
      11.0000      558.981  4.57193e-10  1.65959e-12
      11.0000      559.411  4.63528e-10  1.67322e-12
      4.00000      559.841  4.58299e-10  1.70098e-12
      4.00000      560.272  4.54575e-10  1.90128e-12
      4.00000      560.703  4.69235e-10  1.91332e-12
      12.0000      561.135  4.87161e-10  4.19241e-12
      12.0000      561.567  4.66898e-10  3.90167e-12
      12.0000      561.999  4.72141e-10  3.96734e-12
      12.0000      562.431  4.73361e-10  4.62509e-12
      12.0000      562.864  4.66740e-10  3.55522e-12
      12.0000      563.297  4.64662e-10  4.23320e-12
      12.0000      563.731  4.59091e-10  3.59268e-12
      12.0000      564.164  4.75934e-10  3.35378e-12
      12.0000      564.599  4.71987e-10  3.11771e-12
      12.0000      565.033  4.79680e-10  3.42942e-12
      12.0000      565.468  4.93777e-10  3.27529e-12
      12.0000      565.903  4.75122e-10  4.07416e-12
      12.0000      566.338  4.57263e-10  2.78438e-12
      12.0000      566.774  4.90459e-10  2.91457e-12
      12.0000      567.210  5.37950e-10  1.46404e-11
      12.0000      567.647  5.57428e-10  2.53951e-11
      12.0000      568.084  5.29009e-10  2.40414e-12
      12.0000      568.521  4.94999e-10  2.45188e-12
      12.0000      568.958  4.82401e-10  2.51818e-12
      12.0000      569.396  4.79748e-10  2.38047e-12
      12.0000      569.834  4.84053e-10          NaN
      12.0000      570.273  4.85927e-10          NaN
      12.0000      570.711  4.85037e-10  2.38674e-12
      12.0000      571.151  4.67728e-10  2.10651e-12
      12.0000      571.590  4.63851e-10  2.02746e-12
      12.0000      572.030  4.69283e-10  2.11558e-12
      12.0000      572.470  4.67073e-10  2.04444e-12
      12.0000      572.911  4.66068e-10  2.08480e-12
      12.0000      573.352  4.74021e-10  1.99387e-12
      12.0000      573.793  4.76954e-10  2.01571e-12
      12.0000      574.234  4.64393e-10  1.90364e-12
      12.0000      574.676  4.66722e-10  2.03974e-12
      12.0000      575.119  4.89067e-10  2.07034e-12
      12.0000      575.561  4.74924e-10  2.13652e-12
      12.0000      576.004  4.75251e-10  2.00188e-12
      12.0000      576.447  4.73620e-10  1.95668e-12
      12.0000      576.891  4.77404e-10  1.88096e-12
      12.0000      577.335  4.61614e-10  1.81019e-12
      12.0000      577.779  4.74447e-10  2.13485e-12
      12.0000      578.224  4.70483e-10  1.99998e-12
      12.0000      578.669  4.64222e-10  1.80445e-12
      12.0000      579.114  4.65271e-10          NaN
      12.0000      579.560  4.61776e-10          NaN
      12.0000      580.006  4.55866e-10  1.91536e-12
      12.0000      580.452  4.52178e-10  1.73550e-12
      12.0000      580.899  4.61094e-10  1.82545e-12
      12.0000      581.346  4.55392e-10  1.88853e-12
      12.0000      581.793  4.54593e-10  1.74482e-12
      12.0000      582.241  4.59715e-10          NaN
      12.0000      582.689  4.59556e-10          NaN
      12.0000      583.137  4.64403e-10  1.57262e-12
      12.0000      583.586  4.78881e-10  1.71165e-12
      12.0000      584.035  4.90242e-10  1.67478e-12
      12.0000      584.484  4.86997e-10  1.59302e-12
      12.0000      584.934  4.57034e-10  1.44974e-12
      12.0000      585.384  4.43372e-10  1.52867e-12
      12.0000      585.835  4.40257e-10  1.47174e-12
      12.0000      586.286  5.60333e-10  1.61441e-12
      12.0000      586.737  1.24648e-09  2.15960e-12
      12.0000      587.188  1.26811e-09  2.10220e-12
      12.0000      587.640  5.31828e-10  1.51615e-12
      12.0000      588.092  4.59749e-10  1.42466e-12
      12.0000      588.545  4.49779e-10  1.48030e-12
      12.0000      588.998  4.42644e-10  1.51425e-12
      12.0000      589.451  4.59344e-10  1.58896e-12
      12.0000      589.905  4.55388e-10  1.51056e-12
      12.0000      590.359  4.46467e-10  1.45149e-12
      12.0000      590.813  4.41919e-10  1.38572e-12
      12.0000      591.267  4.23327e-10  1.38806e-12
      12.0000      591.723  4.20470e-10  1.43017e-12
      12.0000      592.178  4.29935e-10  1.50567e-12
      12.0000      592.634  4.23701e-10  1.50108e-12
      12.0000      593.090  4.20681e-10  1.35089e-12
      12.0000      593.546  4.26161e-10  1.26429e-12
      12.0000      594.003  4.24627e-10  1.29449e-12
      12.0000      594.460  4.17512e-10  1.37339e-12
      12.0000      594.917  4.27465e-10  1.36301e-12
      12.0000      595.375  4.24039e-10  1.28832e-12
      12.0000      595.833  4.24057e-10  1.19800e-12
      12.0000      596.292  4.31640e-10  1.15408e-12
      12.0000      596.751  4.24240e-10  1.15629e-12
      12.0000      597.210  4.20547e-10  1.18004e-12
      12.0000      597.669  4.18418e-10  1.22165e-12
      12.0000      598.129  4.13576e-10  1.22947e-12
      12.0000      598.589  4.16095e-10  1.19814e-12
      12.0000      599.050  4.11853e-10  1.14589e-12
      12.0000      599.511  4.07952e-10  1.15053e-12
      12.0000      599.972  4.12541e-10  1.19599e-12
      12.0000      600.434  4.16854e-10  1.28086e-12
      12.0000      600.896  4.10808e-10  1.37383e-12
      12.0000      601.359  4.00957e-10  1.32545e-12
      12.0000      601.822  4.14345e-10  1.31821e-12
      12.0000      602.284  4.62070e-10  1.43010e-12
      12.0000      602.748  5.01125e-10  1.49481e-12
      12.0000      603.212  4.86242e-10  1.67980e-12
      12.0000      603.676  4.74690e-10  1.74690e-12
      12.0000      604.141  4.26690e-10  1.67958e-12
      12.0000      604.606  4.04166e-10  1.63975e-12
      4.00000      605.071  3.98637e-10  1.60749e-12
      4.00000      605.537  4.86456e-10          NaN
      4.00000      606.002  7.47316e-10          NaN
      4.00000      606.469  6.88671e-10          NaN
      4.00000      606.935  5.65254e-10  1.74978e-12
      4.00000      607.402  4.85631e-10  1.58760e-12
      4.00000      607.870  4.24724e-10  1.47623e-12
      4.00000      608.338  4.10019e-10  1.49134e-12
      4.00000      608.806  4.10665e-10  1.50240e-12
      4.00000      609.274  3.93224e-10  1.51632e-12
      4.00000      609.743  3.83194e-10  1.49320e-12
      13.0000      610.212  3.92532e-10  3.84374e-12
      13.0000      610.682  3.67399e-10  4.08572e-12
      13.0000      611.152  3.56833e-10  3.33508e-12
      13.0000      611.622  3.65614e-10  3.48562e-12
      13.0000      612.093  3.50165e-10  3.91212e-12
      13.0000      612.564  3.60934e-10  3.71791e-12
      13.0000      613.035  3.63999e-10  3.39508e-12
      13.0000      613.507  3.57343e-10  3.79387e-12
      13.0000      613.979  3.51331e-10  2.93852e-12
      13.0000      614.451  3.56665e-10  2.83851e-12
      13.0000      614.924  3.40126e-10  2.46674e-12
      13.0000      615.397  3.50410e-10  2.67193e-12
      13.0000      615.871  3.47070e-10  2.47057e-12
      13.0000      616.345  3.56072e-10  2.96102e-12
      13.0000      616.819  3.45133e-10  2.31711e-12
      13.0000      617.294  3.44457e-10  2.26234e-12
      13.0000      617.769  3.37358e-10  1.89105e-12
      13.0000      618.245  3.36774e-10  2.41266e-12
      13.0000      618.720  3.29062e-10  2.79044e-12
      13.0000      619.196  3.22558e-10  2.04297e-12
      13.0000      619.673  3.26608e-10  2.02073e-12
      13.0000      620.150  3.26603e-10  2.15542e-12
      13.0000      620.627  3.28998e-10          NaN
      13.0000      621.105  3.23297e-10          NaN
      13.0000      621.582  3.20743e-10  1.76604e-12
      13.0000      622.061  3.15579e-10  1.73309e-12
      13.0000      622.539  3.19546e-10  1.55565e-12
      13.0000      623.018  3.16531e-10  1.39871e-12
      13.0000      623.498  3.11845e-10  1.41983e-12
      13.0000      623.978  3.20180e-10  1.40074e-12
      13.0000      624.458  3.39379e-10  1.39545e-12
      13.0000      624.938  3.48054e-10  1.31507e-12
      13.0000      625.419  3.26390e-10  1.26357e-12
      13.0000      625.901  3.03090e-10  1.25938e-12
      13.0000      626.382  2.96671e-10  1.27756e-12
      13.0000      626.864  2.94929e-10  1.26707e-12
      13.0000      627.347  3.08126e-10  1.25787e-12
      13.0000      627.830  3.25921e-10  1.20311e-12
      13.0000      628.312  3.07126e-10  1.13369e-12
      13.0000      628.796  2.97221e-10  1.16351e-12
      13.0000      629.280  2.93895e-10  1.16281e-12
      13.0000      629.764  2.96152e-10  1.15082e-12
      13.0000      630.249  3.05940e-10  1.11065e-12
      13.0000      630.734  3.19296e-10  1.06226e-12
      13.0000      631.219  3.42581e-10  1.07702e-12
      13.0000      631.705  3.44133e-10  1.07523e-12
      13.0000      632.191  3.46725e-10  1.11424e-12
      13.0000      632.678  3.80861e-10  1.10353e-12
      13.0000      633.164  3.98495e-10  1.05831e-12
      13.0000      633.652  3.84551e-10  1.04001e-12
      13.0000      634.139  3.64799e-10  1.02358e-12
      13.0000      634.627  3.52052e-10  1.01682e-12
      13.0000      635.115  3.20997e-10  1.02265e-12
      13.0000      635.604  2.94741e-10  1.00109e-12
      13.0000      636.094  2.84647e-10  9.60208e-13
      13.0000      636.583  2.72394e-10  9.17563e-13
      13.0000      637.073  2.55772e-10  9.16167e-13
      13.0000      637.563  2.49914e-10  9.53573e-13
      13.0000      638.054  2.49136e-10  9.48085e-13
      13.0000      638.545  2.38441e-10  9.38882e-13
      13.0000      639.036  2.37448e-10  8.93569e-13
      13.0000      639.528  2.35056e-10  8.73533e-13
      13.0000      640.020  2.30478e-10  9.19311e-13
      13.0000      640.512  2.35102e-10  9.27015e-13
      13.0000      641.005  2.25169e-10  9.45069e-13
      13.0000      641.499  2.21627e-10  9.08051e-13
      13.0000      641.992  2.30182e-10  8.66751e-13
      13.0000      642.486  2.29130e-10  8.95151e-13
      13.0000      642.981  2.46966e-10  9.94168e-13
      13.0000      643.475  2.40085e-10  1.05431e-12
      13.0000      643.971  2.14785e-10  1.04106e-12
      13.0000      644.466  2.16016e-10  1.01957e-12
      13.0000      644.962  2.05619e-10  1.02012e-12
      13.0000      645.459  2.07087e-10  1.08222e-12
      13.0000      645.955  2.10651e-10  1.18243e-12
      13.0000      646.452  2.03310e-10  1.30696e-12
      13.0000      646.950  2.08629e-10  1.22415e-12
      13.0000      647.447  2.04089e-10  1.16546e-12
      13.0000      647.946  1.92208e-10  1.14124e-12
      13.0000      648.445  2.01277e-10  1.22769e-12
      13.0000      648.943  2.00966e-10  1.34874e-12
      13.0000      649.443  1.86813e-10  1.23352e-12
      13.0000      649.942  1.92189e-10  1.16976e-12
      4.00000      650.442  1.86975e-10  1.08230e-12
      4.00000      650.943  1.85812e-10  1.03853e-12
      4.00000      651.444  1.92897e-10  1.10119e-12
      4.00000      651.945  1.95128e-10  1.06943e-12
      4.00000      652.447  1.81017e-10  1.01185e-12
      4.00000      652.949  1.92300e-10  9.63833e-13
      4.00000      653.452  1.97933e-10  9.38068e-13
      4.00000      653.955  1.79295e-10          NaN
      4.00000      654.458  1.85733e-10          NaN
      4.00000      654.961  1.95926e-10  1.05818e-12
      4.00000      655.465  1.83189e-10  1.07472e-12
      4.00000      655.970  1.90351e-10  1.02805e-12
      4.00000      656.475  1.98226e-10  1.07108e-12
      4.00000      656.980  1.79411e-10  1.18234e-12
      4.00000      657.485  1.77097e-10  1.27246e-12
      4.00000      657.991  1.98787e-10  1.42617e-12
      4.00000      658.497  1.83510e-10  1.34894e-12
      4.00000      659.004  1.78181e-10  1.31540e-12
      4.00000      659.511  2.41688e-10  1.42612e-12
      14.0000      660.019  3.17160e-10  2.31197e-12
      14.0000      660.527  2.59702e-10  2.36533e-12
      14.0000      661.035  2.47093e-10  2.28706e-12
      14.0000      661.544  2.28700e-10  2.23822e-12
      14.0000      662.053  1.83594e-10  2.14098e-12
      14.0000      662.562  1.99525e-10  1.90738e-12
      14.0000      663.072  1.76788e-10  1.83236e-12
      14.0000      663.582  1.69670e-10  1.76367e-12
      14.0000      664.093  1.69500e-10  1.77426e-12
      14.0000      664.604  1.78216e-10  1.74663e-12
      14.0000      665.116  1.83389e-10  1.55099e-12
      14.0000      665.627  2.08342e-10  1.56058e-12
      14.0000      666.140  1.75333e-10  1.47106e-12
      14.0000      666.652  2.64683e-10  1.51091e-12
      14.0000      667.165  6.64764e-10  1.75169e-12
      14.0000      667.678  8.74206e-10  1.83556e-12
      14.0000      668.192  4.42566e-10  1.48795e-12
      14.0000      668.707  2.17577e-10  1.25798e-12
      14.0000      669.221  1.82251e-10  1.22839e-12
      14.0000      669.736  2.37208e-10  1.25695e-12
      14.0000      670.252  2.94515e-10  1.22384e-12
      14.0000      670.767  2.30812e-10  1.11445e-12
      14.0000      671.283  1.75153e-10  1.03909e-12
      14.0000      671.800  1.62697e-10  1.04356e-12
      14.0000      672.317  2.22827e-10  1.08452e-12
      14.0000      672.834  2.72771e-10  1.11947e-12
      14.0000      673.352  2.65645e-10  1.09035e-12
      14.0000      673.870  3.11822e-10  1.04041e-12
      14.0000      674.389  3.85213e-10  1.09248e-12
      14.0000      674.908  4.63005e-10  1.13907e-12
      14.0000      675.427  3.32413e-10  1.07216e-12
      14.0000      675.947  2.07677e-10  9.76163e-13
      14.0000      676.467  2.27098e-10  9.39934e-13
      14.0000      676.988  3.31449e-10  9.98414e-13
      14.0000      677.509  3.77411e-10  1.04904e-12
      14.0000      678.030  2.53808e-10  9.92008e-13
      14.0000      678.552  2.15230e-10  9.58930e-13
      14.0000      679.074  4.53872e-10  1.00673e-12
      14.0000      679.597  7.62952e-10  1.19188e-12
      14.0000      680.119  5.48732e-10  1.11540e-12
      14.0000      680.643  2.35980e-10  9.57173e-13
      14.0000      681.166  2.37059e-10  9.29259e-13
      14.0000      681.691  4.44470e-10  1.00345e-12
      14.0000      682.215  5.51666e-10  1.08432e-12
      14.0000      682.740  2.72751e-10  9.39812e-13
      14.0000      683.266  2.15885e-10          NaN
      14.0000      683.792  6.23031e-10          NaN
      14.0000      684.318  1.16345e-09  1.40253e-12
      14.0000      684.844  7.12821e-10          NaN
      14.0000      685.371  2.71560e-10          NaN
      14.0000      685.899  3.07192e-10  9.66121e-13
      14.0000      686.427  6.79601e-10          NaN
      14.0000      686.955  7.80400e-10          NaN
      14.0000      687.484  2.45999e-10  9.56719e-13
      14.0000      688.012  2.77474e-10  9.43253e-13
      14.0000      688.542  8.80322e-10  1.30107e-12
      14.0000      689.072  1.99275e-09          NaN
      14.0000      689.602  7.41090e-10          NaN
      14.0000      690.133  2.10009e-10          NaN
      14.0000      690.664  3.20176e-10          NaN
      14.0000      691.195  1.18606e-09  1.65860e-12
      14.0000      691.727  9.74497e-10  1.60522e-12
      14.0000      692.260  2.89877e-10  1.15266e-12
      14.0000      692.792  2.69581e-10  1.02663e-12
      14.0000      693.326  1.21667e-09  1.67587e-12
      14.0000      693.859  2.31852e-09  2.16760e-12
      14.0000      694.393  6.92390e-10  1.28008e-12
      14.0000      694.927  2.52442e-10  1.00972e-12
      14.0000      695.462  6.13104e-10  1.21502e-12
      4.00000      695.997  1.45108e-09  1.68579e-12
      4.00000      696.533  8.49509e-10  1.20541e-12
      4.00000      697.069  3.32461e-10  9.64898e-13
      4.00000      697.605  4.98986e-10  1.12571e-12
      4.00000      698.142  1.88653e-09  1.80787e-12
      4.00000      698.679  1.91609e-09  1.58235e-12
      4.00000      699.217  6.52808e-10  1.03743e-12
      4.00000      699.755  3.63101e-10  9.35241e-13
      4.00000      700.293  1.14649e-09  1.38380e-12
      4.00000      700.832  1.64259e-09  1.65066e-12
      4.00000      701.371  8.71477e-10  1.33585e-12
      4.00000      701.911  2.86968e-10  8.84737e-13
      4.00000      702.451  1.00610e-09  1.25125e-12
      4.00000      702.992  3.16907e-09  2.28797e-12
      4.00000      703.533  2.32012e-09  2.43728e-12
      4.00000      704.074  4.56769e-10  1.22576e-12
      4.00000      704.616  4.36600e-10  1.19956e-12
      4.00000      705.158  1.75112e-09  2.14916e-12
      4.00000      705.701  2.24414e-09  2.66844e-12
      4.00000      706.244  5.09166e-10  1.57631e-12
      4.00000      706.788  3.14696e-10  1.30776e-12
      4.00000      707.332  1.54478e-09  2.17427e-12
      4.00000      707.876  3.50812e-09          NaN
      4.00000      708.421  1.26268e-09          NaN
      4.00000      708.965  4.02169e-10  1.27515e-12
      15.0000      709.511  8.06514e-10  2.65963e-12
      15.0000      710.057  1.94381e-09          NaN
      15.0000      710.604  1.43514e-09          NaN
      15.0000      711.151  4.86924e-10  2.04401e-12
      15.0000      711.698  1.23644e-09  2.31287e-12
      15.0000      712.245  3.12055e-09  3.08339e-12
      15.0000      712.793  3.29779e-09  3.41510e-12
      15.0000      713.342  9.27046e-10  2.13518e-12
      15.0000      713.891  5.77619e-10  1.74445e-12
      15.0000      714.440  1.33435e-09  1.94042e-12
      15.0000      714.990  1.99170e-09  2.33470e-12
      15.0000      715.540  1.08052e-09  1.93217e-12
      15.0000      716.091  8.49454e-10  1.67890e-12
      15.0000      716.642  1.70757e-09  1.94028e-12
      15.0000      717.193  2.88277e-09  2.32198e-12
      15.0000      717.745  2.08253e-09  2.15655e-12
      15.0000      718.297  4.71229e-10  1.39738e-12
      15.0000      718.850  7.48482e-10  1.46099e-12
      15.0000      719.403  1.94441e-09  1.84769e-12
      15.0000      719.957  1.94546e-09  1.88770e-12
      15.0000      720.511  6.24257e-10  1.34082e-12
      15.0000      721.066  6.11065e-10          NaN
      15.0000      721.620  1.92480e-09          NaN
      15.0000      722.175  2.36952e-09  1.90185e-12
      15.0000      722.731  9.94380e-10  1.45316e-12
      15.0000      723.288  6.12150e-10  1.28632e-12
      15.0000      723.844  9.36142e-10  1.39921e-12
      15.0000      724.401  1.07032e-09  1.41423e-12
      15.0000      724.959  5.86598e-10  1.12364e-12
      15.0000      725.517  2.36470e-10  9.46403e-13
      15.0000      726.075  2.40869e-10  1.06790e-12
      15.0000      726.634  2.49895e-10  1.00313e-12
      15.0000      727.193  4.11726e-10  1.00222e-12
      15.0000      727.752  2.10449e-09  1.57698e-12
      15.0000      728.312  7.69935e-09  2.80110e-12
      15.0000      728.873  2.31025e-08  6.44755e-12
      15.0000      729.434  3.41433e-08  9.28372e-12
      15.0000      729.995  2.30224e-08  7.09659e-12
      15.0000      730.557  1.17815e-08  3.55127e-12
      15.0000      731.119  7.13122e-09          NaN
      15.0000      731.681  4.04314e-09          NaN
      15.0000      732.245  1.45364e-09  1.52291e-12
      15.0000      732.808  9.81276e-10  1.23517e-12
      15.0000      733.372  1.92908e-09  1.48572e-12
      15.0000      733.936  2.84052e-09  1.95836e-12
      15.0000      734.501  1.00821e-09  1.34266e-12
      15.0000      735.067  8.14196e-10  1.26856e-12
      15.0000      735.632  1.74133e-09  1.65026e-12
      15.0000      736.198  2.76723e-09  2.09821e-12
      15.0000      736.764  1.15143e-09  1.54339e-12
      15.0000      737.332  6.93857e-10  1.30588e-12
      15.0000      737.899  1.50828e-09  1.58152e-12
      15.0000      738.467  3.71534e-09  2.53239e-12
      15.0000      739.035  1.44443e-09  1.69998e-12
      15.0000      739.604  5.92969e-10  1.27633e-12
      15.0000      740.173  7.74794e-10  1.42987e-12
      15.0000      740.742  2.46748e-09  2.31695e-12
      15.0000      741.312  1.17084e-09  1.63136e-12
      4.00000      741.883  6.05063e-10  1.26532e-12
      4.00000      742.454  8.02635e-10  1.40003e-12
      4.00000      743.025  3.14629e-09  2.59052e-12
      4.00000      743.597  1.54865e-09  1.74729e-12
      4.00000      744.169  6.70599e-10  1.20947e-12
      4.00000      744.742  6.38615e-10  1.15148e-12
      4.00000      745.315  1.99668e-09          NaN
      4.00000      745.888  1.49748e-09          NaN
      4.00000      746.463  6.86943e-10  1.10717e-12
      4.00000      747.037  9.00631e-10  1.16739e-12
      4.00000      747.612  2.69366e-09  1.92821e-12
      4.00000      748.187  2.51958e-09  1.71443e-12
      4.00000      748.763  8.45040e-10  1.19344e-12
      4.00000      749.339  7.29173e-10  1.09590e-12
      4.00000      749.916  1.78343e-09  1.51903e-12
      4.00000      750.493  1.94861e-09  1.70777e-12
      4.00000      751.070  7.30059e-10  1.21826e-12
      4.00000      751.649  7.23638e-10  1.17111e-12
      4.00000      752.227  2.24056e-09  1.87033e-12
      4.00000      752.806  2.71210e-09  2.44107e-12
      4.00000      753.385  8.37588e-10  1.45804e-12
      4.00000      753.965  4.24268e-10  1.18805e-12
      4.00000      754.545  1.34705e-09  1.99190e-12
      4.00000      755.126  1.71552e-09  2.41580e-12
      4.00000      755.707  6.39839e-10  1.50940e-12
      4.00000      756.288  3.83779e-10  1.28302e-12
      4.00000      756.870  1.79896e-09  2.36334e-12
      4.00000      757.452  2.07536e-09  2.42892e-12
      4.00000      758.035  7.80647e-10  1.41292e-12
      4.00000      758.619  3.33316e-10  1.15437e-12
      16.0000      759.202  1.11934e-09          NaN
      16.0000      759.787  1.42394e-09          NaN
      16.0000      760.371  5.95568e-10  2.01702e-12
      16.0000      760.956  3.45239e-10  1.87747e-12
      16.0000      761.542  1.62673e-09  2.76111e-12
      16.0000      762.128  2.06058e-09  2.87057e-12
      16.0000      762.715  6.12224e-10  1.82160e-12
      16.0000      763.302  3.14674e-10  1.69951e-12
      16.0000      763.889  9.76520e-10  2.21378e-12
      16.0000      764.477  1.34400e-09  2.36979e-12
      16.0000      765.065  4.71383e-10  1.61254e-12
      16.0000      765.654  3.37485e-10  1.50374e-12
      16.0000      766.243  1.36967e-09  2.27609e-12
      16.0000      766.832  1.93704e-09  2.52471e-12
      16.0000      767.423  4.91936e-10  1.56436e-12
      16.0000      768.013  3.68084e-10  1.38150e-12
      16.0000      768.604  8.74320e-10  1.76529e-12
      16.0000      769.196  1.11250e-09  1.90172e-12
      16.0000      769.787  4.31639e-10  1.43193e-12
      16.0000      770.380  4.40053e-10  1.34873e-12
      16.0000      770.973  1.25837e-09  1.86689e-12
      16.0000      771.566  1.46575e-09  2.00598e-12
      16.0000      772.160  5.30273e-10  1.43739e-12
      16.0000      772.754  4.72837e-10  1.34363e-12
      16.0000      773.349  8.42945e-10  1.52799e-12
      16.0000      773.944  8.93111e-10  1.53566e-12
      16.0000      774.539  5.56816e-10  1.34759e-12
      16.0000      775.135  6.11538e-10  1.36826e-12
      16.0000      775.732  1.34933e-09  1.75733e-12
      16.0000      776.329  1.17643e-09  1.60999e-12
      16.0000      776.927  6.74028e-10  1.32848e-12
      16.0000      777.524  6.85786e-10  1.36490e-12
      16.0000      778.122  1.00162e-09  1.50077e-12
      16.0000      778.721  8.67903e-10  1.35860e-12
      16.0000      779.321  8.32757e-10  1.31008e-12
      16.0000      779.920  8.47196e-10  1.36305e-12
      16.0000      780.520  1.33504e-09  1.59293e-12
      16.0000      781.121  1.02790e-09  1.33360e-12
      16.0000      781.722  9.93695e-10          NaN
      16.0000      782.324  9.88982e-10          NaN
      16.0000      782.926  1.19030e-09  1.40107e-12
      16.0000      783.528  1.10771e-09  1.30477e-12
      16.0000      784.131  1.12406e-09  1.26336e-12
      16.0000      784.735  1.18063e-09  1.28096e-12
      16.0000      785.339  1.40444e-09          NaN
      16.0000      785.943  1.31395e-09          NaN
      16.0000      786.548  1.37750e-09  1.32008e-12
      16.0000      787.153  1.43330e-09  1.29328e-12
      16.0000      787.758  1.45242e-09  1.29724e-12
      16.0000      788.365  1.33849e-09  1.26225e-12
      16.0000      788.971  1.45725e-09  1.31243e-12
      16.0000      789.579  1.55335e-09  1.31497e-12
      4.00000      790.186  1.70004e-09  1.33772e-12
      4.00000      790.794  1.75778e-09  1.40964e-12
      4.00000      791.403  1.80228e-09  1.46215e-12
      4.00000      792.011  1.71677e-09          NaN
      4.00000      792.621  1.65907e-09          NaN
      4.00000      793.231  1.91914e-09  1.52781e-12
      4.00000      793.842  1.99775e-09  1.63354e-12
      4.00000      794.452  2.12062e-09  1.78265e-12
      4.00000      795.064  1.93854e-09  1.75863e-12
      4.00000      795.675  2.13953e-09  1.84464e-12
      4.00000      796.288  2.15306e-09          NaN
      4.00000      796.900  2.29798e-09          NaN
      4.00000      797.514  1.97503e-09  2.19076e-12
      4.00000      798.128  2.36470e-09  2.32586e-12
      4.00000      798.742  2.93933e-09  2.64083e-12
      4.00000      799.357  2.50844e-09  2.48345e-12
      4.00000      799.972  1.99228e-09  2.22177e-12
      4.00000      800.587  2.18001e-09  2.25219e-12
      4.00000      801.203  3.09360e-09  2.42549e-12
      4.00000      801.820  2.62076e-09  2.17567e-12
      4.00000      802.437  2.47657e-09  2.12810e-12
      4.00000      803.054  2.31178e-09  2.10250e-12
      4.00000      803.672  3.26633e-09  2.30069e-12
      4.00000      804.291  2.86353e-09  2.08947e-12
      4.00000      804.910  2.46357e-09  1.99244e-12
      4.00000      805.529  2.49709e-09  2.15795e-12
      4.00000      806.149  3.80737e-09  2.55349e-12
      4.00000      806.769  3.93886e-09  2.78270e-12
      4.00000      807.390  2.38698e-09  2.22437e-12
      4.00000      808.012  2.40326e-09  2.47132e-12
      4.00000      808.633  3.44127e-09  3.08779e-12
      17.0000      809.255  4.19903e-09  3.91256e-12
      17.0000      809.878  2.38896e-09  2.98785e-12
      17.0000      810.501  2.52071e-09  2.91849e-12
      17.0000      811.125  3.47301e-09          NaN
      17.0000      811.750  4.41560e-09          NaN
      17.0000      812.374  2.49453e-09          NaN
      17.0000      812.999  2.31161e-09          NaN
      17.0000      813.625  4.19260e-09  2.85639e-12
      17.0000      814.251  6.03436e-09  3.52170e-12
      17.0000      814.878  3.51930e-09  2.83381e-12
      17.0000      815.504  1.94622e-09  2.15137e-12
      17.0000      816.132  3.56523e-09  2.48445e-12
      17.0000      816.760  5.58467e-09  3.07650e-12
      17.0000      817.389  3.90150e-09  2.75187e-12
      17.0000      818.017  1.76183e-09  1.92067e-12
      17.0000      818.647  3.17893e-09  2.21812e-12
      17.0000      819.277  5.63315e-09  2.83276e-12
      17.0000      819.907  4.73291e-09  2.77559e-12
      17.0000      820.538  1.58547e-09  1.77659e-12
      17.0000      821.170  2.18109e-09  1.84051e-12
      17.0000      821.802  5.90796e-09          NaN
      17.0000      822.434  7.51659e-09          NaN
      17.0000      823.067  2.77844e-09  2.13570e-12
      17.0000      823.700  2.71553e-09  1.92466e-12
      17.0000      824.334  5.70374e-09  2.53567e-12
      17.0000      824.969  6.80976e-09  3.03999e-12
      17.0000      825.604  2.63964e-09  2.02759e-12
      17.0000      826.239  2.26283e-09  1.80266e-12
      17.0000      826.875  4.69059e-09  2.27656e-12
      17.0000      827.511  6.95970e-09  3.03858e-12
      17.0000      828.148  3.17355e-09  2.17428e-12
      17.0000      828.785  2.32924e-09  1.88609e-12
      17.0000      829.423  4.14127e-09  2.19290e-12
      17.0000      830.061  7.29413e-09  3.16376e-12
      17.0000      830.700  3.84907e-09  2.43084e-12
      17.0000      831.339  2.32667e-09  1.97089e-12
      17.0000      831.979  3.00902e-09  2.05543e-12
      17.0000      832.619  6.00695e-09  3.04144e-12
      17.0000      833.260  3.75053e-09  2.52421e-12
      17.0000      833.901  2.18704e-09  2.06512e-12
      17.0000      834.543  2.26360e-09  2.06330e-12
      17.0000      835.185  5.16758e-09  3.00235e-12
      17.0000      835.828  3.64995e-09  2.64048e-12
      17.0000      836.471  2.33538e-09  2.22427e-12
      17.0000      837.114  2.07659e-09  2.12661e-12
      17.0000      837.759  4.27975e-09  2.79735e-12
      17.0000      838.404  3.34789e-09  2.35554e-12
      17.0000      839.049  2.37781e-09          NaN
      4.00000      839.694  2.22500e-09          NaN
      4.00000      840.340  3.06801e-09  2.26515e-12
      4.00000      840.987  2.97756e-09  1.97296e-12
      4.00000      841.634  2.30481e-09  1.76815e-12
      4.00000      842.282  1.93783e-09  1.63306e-12
      4.00000      842.930  2.57602e-09  1.89995e-12
      4.00000      843.579  2.73073e-09  1.79971e-12
      4.00000      844.228  2.35734e-09  1.66912e-12
      4.00000      844.877  1.99736e-09  1.58582e-12
      4.00000      845.528  2.10734e-09  1.67636e-12
      4.00000      846.178  2.26529e-09  1.70329e-12
      4.00000      846.830  2.08663e-09          NaN
      4.00000      847.481  2.05505e-09          NaN
      4.00000      848.133  1.94673e-09  1.75396e-12
      4.00000      848.786  2.10952e-09  1.90602e-12
      4.00000      849.439  1.81967e-09  1.77324e-12
      4.00000      850.093  1.80145e-09  1.91943e-12
      4.00000      850.747  1.52563e-09          NaN
      4.00000      851.401  1.99570e-09          NaN
      4.00000      852.057  1.65522e-09  2.16020e-12
      4.00000      852.713  1.78174e-09  2.34151e-12
      4.00000      853.368  1.39928e-09  2.21243e-12
      4.00000      854.026  1.64690e-09  2.36719e-12
      4.00000      854.683  1.31947e-09  2.01943e-12
      4.00000      855.341  1.51788e-09  2.02923e-12
      4.00000      855.999  1.31780e-09  1.91870e-12
      4.00000      856.657  1.35479e-09  1.93622e-12
      4.00000      857.316  1.21413e-09  1.79651e-12
      4.00000      857.976  1.19037e-09  1.69964e-12
      18.0000      858.637  1.03468e-09  2.98752e-12
      18.0000      859.297  1.13374e-09  2.81271e-12
      18.0000      859.958  1.07318e-09  2.69929e-12
      18.0000      860.620  1.00709e-09  2.60594e-12
      18.0000      861.283  9.31731e-10  2.46195e-12
      18.0000      861.945  9.13413e-10  2.27297e-12
      18.0000      862.608  8.15681e-10  2.19735e-12
      18.0000      863.272  7.76863e-10  2.19831e-12
      18.0000      863.937  7.97083e-10  2.15640e-12
      18.0000      864.602  7.24561e-10  1.92496e-12
      18.0000      865.267  6.89991e-10  1.85893e-12
      18.0000      865.933  6.06005e-10  1.89315e-12
      18.0000      866.599  5.84542e-10  1.81306e-12
      18.0000      867.266  5.49461e-10  1.66596e-12
      18.0000      867.934  5.83831e-10  1.64042e-12
      18.0000      868.601  4.96015e-10  1.62552e-12
      18.0000      869.270  4.91773e-10  1.59126e-12
      18.0000      869.938  4.46556e-10  1.48035e-12
      18.0000      870.608  4.28478e-10  1.41983e-12
      18.0000      871.277  3.54875e-10  1.42509e-12
      18.0000      871.948  3.96611e-10  1.42240e-12
      18.0000      872.619  3.64756e-10  1.34773e-12
      18.0000      873.291  3.46352e-10  1.26944e-12
      18.0000      873.962  2.87900e-10  1.29588e-12
      18.0000      874.635  2.76257e-10  1.29122e-12
      18.0000      875.308  2.47999e-10  1.16910e-12
      18.0000      875.982  2.50626e-10  1.12134e-12
      18.0000      876.656  2.21685e-10  1.13485e-12
      18.0000      877.331  1.96190e-10  1.11085e-12
      18.0000      878.005  1.90726e-10  1.01416e-12
      18.0000      878.681  1.80017e-10  9.70459e-13
      18.0000      879.357  1.58419e-10  9.54872e-13
      18.0000      880.035  1.50679e-10  9.65241e-13
      18.0000      880.711  1.48197e-10  8.72018e-13
      18.0000      881.389  1.35999e-10  8.34612e-13
      18.0000      882.068  1.19541e-10  8.37341e-13
      18.0000      882.747  1.10815e-10  8.22397e-13
      18.0000      883.426  1.04253e-10  7.51674e-13
      18.0000      884.105  1.02047e-10  7.20560e-13
      18.0000      884.786  9.63594e-11  7.21849e-13
      18.0000      885.467  8.63870e-11  7.91507e-13
      18.0000      886.148  8.20247e-11  7.02713e-13
      18.0000      886.830  7.94226e-11  6.37274e-13
      18.0000      887.512  6.91355e-11  6.47661e-13
      18.0000      888.195  6.41786e-11  6.58243e-13
      4.00000      888.879  5.68710e-11  6.37965e-13
      4.00000      889.563  6.77396e-11  6.16305e-13
      4.00000      890.248  5.05261e-11  6.39767e-13
      4.00000      890.932  4.56710e-11  6.77556e-13
      4.00000      891.618  3.89122e-11  6.64946e-13
      4.00000      892.304  4.11181e-11  6.37025e-13
      4.00000      892.991  4.70671e-11  6.67795e-13
      4.00000      893.678  4.81103e-11  7.33500e-13
      4.00000      894.366  4.29207e-11  7.47140e-13
      4.00000      895.054  4.21014e-11  7.27208e-13
      4.00000      895.743  3.36890e-11  7.85104e-13
      4.00000      896.432  4.39034e-11  9.06039e-13
      4.00000      897.122  4.05082e-11  9.21540e-13
      4.00000      897.812  3.66158e-11  9.04761e-13
      4.00000      898.503  3.78768e-11  9.37486e-13
      4.00000      899.194  3.44955e-11  1.01333e-12
      4.00000      899.887  3.51988e-11  9.49038e-13
      4.00000      900.579  4.05519e-11  8.55015e-13
      4.00000      901.272  3.36485e-11  8.46506e-13
      4.00000      901.965  3.70741e-11  9.16797e-13
      4.00000      902.660  3.88573e-11  8.70499e-13
      4.00000      903.354  3.31345e-11  8.06322e-13
      4.00000      904.050  3.50508e-11  8.27860e-13
      4.00000      904.745  3.29130e-11  8.91351e-13
      4.00000      905.441  3.76872e-11  9.02884e-13
      4.00000      906.138  3.65909e-11  8.72941e-13
      4.00000      906.835  3.31334e-11  9.21653e-13
      4.00000      907.533  3.66588e-11  1.06458e-12
      4.00000      908.231  4.58220e-11  1.20357e-12
      19.0000      908.931  5.84224e-11  2.10285e-12
      19.0000      909.630  4.84534e-11  1.85122e-12
      19.0000      910.330  3.79028e-11  1.64445e-12
      19.0000      911.031  4.74071e-11  1.70794e-12
      19.0000      911.732  4.36932e-11  1.60155e-12
      19.0000      912.433  3.83423e-11  1.47014e-12
      19.0000      913.135  3.69574e-11  1.33837e-12
      19.0000      913.838  3.31785e-11  1.25996e-12
      19.0000      914.541  4.71480e-11  1.32346e-12
      19.0000      915.245  6.36701e-11  1.23046e-12
      19.0000      915.949  3.75113e-11  1.06345e-12
      19.0000      916.654  2.67630e-11  1.09527e-12
      19.0000      917.360  3.08994e-11  1.08886e-12
      19.0000      918.065  2.90102e-11  9.81989e-13
      19.0000      918.771  2.67148e-11  9.03467e-13
      19.0000      919.479  3.14040e-11  9.41809e-13
      19.0000      920.187  4.43917e-11  9.37953e-13
      19.0000      920.894  4.24738e-11  8.35196e-13
      19.0000      921.603  4.87265e-11  7.97918e-13
      19.0000      922.313  6.47973e-11  8.39277e-13
      19.0000      923.022  5.13518e-11  8.19349e-13
      19.0000      923.732  3.50564e-11  7.39669e-13
      19.0000      924.443  2.85049e-11  7.09612e-13
      19.0000      925.155  2.12304e-11  7.40133e-13
      19.0000      925.867  1.96596e-11  7.25455e-13
      19.0000      926.579  2.55607e-11  6.71060e-13
      19.0000      927.292  2.58649e-11  6.52645e-13
      19.0000      928.005  2.32541e-11  6.74430e-13
      19.0000      928.720  3.20626e-11  6.73386e-13
      19.0000      929.435  4.15529e-11  6.27360e-13
      19.0000      930.149  3.65582e-11  6.19786e-13
      19.0000      930.866  2.86964e-11  6.59513e-13
      19.0000      931.582  2.78623e-11  6.82234e-13
      19.0000      932.298  2.69123e-11  6.33651e-13
      19.0000      933.016  2.25009e-11  6.41224e-13
      19.0000      933.734  2.42568e-11  7.12870e-13
      19.0000      934.453  2.11670e-11  7.04396e-13
      19.0000      935.172  1.94550e-11  6.54160e-13
      19.0000      935.891  1.99804e-11  6.89590e-13
      19.0000      936.611  2.30818e-11  7.74983e-13
      19.0000      937.332  2.06814e-11  7.63432e-13
      4.00000      938.054  2.26273e-11  7.27087e-13
      4.00000      938.775  2.05973e-11  8.16804e-13
      4.00000      939.498  2.88960e-11  8.92053e-13
      4.00000      940.221  2.94068e-11  8.14463e-13
      4.00000      940.944  2.33614e-11  7.55976e-13
      4.00000      941.668  2.44984e-11  8.05375e-13
      4.00000      942.393  2.66764e-11  7.91857e-13
      4.00000      943.118  2.86129e-11  7.02390e-13
      4.00000      943.844  2.40016e-11  6.78279e-13
      4.00000      944.570  3.14679e-11  7.35356e-13
      4.00000      945.298  3.75136e-11  7.21843e-13
      4.00000      946.025  4.77133e-11          NaN
      4.00000      946.753  4.97831e-11          NaN
      4.00000      947.481  5.69109e-11  7.10082e-13
      4.00000      948.211  7.43453e-11  7.16377e-13
      4.00000      948.939  1.31139e-10  7.20567e-13
      4.00000      949.670  1.32049e-10  7.47128e-13
      4.00000      950.401  9.11792e-11  7.79743e-13
      4.00000      951.133  6.82382e-11          NaN
      4.00000      951.864  5.22413e-11          NaN
      4.00000      952.597  3.90876e-11  7.94537e-13
      4.00000      953.330  2.36207e-11  9.56486e-13
      4.00000      954.064  2.13040e-11  9.88400e-13
      4.00000      954.798  2.45454e-11  9.52747e-13
      4.00000      955.532  2.49449e-11  1.11468e-12
      4.00000      956.268  2.11434e-11  1.30446e-12
      4.00000      957.004  2.09863e-11  1.22594e-12
      4.00000      957.740  2.08037e-11  1.11725e-12
      20.0000      958.477  3.32773e-11  1.25472e-12
      20.0000      959.214  2.69885e-11  1.23771e-12
      20.0000      959.953  1.99679e-11  1.35258e-12
      20.0000      960.691  1.88490e-11  1.26742e-12
      20.0000      961.430  2.21633e-11  9.95745e-13
      20.0000      962.170  2.44218e-11  1.04502e-12
      20.0000      962.911  2.48473e-11  1.08311e-12
      20.0000      963.652  2.21506e-11  9.33174e-13
      20.0000      964.394  2.25055e-11  9.72326e-13
      20.0000      965.135  2.58975e-11  1.05795e-12
      20.0000      965.878  1.85884e-11  1.05215e-12
      20.0000      966.622  1.84450e-11  9.14651e-13
      20.0000      967.365  3.09128e-11  1.04571e-12
      20.0000      968.110  4.09787e-11  9.91077e-13
      20.0000      968.855  3.99402e-11  9.17337e-13
      20.0000      969.600  4.39591e-11  8.31470e-13
      20.0000      970.346  3.58713e-11  8.45222e-13
      20.0000      971.093  2.62943e-11  8.72367e-13
      20.0000      971.840  1.36387e-11  8.04011e-13
      20.0000      972.589  1.32939e-11  7.48400e-13
      20.0000      973.336  1.32840e-11  7.65083e-13
      20.0000      974.085  1.26759e-11  7.58556e-13
      20.0000      974.836  1.45508e-11  6.83518e-13
      20.0000      975.585  1.43325e-11  6.57418e-13
      20.0000      976.337  1.57922e-11  7.01922e-13
      20.0000      977.087  2.09726e-11  7.04019e-13
      20.0000      977.839  2.97268e-11  6.58933e-13
      20.0000      978.592  3.33724e-11  6.58467e-13
      20.0000      979.345  2.41204e-11  6.96687e-13
      20.0000      980.098  1.82281e-11  6.75590e-13
      20.0000      980.853  1.76399e-11          NaN
      20.0000      981.608  1.27411e-11          NaN
      20.0000      982.363  1.15259e-11  7.08214e-13
      20.0000      983.119  1.15486e-11  6.95978e-13
      20.0000      983.875  1.03203e-11  6.64060e-13
      20.0000      984.633  1.17689e-11  7.38528e-13
      20.0000      985.391  1.61079e-11  7.89783e-13
      20.0000      986.149  2.45170e-11  7.41880e-13
      20.0000      986.908  2.59867e-11  7.41304e-13
      20.0000      987.667  3.31924e-11  8.46033e-13
      20.0000      988.427  2.57147e-11  8.73887e-13
      20.0000      989.187  1.04178e-11  7.95467e-13
      20.0000      989.949  9.52153e-12  8.74807e-13
      20.0000      990.710  1.12474e-11  1.00273e-12
      20.0000      991.473  1.31540e-11  8.79818e-13
      20.0000      992.236  1.37223e-11  7.97802e-13
      20.0000      992.999  1.28251e-11  8.84603e-13
      20.0000      993.763  9.53042e-12  8.63511e-13
      20.0000      994.528  1.07974e-11  7.41763e-13
      20.0000      995.293  9.31367e-12  7.63570e-13
      20.0000      996.060  1.34956e-11  8.34734e-13
      20.0000      996.826  2.58886e-11  7.70306e-13
      20.0000      997.593  1.43260e-11  7.02853e-13
      20.0000      998.361  1.10678e-11  7.51440e-13
      20.0000      999.129  1.55586e-11  7.89183e-13
      20.0000      999.898  1.59464e-11  7.53178e-13
      20.0000      1000.67  1.60787e-11  7.32796e-13
      20.0000      1001.44  1.20579e-11  8.27511e-13
      20.0000      1002.21  7.69526e-12  9.42271e-13
      20.0000      1002.98  9.27185e-12  9.17679e-13
      20.0000      1003.75  8.94381e-12  9.42960e-13
      20.0000      1004.52  1.04311e-11  1.17584e-12
      20.0000      1005.30  7.94130e-12  1.31751e-12
      20.0000      1006.07  1.85557e-11  1.27394e-12
      20.0000      1006.84  1.18766e-11  1.50184e-12
      20.0000      1007.62  1.16377e-11  1.76829e-12
