      11.0000      514.419  5.54155e-10  3.75815e-12
      11.0000      514.815  5.75507e-10  3.82455e-12
      11.0000      515.211  5.56015e-10  4.18325e-12
      11.0000      515.607  5.36060e-10  4.00596e-12
      11.0000      516.004  5.50947e-10  5.33308e-12
      11.0000      516.401  5.63757e-10  4.69581e-12
      11.0000      516.799  5.45487e-10  4.08499e-12
      11.0000      517.196  5.60238e-10  3.96577e-12
      11.0000      517.594  5.46369e-10  4.13989e-12
      11.0000      517.992  5.30179e-10  4.12868e-12
      11.0000      518.391  5.80142e-10  5.34426e-12
      11.0000      518.790  5.44403e-10  3.86283e-12
      11.0000      519.189  5.37226e-10  4.47632e-12
      11.0000      519.589  5.37409e-10  4.00333e-12
      11.0000      519.989  5.13608e-10  3.15964e-12
      11.0000      520.389  5.39794e-10  3.76358e-12
      11.0000      520.789  5.26525e-10  4.18506e-12
      11.0000      521.190  5.12961e-10  4.12828e-12
      11.0000      521.591  5.23884e-10  4.06605e-12
      11.0000      521.992  5.39226e-10  3.83061e-12
      11.0000      522.394  5.19697e-10  3.18885e-12
      11.0000      522.796  5.44336e-10  3.55245e-12
      11.0000      523.198  5.36371e-10  5.84224e-12
      11.0000      523.601  5.21572e-10  3.26670e-12
      11.0000      524.004  5.44575e-10          NaN
      11.0000      524.407  5.37443e-10          NaN
      11.0000      524.811  5.11914e-10  2.61525e-12
      11.0000      525.214  4.98917e-10  2.13978e-12
      11.0000      525.619  5.03431e-10  2.07421e-12
      11.0000      526.023  5.45992e-10  2.18795e-12
      11.0000      526.428  5.91904e-10  2.54471e-12
      11.0000      526.833  5.55710e-10  2.43163e-12
      11.0000      527.238  5.18447e-10  2.35247e-12
      11.0000      527.644  5.35000e-10  2.35112e-12
      11.0000      528.050  5.22759e-10  2.25105e-12
      11.0000      528.457  5.00473e-10  2.10196e-12
      11.0000      528.863  5.01930e-10  2.26149e-12
      11.0000      529.270  5.12978e-10  2.37882e-12
      11.0000      529.678  5.20779e-10  2.52487e-12
      11.0000      530.085  4.98011e-10  2.36955e-12
      11.0000      530.493  4.89557e-10  2.12773e-12
      11.0000      530.901  4.86134e-10  2.29188e-12
      11.0000      531.310  5.00678e-10  2.25361e-12
      11.0000      531.719  4.81450e-10  2.07414e-12
      11.0000      532.128  4.69226e-10  2.13558e-12
      11.0000      532.537  4.75983e-10  2.28335e-12
      11.0000      532.947  4.91229e-10  2.29805e-12
      11.0000      533.357  4.77676e-10  2.00010e-12
      11.0000      533.768  4.72472e-10  1.83330e-12
      11.0000      534.179  4.76351e-10  1.87202e-12
      11.0000      534.590  4.76223e-10  2.06785e-12
      11.0000      535.001  4.71229e-10  2.06121e-12
      11.0000      535.413  4.67428e-10  2.02523e-12
      11.0000      535.825  4.71715e-10  2.01718e-12
      11.0000      536.237  4.68458e-10  1.94858e-12
      11.0000      536.650  4.70990e-10  1.81013e-12
      11.0000      537.063  4.75850e-10  1.89639e-12
      11.0000      537.476  4.58067e-10  1.90012e-12
      11.0000      537.889  4.64393e-10          NaN
      11.0000      538.304  4.74458e-10          NaN
      11.0000      538.718  4.57452e-10  1.85958e-12
      11.0000      539.132  5.36583e-10  1.83051e-12
      11.0000      539.547  4.84592e-10  1.72198e-12
      11.0000      539.962  4.37828e-10          NaN
      11.0000      540.378  4.52346e-10          NaN
      11.0000      540.794  4.62740e-10  1.87954e-12
      11.0000      541.210  4.65135e-10  1.89236e-12
      11.0000      541.626  4.55739e-10  1.79799e-12
      11.0000      542.043  4.45461e-10  1.61017e-12
      11.0000      542.460  4.55638e-10  1.62141e-12
      11.0000      542.878  4.49137e-10  1.61616e-12
      11.0000      543.295  4.43569e-10  1.67381e-12
      11.0000      543.713  4.49264e-10  1.74765e-12
      11.0000      544.132  4.58709e-10  1.76420e-12
      11.0000      544.550  4.59744e-10  1.61063e-12
      11.0000      544.970  4.64282e-10  1.55478e-12
      11.0000      545.389  4.60552e-10  1.48411e-12
      11.0000      545.809  4.51200e-10  1.48024e-12
      11.0000      546.229  4.52561e-10  1.53900e-12
      11.0000      546.649  4.56580e-10  1.61247e-12
      11.0000      547.070  4.63305e-10  1.56291e-12
      11.0000      547.491  4.75038e-10  1.48193e-12
      11.0000      547.912  4.83284e-10  1.42621e-12
      11.0000      548.334  4.75290e-10  1.43010e-12
      11.0000      548.756  4.57159e-10  1.40757e-12
      11.0000      549.178  4.59353e-10  1.52119e-12
      11.0000      549.600  4.64290e-10  1.58643e-12
      11.0000      550.024  4.54845e-10  1.58524e-12
      11.0000      550.447  4.48001e-10  1.55011e-12
      11.0000      550.870  4.48263e-10  1.46461e-12
      11.0000      551.294  4.47246e-10  1.55373e-12
      11.0000      551.718  4.64375e-10  1.71420e-12
      11.0000      552.143  4.68665e-10  1.88675e-12
      11.0000      552.568  4.54772e-10  1.92992e-12
      11.0000      552.993  4.47301e-10  1.88319e-12
      11.0000      553.418  4.50866e-10  1.83832e-12
      11.0000      553.844  4.46352e-10  1.85792e-12
      11.0000      554.271  4.59160e-10  1.95187e-12
      11.0000      554.697  4.52662e-10  1.98192e-12
      11.0000      555.124  4.70185e-10  2.10590e-12
      11.0000      555.551  4.42386e-10  2.01012e-12
      11.0000      555.979  4.57583e-10  1.92585e-12
      11.0000      556.407  4.44224e-10  1.87986e-12
      11.0000      556.835  4.44055e-10  1.77687e-12
      11.0000      557.263  4.61227e-10  1.79873e-12
      11.0000      557.692  4.65100e-10  1.80748e-12
      11.0000      558.121  4.61379e-10  1.80728e-12
      11.0000      558.551  4.50032e-10  1.72195e-12
      11.0000      558.981  4.49493e-10  1.65537e-12
      11.0000      559.411  4.55778e-10  1.66354e-12
      4.00000      559.841  4.53074e-10  1.69504e-12
      4.00000      560.272  4.48152e-10  1.89966e-12
      4.00000      560.703  4.65303e-10  1.91639e-12
      12.0000      561.135  4.65694e-10  4.21525e-12
      12.0000      561.567  4.45932e-10  3.88232e-12
      12.0000      561.999  4.67217e-10  3.96607e-12
      12.0000      562.431  4.52042e-10  4.61439e-12
      12.0000      562.864  4.59638e-10  3.55411e-12
      12.0000      563.297  4.70873e-10  4.22926e-12
      12.0000      563.731  4.61052e-10  3.59928e-12
      12.0000      564.164  4.70649e-10  3.35213e-12
      12.0000      564.599  4.56515e-10  3.12667e-12
      12.0000      565.033  4.56112e-10  3.42469e-12
      12.0000      565.468  4.75442e-10  3.26227e-12
      12.0000      565.903  4.67514e-10  4.05808e-12
      12.0000      566.338  4.52562e-10  2.77821e-12
      12.0000      566.774  4.64930e-10  2.91062e-12
      12.0000      567.210  4.97567e-10  1.46676e-11
      12.0000      567.647  5.26829e-10  2.54477e-11
      12.0000      568.084  5.16165e-10  2.39957e-12
      12.0000      568.521  4.78969e-10  2.44146e-12
      12.0000      568.958  4.68518e-10  2.51553e-12
      12.0000      569.396  4.74256e-10  2.38865e-12
      12.0000      569.834  4.69221e-10          NaN
      12.0000      570.273  4.63337e-10          NaN
      12.0000      570.711  4.70255e-10  2.58459e-12
      12.0000      571.151  4.59076e-10  2.34882e-12
      12.0000      571.590  4.62624e-10  2.07996e-12
      12.0000      572.030  4.64021e-10  2.11240e-12
      12.0000      572.470  4.46690e-10  2.00966e-12
      12.0000      572.911  4.52947e-10  2.07329e-12
      12.0000      573.352  4.65509e-10  1.98679e-12
      12.0000      573.793  4.71137e-10  2.00912e-12
      12.0000      574.234  4.58183e-10  1.89490e-12
      12.0000      574.676  4.52417e-10  2.03519e-12
      12.0000      575.119  4.74627e-10  2.06340e-12
      12.0000      575.561  4.64652e-10  2.12489e-12
      12.0000      576.004  4.66279e-10  1.98915e-12
      12.0000      576.447  4.70360e-10  1.95420e-12
      12.0000      576.891  4.65940e-10  1.85959e-12
      12.0000      577.335  4.56747e-10  1.80531e-12
      12.0000      577.779  4.64071e-10  2.11470e-12
      12.0000      578.224  4.55742e-10  1.98685e-12
      12.0000      578.669  4.43194e-10  1.79463e-12
      12.0000      579.114  4.54351e-10          NaN
      12.0000      579.560  4.59671e-10          NaN
      12.0000      580.006  4.51319e-10  1.90217e-12
      12.0000      580.452  4.43026e-10  1.72301e-12
      12.0000      580.899  4.55700e-10  1.81681e-12
      12.0000      581.346  4.37824e-10  1.87190e-12
      12.0000      581.793  4.47216e-10  1.73270e-12
      12.0000      582.241  4.50075e-10          NaN
      12.0000      582.689  4.44356e-10          NaN
      12.0000      583.137  4.50787e-10  1.55343e-12
      12.0000      583.586  4.61361e-10  1.69854e-12
      12.0000      584.035  4.84845e-10  1.67519e-12
      12.0000      584.484  4.78268e-10  1.57465e-12
      12.0000      584.934  4.52009e-10  1.44828e-12
      12.0000      585.384  4.19870e-10  1.48290e-12
      12.0000      585.835  4.23152e-10  1.45995e-12
      12.0000      586.286  4.87045e-10  1.55630e-12
      12.0000      586.737  9.94368e-10  1.96601e-12
      12.0000      587.188  1.42161e-09  2.18649e-12
      12.0000      587.640  6.26663e-10  1.57447e-12
      12.0000      588.092  4.57538e-10  1.41892e-12
      12.0000      588.545  4.38960e-10  1.46373e-12
      12.0000      588.998  4.25532e-10  1.49471e-12
      12.0000      589.451  4.47755e-10  1.55110e-12
      12.0000      589.905  4.46741e-10  1.50756e-12
      12.0000      590.359  4.41243e-10  1.46363e-12
      12.0000      590.813  4.33045e-10  1.37694e-12
      12.0000      591.267  4.15692e-10  1.38140e-12
      12.0000      591.723  4.05706e-10  1.41459e-12
      12.0000      592.178  4.22199e-10  1.49754e-12
      12.0000      592.634  4.15954e-10  1.49586e-12
      12.0000      593.090  4.09522e-10  1.34739e-12
      12.0000      593.546  4.16246e-10  1.26186e-12
      12.0000      594.003  4.16807e-10  1.29398e-12
      12.0000      594.460  4.11481e-10  1.37433e-12
      12.0000      594.917  4.18856e-10  1.36877e-12
      12.0000      595.375  4.09947e-10  1.28715e-12
      12.0000      595.833  4.18206e-10  1.19849e-12
      12.0000      596.292  4.23220e-10  1.15052e-12
      12.0000      596.751  4.11981e-10  1.15176e-12
      12.0000      597.210  4.10796e-10  1.17505e-12
      12.0000      597.669  4.10129e-10  1.21732e-12
      12.0000      598.129  4.04933e-10  1.22431e-12
      12.0000      598.589  4.06202e-10  1.18866e-12
      12.0000      599.050  4.04579e-10  1.13262e-12
      12.0000      599.511  4.03103e-10  1.14475e-12
      12.0000      599.972  4.00416e-10  1.18365e-12
      12.0000      600.434  4.05348e-10  1.26778e-12
      12.0000      600.896  4.03669e-10  1.36577e-12
      12.0000      601.359  3.90121e-10  1.31614e-12
      12.0000      601.822  4.00076e-10  1.30745e-12
      12.0000      602.284  4.23631e-10  1.39903e-12
      12.0000      602.748  4.61385e-10  1.44970e-12
      12.0000      603.212  4.62760e-10  1.65256e-12
      12.0000      603.676  4.61573e-10  1.72923e-12
      12.0000      604.141  4.34476e-10  1.68483e-12
      12.0000      604.606  3.95738e-10  1.63519e-12
      4.00000      605.071  3.86080e-10  1.60261e-12
      4.00000      605.537  4.19775e-10          NaN
      4.00000      606.002  6.54721e-10          NaN
      4.00000      606.469  6.62359e-10          NaN
      4.00000      606.935  5.46651e-10  1.73389e-12
      4.00000      607.402  4.77768e-10  1.58785e-12
      4.00000      607.870  4.14671e-10  1.45829e-12
      4.00000      608.338  3.97224e-10  1.47608e-12
      4.00000      608.806  3.92591e-10  1.48496e-12
      4.00000      609.274  3.81478e-10  1.51056e-12
      4.00000      609.743  3.68415e-10  1.49122e-12
      13.0000      610.212  3.59198e-10  3.83664e-12
      13.0000      610.682  3.62402e-10  4.04720e-12
      13.0000      611.152  3.55453e-10  3.30901e-12
      13.0000      611.622  3.58319e-10  3.46992e-12
      13.0000      612.093  3.44642e-10  3.91980e-12
      13.0000      612.564  3.41883e-10  3.69705e-12
      13.0000      613.035  3.40626e-10  3.39507e-12
      13.0000      613.507  3.48899e-10  3.78303e-12
      13.0000      613.979  3.32236e-10  2.92698e-12
      13.0000      614.451  3.40977e-10  2.83032e-12
      13.0000      614.924  3.41495e-10  2.46371e-12
      13.0000      615.397  3.55072e-10  2.69302e-12
      13.0000      615.871  3.33507e-10  2.49059e-12
      13.0000      616.345  3.47385e-10  2.95890e-12
      13.0000      616.819  3.31888e-10  2.31406e-12
      13.0000      617.294  3.32232e-10  2.25581e-12
      13.0000      617.769  3.26255e-10  1.88709e-12
      13.0000      618.245  3.27076e-10  2.41904e-12
      13.0000      618.720  3.19921e-10  2.79078e-12
      13.0000      619.196  3.15151e-10  2.03923e-12
      13.0000      619.673  3.10517e-10  2.01209e-12
      13.0000      620.150  3.08393e-10  2.14818e-12
      13.0000      620.627  3.43788e-10          NaN
      13.0000      621.105  3.40692e-10          NaN
      13.0000      621.582  3.16819e-10  1.75836e-12
      13.0000      622.061  3.04016e-10  1.72795e-12
      13.0000      622.539  2.97638e-10  1.54155e-12
      13.0000      623.018  3.01639e-10  1.39068e-12
      13.0000      623.498  3.07313e-10  1.41188e-12
      13.0000      623.978  3.10058e-10  1.38252e-12
      13.0000      624.458  3.20393e-10  1.37741e-12
      13.0000      624.938  3.36111e-10  1.30436e-12
      13.0000      625.419  3.19723e-10  1.25929e-12
      13.0000      625.901  2.95291e-10  1.25475e-12
      13.0000      626.382  2.89408e-10  1.27669e-12
      13.0000      626.864  2.90462e-10  1.27117e-12
      13.0000      627.347  2.94315e-10  1.24565e-12
      13.0000      627.830  3.13517e-10  1.19244e-12
      13.0000      628.312  3.01128e-10  1.12805e-12
      13.0000      628.796  2.95240e-10  1.16147e-12
      13.0000      629.280  2.84707e-10  1.15589e-12
      13.0000      629.764  2.81401e-10  1.14272e-12
      13.0000      630.249  2.96776e-10  1.10026e-12
      13.0000      630.734  3.03418e-10  1.05071e-12
      13.0000      631.219  3.26819e-10  1.05666e-12
      13.0000      631.705  3.32600e-10  1.07196e-12
      13.0000      632.191  3.32073e-10  1.10496e-12
      13.0000      632.678  3.56416e-10  1.09105e-12
      13.0000      633.164  3.83640e-10  1.04945e-12
      13.0000      633.652  3.71118e-10  1.03009e-12
      13.0000      634.139  3.53767e-10  1.01495e-12
      13.0000      634.627  3.42199e-10  1.01076e-12
      13.0000      635.115  3.13124e-10  1.01887e-12
      13.0000      635.604  2.90356e-10  9.96696e-13
      13.0000      636.094  2.78299e-10  9.55200e-13
      13.0000      636.583  2.66603e-10  9.12558e-13
      13.0000      637.073  2.51582e-10  9.14654e-13
      13.0000      637.563  2.43386e-10  9.51603e-13
      13.0000      638.054  2.42990e-10  9.46129e-13
      13.0000      638.545  2.30514e-10  9.36343e-13
      13.0000      639.036  2.25454e-10  8.86924e-13
      13.0000      639.528  2.30163e-10  8.69099e-13
      13.0000      640.020  2.28463e-10  9.14067e-13
      13.0000      640.512  2.29715e-10  9.22106e-13
      13.0000      641.005  2.28895e-10  9.42029e-13
      13.0000      641.499  2.22788e-10  9.04285e-13
      13.0000      641.992  2.15097e-10  8.57224e-13
      13.0000      642.486  2.23176e-10  8.87791e-13
      13.0000      642.981  2.40351e-10  9.89958e-13
      13.0000      643.475  2.34438e-10  1.04601e-12
      13.0000      643.971  2.14897e-10  1.04363e-12
      13.0000      644.466  2.13696e-10  1.02386e-12
      13.0000      644.962  2.04525e-10  1.02748e-12
      13.0000      645.459  1.98722e-10  1.07385e-12
      13.0000      645.955  2.07444e-10  1.17873e-12
      13.0000      646.452  2.03148e-10  1.29822e-12
      13.0000      646.950  2.01113e-10  1.21455e-12
      13.0000      647.447  2.00033e-10  1.16155e-12
      13.0000      647.946  1.94012e-10  1.14195e-12
      13.0000      648.445  1.98680e-10  1.23016e-12
      13.0000      648.943  1.97151e-10  1.36042e-12
      13.0000      649.443  1.87647e-10  1.23386e-12
      13.0000      649.942  1.86266e-10  1.16757e-12
      4.00000      650.442  1.85968e-10  1.08237e-12
      4.00000      650.943  1.82954e-10  1.04073e-12
      4.00000      651.444  1.83110e-10  1.10144e-12
      4.00000      651.945  1.96980e-10  1.07743e-12
      4.00000      652.447  1.86498e-10  1.01521e-12
      4.00000      652.949  1.83630e-10  9.62599e-13
      4.00000      653.452  1.95312e-10  9.35881e-13
      4.00000      653.955  1.82680e-10          NaN
      4.00000      654.458  1.77377e-10          NaN
      4.00000      654.961  1.88962e-10  1.05387e-12
      4.00000      655.465  1.80648e-10  1.07181e-12
      4.00000      655.970  1.71383e-10  1.01904e-12
      4.00000      656.475  1.93937e-10  1.06379e-12
      4.00000      656.980  1.79958e-10  1.18683e-12
      4.00000      657.485  1.60086e-10  1.26082e-12
      4.00000      657.991  1.85174e-10  1.40463e-12
      4.00000      658.497  1.81460e-10  1.35666e-12
      4.00000      659.004  1.66716e-10  1.30318e-12
      4.00000      659.511  2.04413e-10  1.38875e-12
      14.0000      660.019  2.83856e-10  2.28732e-12
      14.0000      660.527  2.50605e-10  2.36556e-12
      14.0000      661.035  2.31250e-10  2.27925e-12
      14.0000      661.544  2.22939e-10  2.24346e-12
      14.0000      662.053  1.81193e-10  2.14259e-12
      14.0000      662.562  1.90082e-10  1.90156e-12
      14.0000      663.072  1.72597e-10  1.83618e-12
      14.0000      663.582  1.64217e-10  1.75452e-12
      14.0000      664.093  1.64812e-10  1.77423e-12
      14.0000      664.604  1.63467e-10  1.74009e-12
      14.0000      665.116  1.69791e-10  1.55797e-12
      14.0000      665.627  1.96201e-10  1.54820e-12
      14.0000      666.140  1.79749e-10  1.47036e-12
      14.0000      666.652  2.08950e-10  1.48330e-12
      14.0000      667.165  4.98703e-10  1.61682e-12
      14.0000      667.678  8.41641e-10  1.78916e-12
      14.0000      668.192  5.36342e-10  1.54785e-12
      14.0000      668.707  2.36314e-10  1.27825e-12
      14.0000      669.221  1.68074e-10  1.22431e-12
      14.0000      669.736  1.90942e-10  1.24016e-12
      14.0000      670.252  2.47973e-10  1.19347e-12
      14.0000      670.767  2.41640e-10  1.12529e-12
      14.0000      671.283  1.75261e-10  1.04071e-12
      14.0000      671.800  1.53872e-10  1.04156e-12
      14.0000      672.317  1.84103e-10  1.05818e-12
      14.0000      672.834  2.40585e-10  1.09896e-12
      14.0000      673.352  2.38875e-10  1.08163e-12
      14.0000      673.870  2.70253e-10  1.00531e-12
      14.0000      674.389  3.30084e-10  1.06076e-12
      14.0000      674.908  4.26491e-10  1.12006e-12
      14.0000      675.427  3.61911e-10  1.09395e-12
      14.0000      675.947  2.04484e-10  9.75367e-13
      14.0000      676.467  2.00958e-10  9.19076e-13
      14.0000      676.988  2.73711e-10  9.59625e-13
      14.0000      677.509  3.53985e-10  1.03443e-12
      14.0000      678.030  2.69842e-10  1.00703e-12
      14.0000      678.552  1.82048e-10  9.47738e-13
      14.0000      679.074  3.17802e-10  9.37836e-13
      14.0000      679.597  6.63744e-10  1.12390e-12
      14.0000      680.119  6.26991e-10  1.14754e-12
      14.0000      680.643  2.58497e-10  9.68019e-13
      14.0000      681.166  2.07111e-10  9.10463e-13
      14.0000      681.691  3.55583e-10  9.53467e-13
      14.0000      682.215  5.18709e-10  1.05342e-12
      14.0000      682.740  3.27697e-10  9.74765e-13
      14.0000      683.266  1.78864e-10          NaN
      14.0000      683.792  3.98014e-10          NaN
      14.0000      684.318  9.21490e-10  1.25562e-12
      14.0000      684.844  8.67667e-10          NaN
      14.0000      685.371  2.75836e-10          NaN
      14.0000      685.899  2.53723e-10  9.61036e-13
      14.0000      686.427  4.81652e-10          NaN
      14.0000      686.955  7.61185e-10          NaN
      14.0000      687.484  3.12072e-10  1.00349e-12
      14.0000      688.012  2.12953e-10  9.17013e-13
      14.0000      688.542  5.72018e-10  1.12226e-12
      14.0000      689.072  1.63891e-09          NaN
      14.0000      689.602  1.12558e-09          NaN
      14.0000      690.133  2.13495e-10          NaN
      14.0000      690.664  2.25083e-10          NaN
      14.0000      691.195  8.49942e-10  1.44366e-12
      14.0000      691.727  1.23377e-09  1.74745e-12
      14.0000      692.260  3.33892e-10  1.17548e-12
      14.0000      692.792  2.42987e-10  1.00335e-12
      14.0000      693.326  6.80092e-10  1.34320e-12
      14.0000      693.859  2.35379e-09  2.19510e-12
      14.0000      694.393  1.01205e-09  1.50442e-12
      14.0000      694.927  2.90830e-10  1.02211e-12
      14.0000      695.462  3.63325e-10  1.02984e-12
      4.00000      695.997  1.18615e-09  1.57858e-12
      4.00000      696.533  1.03067e-09  1.32703e-12
      4.00000      697.069  3.80689e-10  9.91944e-13
      4.00000      697.605  3.13948e-10  9.72835e-13
      4.00000      698.142  1.32171e-09  1.54859e-12
      4.00000      698.679  1.92249e-09  1.63579e-12
      4.00000      699.217  9.11018e-10  1.15083e-12
      4.00000      699.755  2.88011e-10  8.88974e-13
      4.00000      700.293  7.32412e-10  1.19386e-12
      4.00000      700.832  1.46393e-09  1.53042e-12
      4.00000      701.371  1.07398e-09  1.43926e-12
      4.00000      701.911  3.15451e-10  9.06518e-13
      4.00000      702.451  5.37126e-10  1.06113e-12
      4.00000      702.992  2.23369e-09  1.88121e-12
      4.00000      703.533  2.68100e-09  2.54505e-12
      4.00000      704.074  6.18195e-10  1.38519e-12
      4.00000      704.616  3.14532e-10  1.12596e-12
      4.00000      705.158  1.14748e-09  1.77034e-12
      4.00000      705.701  2.45466e-09  2.70200e-12
      4.00000      706.244  7.77941e-10  1.80011e-12
      4.00000      706.788  2.70778e-10  1.26831e-12
      4.00000      707.332  9.05429e-10  1.75361e-12
      4.00000      707.876  3.31308e-09          NaN
      4.00000      708.421  1.94124e-09          NaN
      4.00000      708.965  4.97584e-10  1.31007e-12
      15.0000      709.511  5.64582e-10  2.50151e-12
      15.0000      710.057  1.57152e-09          NaN
      15.0000      710.604  1.82328e-09          NaN
      15.0000      711.151  5.04721e-10  2.09845e-12
      15.0000      711.698  7.86115e-10  2.09313e-12
      15.0000      712.245  2.40283e-09  2.74368e-12
      15.0000      712.793  3.36475e-09  3.38399e-12
      15.0000      713.342  1.37726e-09  2.37628e-12
      15.0000      713.891  4.94655e-10  1.70743e-12
      15.0000      714.440  9.56102e-10  1.77523e-12
      15.0000      714.990  1.71789e-09  2.17642e-12
      15.0000      715.540  1.29826e-09  2.05392e-12
      15.0000      716.091  6.67234e-10  1.61817e-12
      15.0000      716.642  1.18401e-09  1.75483e-12
      15.0000      717.193  2.30155e-09  2.08846e-12
      15.0000      717.745  2.27842e-09  2.21830e-12
      15.0000      718.297  6.13183e-10  1.46629e-12
      15.0000      718.850  4.88021e-10  1.33847e-12
      15.0000      719.403  1.45616e-09  1.66791e-12
      15.0000      719.957  1.86355e-09  1.86871e-12
      15.0000      720.511  8.03709e-10  1.44471e-12
      15.0000      721.066  4.23121e-10          NaN
      15.0000      721.620  1.42730e-09          NaN
      15.0000      722.175  2.32995e-09  1.86359e-12
      15.0000      722.731  1.36648e-09  1.58515e-12
      15.0000      723.288  5.80569e-10  1.27193e-12
      15.0000      723.844  8.19946e-10  1.32625e-12
      15.0000      724.401  1.13415e-09  1.40151e-12
      15.0000      724.959  7.87698e-10  1.20396e-12
      15.0000      725.517  2.65420e-10  9.45756e-13
      15.0000      726.075  2.24536e-10  1.03855e-12
      15.0000      726.634  2.27556e-10  9.87640e-13
      15.0000      727.193  2.91859e-10  9.47289e-13
      15.0000      727.752  1.28027e-09  1.32033e-12
      15.0000      728.312  4.94002e-09  2.28590e-12
      15.0000      728.873  1.71017e-08  5.52130e-12
      15.0000      729.434  3.05497e-08  8.55656e-12
      15.0000      729.995  2.55262e-08  7.55702e-12
      15.0000      730.557  1.30613e-08  3.91644e-12
      15.0000      731.119  7.34840e-09          NaN
      15.0000      731.681  4.28758e-09          NaN
      15.0000      732.245  1.73627e-09  1.62893e-12
      15.0000      732.808  8.30431e-10  1.20898e-12
      15.0000      733.372  1.33945e-09  1.27841e-12
      15.0000      733.936  2.41718e-09  1.77732e-12
      15.0000      734.501  1.40544e-09  1.52611e-12
      15.0000      735.067  6.35026e-10  1.17922e-12
      15.0000      735.632  1.29000e-09  1.43865e-12
      15.0000      736.198  2.43165e-09  1.94724e-12
      15.0000      736.764  1.58793e-09  1.72032e-12
      15.0000      737.332  5.83899e-10  1.25679e-12
      15.0000      737.899  1.05523e-09  1.36569e-12
      15.0000      738.467  3.11814e-09  2.29394e-12
      15.0000      739.035  2.32274e-09  2.05904e-12
      15.0000      739.604  5.78154e-10  1.26482e-12
      15.0000      740.173  5.83134e-10  1.27671e-12
      15.0000      740.742  2.07484e-09  2.12147e-12
      15.0000      741.312  1.70337e-09  1.90323e-12
      4.00000      741.883  6.29298e-10  1.26397e-12
      4.00000      742.454  5.24267e-10  1.23421e-12
      4.00000      743.025  2.36924e-09  2.30664e-12
      4.00000      743.597  2.30137e-09  2.05030e-12
      4.00000      744.169  7.33034e-10  1.23106e-12
      4.00000      744.742  4.81466e-10  1.03570e-12
      4.00000      745.315  1.44785e-09          NaN
      4.00000      745.888  1.74107e-09          NaN
      4.00000      746.463  7.46764e-10  1.14465e-12
      4.00000      747.037  5.88315e-10  9.69052e-13
      4.00000      747.612  1.88289e-09  1.64598e-12
      4.00000      748.187  2.52872e-09  1.74072e-12
      4.00000      748.763  1.08240e-09  1.31730e-12
      4.00000      749.339  5.27381e-10  9.85357e-13
      4.00000      749.916  1.28617e-09  1.30470e-12
      4.00000      750.493  1.84004e-09  1.62513e-12
      4.00000      751.070  9.59856e-10  1.35035e-12
      4.00000      751.649  5.29474e-10  1.11050e-12
      4.00000      752.227  1.59028e-09  1.50799e-12
      4.00000      752.806  2.72733e-09  2.40352e-12
      4.00000      753.385  1.21693e-09  1.71491e-12
      4.00000      753.965  3.99150e-10  1.22619e-12
      4.00000      754.545  9.01065e-10  1.64015e-12
      4.00000      755.126  1.86847e-09  2.49332e-12
      4.00000      755.707  8.35203e-10  1.65230e-12
      4.00000      756.288  3.36720e-10  1.26860e-12
      4.00000      756.870  1.10955e-09  1.93544e-12
      4.00000      757.452  2.30055e-09  2.59782e-12
      4.00000      758.035  1.00174e-09  1.54181e-12
      4.00000      758.619  3.18144e-10  1.11993e-12
      16.0000      759.202  7.04150e-10          NaN
      16.0000      759.787  1.50340e-09          NaN
      16.0000      760.371  7.08981e-10  2.09387e-12
      16.0000      760.956  2.91747e-10  1.81206e-12
      16.0000      761.542  9.15905e-10  2.28879e-12
      16.0000      762.128  2.15064e-09  2.94647e-12
      16.0000      762.715  7.90428e-10  1.94332e-12
      16.0000      763.302  2.96707e-10  1.66763e-12
      16.0000      763.889  5.91861e-10  1.93217e-12
      16.0000      764.477  1.34569e-09  2.38777e-12
      16.0000      765.065  5.73812e-10  1.68855e-12
      16.0000      765.654  2.86663e-10  1.45510e-12
      16.0000      766.243  7.80421e-10  1.88523e-12
      16.0000      766.832  1.97877e-09  2.56093e-12
      16.0000      767.423  6.52821e-10  1.67726e-12
      16.0000      768.013  3.19299e-10  1.33267e-12
      16.0000      768.604  5.66394e-10  1.57461e-12
      16.0000      769.196  1.15268e-09  1.92052e-12
      16.0000      769.787  4.86682e-10  1.47385e-12
      16.0000      770.380  3.57681e-10  1.28019e-12
      16.0000      770.973  8.32338e-10  1.59383e-12
      16.0000      771.566  1.62560e-09  2.06281e-12
      16.0000      772.160  6.19483e-10  1.48602e-12
      16.0000      772.754  4.20298e-10  1.31568e-12
      16.0000      773.349  6.34585e-10  1.38245e-12
      16.0000      773.944  9.08828e-10  1.54556e-12
      16.0000      774.539  5.45113e-10  1.33738e-12
      16.0000      775.135  5.00542e-10  1.29200e-12
      16.0000      775.732  9.79404e-10  1.54869e-12
      16.0000      776.329  1.26352e-09  1.66213e-12
      16.0000      776.927  6.68674e-10  1.31719e-12
      16.0000      777.524  5.81184e-10  1.28657e-12
      16.0000      778.122  8.33207e-10  1.40269e-12
      16.0000      778.721  8.31412e-10  1.34008e-12
      16.0000      779.321  7.47739e-10  1.25604e-12
      16.0000      779.920  7.23543e-10  1.28129e-12
      16.0000      780.520  1.11705e-09  1.47981e-12
      16.0000      781.121  1.00737e-09  1.33359e-12
      16.0000      781.722  8.93988e-10          NaN
      16.0000      782.324  8.85503e-10          NaN
      16.0000      782.926  1.03473e-09  1.32485e-12
      16.0000      783.528  1.03684e-09  1.27682e-12
      16.0000      784.131  1.01690e-09  1.20691e-12
      16.0000      784.735  1.03584e-09  1.21429e-12
      16.0000      785.339  1.25055e-09          NaN
      16.0000      785.943  1.21772e-09          NaN
      16.0000      786.548  1.22836e-09  1.25227e-12
      16.0000      787.153  1.30041e-09  1.24367e-12
      16.0000      787.758  1.33615e-09  1.24866e-12
      16.0000      788.365  1.24082e-09  1.22175e-12
      16.0000      788.971  1.30250e-09  1.25008e-12
      16.0000      789.579  1.41020e-09  1.26219e-12
      4.00000      790.186  1.48688e-09  1.27164e-12
      4.00000      790.794  1.59405e-09  1.34799e-12
      4.00000      791.403  1.64738e-09  1.41540e-12
      4.00000      792.011  1.60189e-09          NaN
      4.00000      792.621  1.49485e-09          NaN
      4.00000      793.231  1.68071e-09  1.41388e-12
      4.00000      793.842  1.80528e-09  1.58245e-12
      4.00000      794.452  1.90138e-09  1.66602e-12
      4.00000      795.064  1.82643e-09  1.74118e-12
      4.00000      795.675  1.83930e-09  1.69587e-12
      4.00000      796.288  2.01232e-09          NaN
      4.00000      796.900  2.03151e-09          NaN
      4.00000      797.514  1.95168e-09  2.17552e-12
      4.00000      798.128  1.82089e-09  2.05318e-12
      4.00000      798.742  2.69712e-09  2.52105e-12
      4.00000      799.357  2.34451e-09  2.40550e-12
      4.00000      799.972  2.02881e-09  2.24283e-12
      4.00000      800.587  1.68874e-09  1.96371e-12
      4.00000      801.203  2.71845e-09  2.33125e-12
      4.00000      801.820  2.45593e-09  2.09432e-12
      4.00000      802.437  2.34246e-09  2.09779e-12
      4.00000      803.054  1.96754e-09  1.87876e-12
      4.00000      803.672  2.77379e-09  2.19784e-12
      4.00000      804.291  2.79084e-09  2.03193e-12
      4.00000      804.910  2.25852e-09  1.95454e-12
      4.00000      805.529  2.13611e-09  1.98621e-12
      4.00000      806.149  2.99414e-09  2.29677e-12
      4.00000      806.769  3.88018e-09  2.74412e-12
      4.00000      807.390  2.36232e-09  2.24649e-12
      4.00000      808.012  2.15549e-09  2.40915e-12
      4.00000      808.633  2.60111e-09  2.60301e-12
      17.0000      809.255  3.96907e-09  3.76924e-12
      17.0000      809.878  2.54839e-09  3.06749e-12
      17.0000      810.501  2.20420e-09  2.78696e-12
      17.0000      811.125  2.79592e-09          NaN
      17.0000      811.750  4.09287e-09          NaN
      17.0000      812.374  2.98242e-09          NaN
      17.0000      812.999  1.96119e-09          NaN
      17.0000      813.625  3.22492e-09  2.58944e-12
      17.0000      814.251  5.42299e-09  3.29025e-12
      17.0000      814.878  4.37873e-09  3.12575e-12
      17.0000      815.504  1.82930e-09  2.09273e-12
      17.0000      816.132  2.72059e-09  2.23516e-12
      17.0000      816.760  4.96169e-09  2.83667e-12
      17.0000      817.389  4.70769e-09  2.95172e-12
      17.0000      818.017  1.86117e-09  1.96899e-12
      17.0000      818.647  2.38454e-09  2.00472e-12
      17.0000      819.277  4.87210e-09  2.58839e-12
      17.0000      819.907  5.41174e-09  2.91081e-12
      17.0000      820.538  2.05438e-09  1.96340e-12
      17.0000      821.170  1.55567e-09  1.65284e-12
      17.0000      821.802  4.44816e-09          NaN
      17.0000      822.434  7.25392e-09          NaN
      17.0000      823.067  3.98655e-09  2.51038e-12
      17.0000      823.700  2.05640e-09  1.75664e-12
      17.0000      824.334  4.46964e-09  2.22263e-12
      17.0000      824.969  6.66988e-09  2.91534e-12
      17.0000      825.604  3.63595e-09  2.34715e-12
      17.0000      826.239  1.71663e-09  1.65335e-12
      17.0000      826.875  3.53002e-09  1.98996e-12
      17.0000      827.511  6.12790e-09  2.77028e-12
      17.0000      828.148  4.20807e-09  2.49106e-12
      17.0000      828.785  1.82738e-09  1.70285e-12
      17.0000      829.423  3.10283e-09  1.94855e-12
      17.0000      830.061  5.80843e-09  2.73608e-12
      17.0000      830.700  4.88254e-09  2.72077e-12
      17.0000      831.339  1.86244e-09  1.77704e-12
      17.0000      831.979  2.45753e-09  1.92944e-12
      17.0000      832.619  4.29959e-09  2.52040e-12
      17.0000      833.260  4.55937e-09  2.75577e-12
      17.0000      833.901  1.73115e-09  1.85872e-12
      17.0000      834.543  1.99965e-09  1.97848e-12
      17.0000      835.185  3.48632e-09  2.49234e-12
      17.0000      835.828  4.36042e-09  2.84170e-12
      17.0000      836.471  1.85061e-09  1.99658e-12
      17.0000      837.114  2.00748e-09  2.09076e-12
      17.0000      837.759  2.91396e-09  2.33820e-12
      17.0000      838.404  3.74924e-09  2.51123e-12
      17.0000      839.049  2.04585e-09          NaN
      4.00000      839.694  2.03390e-09          NaN
      4.00000      840.340  2.48576e-09  1.98180e-12
      4.00000      840.987  2.98335e-09  2.06613e-12
      4.00000      841.634  2.23739e-09  1.68115e-12
      4.00000      842.282  1.82514e-09  1.62521e-12
      4.00000      842.930  2.13547e-09  1.71747e-12
      4.00000      843.579  2.65679e-09  1.81259e-12
      4.00000      844.228  2.34631e-09  1.63632e-12
      4.00000      844.877  1.98632e-09  1.56895e-12
      4.00000      845.528  1.87329e-09  1.60215e-12
      4.00000      846.178  2.13910e-09  1.63625e-12
      4.00000      846.830  1.98742e-09          NaN
      4.00000      847.481  1.98215e-09          NaN
      4.00000      848.133  1.84747e-09  1.74875e-12
      4.00000      848.786  1.98670e-09  1.80233e-12
      4.00000      849.439  1.78845e-09  1.79407e-12
      4.00000      850.093  1.72453e-09  1.82209e-12
      4.00000      850.747  1.47370e-09          NaN
      4.00000      851.401  1.76792e-09          NaN
      4.00000      852.057  1.61333e-09  2.15096e-12
      4.00000      852.713  1.63054e-09  2.22942e-12
      4.00000      853.368  1.34417e-09  2.19654e-12
      4.00000      854.026  1.50996e-09  2.28628e-12
      4.00000      854.683  1.23709e-09  1.94907e-12
      4.00000      855.341  1.37939e-09  1.94665e-12
      4.00000      855.999  1.24074e-09  1.86135e-12
      4.00000      856.657  1.22061e-09  1.86408e-12
      4.00000      857.316  1.11571e-09  1.72190e-12
      4.00000      857.976  1.08408e-09  1.65332e-12
      18.0000      858.637  9.62425e-10  2.94220e-12
      18.0000      859.297  9.82618e-10  2.71882e-12
      18.0000      859.958  9.97664e-10  2.61510e-12
      18.0000      860.620  9.25772e-10  2.53764e-12
      18.0000      861.283  8.66412e-10  2.41856e-12
      18.0000      861.945  8.17958e-10  2.20121e-12
      18.0000      862.608  7.67383e-10  2.16139e-12
      18.0000      863.272  6.99853e-10  2.13530e-12
      18.0000      863.937  7.39157e-10  2.09889e-12
      18.0000      864.602  6.76351e-10  1.87981e-12
      18.0000      865.267  6.40815e-10  1.82057e-12
      18.0000      865.933  5.63496e-10  1.85280e-12
      18.0000      866.599  5.49494e-10  1.78625e-12
      18.0000      867.266  4.95202e-10  1.62142e-12
      18.0000      867.934  5.23778e-10  1.58951e-12
      18.0000      868.601  4.59292e-10  1.59556e-12
      18.0000      869.270  4.39208e-10  1.54808e-12
      18.0000      869.938  4.08632e-10  1.44359e-12
      18.0000      870.608  4.01055e-10  1.39802e-12
      18.0000      871.277  3.27144e-10  1.40160e-12
      18.0000      871.948  3.47451e-10  1.37422e-12
      18.0000      872.619  3.35359e-10  1.31745e-12
      18.0000      873.291  3.14116e-10  1.24032e-12
      18.0000      873.962  2.62346e-10  1.28106e-12
      18.0000      874.635  2.49088e-10  1.26580e-12
      18.0000      875.308  2.25785e-10  1.14592e-12
      18.0000      875.982  2.22460e-10  1.09548e-12
      18.0000      876.656  2.08361e-10  1.12214e-12
      18.0000      877.331  1.70419e-10  1.08638e-12
      18.0000      878.005  1.66655e-10  9.89678e-13
      18.0000      878.681  1.59767e-10  9.51832e-13
      18.0000      879.357  1.45031e-10  9.44368e-13
      18.0000      880.035  1.31882e-10  9.47639e-13
      18.0000      880.711  1.34605e-10  8.59895e-13
      18.0000      881.389  1.23015e-10  8.22267e-13
      18.0000      882.068  1.10086e-10  8.25527e-13
      18.0000      882.747  9.82986e-11  8.11567e-13
      18.0000      883.426  9.07625e-11  7.41066e-13
      18.0000      884.105  8.41738e-11  7.01805e-13
      18.0000      884.786  8.11942e-11  7.11009e-13
      18.0000      885.467  7.40165e-11  7.83015e-13
      18.0000      886.148  7.23066e-11  6.98047e-13
      18.0000      886.830  7.09939e-11  6.31792e-13
      18.0000      887.512  6.36589e-11  6.44496e-13
      18.0000      888.195  5.66994e-11  6.53824e-13
      4.00000      888.879  6.76494e-11  6.31563e-13
      4.00000      889.563  9.46578e-11  6.11052e-13
      4.00000      890.248  5.96998e-11  6.35414e-13
      4.00000      890.932  5.33690e-11  6.71203e-13
      4.00000      891.618  3.75188e-11  6.57086e-13
      4.00000      892.304  3.66489e-11  6.27369e-13
      4.00000      892.991  4.45938e-11  6.70700e-13
      4.00000      893.678  2.75723e-11  7.34313e-13
      4.00000      894.366  2.17324e-11  7.44217e-13
      4.00000      895.054  3.88189e-11  7.27550e-13
      4.00000      895.743  3.74508e-11  7.86273e-13
      4.00000      896.432  3.88444e-11  9.02534e-13
      4.00000      897.122  4.05994e-11  9.20945e-13
      4.00000      897.812  3.65388e-11  9.02895e-13
      4.00000      898.503  3.21289e-11  9.35626e-13
      4.00000      899.194  3.28011e-11  1.01533e-12
      4.00000      899.887  3.03173e-11  9.48324e-13
      4.00000      900.579  3.84972e-11  8.52923e-13
      4.00000      901.272  3.18672e-11  8.53141e-13
      4.00000      901.965  3.42506e-11  9.15818e-13
      4.00000      902.660  4.25405e-11  8.78783e-13
      4.00000      903.354  3.57615e-11  8.02693e-13
      4.00000      904.050  3.28359e-11  8.26576e-13
      4.00000      904.745  2.66563e-11  8.91934e-13
      4.00000      905.441  2.82053e-11  9.03233e-13
      4.00000      906.138  3.07911e-11  8.73649e-13
      4.00000      906.835  2.49238e-11  9.17330e-13
      4.00000      907.533  2.49630e-11  1.06121e-12
      4.00000      908.231  3.43948e-11  1.20450e-12
      19.0000      908.931  5.73594e-11  2.15297e-12
      19.0000      909.630  4.39875e-11  1.87943e-12
      19.0000      910.330  3.96665e-11  1.64753e-12
      19.0000      911.031  4.00564e-11  1.70979e-12
      19.0000      911.732  3.33647e-11  1.60574e-12
      19.0000      912.433  3.55723e-11  1.47037e-12
      19.0000      913.135  3.33929e-11  1.34129e-12
      19.0000      913.838  2.90739e-11  1.26510e-12
      19.0000      914.541  3.11780e-11  1.32836e-12
      19.0000      915.245  4.83412e-11  1.23100e-12
      19.0000      915.949  3.21282e-11  1.06628e-12
      19.0000      916.654  2.84160e-11  1.09979e-12
      19.0000      917.360  2.64343e-11  1.09073e-12
      19.0000      918.065  2.29118e-11  9.84902e-13
      19.0000      918.771  2.89253e-11  9.06499e-13
      19.0000      919.479  2.93486e-11  9.40046e-13
      19.0000      920.187  3.64937e-11  9.37836e-13
      19.0000      920.894  3.50883e-11  8.37879e-13
      19.0000      921.603  3.98318e-11  7.93146e-13
      19.0000      922.313  5.91805e-11  8.39739e-13
      19.0000      923.022  4.74983e-11  8.22267e-13
      19.0000      923.732  3.12333e-11  7.40365e-13
      19.0000      924.443  2.77483e-11  7.11591e-13
      19.0000      925.155  2.10373e-11  7.41532e-13
      19.0000      925.867  1.27249e-11  7.26384e-13
      19.0000      926.579  1.99145e-11  6.71524e-13
      19.0000      927.292  2.56372e-11  6.53111e-13
      19.0000      928.005  2.06879e-11  6.73144e-13
      19.0000      928.720  2.78902e-11  6.68718e-13
      19.0000      929.435  3.73553e-11  6.25844e-13
      19.0000      930.149  3.34468e-11  6.26094e-13
      19.0000      930.866  2.48308e-11  6.64066e-13
      19.0000      931.582  2.08633e-11  6.81069e-13
      19.0000      932.298  2.07659e-11  6.34235e-13
      19.0000      933.016  1.53733e-11  6.38777e-13
      19.0000      933.734  1.76554e-11  6.99590e-13
      19.0000      934.453  2.12858e-11  7.00406e-13
      19.0000      935.172  1.83722e-11  6.58930e-13
      19.0000      935.891  1.89973e-11  6.93557e-13
      19.0000      936.611  2.40386e-11  7.86160e-13
      19.0000      937.332  1.87630e-11  7.63432e-13
      4.00000      938.054 -1.80275e-12  7.27666e-13
      4.00000      938.775 -2.06850e-12  8.16914e-13
      4.00000      939.498  1.76146e-11  8.88444e-13
      4.00000      940.221  2.12814e-11  8.12947e-13
      4.00000      940.944  1.75245e-11  7.57384e-13
      4.00000      941.668  1.12488e-11  8.05024e-13
      4.00000      942.393  1.48266e-11  7.94320e-13
      4.00000      943.118  1.94542e-11  7.01959e-13
      4.00000      943.844  2.14506e-11  6.77572e-13
      4.00000      944.570  2.27161e-11  7.39582e-13
      4.00000      945.298  3.18940e-11  7.22308e-13
      4.00000      946.025  4.03977e-11          NaN
      4.00000      946.753  3.92210e-11          NaN
      4.00000      947.481  4.63488e-11  7.01920e-13
      4.00000      948.211  6.15055e-11  7.03783e-13
      4.00000      948.939  9.65537e-11  6.86737e-13
      4.00000      949.670  1.15810e-10  7.19151e-13
      4.00000      950.401  9.01958e-11  7.79393e-13
      4.00000      951.133  6.14757e-11          NaN
      4.00000      951.864  4.66073e-11          NaN
      4.00000      952.597  3.94077e-11  7.93722e-13
      4.00000      953.330  2.28061e-11  9.57524e-13
      4.00000      954.064  1.98225e-11  9.95172e-13
      4.00000      954.798  2.65553e-11  9.60803e-13
      4.00000      955.532  1.92035e-11  1.11946e-12
      4.00000      956.268  1.91062e-11  1.31964e-12
      4.00000      957.004  1.91137e-11  1.25708e-12
      4.00000      957.740  1.82699e-11  1.12261e-12
      20.0000      958.477  3.38337e-11  1.26753e-12
      20.0000      959.214  2.28387e-11  1.24330e-12
      20.0000      959.953  1.61025e-11  1.34851e-12
      20.0000      960.691  1.68129e-11  1.27254e-12
      20.0000      961.430  1.96822e-11  9.96450e-13
      20.0000      962.170  1.48338e-11  1.05003e-12
      20.0000      962.911  1.14097e-11  1.08871e-12
      20.0000      963.652  1.72949e-11  9.36906e-13
      20.0000      964.394  1.66652e-11  9.75235e-13
      20.0000      965.135  1.75049e-11  1.06680e-12
      20.0000      965.878  7.43861e-12  1.05131e-12
      20.0000      966.622  1.62767e-11  9.12804e-13
      20.0000      967.365 -5.68989e-12  9.96317e-13
      20.0000      968.110  2.37366e-11  9.91685e-13
      20.0000      968.855  3.82838e-11  9.15593e-13
      20.0000      969.600  4.18880e-11  8.27394e-13
      20.0000      970.346  2.33470e-11  8.49999e-13
      20.0000      971.093  1.97095e-11  8.73291e-13
      20.0000      971.840  1.42360e-11  8.02487e-13
      20.0000      972.589  1.05230e-11  7.47590e-13
      20.0000      973.336  1.06940e-11  7.64392e-13
      20.0000      974.085  1.32934e-11  7.60193e-13
      20.0000      974.836  1.47052e-11  6.83986e-13
      20.0000      975.585  1.69384e-11  6.57305e-13
      20.0000      976.337  1.49672e-11  7.02509e-13
      20.0000      977.087  1.59792e-11  7.04017e-13
      20.0000      977.839  2.25938e-11  6.53224e-13
      20.0000      978.592  2.64297e-11  6.50435e-13
      20.0000      979.345  1.83691e-11  6.93998e-13
      20.0000      980.098  1.14723e-11  6.77454e-13
      20.0000      980.853  1.39510e-11          NaN
      20.0000      981.608  9.21815e-12          NaN
      20.0000      982.363  6.82036e-12  7.10314e-13
      20.0000      983.119  1.20971e-11  6.97027e-13
      20.0000      983.875  9.00010e-12  6.65224e-13
      20.0000      984.633  8.14730e-12  7.39324e-13
      20.0000      985.391  1.15812e-11  7.89298e-13
      20.0000      986.149  2.12363e-11  7.36056e-13
      20.0000      986.908  2.27586e-11  7.37220e-13
      20.0000      987.667  2.84841e-11  8.45584e-13
      20.0000      988.427  2.30879e-11  8.75392e-13
      20.0000      989.187  1.67194e-11  7.95704e-13
      20.0000      989.949  1.29972e-11  8.72718e-13
      20.0000      990.710  8.61826e-12  1.00284e-12
      20.0000      991.473  9.20710e-12  8.84711e-13
      20.0000      992.236  1.12369e-11  7.97226e-13
      20.0000      992.999  1.69220e-11  8.76205e-13
      20.0000      993.763  1.41385e-11  8.66303e-13
      20.0000      994.528  1.39965e-11  7.40949e-13
      20.0000      995.293  1.08058e-11  7.67177e-13
      20.0000      996.060  5.92556e-12  8.37529e-13
      20.0000      996.826  1.86456e-11  7.69958e-13
      20.0000      997.593  1.99527e-11  7.04367e-13
      20.0000      998.361  1.34597e-11  7.54704e-13
      20.0000      999.129  1.26812e-11  7.93030e-13
      20.0000      999.898  1.44263e-11  7.55278e-13
      20.0000      1000.67  1.38067e-11  7.32096e-13
      20.0000      1001.44  1.38383e-11  8.25293e-13
      20.0000      1002.21  1.33286e-11  9.36789e-13
      20.0000      1002.98  6.43153e-12  9.18029e-13
      20.0000      1003.75  7.72619e-12  9.45528e-13
      20.0000      1004.52  7.70744e-12  1.17876e-12
      20.0000      1005.30  5.11399e-12  1.32509e-12
      20.0000      1006.07  1.40091e-11  1.27499e-12
      20.0000      1006.84  1.47522e-11  1.50347e-12
      20.0000      1007.62  6.84490e-12  1.78165e-12
