      1.00000      1319.94  1.55472e-12  3.77432e-14
      1.00000      1309.48  2.59328e-12  4.10017e-14
      1.00000      1299.19  2.50624e-12  3.44345e-14
      1.00000      1289.06  1.66175e-12  2.97135e-14
      1.00000      1279.09  1.33159e-12  2.87642e-14
      1.00000      1269.27  1.29477e-12  2.90904e-14
      1.00000      1259.60  1.03408e-12  2.83030e-14
      1.00000      1250.08  9.30206e-13  2.64508e-14
      1.00000      1240.70  6.83270e-13  2.49679e-14
      1.00000      1231.46  3.42026e-13  2.44556e-14
      1.00000      1222.35  2.21294e-13  2.43704e-14
      1.00000      1213.38  3.02997e-13  2.39452e-14
      1.00000      1204.54  2.17828e-13  2.38501e-14
      1.00000      1195.83  2.17618e-13  2.30582e-14
      1.00000      1187.24  1.38050e-13  2.23447e-14
      1.00000      1178.78  1.22578e-13  2.28595e-14
      1.00000      1170.43  2.18426e-13  2.32575e-14
      1.00000      1162.20  2.44612e-13  2.37652e-14
      1.00000      1154.09  2.74004e-13  2.41520e-14
      1.00000      1146.09  5.10278e-13  2.44133e-14
      1.00000      1138.20  7.86186e-13  2.50024e-14
      1.00000      1130.42  1.01881e-12  2.40133e-14
      1.00000      1122.74  1.56956e-12  2.55967e-14
      1.00000      1115.17  2.50838e-12  2.73498e-14
      1.00000      1107.70  3.82722e-12  3.03242e-14
      1.00000      1100.33  5.37579e-12  3.28685e-14
      1.00000      1093.05  6.56301e-12  3.44027e-14
      1.00000      1085.87  7.34754e-12  3.48431e-14
      1.00000      1078.79  7.87282e-12  3.61412e-14
      1.00000      1071.79  7.79487e-12  3.60114e-14
      1.00000      1064.89  7.64762e-12  3.68709e-14
      1.00000      1058.08  7.12575e-12  3.64199e-14
      1.00000      1051.35  6.76767e-12  3.55496e-14
      1.00000      1044.71  6.95809e-12  3.45549e-14
      1.00000      1038.15  9.62679e-12  3.67569e-14
      1.00000      1031.67  8.93853e-12  3.49340e-14
      1.00000      1025.27  5.47381e-12          NaN
      1.00000      1018.95  4.19581e-12          NaN
      1.00000      1012.71  3.65480e-12  2.93640e-14
      1.00000      1006.54  3.21066e-12  2.70786e-14
      1.00000      1000.45  2.88562e-12  2.64868e-14
      1.00000      994.436  2.53970e-12  2.56400e-14
      1.00000      988.491  2.35281e-12  2.49436e-14
      1.00000      982.616  2.09480e-12  2.48901e-14
      1.00000      976.810  1.84795e-12  2.54390e-14
      1.00000      971.074  1.73463e-12  2.60419e-14
      1.00000      965.403  1.67688e-12  2.52241e-14
      1.00000      959.799  1.61236e-12  2.59476e-14
      1.00000      954.259  1.72050e-12  2.67224e-14
      1.00000      948.783  1.75410e-12  2.83863e-14
      1.00000      943.370  1.82499e-12  2.90643e-14
      1.00000      938.017  1.94800e-12  2.89825e-14
      1.00000      932.725  2.11513e-12  2.90098e-14
      1.00000      927.493  2.30632e-12  2.97466e-14
      1.00000      922.319  2.37906e-12  3.11660e-14
      1.00000      917.202  2.77212e-12  3.29645e-14
      1.00000      912.142  3.00539e-12  3.36332e-14
      1.00000      907.137  3.28918e-12  3.46236e-14
      1.00000      902.188  3.34645e-12  3.65097e-14
      1.00000      897.292  3.38365e-12  3.52832e-14
      1.00000      892.448  3.54399e-12  3.69022e-14
      1.00000      887.656  3.58222e-12  3.72342e-14
      1.00000      882.916  3.65727e-12  3.64222e-14
      1.00000      878.226  3.65325e-12  3.63891e-14
      1.00000      873.586  3.66857e-12  3.95063e-14
      1.00000      868.994  3.86947e-12  3.80136e-14
      1.00000      864.451  4.08524e-12  3.90016e-14
      1.00000      859.955  4.48557e-12  3.96521e-14
      1.00000      855.504  4.84464e-12  4.11793e-14
      1.00000      851.101  5.51662e-12  4.25795e-14
      1.00000      846.742  6.15947e-12  4.29424e-14
      1.00000      842.427  6.91153e-12  4.29508e-14
      1.00000      838.157  7.59363e-12  4.39459e-14
      1.00000      833.929  8.29837e-12  4.47472e-14
      1.00000      829.744  9.25252e-12  4.60781e-14
      1.00000      825.601  1.01995e-11  4.91930e-14
      1.00000      821.498  1.07174e-11  4.86477e-14
      1.00000      817.437  1.26409e-11  4.83073e-14
      1.00000      813.415  1.28938e-11  4.84233e-14
      1.00000      809.433  9.84167e-12  4.73110e-14
      1.00000      805.490  8.17395e-12  4.48118e-14
      1.00000      801.585  7.51431e-12  4.30834e-14
      1.00000      797.717  6.95155e-12  4.27577e-14
      1.00000      793.886  6.52832e-12  4.26474e-14
      1.00000      790.092  6.35015e-12  4.21070e-14
      1.00000      786.335  6.99746e-12  4.24645e-14
      1.00000      782.613  8.77439e-12  4.45644e-14
      1.00000      778.925  1.17862e-11  4.90655e-14
      1.00000      775.273  1.77755e-11  5.49196e-14
      1.00000      771.655  2.67350e-11  6.13497e-14
      1.00000      768.070  3.62028e-11  6.77124e-14
      1.00000      764.518  4.68128e-11  7.57566e-14
      1.00000      761.000  6.22798e-11  8.58334e-14
      1.00000      757.513  7.50598e-11  9.65905e-14
      1.00000      754.058  8.29851e-11  1.02321e-13
      1.00000      750.635  9.98159e-11  1.11964e-13
      1.00000      747.242  1.12776e-10  1.21746e-13
      1.00000      743.880  1.17232e-10  1.26089e-13
      1.00000      740.548  1.25913e-10  1.30807e-13
      1.00000      737.246  1.43570e-10  1.37100e-13
      1.00000      733.973  2.52020e-10  1.72138e-13
      1.00000      730.729  5.65387e-10  2.67492e-13
      1.00000      727.513  4.95235e-10  2.51415e-13
      1.00000      724.326  1.60901e-10  1.42428e-13
      1.00000      721.167  1.04179e-10  1.23867e-13
      1.00000      718.035  1.10251e-10  1.29446e-13
      1.00000      714.930  1.15912e-10  1.33692e-13
      1.00000      711.852  1.12562e-10  1.34772e-13
      1.00000      708.800  1.08817e-10  1.36782e-13
      1.00000      705.774  1.05139e-10  1.36523e-13
