      1.00000      1319.94  1.18857e-12  1.42298e-13
      1.00000      1309.48  2.64030e-12  1.36722e-13
      1.00000      1299.19  2.62907e-12  1.25675e-13
      1.00000      1289.06  1.55948e-12  1.14320e-13
      1.00000      1279.09  9.76307e-13  1.10684e-13
      1.00000      1269.27  1.03754e-12  1.08789e-13
      1.00000      1259.60  9.93359e-13  1.06311e-13
      1.00000      1250.08  1.01250e-12  1.01603e-13
      1.00000      1240.70  9.32259e-13  9.73560e-14
      1.00000      1231.46  4.46852e-13  9.53873e-14
      1.00000      1222.35  4.00819e-13  9.58891e-14
      1.00000      1213.38  3.22825e-13  9.49696e-14
      1.00000      1204.54  4.06897e-13  9.43605e-14
      1.00000      1195.83  2.54766e-13  9.10832e-14
      1.00000      1187.24 -3.94356e-14  8.92174e-14
      1.00000      1178.78  7.22187e-14  8.94254e-14
      1.00000      1170.43  1.24603e-13  9.25713e-14
      1.00000      1162.20  4.28032e-13  9.32893e-14
      1.00000      1154.09  2.16846e-13  9.13176e-14
      1.00000      1146.09  5.29642e-13  9.09482e-14
      1.00000      1138.20  8.03645e-13  8.77428e-14
      1.00000      1130.42  8.85824e-13  8.79187e-14
      1.00000      1122.74  1.44199e-12  9.05820e-14
      1.00000      1115.17  2.43314e-12  9.46158e-14
      1.00000      1107.70  3.55964e-12  9.79664e-14
      1.00000      1100.33  5.02187e-12  1.02005e-13
      1.00000      1093.05  6.31406e-12  1.04101e-13
      1.00000      1085.87  7.16537e-12  1.05356e-13
      1.00000      1078.79  7.78706e-12  1.06843e-13
      1.00000      1071.79  7.80500e-12  1.08864e-13
      1.00000      1064.89  7.71927e-12  1.10554e-13
      1.00000      1058.08  7.39079e-12  1.10340e-13
      1.00000      1051.35  6.82861e-12  1.07737e-13
      1.00000      1044.71  6.63382e-12  1.05234e-13
      1.00000      1038.15  9.21362e-12  1.06646e-13
      1.00000      1031.67  9.11584e-12  1.03371e-13
      1.00000      1025.27  5.47931e-12          NaN
      1.00000      1018.95  4.25228e-12          NaN
      1.00000      1012.71  3.82028e-12  8.77074e-14
      1.00000      1006.54  3.31014e-12  8.49637e-14
      1.00000      1000.45  2.95657e-12  8.35084e-14
      1.00000      994.436  2.60368e-12  8.22915e-14
      1.00000      988.491  2.28398e-12  7.94160e-14
      1.00000      982.616  2.12158e-12  7.95054e-14
      1.00000      976.810  1.96202e-12  7.95694e-14
      1.00000      971.074  1.75206e-12  8.14494e-14
      1.00000      965.403  1.56543e-12  8.32485e-14
      1.00000      959.799  1.73611e-12  8.47186e-14
      1.00000      954.259  1.78532e-12  8.58647e-14
      1.00000      948.783  1.78885e-12  8.76540e-14
      1.00000      943.370  1.74161e-12  8.91656e-14
      1.00000      938.017  1.85925e-12  8.98854e-14
      1.00000      932.725  1.96804e-12  9.18381e-14
      1.00000      927.493  2.12249e-12  9.54465e-14
      1.00000      922.319  2.40099e-12  9.97453e-14
      1.00000      917.202  2.79316e-12  1.03983e-13
      1.00000      912.142  3.03057e-12  1.08893e-13
      1.00000      907.137  3.15523e-12  1.13567e-13
      1.00000      902.188  3.44195e-12  1.11311e-13
      1.00000      897.292  3.14392e-12  1.15554e-13
      1.00000      892.448  3.63205e-12  1.16998e-13
      1.00000      887.656  3.55620e-12  1.18945e-13
      1.00000      882.916  3.00442e-12  1.17841e-13
      1.00000      878.226  3.34734e-12  1.18155e-13
      1.00000      873.586  3.21022e-12  1.22846e-13
      1.00000      868.994  3.52517e-12  1.24195e-13
      1.00000      864.451  4.03690e-12  1.28266e-13
      1.00000      859.955  4.21490e-12  1.29581e-13
      1.00000      855.504  4.39533e-12  1.30766e-13
      1.00000      851.101  5.21111e-12  1.34016e-13
      1.00000      846.742  6.25158e-12  1.34044e-13
      1.00000      842.427  6.10742e-12  1.32146e-13
      1.00000      838.157  6.87442e-12  1.33598e-13
      1.00000      833.929  7.62772e-12  1.32475e-13
      1.00000      829.744  8.44548e-12  1.36544e-13
      1.00000      825.601  9.52883e-12  1.38321e-13
      1.00000      821.498  1.02841e-11  1.37933e-13
      1.00000      817.437  1.22202e-11  1.41093e-13
      1.00000      813.415  1.26861e-11  1.40864e-13
      1.00000      809.433  9.66471e-12  1.36484e-13
      1.00000      805.490  7.96365e-12  1.35631e-13
      1.00000      801.585  7.26575e-12  1.32969e-13
      1.00000      797.717  6.44836e-12  1.29510e-13
      1.00000      793.886  6.33662e-12  1.27524e-13
      1.00000      790.092  6.05106e-12  1.28115e-13
      1.00000      786.335  6.21905e-12  1.30509e-13
      1.00000      782.613  7.71646e-12  1.35224e-13
      1.00000      778.925  1.02913e-11  1.39740e-13
      1.00000      775.273  1.52821e-11  1.48625e-13
      1.00000      771.655  2.34299e-11  1.62756e-13
      1.00000      768.070  3.30717e-11  1.79726e-13
      1.00000      764.518  4.20032e-11  1.95574e-13
      1.00000      761.000  5.60031e-11  2.15673e-13
      1.00000      757.513  6.98731e-11  2.39623e-13
      1.00000      754.058  7.70704e-11  2.52207e-13
      1.00000      750.635  9.10630e-11  2.71954e-13
      1.00000      747.242  1.05177e-10  2.93312e-13
      1.00000      743.880  1.10599e-10  3.04341e-13
      1.00000      740.548  1.17807e-10  3.13890e-13
      1.00000      737.246  1.30933e-10  3.26345e-13
      1.00000      733.973  2.14740e-10  3.86492e-13
      1.00000      730.729  5.02130e-10  5.83124e-13
      1.00000      727.513  4.91968e-10  5.83612e-13
      1.00000      724.326  1.62158e-10  3.53196e-13
      1.00000      721.167  9.71828e-11  3.07507e-13
      1.00000      718.035  1.02963e-10  3.20108e-13
      1.00000      714.930  1.08233e-10  3.29543e-13
      1.00000      711.852  1.05919e-10  3.32238e-13
      1.00000      708.800  9.97105e-11  3.33186e-13
      1.00000      705.774  9.83040e-11  3.42499e-13
