      1.00000      1319.94  1.25455e-12  2.46844e-13
      1.00000      1309.48  2.65799e-12  2.36585e-13
      1.00000      1299.19  2.68240e-12  2.18602e-13
      1.00000      1289.06  1.83508e-12  1.98190e-13
      1.00000      1279.09  1.11403e-12  1.93099e-13
      1.00000      1269.27  1.56574e-12  1.88645e-13
      1.00000      1259.60  1.48067e-12  1.84642e-13
      1.00000      1250.08  1.43012e-12  1.76625e-13
      1.00000      1240.70  1.31744e-12  1.69196e-13
      1.00000      1231.46  5.06835e-13  1.65894e-13
      1.00000      1222.35  8.79390e-13  1.66115e-13
      1.00000      1213.38  6.11178e-13  1.64650e-13
      1.00000      1204.54  5.16739e-13  1.65799e-13
      1.00000      1195.83  9.63877e-14  1.58918e-13
      1.00000      1187.24 -6.68060e-14  1.54944e-13
      1.00000      1178.78  1.30009e-13  1.56054e-13
      1.00000      1170.43 -5.85945e-14  1.59688e-13
      1.00000      1162.20  5.70300e-13  1.60912e-13
      1.00000      1154.09  2.36727e-13  1.57530e-13
      1.00000      1146.09  9.95242e-13  1.57779e-13
      1.00000      1138.20  1.14766e-12  1.51951e-13
      1.00000      1130.42  9.35608e-13  1.52458e-13
      1.00000      1122.74  1.25655e-12  1.55273e-13
      1.00000      1115.17  2.07558e-12  1.61644e-13
      1.00000      1107.70  3.69085e-12  1.70406e-13
      1.00000      1100.33  4.89493e-12  1.77714e-13
      1.00000      1093.05  6.67794e-12  1.81984e-13
      1.00000      1085.87  7.50439e-12  1.84303e-13
      1.00000      1078.79  8.25261e-12  1.87212e-13
      1.00000      1071.79  8.40574e-12  1.90841e-13
      1.00000      1064.89  7.99109e-12  1.92885e-13
      1.00000      1058.08  6.96663e-12  1.90555e-13
      1.00000      1051.35  6.88316e-12  1.87909e-13
      1.00000      1044.71  6.75526e-12  1.85762e-13
      1.00000      1038.15  9.31588e-12  1.87078e-13
      1.00000      1031.67  9.20101e-12  1.80934e-13
      1.00000      1025.27  5.62763e-12          NaN
      1.00000      1018.95  4.41223e-12          NaN
      1.00000      1012.71  3.91969e-12  1.53405e-13
      1.00000      1006.54  3.51115e-12  1.48379e-13
      1.00000      1000.45  3.10999e-12  1.46050e-13
      1.00000      994.436  2.50573e-12  1.44842e-13
      1.00000      988.491  2.26664e-12  1.38602e-13
      1.00000      982.616  2.18936e-12  1.39432e-13
      1.00000      976.810  2.05288e-12  1.39425e-13
      1.00000      971.074  1.67063e-12  1.42496e-13
      1.00000      965.403  1.86387e-12  1.44457e-13
      1.00000      959.799  2.29768e-12  1.46800e-13
      1.00000      954.259  2.13503e-12  1.49978e-13
      1.00000      948.783  2.51051e-12  1.52404e-13
      1.00000      943.370  2.07758e-12  1.55458e-13
      1.00000      938.017  1.94847e-12  1.55862e-13
      1.00000      932.725  2.05556e-12  1.59877e-13
      1.00000      927.493  2.28950e-12  1.66525e-13
      1.00000      922.319  2.26140e-12  1.74655e-13
      1.00000      917.202  2.76604e-12  1.80742e-13
      1.00000      912.142  3.31187e-12  1.86265e-13
      1.00000      907.137  3.64780e-12  1.93894e-13
      1.00000      902.188  3.35910e-12  1.92743e-13
      1.00000      897.292  3.41023e-12  1.94231e-13
      1.00000      892.448  3.90288e-12  1.97418e-13
      1.00000      887.656  4.19835e-12  1.98840e-13
      1.00000      882.916  3.16756e-12  1.98030e-13
      1.00000      878.226  3.34562e-12  1.99725e-13
      1.00000      873.586  3.89629e-12  2.03624e-13
      1.00000      868.994  4.34270e-12  2.09545e-13
      1.00000      864.451  4.48722e-12  2.13593e-13
      1.00000      859.955  4.83126e-12  2.17850e-13
      1.00000      855.504  5.22922e-12  2.24174e-13
      1.00000      851.101  5.15047e-12  2.28076e-13
      1.00000      846.742  6.89547e-12  2.27938e-13
      1.00000      842.427  6.44773e-12  2.25336e-13
      1.00000      838.157  7.21684e-12  2.29072e-13
      1.00000      833.929  7.54475e-12  2.30028e-13
      1.00000      829.744  8.80633e-12  2.35309e-13
      1.00000      825.601  9.67945e-12  2.38600e-13
      1.00000      821.498  1.03264e-11  2.41023e-13
      1.00000      817.437  1.21872e-11  2.46132e-13
      1.00000      813.415  1.24554e-11  2.46055e-13
      1.00000      809.433  9.48851e-12  2.35782e-13
      1.00000      805.490  8.18562e-12  2.30746e-13
      1.00000      801.585  7.13747e-12  2.28501e-13
      1.00000      797.717  6.00196e-12  2.25904e-13
      1.00000      793.886  5.80419e-12  2.22791e-13
      1.00000      790.092  5.48939e-12  2.22788e-13
      1.00000      786.335  5.88348e-12  2.24550e-13
      1.00000      782.613  7.26295e-12  2.31819e-13
      1.00000      778.925  9.63819e-12  2.41333e-13
      1.00000      775.273  1.46051e-11  2.56408e-13
      1.00000      771.655  2.24044e-11  2.80580e-13
      1.00000      768.070  3.13550e-11  3.07857e-13
      1.00000      764.518  4.01914e-11  3.36711e-13
      1.00000      761.000  5.43759e-11  3.71425e-13
      1.00000      757.513  6.77376e-11  4.11964e-13
      1.00000      754.058  7.52150e-11  4.33022e-13
      1.00000      750.635  8.89726e-11  4.67301e-13
      1.00000      747.242  1.02828e-10  5.02693e-13
      1.00000      743.880  1.08436e-10  5.23382e-13
      1.00000      740.548  1.15569e-10  5.39735e-13
      1.00000      737.246  1.28091e-10  5.59878e-13
      1.00000      733.973  2.09332e-10  6.64444e-13
      1.00000      730.729  4.89428e-10  9.96871e-13
      1.00000      727.513  4.75752e-10  9.94183e-13
      1.00000      724.326  1.55202e-10  5.98046e-13
      1.00000      721.167  9.39523e-11  5.22727e-13
      1.00000      718.035  1.00368e-10  5.46795e-13
      1.00000      714.930  1.05183e-10  5.70694e-13
      1.00000      711.852  1.03430e-10  5.74201e-13
      1.00000      708.800  9.71014e-11  5.73893e-13
      1.00000      705.774  9.53651e-11  5.78971e-13
