      1.00000      1319.94  1.75550e-12  3.93132e-14
      1.00000      1309.48  2.81572e-12  3.77136e-14
      1.00000      1299.19  2.67417e-12  3.43046e-14
      1.00000      1289.06  1.74377e-12  3.02073e-14
      1.00000      1279.09  1.53938e-12  2.90327e-14
      1.00000      1269.27  1.38673e-12  3.08037e-14
      1.00000      1259.60  1.10764e-12  2.88814e-14
      1.00000      1250.08  1.04446e-12  2.88045e-14
      1.00000      1240.70  6.82586e-13  2.53796e-14
      1.00000      1231.46  2.57945e-13  2.40637e-14
      1.00000      1222.35  2.82998e-13  2.39216e-14
      1.00000      1213.38  2.70584e-13  2.33621e-14
      1.00000      1204.54  3.14489e-13  2.36636e-14
      1.00000      1195.83  6.08136e-13  2.50780e-14
      1.00000      1187.24  1.80827e-13  2.44865e-14
      1.00000      1178.78  1.48013e-13  2.28074e-14
      1.00000      1170.43  1.84681e-13  2.29848e-14
      1.00000      1162.20  3.33289e-13  2.43834e-14
      1.00000      1154.09  3.51632e-13  2.42321e-14
      1.00000      1146.09  4.86811e-13  2.42680e-14
      1.00000      1138.20  7.62462e-13  2.49573e-14
      1.00000      1130.42  1.02166e-12  2.70975e-14
      1.00000      1122.74  1.54578e-12  2.59617e-14
      1.00000      1115.17  2.47717e-12  2.76176e-14
      1.00000      1107.70  3.78073e-12  3.04045e-14
      1.00000      1100.33  5.24828e-12  3.28984e-14
      1.00000      1093.05  6.52458e-12  3.39484e-14
      1.00000      1085.87  7.39990e-12  3.52047e-14
      1.00000      1078.79  7.83206e-12  3.63573e-14
      1.00000      1071.79  7.82789e-12  3.76864e-14
      1.00000      1064.89  7.57007e-12  3.90117e-14
      1.00000      1058.08  7.10497e-12  3.76229e-14
      1.00000      1051.35  6.78007e-12  3.61819e-14
      1.00000      1044.71  6.69256e-12  3.50868e-14
      1.00000      1038.15  9.14700e-12  3.73390e-14
      1.00000      1031.67  8.61028e-12  3.57587e-14
      1.00000      1025.27  5.48421e-12          NaN
      1.00000      1018.95  4.19660e-12          NaN
      1.00000      1012.71  3.61723e-12  2.94917e-14
      1.00000      1006.54  3.24544e-12  2.76437e-14
      1.00000      1000.45  2.96151e-12  2.76846e-14
      1.00000      994.436  2.55233e-12  2.63560e-14
      1.00000      988.491  2.22112e-12  2.57568e-14
      1.00000      982.616  2.07100e-12  2.56269e-14
      1.00000      976.810  1.90414e-12  2.51322e-14
      1.00000      971.074  1.79132e-12  2.58380e-14
      1.00000      965.403  1.65501e-12  2.58392e-14
      1.00000      959.799  1.61449e-12  2.65021e-14
      1.00000      954.259  1.70263e-12  2.69733e-14
      1.00000      948.783  1.80060e-12  2.74321e-14
      1.00000      943.370  1.86559e-12  2.79343e-14
      1.00000      938.017  1.95447e-12  2.89130e-14
      1.00000      932.725  2.04610e-12  2.98219e-14
      1.00000      927.493  2.23141e-12  3.03117e-14
      1.00000      922.319  2.39509e-12  3.16292e-14
      1.00000      917.202  2.61862e-12  3.40523e-14
      1.00000      912.142  2.84748e-12  3.47499e-14
      1.00000      907.137  3.04307e-12  3.55178e-14
      1.00000      902.188  3.17769e-12  3.64081e-14
      1.00000      897.292  3.30202e-12  3.70984e-14
      1.00000      892.448  3.41707e-12  3.92692e-14
      1.00000      887.656  3.42321e-12  4.76196e-14
      1.00000      882.916  3.46055e-12  3.98419e-14
      1.00000      878.226  3.55871e-12  3.78850e-14
      1.00000      873.586  3.62105e-12  3.90692e-14
      1.00000      868.994  3.79896e-12  4.00192e-14
      1.00000      864.451  4.18263e-12  4.14938e-14
      1.00000      859.955  4.52781e-12  4.21753e-14
      1.00000      855.504  4.99611e-12  4.30071e-14
      1.00000      851.101  5.66971e-12  4.37368e-14
      1.00000      846.742  6.40653e-12  4.48153e-14
      1.00000      842.427  7.03730e-12  4.58238e-14
      1.00000      838.157  7.76533e-12  4.65672e-14
      1.00000      833.929  8.65602e-12  4.82023e-14
      1.00000      829.744  9.69595e-12  5.07808e-14
      1.00000      825.601  1.07770e-11  5.07234e-14
      1.00000      821.498  1.11838e-11  5.02782e-14
      1.00000      817.437  1.32338e-11  5.12450e-14
      1.00000      813.415  1.34942e-11  5.22776e-14
      1.00000      809.433  1.01476e-11  4.96983e-14
      1.00000      805.490  8.53490e-12  4.98900e-14
      1.00000      801.585  7.60120e-12  4.64208e-14
      1.00000      797.717  6.92117e-12  4.35512e-14
      1.00000      793.886  6.47985e-12  4.27425e-14
      1.00000      790.092  6.38902e-12  4.30904e-14
      1.00000      786.335  7.25795e-12  4.37975e-14
      1.00000      782.613  9.18094e-12  4.62508e-14
      1.00000      778.925  1.24669e-11  4.97361e-14
      1.00000      775.273  1.86347e-11  5.66874e-14
      1.00000      771.655  2.85689e-11  6.57942e-14
      1.00000      768.070  3.93732e-11  7.25552e-14
      1.00000      764.518  4.90980e-11  7.89422e-14
      1.00000      761.000  6.43220e-11  8.91891e-14
      1.00000      757.513  7.89024e-11  9.98346e-14
      1.00000      754.058  8.55208e-11  1.05118e-13
      1.00000      750.635  1.00076e-10  1.12776e-13
      1.00000      747.242  1.14041e-10  1.24059e-13
      1.00000      743.880  1.20119e-10  1.27696e-13
      1.00000      740.548  1.28172e-10  1.31791e-13
      1.00000      737.246  1.45815e-10  1.39203e-13
      1.00000      733.973  2.52874e-10  1.73757e-13
      1.00000      730.729  5.77015e-10  2.68604e-13
      1.00000      727.513  5.19177e-10  2.57907e-13
      1.00000      724.326  1.69171e-10  1.48841e-13
      1.00000      721.167  1.06300e-10  1.25922e-13
      1.00000      718.035  1.14114e-10  1.31793e-13
      1.00000      714.930  1.18890e-10  1.37103e-13
      1.00000      711.852  1.15321e-10  1.37762e-13
      1.00000      708.800  1.09813e-10  1.37699e-13
      1.00000      705.774  1.08488e-10  1.40211e-13
