      1.00000      1319.94  1.53362e-12  3.74741e-14
      1.00000      1309.48  2.38759e-12  3.78349e-14
      1.00000      1299.19  2.31362e-12  3.52607e-14
      1.00000      1289.06  1.49478e-12  3.08815e-14
      1.00000      1279.09  1.26786e-12  3.13726e-14
      1.00000      1269.27  1.14909e-12  3.16777e-14
      1.00000      1259.60  9.47025e-13  3.35722e-14
      1.00000      1250.08  9.08418e-13  2.82948e-14
      1.00000      1240.70  6.32272e-13  2.53796e-14
      1.00000      1231.46  2.83208e-13  2.46476e-14
      1.00000      1222.35  2.35464e-13  2.39702e-14
      1.00000      1213.38  2.88125e-13  2.44765e-14
      1.00000      1204.54  2.85246e-13  2.35781e-14
      1.00000      1195.83  5.16029e-13  2.53850e-14
      1.00000      1187.24  1.10884e-13  2.24199e-14
      1.00000      1178.78  1.24110e-13  2.24199e-14
      1.00000      1170.43  1.73330e-13  2.28711e-14
      1.00000      1162.20  2.02845e-13  2.48376e-14
      1.00000      1154.09  3.15662e-13  2.44412e-14
      1.00000      1146.09  4.21026e-13  2.47692e-14
      1.00000      1138.20  6.83589e-13  2.58141e-14
      1.00000      1130.42  1.00462e-12  2.53012e-14
      1.00000      1122.74  1.53498e-12  2.68620e-14
      1.00000      1115.17  2.47167e-12  2.87240e-14
      1.00000      1107.70  3.75319e-12  3.03166e-14
      1.00000      1100.33  5.22118e-12  3.23576e-14
      1.00000      1093.05  6.41353e-12  3.51617e-14
      1.00000      1085.87  7.29209e-12  3.73010e-14
      1.00000      1078.79  7.68378e-12  3.56026e-14
      1.00000      1071.79  7.68125e-12  3.57215e-14
      1.00000      1064.89  7.46319e-12  3.68244e-14
      1.00000      1058.08  7.12443e-12  3.70477e-14
      1.00000      1051.35  6.67285e-12  3.76975e-14
      1.00000      1044.71  6.57489e-12  3.45886e-14
      1.00000      1038.15  9.11914e-12  3.66994e-14
      1.00000      1031.67  8.48477e-12  3.54868e-14
      1.00000      1025.27  5.43958e-12          NaN
      1.00000      1018.95  4.14177e-12          NaN
      1.00000      1012.71  3.65786e-12  2.93483e-14
      1.00000      1006.54  3.16656e-12  2.80122e-14
      1.00000      1000.45  2.93486e-12  2.75829e-14
      1.00000      994.436  2.47789e-12  2.60322e-14
      1.00000      988.491  2.17198e-12  2.53652e-14
      1.00000      982.616  2.01422e-12  2.55779e-14
      1.00000      976.810  1.84308e-12  2.49840e-14
      1.00000      971.074  1.71403e-12  2.53771e-14
      1.00000      965.403  1.61064e-12  2.56841e-14
      1.00000      959.799  1.57521e-12  2.61450e-14
      1.00000      954.259  1.63914e-12  2.67753e-14
      1.00000      948.783  1.69902e-12  2.72558e-14
      1.00000      943.370  1.75917e-12  2.81040e-14
      1.00000      938.017  1.91433e-12  2.93434e-14
      1.00000      932.725  2.05549e-12  2.97375e-14
      1.00000      927.493  2.20607e-12  3.05681e-14
      1.00000      922.319  2.32836e-12  3.24997e-14
      1.00000      917.202  2.62447e-12  3.36965e-14
      1.00000      912.142  2.86265e-12  3.51649e-14
      1.00000      907.137  3.05745e-12  3.84047e-14
      1.00000      902.188  3.21454e-12  3.64831e-14
      1.00000      897.292  3.31768e-12  3.98343e-14
      1.00000      892.448  3.37514e-12  3.72102e-14
      1.00000      887.656  3.36623e-12  3.78660e-14
      1.00000      882.916  3.41542e-12  3.88943e-14
      1.00000      878.226  3.49520e-12  3.87531e-14
      1.00000      873.586  3.60751e-12  4.04322e-14
      1.00000      868.994  3.74112e-12  4.16175e-14
      1.00000      864.451  4.07113e-12  4.13908e-14
      1.00000      859.955  4.40370e-12  4.18063e-14
      1.00000      855.504  4.81230e-12  4.36031e-14
      1.00000      851.101  5.41778e-12  4.44300e-14
      1.00000      846.742  6.12871e-12  4.46259e-14
      1.00000      842.427  6.75500e-12  4.54873e-14
      1.00000      838.157  7.35468e-12  4.63573e-14
      1.00000      833.929  8.23729e-12  4.60921e-14
      1.00000      829.744  9.10022e-12  4.76575e-14
      1.00000      825.601  1.01500e-11  4.95480e-14
      1.00000      821.498  1.07323e-11  4.97366e-14
      1.00000      817.437  1.28512e-11  5.13588e-14
      1.00000      813.415  1.29891e-11  4.93770e-14
      1.00000      809.433  9.71171e-12  4.72599e-14
      1.00000      805.490  8.04406e-12  4.83876e-14
      1.00000      801.585  7.17968e-12  4.42238e-14
      1.00000      797.717  6.57384e-12  4.30297e-14
      1.00000      793.886  6.18007e-12  4.23720e-14
      1.00000      790.092  6.07616e-12  4.21078e-14
      1.00000      786.335  6.78331e-12  4.37975e-14
      1.00000      782.613  8.43704e-12  4.61498e-14
      1.00000      778.925  1.12478e-11  4.84622e-14
      1.00000      775.273  1.68375e-11  5.40957e-14
      1.00000      771.655  2.54216e-11  6.11744e-14
      1.00000      768.070  3.46723e-11  6.88133e-14
      1.00000      764.518  4.36056e-11  7.55220e-14
      1.00000      761.000  5.75474e-11  8.60388e-14
      1.00000      757.513  7.07254e-11  9.58715e-14
      1.00000      754.058  7.74819e-11  9.98771e-14
      1.00000      750.635  9.15714e-11  1.10839e-13
      1.00000      747.242  1.04325e-10  1.18154e-13
      1.00000      743.880  1.10071e-10  1.22922e-13
      1.00000      740.548  1.17697e-10  1.27902e-13
      1.00000      737.246  1.33893e-10  1.33870e-13
      1.00000      733.973  2.30843e-10  1.66292e-13
      1.00000      730.729  5.24020e-10  2.56640e-13
      1.00000      727.513  4.66367e-10  2.44708e-13
      1.00000      724.326  1.52417e-10  1.40414e-13
      1.00000      721.167  9.67710e-11  1.21208e-13
      1.00000      718.035  1.04033e-10  1.26985e-13
      1.00000      714.930  1.08378e-10  1.32086e-13
      1.00000      711.852  1.05033e-10  1.32264e-13
      1.00000      708.800  9.97850e-11  1.32846e-13
      1.00000      705.774  9.81605e-11  1.34300e-13
