      1.00000      1319.94  1.16443e-12  3.74030e-14
      1.00000      1309.48  2.05550e-12  3.64307e-14
      1.00000      1299.19  1.92167e-12  3.26944e-14
      1.00000      1289.06  1.29893e-12  2.96708e-14
      1.00000      1279.09  1.08489e-12  2.86434e-14
      1.00000      1269.27  9.68727e-13  2.85413e-14
      1.00000      1259.60  7.69268e-13  2.74235e-14
      1.00000      1250.08  8.38726e-13  2.76504e-14
      1.00000      1240.70  6.12587e-13  2.56334e-14
      1.00000      1231.46  3.21862e-13  2.48234e-14
      1.00000      1222.35  2.11163e-13  2.55262e-14
      1.00000      1213.38  2.41528e-13  2.34893e-14
      1.00000      1204.54  2.81581e-13  2.40616e-14
      1.00000      1195.83  4.43031e-13  2.44133e-14
      1.00000      1187.24  1.08435e-13  2.22495e-14
      1.00000      1178.78  1.14610e-13  2.26448e-14
      1.00000      1170.43  2.04162e-13  2.38668e-14
      1.00000      1162.20  2.86072e-13  2.51243e-14
      1.00000      1154.09  3.40718e-13  2.44093e-14
      1.00000      1146.09  4.90427e-13  2.44125e-14
      1.00000      1138.20  7.87572e-13  2.43398e-14
      1.00000      1130.42  1.04256e-12  2.48949e-14
      1.00000      1122.74  1.52610e-12  2.63417e-14
      1.00000      1115.17  2.48914e-12  2.76900e-14
      1.00000      1107.70  3.77625e-12  3.08132e-14
      1.00000      1100.33  5.20524e-12  3.29508e-14
      1.00000      1093.05  6.30969e-12  3.34655e-14
      1.00000      1085.87  7.10585e-12  3.44869e-14
      1.00000      1078.79  7.51344e-12  3.68729e-14
      1.00000      1071.79  7.43173e-12  3.55713e-14
      1.00000      1064.89  7.16436e-12  3.63991e-14
      1.00000      1058.08  6.75167e-12  3.57076e-14
      1.00000      1051.35  6.33443e-12  3.52553e-14
      1.00000      1044.71  6.37541e-12  3.53469e-14
      1.00000      1038.15  8.85154e-12  3.72622e-14
      1.00000      1031.67  8.00993e-12  3.63065e-14
      1.00000      1025.27  5.20065e-12          NaN
      1.00000      1018.95  4.02835e-12          NaN
      1.00000      1012.71  3.47664e-12  2.99849e-14
      1.00000      1006.54  2.99923e-12  2.77863e-14
      1.00000      1000.45  2.76866e-12  2.76056e-14
      1.00000      994.436  2.45059e-12  2.71874e-14
      1.00000      988.491  2.15229e-12  2.67807e-14
      1.00000      982.616  1.91857e-12  2.63560e-14
      1.00000      976.810  1.78634e-12  2.63420e-14
      1.00000      971.074  1.71191e-12  2.59395e-14
      1.00000      965.403  1.54888e-12  2.67161e-14
      1.00000      959.799  1.47799e-12  2.66044e-14
      1.00000      954.259  1.52840e-12  2.70328e-14
      1.00000      948.783  1.61399e-12  2.79961e-14
      1.00000      943.370  1.72574e-12  2.98691e-14
      1.00000      938.017  1.88207e-12  2.92743e-14
      1.00000      932.725  1.93351e-12  2.91083e-14
      1.00000      927.493  2.17356e-12  3.05996e-14
      1.00000      922.319  2.37424e-12  3.21281e-14
      1.00000      917.202  2.55164e-12  3.33354e-14
      1.00000      912.142  2.76442e-12  3.48773e-14
      1.00000      907.137  2.91531e-12  3.53147e-14
      1.00000      902.188  3.05124e-12  3.63966e-14
      1.00000      897.292  3.15402e-12  3.64390e-14
      1.00000      892.448  3.14766e-12  3.65324e-14
      1.00000      887.656  3.18791e-12  3.69910e-14
      1.00000      882.916  3.30799e-12  3.71990e-14
      1.00000      878.226  3.25036e-12  3.92806e-14
      1.00000      873.586  3.33099e-12  3.75801e-14
      1.00000      868.994  3.53537e-12  3.86275e-14
      1.00000      864.451  3.84110e-12  4.04262e-14
      1.00000      859.955  4.07252e-12  4.09132e-14
      1.00000      855.504  4.45911e-12  4.24658e-14
      1.00000      851.101  4.92509e-12  4.33646e-14
      1.00000      846.742  5.48936e-12  4.46573e-14
      1.00000      842.427  6.04324e-12  4.41613e-14
      1.00000      838.157  6.61601e-12  4.52142e-14
      1.00000      833.929  7.28491e-12  4.65854e-14
      1.00000      829.744  8.06473e-12  4.77969e-14
      1.00000      825.601  8.95510e-12  4.85064e-14
      1.00000      821.498  9.42913e-12  4.92585e-14
      1.00000      817.437  1.15718e-11  4.95499e-14
      1.00000      813.415  1.16333e-11  4.88489e-14
      1.00000      809.433  8.54821e-12  4.69240e-14
      1.00000      805.490  7.39198e-12  4.92062e-14
      1.00000      801.585  6.47250e-12  4.64555e-14
      1.00000      797.717  5.86826e-12  4.36135e-14
      1.00000      793.886  5.57701e-12  4.27792e-14
      1.00000      790.092  5.41695e-12  4.28228e-14
      1.00000      786.335  6.05581e-12  4.39992e-14
      1.00000      782.613  7.51549e-12  4.49220e-14
      1.00000      778.925  9.98663e-12  4.78168e-14
      1.00000      775.273  1.48764e-11  5.45012e-14
      1.00000      771.655  2.27127e-11  6.31836e-14
      1.00000      768.070  3.10776e-11  6.89062e-14
      1.00000      764.518  3.92907e-11  7.37808e-14
      1.00000      761.000  5.23210e-11  8.20704e-14
      1.00000      757.513  6.47572e-11  9.36982e-14
      1.00000      754.058  7.08009e-11  9.76702e-14
      1.00000      750.635  8.40439e-11  1.05637e-13
      1.00000      747.242  9.56357e-11  1.13699e-13
      1.00000      743.880  1.01033e-10  1.18885e-13
      1.00000      740.548  1.08162e-10  1.22488e-13
      1.00000      737.246  1.23405e-10  1.28936e-13
      1.00000      733.973  2.14879e-10  1.60773e-13
      1.00000      730.729  4.82865e-10  2.46689e-13
      1.00000      727.513  4.14348e-10  2.29588e-13
      1.00000      724.326  1.33849e-10  1.33796e-13
      1.00000      721.167  8.77394e-11  1.17839e-13
      1.00000      718.035  9.50871e-11  1.23838e-13
      1.00000      714.930  9.89881e-11  1.26869e-13
      1.00000      711.852  9.57954e-11  1.27607e-13
      1.00000      708.800  9.07720e-11  1.28495e-13
      1.00000      705.774  8.92229e-11  1.30261e-13
