      1.00000      1319.94  1.50572e-12  1.90260e-14
      1.00000      1309.48  2.45361e-12  1.87004e-14
      1.00000      1299.19  2.34509e-12  1.70139e-14
      1.00000      1289.06  1.53454e-12  1.50685e-14
      1.00000      1279.09  1.31310e-12  1.46828e-14
      1.00000      1269.27  1.17904e-12  1.49783e-14
      1.00000      1259.60  9.44180e-13  1.49122e-14
      1.00000      1250.08  9.21134e-13  1.40753e-14
      1.00000      1240.70  6.59481e-13  1.27551e-14
      1.00000      1231.46  3.00632e-13  1.23399e-14
      1.00000      1222.35  2.55307e-13  1.22147e-14
      1.00000      1213.38  2.76647e-13  1.18593e-14
      1.00000      1204.54  2.91908e-13  1.18868e-14
      1.00000      1195.83  5.07220e-13  1.24540e-14
      1.00000      1187.24  1.33229e-13  1.14800e-14
      1.00000      1178.78  1.33246e-13  1.13008e-14
      1.00000      1170.43  1.87806e-13  1.16440e-14
      1.00000      1162.20  2.72674e-13  1.25424e-14
      1.00000      1154.09  3.29804e-13  1.21888e-14
      1.00000      1146.09  4.74962e-13  1.22099e-14
      1.00000      1138.20  7.45594e-13  1.23614e-14
      1.00000      1130.42  1.02224e-12  1.27569e-14
      1.00000      1122.74  1.53369e-12  1.32412e-14
      1.00000      1115.17  2.46654e-12  1.39282e-14
      1.00000      1107.70  3.76851e-12  1.53037e-14
      1.00000      1100.33  5.21816e-12  1.63361e-14
      1.00000      1093.05  6.41680e-12  1.70413e-14
      1.00000      1085.87  7.26498e-12  1.77315e-14
      1.00000      1078.79  7.68049e-12  1.80811e-14
      1.00000      1071.79  7.64289e-12  1.80818e-14
      1.00000      1064.89  7.41025e-12  1.85794e-14
      1.00000      1058.08  7.01910e-12  1.82836e-14
      1.00000      1051.35  6.61493e-12  1.80723e-14
      1.00000      1044.71  6.57735e-12  1.74903e-14
      1.00000      1038.15  9.04670e-12  1.84652e-14
      1.00000      1031.67  8.41403e-12  1.78722e-14
      1.00000      1025.27  5.37742e-12          NaN
      1.00000      1018.95  4.12330e-12          NaN
      1.00000      1012.71  3.60790e-12  1.47929e-14
      1.00000      1006.54  3.14975e-12  1.38897e-14
      1.00000      1000.45  2.90201e-12  1.38609e-14
      1.00000      994.436  2.51548e-12  1.32374e-14
      1.00000      988.491  2.21299e-12  1.29712e-14
      1.00000      982.616  2.01411e-12  1.28609e-14
      1.00000      976.810  1.85931e-12  1.27070e-14
      1.00000      971.074  1.76144e-12  1.28746e-14
      1.00000      965.403  1.61079e-12  1.30689e-14
      1.00000      959.799  1.55151e-12  1.33379e-14
      1.00000      954.259  1.63416e-12  1.35322e-14
      1.00000      948.783  1.70958e-12  1.37121e-14
      1.00000      943.370  1.78130e-12  1.42619e-14
      1.00000      938.017  1.90330e-12  1.45524e-14
      1.00000      932.725  2.00872e-12  1.46968e-14
      1.00000      927.493  2.21255e-12  1.52646e-14
      1.00000      922.319  2.37284e-12  1.62553e-14
      1.00000      917.202  2.59497e-12  1.67436e-14
      1.00000      912.142  2.83610e-12  1.73895e-14
      1.00000      907.137  3.02081e-12  1.81152e-14
      1.00000      902.188  3.15879e-12  1.82105e-14
      1.00000      897.292  3.26417e-12  1.87063e-14
      1.00000      892.448  3.30970e-12  1.87291e-14
      1.00000      887.656  3.32745e-12  2.00917e-14
      1.00000      882.916  3.41285e-12  1.91245e-14
      1.00000      878.226  3.45719e-12  1.91529e-14
      1.00000      873.586  3.52142e-12  1.93594e-14
      1.00000      868.994  3.69582e-12  1.99460e-14
      1.00000      864.451  4.03694e-12  2.07576e-14
      1.00000      859.955  4.34734e-12  2.10533e-14
      1.00000      855.504  4.79956e-12  2.14915e-14
      1.00000      851.101  5.38125e-12  2.19936e-14
      1.00000      846.742  6.05054e-12  2.23207e-14
      1.00000      842.427  6.66960e-12  2.25192e-14
      1.00000      838.157  7.32862e-12  2.32750e-14
      1.00000      833.929  8.12958e-12  2.35138e-14
      1.00000      829.744  9.04146e-12  2.45278e-14
      1.00000      825.601  1.00572e-11  2.47812e-14
      1.00000      821.498  1.05618e-11  2.48125e-14
      1.00000      817.437  1.26364e-11  2.53370e-14
      1.00000      813.415  1.28296e-11  2.51194e-14
      1.00000      809.433  9.62405e-12  2.39939e-14
      1.00000      805.490  8.08826e-12  2.45011e-14
      1.00000      801.585  7.18113e-12  2.28046e-14
      1.00000      797.717  6.53129e-12  2.17760e-14
      1.00000      793.886  6.14965e-12  2.13734e-14
      1.00000      790.092  6.03244e-12  2.15086e-14
      1.00000      786.335  6.77815e-12  2.19687e-14
      1.00000      782.613  8.46616e-12  2.28906e-14
      1.00000      778.925  1.13699e-11  2.44022e-14
      1.00000      775.273  1.69833e-11  2.76371e-14
      1.00000      771.655  2.58609e-11  3.16040e-14
      1.00000      768.070  3.54398e-11  3.49425e-14
      1.00000      764.518  4.44314e-11  3.80905e-14
      1.00000      761.000  5.85530e-11  4.29882e-14
      1.00000      757.513  7.20728e-11  4.83985e-14
      1.00000      754.058  7.86185e-11  5.08226e-14
      1.00000      750.635  9.26261e-11  5.50286e-14
      1.00000      747.242  1.05582e-10  5.94337e-14
      1.00000      743.880  1.11406e-10  6.18561e-14
      1.00000      740.548  1.19054e-10  6.40289e-14
      1.00000      737.246  1.35320e-10  6.72677e-14
      1.00000      733.973  2.33919e-10  8.37683e-14
      1.00000      730.729  5.31111e-10  1.29043e-13
      1.00000      727.513  4.71988e-10  1.22824e-13
      1.00000      724.326  1.53942e-10  7.07741e-14
      1.00000      721.167  9.78719e-11  6.10002e-14
      1.00000      718.035  1.05310e-10  6.40399e-14
      1.00000      714.930  1.09703e-10  6.62964e-14
      1.00000      711.852  1.06368e-10  6.65309e-14
      1.00000      708.800  1.01052e-10  6.67646e-14
      1.00000      705.774  9.96005e-11  6.79566e-14
