      1.00000      1319.94  1.35589e-12  3.77790e-14
      1.00000      1309.48  2.29958e-12  3.75854e-14
      1.00000      1299.19  2.23434e-12  3.45779e-14
      1.00000      1289.06  1.51670e-12  3.06228e-14
      1.00000      1279.09  1.24176e-12  3.04510e-14
      1.00000      1269.27  1.12213e-12  3.11579e-14
      1.00000      1259.60  8.94850e-13  2.75281e-14
      1.00000      1250.08  9.23525e-13  2.80148e-14
      1.00000      1240.70  7.13444e-13  2.78322e-14
      1.00000      1231.46  3.23460e-13  2.60728e-14
      1.00000      1222.35  2.53898e-13  2.56325e-14
      1.00000      1213.38  2.43739e-13  2.44326e-14
      1.00000      1204.54  2.01184e-13  2.44626e-14
      1.00000      1195.83  2.18764e-13  2.26656e-14
      1.00000      1187.24  1.90392e-13  2.22522e-14
      1.00000      1178.78  1.24799e-13  2.31601e-14
      1.00000      1170.43  1.81306e-13  2.47363e-14
      1.00000      1162.20  2.44688e-13  2.88271e-14
      1.00000      1154.09  3.25807e-13  2.46527e-14
      1.00000      1146.09  4.55881e-13  2.37902e-14
      1.00000      1138.20  7.07544e-13  2.40978e-14
      1.00000      1130.42  1.04040e-12  2.42945e-14
      1.00000      1122.74  1.51291e-12  2.56734e-14
      1.00000      1115.17  2.42253e-12  2.72362e-14
      1.00000      1107.70  3.71653e-12  3.11422e-14
      1.00000      1100.33  5.13346e-12  3.46358e-14
      1.00000      1093.05  6.31969e-12  3.42169e-14
      1.00000      1085.87  7.22282e-12  3.42809e-14
      1.00000      1078.79  7.69558e-12  3.59529e-14
      1.00000      1071.79  7.70239e-12  3.57048e-14
      1.00000      1064.89  7.50473e-12  3.77081e-14
      1.00000      1058.08  7.09578e-12  3.60015e-14
      1.00000      1051.35  6.66794e-12  3.50863e-14
      1.00000      1044.71  6.72531e-12  3.43516e-14
      1.00000      1038.15  9.21224e-12  3.66117e-14
      1.00000      1031.67  8.88315e-12  3.50827e-14
      1.00000      1025.27  5.53736e-12          NaN
      1.00000      1018.95  4.20222e-12          NaN
      1.00000      1012.71  3.75171e-12  2.93640e-14
      1.00000      1006.54  3.28296e-12  2.80707e-14
      1.00000      1000.45  2.88759e-12  2.82134e-14
      1.00000      994.436  2.57955e-12  2.73728e-14
      1.00000      988.491  2.39419e-12  2.63997e-14
      1.00000      982.616  2.10681e-12  2.51293e-14
      1.00000      976.810  1.84002e-12  2.49689e-14
      1.00000      971.074  1.68950e-12  2.60499e-14
      1.00000      965.403  1.63699e-12  2.52792e-14
      1.00000      959.799  1.64708e-12  2.61498e-14
      1.00000      954.259  1.72034e-12  2.76014e-14
      1.00000      948.783  1.77640e-12  2.68213e-14
      1.00000      943.370  1.79480e-12  2.76887e-14
      1.00000      938.017  1.92726e-12  2.80428e-14
      1.00000      932.725  1.99623e-12  2.83392e-14
      1.00000      927.493  2.19803e-12  2.98306e-14
      1.00000      922.319  2.43520e-12  3.12575e-14
      1.00000      917.202  2.73396e-12  3.24466e-14
      1.00000      912.142  2.95132e-12  3.39508e-14
      1.00000      907.137  3.14972e-12  3.68748e-14
      1.00000      902.188  3.28706e-12  3.82897e-14
      1.00000      897.292  3.35707e-12  3.64089e-14
      1.00000      892.448  3.38788e-12  3.67045e-14
      1.00000      887.656  3.46959e-12  3.62221e-14
      1.00000      882.916  3.56575e-12  3.69818e-14
      1.00000      878.226  3.56179e-12  3.66782e-14
      1.00000      873.586  3.61139e-12  3.75025e-14
      1.00000      868.994  3.72020e-12  3.84759e-14
      1.00000      864.451  3.97795e-12  3.92775e-14
      1.00000      859.955  4.26217e-12  4.01799e-14
      1.00000      855.504  4.76063e-12  4.33952e-14
      1.00000      851.101  5.29522e-12  4.36536e-14
      1.00000      846.742  5.86382e-12  4.34591e-14
      1.00000      842.427  6.45622e-12  4.35493e-14
      1.00000      838.157  7.11200e-12  4.38657e-14
      1.00000      833.929  7.84807e-12  4.61485e-14
      1.00000      829.744  8.65886e-12  4.63824e-14
      1.00000      825.601  9.51967e-12  4.83040e-14
      1.00000      821.498  1.00680e-11  4.93164e-14
      1.00000      817.437  1.18951e-11  4.85002e-14
      1.00000      813.415  1.23604e-11  4.86883e-14
      1.00000      809.433  9.46002e-12  4.63102e-14
      1.00000      805.490  7.82823e-12  4.35458e-14
      1.00000      801.585  7.15834e-12  4.29177e-14
      1.00000      797.717  6.56052e-12  4.24325e-14
      1.00000      793.886  6.19165e-12  4.16000e-14
      1.00000      790.092  6.08672e-12  4.24169e-14
      1.00000      786.335  6.65581e-12  4.41134e-14
      1.00000      782.613  8.19045e-12  4.64188e-14
      1.00000      778.925  1.08686e-11  4.77512e-14
      1.00000      775.273  1.63222e-11  5.27819e-14
      1.00000      771.655  2.48570e-11  6.05252e-14
      1.00000      768.070  3.37790e-11  6.70454e-14
      1.00000      764.518  4.37129e-11  7.54499e-14
      1.00000      761.000  5.86087e-11  8.53627e-14
      1.00000      757.513  7.13148e-11  9.50369e-14
      1.00000      754.058  7.90134e-11  1.00354e-13
      1.00000      750.635  9.49827e-11  1.11295e-13
      1.00000      747.242  1.08200e-10  1.19301e-13
      1.00000      743.880  1.12668e-10  1.23407e-13
      1.00000      740.548  1.20624e-10  1.28092e-13
      1.00000      737.246  1.35799e-10  1.34818e-13
      1.00000      733.973  2.31868e-10  1.66958e-13
      1.00000      730.729  5.28715e-10  2.58249e-13
      1.00000      727.513  4.90196e-10  2.51258e-13
      1.00000      724.326  1.62757e-10  1.44045e-13
      1.00000      721.167  1.00525e-10  1.22892e-13
      1.00000      718.035  1.05934e-10  1.28274e-13
      1.00000      714.930  1.11429e-10  1.32048e-13
      1.00000      711.852  1.08684e-10  1.34239e-13
      1.00000      708.800  1.04690e-10  1.35000e-13
      1.00000      705.774  1.01293e-10  1.34530e-13
