      1.00000      1319.94  1.56933e-12  3.79871e-14
      1.00000      1309.48  2.55564e-12  3.76071e-14
      1.00000      1299.19  2.47090e-12  3.38013e-14
      1.00000      1289.06  1.60067e-12  2.97730e-14
      1.00000      1279.09  1.36026e-12  2.83154e-14
      1.00000      1269.27  1.21160e-12  2.86815e-14
      1.00000      1259.60  9.52788e-13  2.90640e-14
      1.00000      1250.08  8.92931e-13  2.78383e-14
      1.00000      1240.70  7.10480e-13  2.56469e-14
      1.00000      1231.46  3.39514e-13  2.51719e-14
      1.00000      1222.35  2.91605e-13  2.42645e-14
      1.00000      1213.38  3.06352e-13  2.35301e-14
      1.00000      1204.54  2.86315e-13  2.37887e-14
      1.00000      1195.83  4.61683e-13  2.47451e-14
      1.00000      1187.24  1.32770e-13  2.26135e-14
      1.00000      1178.78  1.46251e-13  2.25322e-14
      1.00000      1170.43  1.89052e-13  2.34163e-14
      1.00000      1162.20  2.68489e-13  2.59673e-14
      1.00000      1154.09  3.11204e-13  2.44271e-14
      1.00000      1146.09  5.01583e-13  2.42255e-14
      1.00000      1138.20  7.48752e-13  2.37322e-14
      1.00000      1130.42  1.02012e-12  2.46906e-14
      1.00000      1122.74  1.52788e-12  2.67546e-14
      1.00000      1115.17  2.42817e-12  2.73751e-14
      1.00000      1107.70  3.76387e-12  3.08913e-14
      1.00000      1100.33  5.19795e-12  3.24779e-14
      1.00000      1093.05  6.41942e-12  3.37297e-14
      1.00000      1085.87  7.26207e-12  3.47907e-14
      1.00000      1078.79  7.69270e-12  3.58020e-14
      1.00000      1071.79  7.63067e-12  3.56320e-14
      1.00000      1064.89  7.44336e-12  3.63357e-14
      1.00000      1058.08  7.09531e-12  3.58549e-14
      1.00000      1051.35  6.67237e-12  3.53916e-14
      1.00000      1044.71  6.66651e-12  3.48959e-14
      1.00000      1038.15  9.06912e-12  3.64126e-14
      1.00000      1031.67  8.55115e-12  3.54186e-14
      1.00000      1025.27  5.38525e-12          NaN
      1.00000      1018.95  4.12651e-12          NaN
      1.00000      1012.71  3.67986e-12  2.95140e-14
      1.00000      1006.54  3.18779e-12  2.76738e-14
      1.00000      1000.45  2.94301e-12  2.80122e-14
      1.00000      994.436  2.58112e-12  2.63097e-14
      1.00000      988.491  2.30659e-12  2.58465e-14
      1.00000      982.616  2.05262e-12  2.53145e-14
      1.00000      976.810  1.90366e-12  2.51750e-14
      1.00000      971.074  1.82851e-12  2.58380e-14
      1.00000      965.403  1.62866e-12  2.62990e-14
      1.00000      959.799  1.53837e-12  2.74350e-14
      1.00000      954.259  1.66647e-12  2.74716e-14
      1.00000      948.783  1.72471e-12  2.70031e-14
      1.00000      943.370  1.77470e-12  2.81441e-14
      1.00000      938.017  1.86234e-12  2.88854e-14
      1.00000      932.725  1.99978e-12  2.88960e-14
      1.00000      927.493  2.23915e-12  3.06365e-14
      1.00000      922.319  2.39367e-12  3.37476e-14
      1.00000      917.202  2.58513e-12  3.28525e-14
      1.00000      912.142  2.86985e-12  3.43188e-14
      1.00000      907.137  3.06742e-12  3.55949e-14
      1.00000      902.188  3.19168e-12  3.63966e-14
      1.00000      897.292  3.28295e-12  3.61654e-14
      1.00000      892.448  3.29894e-12  3.67581e-14
      1.00000      887.656  3.33243e-12  3.72698e-14
      1.00000      882.916  3.46743e-12  3.69873e-14
      1.00000      878.226  3.52450e-12  3.72734e-14
      1.00000      873.586  3.52616e-12  3.77246e-14
      1.00000      868.994  3.70784e-12  3.92412e-14
      1.00000      864.451  4.05291e-12  4.27180e-14
      1.00000      859.955  4.38532e-12  4.34906e-14
      1.00000      855.504  4.93072e-12  4.28478e-14
      1.00000      851.101  5.51243e-12  4.44083e-14
      1.00000      846.742  6.17755e-12  4.44661e-14
      1.00000      842.427  6.84287e-12  4.46622e-14
      1.00000      838.157  7.57848e-12  4.80188e-14
      1.00000      833.929  8.34010e-12  4.72042e-14
      1.00000      829.744  9.30495e-12  4.99136e-14
      1.00000      825.601  1.03467e-11  4.94467e-14
      1.00000      821.498  1.09022e-11  4.92190e-14
      1.00000      817.437  1.28887e-11  5.05217e-14
      1.00000      813.415  1.32018e-11  5.03834e-14
      1.00000      809.433  1.00888e-11  4.80212e-14
      1.00000      805.490  8.38208e-12  4.85102e-14
      1.00000      801.585  7.47113e-12  4.52994e-14
      1.00000      797.717  6.76191e-12  4.40083e-14
      1.00000      793.886  6.36170e-12  4.30904e-14
      1.00000      790.092  6.24762e-12  4.40260e-14
      1.00000      786.335  7.01555e-12  4.41542e-14
      1.00000      782.613  8.73115e-12  4.57899e-14
      1.00000      778.925  1.17781e-11  4.91807e-14
      1.00000      775.273  1.75846e-11  5.57740e-14
      1.00000      771.655  2.67405e-11  6.25911e-14
      1.00000      768.070  3.66360e-11  6.91955e-14
      1.00000      764.518  4.57311e-11  7.63880e-14
      1.00000      761.000  6.00216e-11  8.64571e-14
      1.00000      757.513  7.39060e-11  9.76783e-14
      1.00000      754.058  8.06704e-11  1.03741e-13
      1.00000      750.635  9.48138e-11  1.10849e-13
      1.00000      747.242  1.08328e-10  1.19328e-13
      1.00000      743.880  1.14401e-10  1.25177e-13
      1.00000      740.548  1.22183e-10  1.29862e-13
      1.00000      737.246  1.38166e-10  1.35927e-13
      1.00000      733.973  2.37079e-10  1.69062e-13
      1.00000      730.729  5.40544e-10  2.59934e-13
      1.00000      727.513  4.88059e-10  2.49525e-13
      1.00000      724.326  1.60332e-10  1.42731e-13
      1.00000      721.167  1.00677e-10  1.22893e-13
      1.00000      718.035  1.08005e-10  1.29565e-13
      1.00000      714.930  1.12555e-10  1.34104e-13
      1.00000      711.852  1.09322e-10  1.34411e-13
      1.00000      708.800  1.03837e-10  1.34907e-13
      1.00000      705.774  1.02530e-10  1.38658e-13
