      1.00000      1319.94  1.23376e-12  2.48040e-13
      1.00000      1309.48  2.69005e-12  2.37637e-13
      1.00000      1299.19  2.63914e-12  2.17075e-13
      1.00000      1289.06  1.82238e-12  1.98299e-13
      1.00000      1279.09  1.26317e-12  1.90027e-13
      1.00000      1269.27  7.49044e-13  1.88129e-13
      1.00000      1259.60  7.38860e-13  1.83679e-13
      1.00000      1250.08  8.26883e-13  1.74599e-13
      1.00000      1240.70  6.55453e-13  1.67173e-13
      1.00000      1231.46  3.76646e-13  1.62771e-13
      1.00000      1222.35  5.05055e-14  1.64745e-13
      1.00000      1213.38  4.45380e-14  1.62601e-13
      1.00000      1204.54  1.78813e-13  1.59809e-13
      1.00000      1195.83 -5.02195e-14  1.55717e-13
      1.00000      1187.24 -3.61654e-13  1.55385e-13
      1.00000      1178.78  2.56800e-13  1.53811e-13
      1.00000      1170.43  2.32385e-13  1.60626e-13
      1.00000      1162.20  3.04114e-13  1.63246e-13
      1.00000      1154.09  2.20356e-13  1.59704e-13
      1.00000      1146.09  3.19386e-13  1.59640e-13
      1.00000      1138.20  9.71739e-13  1.54725e-13
      1.00000      1130.42  7.11693e-13  1.54704e-13
      1.00000      1122.74  1.14834e-12  1.59620e-13
      1.00000      1115.17  2.55204e-12  1.68432e-13
      1.00000      1107.70  3.40157e-12  1.72646e-13
      1.00000      1100.33  4.96678e-12  1.77340e-13
      1.00000      1093.05  6.02994e-12  1.82118e-13
      1.00000      1085.87  6.90054e-12  1.83621e-13
      1.00000      1078.79  7.46958e-12  1.85998e-13
      1.00000      1071.79  7.32698e-12  1.89252e-13
      1.00000      1064.89  7.40633e-12  1.90963e-13
      1.00000      1058.08  7.50388e-12  1.93396e-13
      1.00000      1051.35  6.64409e-12  1.87877e-13
      1.00000      1044.71  6.47944e-12  1.83700e-13
      1.00000      1038.15  9.10533e-12  1.83818e-13
      1.00000      1031.67  9.26967e-12  1.79227e-13
      1.00000      1025.27  5.47217e-12          NaN
      1.00000      1018.95  4.15866e-12          NaN
      1.00000      1012.71  3.68439e-12  1.52253e-13
      1.00000      1006.54  3.34743e-12  1.47258e-13
      1.00000      1000.45  2.94474e-12  1.44236e-13
      1.00000      994.436  2.61924e-12  1.42759e-13
      1.00000      988.491  2.37111e-12  1.38460e-13
      1.00000      982.616  2.13831e-12  1.38263e-13
      1.00000      976.810  1.84457e-12  1.37800e-13
      1.00000      971.074  1.63195e-12  1.41827e-13
      1.00000      965.403  1.22617e-12  1.44891e-13
      1.00000      959.799  1.11322e-12  1.47169e-13
      1.00000      954.259  1.37410e-12  1.49583e-13
      1.00000      948.783  1.09399e-12  1.53430e-13
      1.00000      943.370  1.38400e-12  1.56509e-13
      1.00000      938.017  1.72977e-12  1.58420e-13
      1.00000      932.725  1.62391e-12  1.60421e-13
      1.00000      927.493  1.86351e-12  1.67911e-13
      1.00000      922.319  2.32434e-12  1.73610e-13
      1.00000      917.202  2.32096e-12  1.82405e-13
      1.00000      912.142  2.74988e-12  1.87673e-13
      1.00000      907.137  3.12798e-12  1.93567e-13
      1.00000      902.188  3.51102e-12  1.93286e-13
      1.00000      897.292  3.34283e-12  1.96082e-13
      1.00000      892.448  3.74567e-12  2.00410e-13
      1.00000      887.656  3.36528e-12  2.02140e-13
      1.00000      882.916  3.05759e-12  2.01086e-13
      1.00000      878.226  3.58238e-12  2.02535e-13
      1.00000      873.586  3.40426e-12  2.05677e-13
      1.00000      868.994  3.26337e-12  2.11524e-13
      1.00000      864.451  4.39333e-12  2.14982e-13
      1.00000      859.955  4.40807e-12  2.20639e-13
      1.00000      855.504  3.90451e-12  2.24434e-13
      1.00000      851.101  5.31836e-12  2.26533e-13
      1.00000      846.742  6.44871e-12  2.28962e-13
      1.00000      842.427  6.06933e-12  2.27783e-13
      1.00000      838.157  7.30432e-12  2.29580e-13
      1.00000      833.929  8.06231e-12  2.30496e-13
      1.00000      829.744  8.50060e-12  2.33647e-13
      1.00000      825.601  1.00886e-11  2.37105e-13
      1.00000      821.498  1.06067e-11  2.38816e-13
      1.00000      817.437  1.26406e-11  2.44069e-13
      1.00000      813.415  1.32638e-11  2.43920e-13
      1.00000      809.433  1.03308e-11  2.36351e-13
      1.00000      805.490  7.78031e-12  2.42625e-13
      1.00000      801.585  7.10049e-12  2.34683e-13
      1.00000      797.717  6.35459e-12  2.24162e-13
      1.00000      793.886  6.85072e-12  2.21591e-13
      1.00000      790.092  6.79916e-12  2.20921e-13
      1.00000      786.335  6.75625e-12  2.23584e-13
      1.00000      782.613  8.40990e-12  2.30515e-13
      1.00000      778.925  1.12426e-11  2.41828e-13
      1.00000      775.273  1.60025e-11  2.58925e-13
      1.00000      771.655  2.47992e-11  2.82762e-13
      1.00000      768.070  3.50786e-11  3.13984e-13
      1.00000      764.518  4.41886e-11  3.40554e-13
      1.00000      761.000  5.82643e-11  3.76251e-13
      1.00000      757.513  7.27789e-11  4.17970e-13
      1.00000      754.058  7.95711e-11  4.41703e-13
      1.00000      750.635  9.38205e-11  4.76160e-13
      1.00000      747.242  1.09143e-10  5.14704e-13
      1.00000      743.880  1.14537e-10  5.33974e-13
      1.00000      740.548  1.21672e-10  5.51584e-13
      1.00000      737.246  1.35484e-10  5.72665e-13
      1.00000      733.973  2.20977e-10  6.77543e-13
      1.00000      730.729  5.19645e-10  1.02932e-12
      1.00000      727.513  5.16767e-10  1.03764e-12
      1.00000      724.326  1.72385e-10  6.32142e-13
      1.00000      721.167  1.01426e-10  5.37561e-13
      1.00000      718.035  1.07014e-10  5.68155e-13
      1.00000      714.930  1.12532e-10  5.78372e-13
      1.00000      711.852  1.09383e-10  5.82496e-13
      1.00000      708.800  1.03282e-10  5.85444e-13
      1.00000      705.774  1.02739e-10  6.10866e-13
