      1.00000      705.774  1.28689e-09  1.19863e-12
      1.00000      708.800  1.35888e-09  1.20728e-12
      1.00000      711.852  1.54450e-09  1.26629e-12
      1.00000      714.930  1.51942e-09  1.24267e-12
      1.00000      718.035  1.36266e-09  1.15549e-12
      1.00000      721.167  1.24152e-09  1.08063e-12
      1.00000      724.326  2.27171e-09  1.41317e-12
      1.00000      727.513  7.27484e-09  3.87624e-12
      1.00000      730.729  7.46241e-09  4.22494e-12
      1.00000      733.973  3.04642e-09  1.66821e-12
      1.00000      737.246  1.71957e-09  1.24000e-12
      1.00000      740.548  1.56428e-09  1.19378e-12
      1.00000      743.880  1.50932e-09  1.15846e-12
      1.00000      747.242  1.47259e-09  1.12170e-12
      1.00000      750.635  1.31322e-09  1.03306e-12
      1.00000      754.058  1.16454e-09  9.51560e-13
      1.00000      757.513  1.11668e-09  9.14468e-13
      1.00000      761.000  9.62920e-10  8.24080e-13
      1.00000      764.518  8.39830e-10  7.57300e-13
      1.00000      768.070  8.12539e-10  7.29494e-13
      1.00000      771.655  7.83745e-10  7.00947e-13
      1.00000      775.273  7.97763e-10  6.94640e-13
      1.00000      778.925  8.93771e-10  7.20026e-13
      1.00000      782.613  1.05197e-09  7.67748e-13
      1.00000      786.335  1.25069e-09  8.27990e-13
      1.00000      790.092  1.49571e-09  9.01021e-13
      1.00000      793.886  1.77885e-09  9.83858e-13
      1.00000      797.717  2.10786e-09  1.07685e-12
      1.00000      801.585  2.47105e-09  1.17299e-12
      1.00000      805.490  2.81669e-09  1.26885e-12
      1.00000      809.433  3.14533e-09  1.35636e-12
      1.00000      813.415  3.53916e-09  1.46887e-12
      1.00000      817.437  3.79127e-09  1.64051e-12
      1.00000      821.498  3.91185e-09  1.68966e-12
      1.00000      825.601  3.74633e-09  1.67316e-12
      1.00000      829.744  3.33869e-09  1.57266e-12
      1.00000      833.929  2.96227e-09  1.39952e-12
      1.00000      838.157  2.62433e-09  1.33449e-12
      1.00000      842.427  2.29757e-09  1.24831e-12
      1.00000      846.742  1.98259e-09  1.17176e-12
      1.00000      851.101  1.62180e-09  1.05820e-12
      1.00000      855.504  1.29692e-09  9.47115e-13
      1.00000      859.955  9.88859e-10  8.22215e-13
      1.00000      864.451  7.21638e-10  7.02331e-13
      1.00000      868.994  4.98802e-10  5.84323e-13
      1.00000      873.586  3.23622e-10  4.73885e-13
      1.00000      878.226  2.06409e-10  3.89066e-13
      1.00000      882.916  1.32521e-10  3.28052e-13
      1.00000      887.656  8.89406e-11  2.85663e-13
      1.00000      892.448  6.36470e-11  2.59666e-13
      1.00000      897.292  4.81402e-11  2.35908e-13
      1.00000      902.188  4.13870e-11  2.25902e-13
      1.00000      907.137  3.95492e-11  2.21191e-13
      1.00000      912.142  3.69647e-11  2.11753e-13
      1.00000      917.202  3.42587e-11  2.01113e-13
      1.00000      922.319  3.29887e-11  1.93141e-13
      1.00000      927.493  3.05050e-11  1.83891e-13
      1.00000      932.725  2.82517e-11  1.76366e-13
      1.00000      938.017  2.90644e-11  1.74164e-13
      1.00000      943.370  4.24818e-11  1.89631e-13
      1.00000      948.783  5.44935e-11  2.00817e-13
      1.00000      954.259  3.87513e-11  1.79086e-13
      1.00000      959.799  2.36032e-11  1.58459e-13
      1.00000      965.403  2.17522e-11  1.54838e-13
      1.00000      971.074  2.15699e-11  1.51343e-13
      1.00000      976.810  2.06308e-11  1.47180e-13
      1.00000      982.616  1.99626e-11  1.45622e-13
      1.00000      988.491  1.91094e-11  1.44718e-13
      1.00000      994.436  1.70729e-11  1.45698e-13
      1.00000      1000.45  1.55633e-11  1.45201e-13
      1.00000      1006.54  1.35761e-11  1.43640e-13
      1.00000      1012.71  1.22830e-11  1.44432e-13
      1.00000      1018.95  1.10955e-11          NaN
      1.00000      1025.27  1.05877e-11          NaN
      1.00000      1031.67  9.90658e-12  1.45920e-13
      1.00000      1038.15  9.99016e-12  1.51018e-13
      1.00000      1044.71  1.11064e-11  1.57884e-13
      1.00000      1051.35  1.14995e-11  1.62517e-13
      1.00000      1058.08  1.28489e-11  1.66048e-13
      1.00000      1064.89  1.44400e-11  1.68930e-13
      1.00000      1071.79  1.68660e-11  1.69478e-13
      1.00000      1078.79  2.04280e-11  1.77437e-13
      1.00000      1085.87  2.57359e-11  1.85613e-13
      1.00000      1093.05  3.29808e-11  1.94618e-13
      1.00000      1100.33  4.39177e-11  2.14276e-13
      1.00000      1107.70  5.74533e-11  2.34548e-13
      1.00000      1115.17  7.58368e-11  2.58922e-13
      1.00000      1122.74  9.08038e-11  2.74525e-13
      1.00000      1130.42  1.00508e-10  2.83325e-13
      1.00000      1138.20  1.14830e-10  2.99068e-13
      1.00000      1146.09  1.45979e-10  3.33559e-13
      1.00000      1154.09  2.04896e-10  3.93937e-13
      1.00000      1162.20  2.08640e-10  3.90607e-13
      1.00000      1170.43  1.89077e-10  3.67829e-13
      1.00000      1178.78  1.91804e-10  3.62115e-13
      1.00000      1187.24  2.26315e-10  3.89208e-13
      1.00000      1195.83  2.87494e-10  4.38567e-13
      1.00000      1204.54  3.72268e-10  5.01973e-13
      1.00000      1213.38  5.27010e-10  5.99038e-13
      1.00000      1222.35  7.02295e-10  6.82011e-13
      1.00000      1231.46  8.96196e-10  7.67030e-13
      1.00000      1240.70  1.12320e-09  8.69977e-13
      1.00000      1250.08  1.30268e-09  9.54636e-13
      1.00000      1259.60  1.46468e-09  1.04457e-12
      1.00000      1269.27  1.47708e-09  1.06277e-12
      1.00000      1279.09  1.49532e-09  1.06619e-12
      1.00000      1289.06  2.19232e-09  1.30965e-12
      1.00000      1299.19  3.13212e-09  1.73111e-12
      1.00000      1309.48  2.09017e-09  1.48839e-12
      1.00000      1319.94  1.06533e-09  1.06654e-12
