      1.00000      1319.94  1.60120e-12  4.03883e-14
      1.00000      1309.48  2.53053e-12  3.85830e-14
      1.00000      1299.19  2.47491e-12  3.38715e-14
      1.00000      1289.06  1.62683e-12  3.03569e-14
      1.00000      1279.09  1.31319e-12  2.92204e-14
      1.00000      1269.27  1.19311e-12  2.89141e-14
      1.00000      1259.60  9.46494e-13  2.76809e-14
      1.00000      1250.08  9.02573e-13  2.64512e-14
      1.00000      1240.70  7.13216e-13  2.54287e-14
      1.00000      1231.46  3.49102e-13  2.45186e-14
      1.00000      1222.35  2.69133e-13  2.38061e-14
      1.00000      1213.38  2.53044e-13  2.36150e-14
      1.00000      1204.54  1.87518e-13  2.37764e-14
      1.00000      1195.83  1.73895e-13  2.25234e-14
      1.00000      1187.24  1.50447e-13  2.18815e-14
      1.00000      1178.78  1.07179e-13  2.24979e-14
      1.00000      1170.43  2.38291e-13  2.33417e-14
      1.00000      1162.20  3.38126e-13  2.45570e-14
      1.00000      1154.09  3.17506e-13  2.59073e-14
      1.00000      1146.09  4.15178e-13  2.40391e-14
      1.00000      1138.20  7.19252e-13  2.39221e-14
      1.00000      1130.42  1.10941e-12  2.46030e-14
      1.00000      1122.74  1.56956e-12  2.63059e-14
      1.00000      1115.17  2.55374e-12  2.81139e-14
      1.00000      1107.70  3.87966e-12  3.07323e-14
      1.00000      1100.33  5.29806e-12  3.24534e-14
      1.00000      1093.05  6.62431e-12  3.41572e-14
      1.00000      1085.87  7.49252e-12  3.49454e-14
      1.00000      1078.79  7.91327e-12  3.60650e-14
      1.00000      1071.79  7.90778e-12  3.64078e-14
      1.00000      1064.89  7.73753e-12  3.63612e-14
      1.00000      1058.08  7.27438e-12  3.59674e-14
      1.00000      1051.35  6.84046e-12  3.51881e-14
      1.00000      1044.71  6.92370e-12  3.46116e-14
      1.00000      1038.15  9.62702e-12  3.74278e-14
      1.00000      1031.67  9.06107e-12  3.55841e-14
      1.00000      1025.27  5.72244e-12          NaN
      1.00000      1018.95  4.36609e-12          NaN
      1.00000      1012.71  3.80228e-12  2.99112e-14
      1.00000      1006.54  3.34626e-12  2.70883e-14
      1.00000      1000.45  2.93164e-12  2.63468e-14
      1.00000      994.436  2.65705e-12  2.56710e-14
      1.00000      988.491  2.36741e-12  2.46816e-14
      1.00000      982.616  2.11357e-12  2.44915e-14
      1.00000      976.810  1.91427e-12  2.43084e-14
      1.00000      971.074  1.82458e-12  2.45596e-14
      1.00000      965.403  1.70205e-12  2.50187e-14
      1.00000      959.799  1.68282e-12  2.56346e-14
      1.00000      954.259  1.75634e-12  2.60559e-14
      1.00000      948.783  1.75064e-12  2.61168e-14
      1.00000      943.370  1.82531e-12  2.68652e-14
      1.00000      938.017  1.92008e-12  2.74916e-14
      1.00000      932.725  2.06101e-12  2.80801e-14
      1.00000      927.493  2.23938e-12  3.18377e-14
      1.00000      922.319  2.47571e-12  3.11311e-14
      1.00000      917.202  2.88548e-12  3.38803e-14
      1.00000      912.142  2.99014e-12  3.38805e-14
      1.00000      907.137  3.18466e-12  3.49657e-14
      1.00000      902.188  3.30968e-12  3.50749e-14
      1.00000      897.292  3.36585e-12  3.54815e-14
      1.00000      892.448  3.44920e-12  3.62415e-14
      1.00000      887.656  3.47252e-12  3.84692e-14
      1.00000      882.916  3.53448e-12  3.77419e-14
      1.00000      878.226  3.62333e-12  3.72377e-14
      1.00000      873.586  3.68481e-12  3.78633e-14
      1.00000      868.994  3.83159e-12  3.93968e-14
      1.00000      864.451  4.02866e-12  3.99252e-14
      1.00000      859.955  4.35829e-12  4.09270e-14
      1.00000      855.504  4.83267e-12  4.32504e-14
      1.00000      851.101  5.42888e-12  4.36735e-14
      1.00000      846.742  6.19983e-12  4.39693e-14
      1.00000      842.427  6.73669e-12  4.44325e-14
      1.00000      838.157  7.37965e-12  4.52637e-14
      1.00000      833.929  8.08595e-12  4.67924e-14
      1.00000      829.744  9.03247e-12  4.68071e-14
      1.00000      825.601  9.87585e-12  4.77279e-14
      1.00000      821.498  1.04706e-11  4.90856e-14
      1.00000      817.437  1.23480e-11  5.04462e-14
      1.00000      813.415  1.27451e-11  4.89791e-14
      1.00000      809.433  9.76455e-12  4.70147e-14
      1.00000      805.490  8.00724e-12  4.34866e-14
      1.00000      801.585  7.30966e-12  4.30104e-14
      1.00000      797.717  6.77056e-12  4.18909e-14
      1.00000      793.886  6.34892e-12  4.10945e-14
      1.00000      790.092  6.19288e-12  4.12915e-14
      1.00000      786.335  6.78196e-12  4.25158e-14
      1.00000      782.613  8.42006e-12  4.44104e-14
      1.00000      778.925  1.13593e-11  4.71824e-14
      1.00000      775.273  1.74719e-11  5.32725e-14
      1.00000      771.655  2.64646e-11  6.09242e-14
      1.00000      768.070  3.56798e-11  6.79939e-14
      1.00000      764.518  4.61904e-11  7.68727e-14
      1.00000      761.000  6.14551e-11  8.57556e-14
      1.00000      757.513  7.44365e-11  9.52715e-14
      1.00000      754.058  8.23591e-11  1.01858e-13
      1.00000      750.635  9.88648e-11  1.11976e-13
      1.00000      747.242  1.12065e-10  1.20535e-13
      1.00000      743.880  1.16644e-10  1.26557e-13
      1.00000      740.548  1.24858e-10  1.30594e-13
      1.00000      737.246  1.41709e-10  1.36513e-13
      1.00000      733.973  2.47063e-10  1.70780e-13
      1.00000      730.729  5.60710e-10  2.65493e-13
      1.00000      727.513  5.07437e-10  2.54072e-13
      1.00000      724.326  1.65798e-10  1.45004e-13
      1.00000      721.167  1.04040e-10  1.25095e-13
      1.00000      718.035  1.09741e-10  1.30317e-13
      1.00000      714.930  1.15504e-10  1.34823e-13
      1.00000      711.852  1.12389e-10  1.36343e-13
      1.00000      708.800  1.08251e-10  1.36922e-13
      1.00000      705.774  1.05042e-10  1.37183e-13
