      1.00000      705.774  1.31162e-09  6.99316e-13
      1.00000      708.800  1.38266e-09  7.03933e-13
      1.00000      711.852  1.56948e-09  7.36790e-13
      1.00000      714.930  1.54707e-09  7.20284e-13
      1.00000      718.035  1.38990e-09  6.73877e-13
      1.00000      721.167  1.26066e-09  6.28515e-13
      1.00000      724.326  2.26661e-09  8.10687e-13
      1.00000      727.513  7.36289e-09  2.20498e-12
      1.00000      730.729  7.69545e-09  2.47844e-12
      1.00000      733.973  3.16008e-09  9.80182e-13
      1.00000      737.246  1.76513e-09  7.23498e-13
      1.00000      740.548  1.59923e-09  6.94864e-13
      1.00000      743.880  1.54254e-09  6.75136e-13
      1.00000      747.242  1.50762e-09  6.54244e-13
      1.00000      750.635  1.34570e-09  6.02775e-13
      1.00000      754.058  1.19158e-09  5.54782e-13
      1.00000      757.513  1.14251e-09  5.33101e-13
      1.00000      761.000  9.86047e-10  4.80717e-13
      1.00000      764.518  8.56672e-10  4.40791e-13
      1.00000      768.070  8.25580e-10  4.24206e-13
      1.00000      771.655  7.94314e-10  4.07207e-13
      1.00000      775.273  8.04244e-10  4.02435e-13
      1.00000      778.925  8.97825e-10  4.16357e-13
      1.00000      782.613  1.05517e-09  4.44037e-13
      1.00000      786.335  1.25424e-09  4.78894e-13
      1.00000      790.092  1.50108e-09  5.21463e-13
      1.00000      793.886  1.78574e-09  5.69315e-13
      1.00000      797.717  2.11615e-09  6.23763e-13
      1.00000      801.585  2.48281e-09  6.79736e-13
      1.00000      805.490  2.83220e-09  7.35372e-13
      1.00000      809.433  3.16187e-09  7.88042e-13
      1.00000      813.415  3.55614e-09  8.89575e-13
      1.00000      817.437  3.82066e-09  9.52502e-13
      1.00000      821.498  3.94621e-09  9.81908e-13
      1.00000      825.601  3.78828e-09  9.74513e-13
      1.00000      829.744  3.37451e-09  9.18616e-13
      1.00000      833.929  2.99394e-09  8.13889e-13
      1.00000      838.157  2.65219e-09  7.76580e-13
      1.00000      842.427  2.32327e-09  7.25477e-13
      1.00000      846.742  2.00753e-09  6.81238e-13
      1.00000      851.101  1.64313e-09  6.15112e-13
      1.00000      855.504  1.31321e-09  5.49933e-13
      1.00000      859.955  1.00169e-09  4.77205e-13
      1.00000      864.451  7.30922e-10  4.07453e-13
      1.00000      868.994  5.05664e-10  3.39189e-13
      1.00000      873.586  3.28223e-10  2.74913e-13
      1.00000      878.226  2.08642e-10  2.25493e-13
      1.00000      882.916  1.33884e-10  1.90079e-13
      1.00000      887.656  8.99850e-11  1.66063e-13
      1.00000      892.448  6.41540e-11  1.50184e-13
      1.00000      897.292  4.85788e-11  1.36601e-13
      1.00000      902.188  4.13120e-11  1.30391e-13
      1.00000      907.137  3.93896e-11  1.27131e-13
      1.00000      912.142  3.69310e-11  1.21560e-13
      1.00000      917.202  3.40901e-11  1.15792e-13
      1.00000      922.319  3.31435e-11  1.11599e-13
      1.00000      927.493  3.05063e-11  1.06276e-13
      1.00000      932.725  2.82529e-11  1.01773e-13
      1.00000      938.017  2.91503e-11  1.00953e-13
      1.00000      943.370  4.19996e-11  1.08984e-13
      1.00000      948.783  5.46450e-11  1.15819e-13
      1.00000      954.259  3.94833e-11  1.03411e-13
      1.00000      959.799  2.38781e-11  9.14584e-14
      1.00000      965.403  2.17399e-11  8.90376e-14
      1.00000      971.074  2.18414e-11  8.76342e-14
      1.00000      976.810  2.07503e-11  8.52346e-14
      1.00000      982.616  1.99152e-11  8.45002e-14
      1.00000      988.491  1.93575e-11  8.43141e-14
      1.00000      994.436  1.70785e-11  8.45265e-14
      1.00000      1000.45  1.55007e-11  8.40317e-14
      1.00000      1006.54  1.37181e-11  8.34076e-14
      1.00000      1012.71  1.21450e-11  8.32516e-14
      1.00000      1018.95  1.11362e-11          NaN
      1.00000      1025.27  1.07079e-11          NaN
      1.00000      1031.67  1.02440e-11  8.45556e-14
      1.00000      1038.15  1.00990e-11  8.69370e-14
      1.00000      1044.71  1.04576e-11  8.99409e-14
      1.00000      1051.35  1.11724e-11  9.32949e-14
      1.00000      1058.08  1.27349e-11  9.57719e-14
      1.00000      1064.89  1.45297e-11  9.85578e-14
      1.00000      1071.79  1.66918e-11  9.73727e-14
      1.00000      1078.79  2.00475e-11  1.01257e-13
      1.00000      1085.87  2.53804e-11  1.05569e-13
      1.00000      1093.05  3.24000e-11  1.11904e-13
      1.00000      1100.33  4.33576e-11  1.23704e-13
      1.00000      1107.70  5.71805e-11  1.35964e-13
      1.00000      1115.17  7.53364e-11  1.48712e-13
      1.00000      1122.74  9.07651e-11  1.58355e-13
      1.00000      1130.42  1.00408e-10  1.63271e-13
      1.00000      1138.20  1.14663e-10  1.72433e-13
      1.00000      1146.09  1.44846e-10  1.92077e-13
      1.00000      1154.09  2.05193e-10  2.27067e-13
      1.00000      1162.20  2.10071e-10  2.25689e-13
      1.00000      1170.43  1.90840e-10  2.12484e-13
      1.00000      1178.78  1.92839e-10  2.09144e-13
      1.00000      1187.24  2.28098e-10  2.25430e-13
      1.00000      1195.83  2.91458e-10  2.54799e-13
      1.00000      1204.54  3.79023e-10  2.93074e-13
      1.00000      1213.38  5.40062e-10  3.49408e-13
      1.00000      1222.35  7.26226e-10  4.00319e-13
      1.00000      1231.46  9.29738e-10  4.51040e-13
      1.00000      1240.70  1.16346e-09  5.10292e-13
      1.00000      1250.08  1.33668e-09  5.58440e-13
      1.00000      1259.60  1.48611e-09  6.07619e-13
      1.00000      1269.27  1.49612e-09  6.18098e-13
      1.00000      1279.09  1.51256e-09  6.19518e-13
      1.00000      1289.06  2.21897e-09  7.60892e-13
      1.00000      1299.19  3.19500e-09  1.00828e-12
      1.00000      1309.48  2.17809e-09  8.80273e-13
      1.00000      1319.94  1.07547e-09  6.18511e-13
