      1.00000      705.774  1.32431e-09  1.21588e-12
      1.00000      708.800  1.39631e-09  1.22678e-12
      1.00000      711.852  1.58174e-09  1.28041e-12
      1.00000      714.930  1.55990e-09  1.24922e-12
      1.00000      718.035  1.40111e-09  1.17166e-12
      1.00000      721.167  1.27140e-09  1.09306e-12
      1.00000      724.326  2.29586e-09  1.41361e-12
      1.00000      727.513  7.48163e-09  3.94764e-12
      1.00000      730.729  7.80380e-09  4.32107e-12
      1.00000      733.973  3.19269e-09  1.70707e-12
      1.00000      737.246  1.78185e-09  1.25813e-12
      1.00000      740.548  1.61447e-09  1.20885e-12
      1.00000      743.880  1.55749e-09  1.17599e-12
      1.00000      747.242  1.52297e-09  1.13983e-12
      1.00000      750.635  1.35898e-09  1.05015e-12
      1.00000      754.058  1.20325e-09  9.66506e-13
      1.00000      757.513  1.15380e-09  9.28901e-13
      1.00000      761.000  9.94967e-10  8.36768e-13
      1.00000      764.518  8.64546e-10  7.67055e-13
      1.00000      768.070  8.32537e-10  7.37770e-13
      1.00000      771.655  7.99722e-10  7.07864e-13
      1.00000      775.273  8.08383e-10  6.98850e-13
      1.00000      778.925  9.01630e-10  7.22880e-13
      1.00000      782.613  1.05914e-09  7.70383e-13
      1.00000      786.335  1.25856e-09  8.30522e-13
      1.00000      790.092  1.50699e-09  9.04284e-13
      1.00000      793.886  1.79332e-09  9.88098e-13
      1.00000      797.717  2.12467e-09  1.08397e-12
      1.00000      801.585  2.49445e-09  1.18082e-12
      1.00000      805.490  2.84696e-09  1.27721e-12
      1.00000      809.433  3.17800e-09  1.36913e-12
      1.00000      813.415  3.57532e-09  1.57561e-12
      1.00000      817.437  3.84592e-09  1.65439e-12
      1.00000      821.498  3.97331e-09  1.70680e-12
      1.00000      825.601  3.81341e-09  1.69393e-12
      1.00000      829.744  3.39621e-09  1.60030e-12
      1.00000      833.929  3.01106e-09  1.41384e-12
      1.00000      838.157  2.66582e-09  1.35125e-12
      1.00000      842.427  2.33510e-09  1.25942e-12
      1.00000      846.742  2.01601e-09  1.18259e-12
      1.00000      851.101  1.64897e-09  1.06770e-12
      1.00000      855.504  1.31688e-09  9.53762e-13
      1.00000      859.955  1.00345e-09  8.27294e-13
      1.00000      864.451  7.31263e-10  7.06259e-13
      1.00000      868.994  5.05132e-10  5.87507e-13
      1.00000      873.586  3.27882e-10  4.75984e-13
      1.00000      878.226  2.08010e-10  3.89933e-13
      1.00000      882.916  1.33697e-10  3.29198e-13
      1.00000      887.656  8.98999e-11  2.87028e-13
      1.00000      892.448  6.37450e-11  2.56448e-13
      1.00000      897.292  4.81790e-11  2.35787e-13
      1.00000      902.188  4.11730e-11  2.25641e-13
      1.00000      907.137  3.92396e-11  2.19896e-13
      1.00000      912.142  3.67854e-11  2.10643e-13
      1.00000      917.202  3.38317e-11  2.00731e-13
      1.00000      922.319  3.30199e-11  1.93349e-13
      1.00000      927.493  3.00395e-11  1.82962e-13
      1.00000      932.725  2.79270e-11  1.74881e-13
      1.00000      938.017  2.90568e-11  1.74055e-13
      1.00000      943.370  4.17863e-11  1.88379e-13
      1.00000      948.783  5.45491e-11  2.00779e-13
      1.00000      954.259  3.94237e-11  1.78720e-13
      1.00000      959.799  2.39317e-11  1.58563e-13
      1.00000      965.403  2.15755e-11  1.52619e-13
      1.00000      971.074  2.18656e-11  1.52435e-13
      1.00000      976.810  2.05864e-11  1.48511e-13
      1.00000      982.616  1.95424e-11  1.46777e-13
      1.00000      988.491  1.90343e-11  1.46184e-13
      1.00000      994.436  1.68201e-11  1.46219e-13
      1.00000      1000.45  1.53017e-11  1.45609e-13
      1.00000      1006.54  1.36141e-11  1.44733e-13
      1.00000      1012.71  1.17108e-11  1.43405e-13
      1.00000      1018.95  1.06174e-11          NaN
      1.00000      1025.27  1.05382e-11          NaN
      1.00000      1031.67  1.02415e-11  1.46443e-13
      1.00000      1038.15  1.00128e-11  1.50656e-13
      1.00000      1044.71  1.03085e-11  1.55153e-13
      1.00000      1051.35  1.07799e-11  1.61280e-13
      1.00000      1058.08  1.24102e-11  1.65500e-13
      1.00000      1064.89  1.41948e-11  1.73667e-13
      1.00000      1071.79  1.63186e-11  1.68156e-13
      1.00000      1078.79  1.97187e-11  1.75124e-13
      1.00000      1085.87  2.46853e-11  1.80580e-13
      1.00000      1093.05  3.18317e-11  1.94433e-13
      1.00000      1100.33  4.34124e-11  2.13922e-13
      1.00000      1107.70  5.70119e-11  2.35241e-13
      1.00000      1115.17  7.50568e-11  2.57071e-13
      1.00000      1122.74  9.05076e-11  2.73846e-13
      1.00000      1130.42  1.00324e-10  2.82478e-13
      1.00000      1138.20  1.14513e-10  2.98542e-13
      1.00000      1146.09  1.44846e-10  3.33920e-13
      1.00000      1154.09  2.05995e-10  3.93078e-13
      1.00000      1162.20  2.10818e-10  3.90768e-13
      1.00000      1170.43  1.91675e-10  3.68249e-13
      1.00000      1178.78  1.94285e-10  3.63401e-13
      1.00000      1187.24  2.30070e-10  3.91988e-13
      1.00000      1195.83  2.94910e-10  4.45085e-13
      1.00000      1204.54  3.84609e-10  5.11876e-13
      1.00000      1213.38  5.49211e-10  6.08464e-13
      1.00000      1222.35  7.38935e-10  6.99306e-13
      1.00000      1231.46  9.46380e-10  7.88180e-13
      1.00000      1240.70  1.18403e-09  8.91054e-13
      1.00000      1250.08  1.35557e-09  9.73722e-13
      1.00000      1259.60  1.49847e-09  1.05671e-12
      1.00000      1269.27  1.50423e-09  1.07366e-12
      1.00000      1279.09  1.52509e-09  1.07718e-12
      1.00000      1289.06  2.25090e-09  1.32685e-12
      1.00000      1299.19  3.22567e-09  1.75406e-12
      1.00000      1309.48  2.17937e-09  1.52408e-12
      1.00000      1319.94  1.08024e-09  1.07285e-12
