      1.00000      1319.94  1.45280e-12  1.91693e-14
      1.00000      1309.48  2.41088e-12  1.94556e-14
      1.00000      1299.19  2.35047e-12  1.71186e-14
      1.00000      1289.06  1.56995e-12  1.51042e-14
      1.00000      1279.09  1.27848e-12  1.46876e-14
      1.00000      1269.27  1.17351e-12  1.47244e-14
      1.00000      1259.60  9.53547e-13  1.39877e-14
      1.00000      1250.08  9.14510e-13  1.34762e-14
      1.00000      1240.70  6.98908e-13  1.29444e-14
      1.00000      1231.46  3.45545e-13  1.23943e-14
      1.00000      1222.35  2.57669e-13  1.23091e-14
      1.00000      1213.38  2.74912e-13  1.20513e-14
      1.00000      1204.54  2.30369e-13  1.20434e-14
      1.00000      1195.83  2.26006e-13  1.14021e-14
      1.00000      1187.24  1.70668e-13  1.11022e-14
      1.00000      1178.78  1.16621e-13  1.13946e-14
      1.00000      1170.43  2.14208e-13  1.18479e-14
      1.00000      1162.20  2.90831e-13  1.27003e-14
      1.00000      1154.09  3.07361e-13  1.24968e-14
      1.00000      1146.09  4.69461e-13  1.20284e-14
      1.00000      1138.20  7.44111e-13  1.22640e-14
      1.00000      1130.42  1.07093e-12  1.21188e-14
      1.00000      1122.74  1.56192e-12  1.29522e-14
      1.00000      1115.17  2.48309e-12  1.38633e-14
      1.00000      1107.70  3.81036e-12  1.52354e-14
      1.00000      1100.33  5.28192e-12  1.64758e-14
      1.00000      1093.05  6.51208e-12  1.70515e-14
      1.00000      1085.87  7.35499e-12  1.76155e-14
      1.00000      1078.79  7.82548e-12  1.83841e-14
      1.00000      1071.79  7.82679e-12  1.80375e-14
      1.00000      1064.89  7.63060e-12  1.85959e-14
      1.00000      1058.08  7.17780e-12  1.80659e-14
      1.00000      1051.35  6.75145e-12  1.78125e-14
      1.00000      1044.71  6.86950e-12  1.77394e-14
      1.00000      1038.15  9.47003e-12  1.86886e-14
      1.00000      1031.67  8.95259e-12  1.77276e-14
      1.00000      1025.27  5.58699e-12          NaN
      1.00000      1018.95  4.26437e-12          NaN
      1.00000      1012.71  3.71643e-12  1.46508e-14
      1.00000      1006.54  3.26902e-12  1.36548e-14
      1.00000      1000.45  2.89713e-12  1.34712e-14
      1.00000      994.436  2.58633e-12  1.30633e-14
      1.00000      988.491  2.35574e-12  1.26331e-14
      1.00000      982.616  2.09195e-12  1.24135e-14
      1.00000      976.810  1.86068e-12  1.24365e-14
      1.00000      971.074  1.74625e-12  1.27959e-14
      1.00000      965.403  1.65866e-12  1.26254e-14
      1.00000      959.799  1.63962e-12  1.29672e-14
      1.00000      954.259  1.71564e-12  1.35510e-14
      1.00000      948.783  1.74230e-12  1.35828e-14
      1.00000      943.370  1.79291e-12  1.38510e-14
      1.00000      938.017  1.93327e-12  1.41107e-14
      1.00000      932.725  2.04495e-12  1.42614e-14
      1.00000      927.493  2.23412e-12  1.51371e-14
      1.00000      922.319  2.42902e-12  1.56235e-14
      1.00000      917.202  2.78987e-12  1.66252e-14
      1.00000      912.142  2.95963e-12  1.71542e-14
      1.00000      907.137  3.21064e-12  1.77104e-14
      1.00000      902.188  3.31165e-12  1.82233e-14
      1.00000      897.292  3.36235e-12  1.79568e-14
      1.00000      892.448  3.45332e-12  1.82757e-14
      1.00000      887.656  3.51728e-12  1.85699e-14
      1.00000      882.916  3.56694e-12  1.84480e-14
      1.00000      878.226  3.61293e-12  1.83029e-14
      1.00000      873.586  3.66338e-12  1.90575e-14
      1.00000      868.994  3.78905e-12  1.93223e-14
      1.00000      864.451  4.03486e-12  1.96854e-14
      1.00000      859.955  4.36245e-12  2.01179e-14
      1.00000      855.504  4.80737e-12  2.11725e-14
      1.00000      851.101  5.36855e-12  2.15371e-14
      1.00000      846.742  6.01995e-12  2.16818e-14
      1.00000      842.427  6.65492e-12  2.17781e-14
      1.00000      838.157  7.28558e-12  2.21936e-14
      1.00000      833.929  7.98125e-12  2.27751e-14
      1.00000      829.744  8.84942e-12  2.31544e-14
      1.00000      825.601  9.75069e-12  2.40218e-14
      1.00000      821.498  1.03156e-11  2.42846e-14
      1.00000      817.437  1.21907e-11  2.44739e-14
      1.00000      813.415  1.25794e-11  2.43654e-14
      1.00000      809.433  9.60193e-12  2.34045e-14
      1.00000      805.490  7.94265e-12  2.20115e-14
      1.00000      801.585  7.27149e-12  2.16116e-14
      1.00000      797.717  6.70824e-12  2.12301e-14
      1.00000      793.886  6.31079e-12  2.09139e-14
      1.00000      790.092  6.15081e-12  2.08768e-14
      1.00000      786.335  6.69431e-12  2.14414e-14
      1.00000      782.613  8.30377e-12  2.24548e-14
      1.00000      778.925  1.11269e-11  2.38823e-14
      1.00000      775.273  1.68375e-11  2.66963e-14
      1.00000      771.655  2.54450e-11  3.02694e-14
      1.00000      768.070  3.44599e-11  3.36258e-14
      1.00000      764.518  4.45921e-11  3.76991e-14
      1.00000      761.000  5.95449e-11  4.25198e-14
      1.00000      757.513  7.22037e-11  4.73606e-14
      1.00000      754.058  8.00405e-11  5.02913e-14
      1.00000      750.635  9.63220e-11  5.54689e-14
      1.00000      747.242  1.09341e-10  5.98505e-14
      1.00000      743.880  1.13834e-10  6.22001e-14
      1.00000      740.548  1.22006e-10  6.45138e-14
      1.00000      737.246  1.38197e-10  6.75538e-14
      1.00000      733.973  2.39152e-10  8.43551e-14
      1.00000      730.729  5.41886e-10  1.30599e-13
      1.00000      727.513  4.90896e-10  1.25356e-13
      1.00000      724.326  1.61013e-10  7.15415e-14
      1.00000      721.167  1.01344e-10  6.15921e-14
      1.00000      718.035  1.06964e-10  6.42987e-14
      1.00000      714.930  1.12524e-10  6.64113e-14
      1.00000      711.852  1.09522e-10  6.70749e-14
      1.00000      708.800  1.05549e-10  6.77187e-14
      1.00000      705.774  1.02105e-10  6.78874e-14
