      1.00000      1319.94  1.07742e-12  2.44504e-13
      1.00000      1309.48  2.57284e-12  2.36203e-13
      1.00000      1299.19  2.56567e-12  2.17349e-13
      1.00000      1289.06  1.02098e-12  1.97532e-13
      1.00000      1279.09  5.51718e-13  1.91990e-13
      1.00000      1269.27  7.97830e-13  1.88509e-13
      1.00000      1259.60  7.60546e-13  1.84085e-13
      1.00000      1250.08  7.80498e-13  1.76714e-13
      1.00000      1240.70  8.23877e-13  1.69498e-13
      1.00000      1231.46  4.57074e-13  1.66954e-13
      1.00000      1222.35  2.72561e-13  1.67383e-13
      1.00000      1213.38  3.12758e-13  1.66205e-13
      1.00000      1204.54  5.25140e-13  1.64642e-13
      1.00000      1195.83  7.18131e-13  1.58627e-13
      1.00000      1187.24  3.10153e-13  1.53250e-13
      1.00000      1178.78 -1.70153e-13  1.54795e-13
      1.00000      1170.43  2.00020e-13  1.60698e-13
      1.00000      1162.20  4.09683e-13  1.60575e-13
      1.00000      1154.09  1.93455e-13  1.57254e-13
      1.00000      1146.09  2.74298e-13  1.55129e-13
      1.00000      1138.20  2.91537e-13  1.49198e-13
      1.00000      1130.42  1.01017e-12  1.49634e-13
      1.00000      1122.74  1.92108e-12  1.55748e-13
      1.00000      1115.17  2.67181e-12  1.61466e-13
      1.00000      1107.70  3.58651e-12  1.65928e-13
      1.00000      1100.33  5.20391e-12  1.74965e-13
      1.00000      1093.05  6.23429e-12  1.76770e-13
      1.00000      1085.87  7.09119e-12  1.79481e-13
      1.00000      1078.79  7.63898e-12  1.81920e-13
      1.00000      1071.79  7.68227e-12  1.85542e-13
      1.00000      1064.89  7.76039e-12  1.90597e-13
      1.00000      1058.08  7.70187e-12  1.89373e-13
      1.00000      1051.35  6.95858e-12  1.84007e-13
      1.00000      1044.71  6.66675e-12  1.77242e-13
      1.00000      1038.15  9.21965e-12  1.83232e-13
      1.00000      1031.67  8.87683e-12  1.76949e-13
      1.00000      1025.27  5.33813e-12          NaN
      1.00000      1018.95  4.18595e-12          NaN
      1.00000      1012.71  3.85676e-12  1.50064e-13
      1.00000      1006.54  3.07184e-12  1.45837e-13
      1.00000      1000.45  2.81499e-12  1.43625e-13
      1.00000      994.436  2.68607e-12  1.39955e-13
      1.00000      988.491  2.21421e-12  1.35575e-13
      1.00000      982.616  2.03708e-12  1.35396e-13
      1.00000      976.810  1.98861e-12  1.36211e-13
      1.00000      971.074  1.95361e-12  1.38873e-13
      1.00000      965.403  1.60624e-12  1.43219e-13
      1.00000      959.799  1.79743e-12  1.46240e-13
      1.00000      954.259  1.84684e-12  1.46582e-13
      1.00000      948.783  1.76206e-12  1.49604e-13
      1.00000      943.370  1.76326e-12  1.51302e-13
      1.00000      938.017  1.89949e-12  1.52725e-13
      1.00000      932.725  2.22464e-12  1.56883e-13
      1.00000      927.493  2.21444e-12  1.61449e-13
      1.00000      922.319  2.61722e-12  1.69992e-13
      1.00000      917.202  3.29248e-12  1.77125e-13
      1.00000      912.142  3.02997e-12  1.91840e-13
      1.00000      907.137  2.68991e-12  2.02520e-13
      1.00000      902.188  3.45573e-12  1.92361e-13
      1.00000      897.292  2.67869e-12  2.09763e-13
      1.00000      892.448  3.24759e-12  2.09904e-13
      1.00000      887.656  3.10498e-12  2.16640e-13
      1.00000      882.916  2.78811e-12  2.12899e-13
      1.00000      878.226  3.11400e-12  2.11508e-13
      1.00000      873.586  2.33013e-12  2.28156e-13
      1.00000      868.994  2.96945e-12  2.23984e-13
      1.00000      864.451  3.23017e-12  2.37130e-13
      1.00000      859.955  3.40539e-12  2.34478e-13
      1.00000      855.504  4.05226e-12  2.30809e-13
      1.00000      851.101  5.16449e-12  2.41470e-13
      1.00000      846.742  5.41055e-12  2.39439e-13
      1.00000      842.427  5.80520e-12  2.33456e-13
      1.00000      838.157  6.10209e-12  2.35491e-13
      1.00000      833.929  7.27611e-12  2.27828e-13
      1.00000      829.744  8.02950e-12  2.40494e-13
      1.00000      825.601  8.81841e-12  2.42996e-13
      1.00000      821.498  9.91927e-12  2.36865e-13
      1.00000      817.437  1.18328e-11  2.42927e-13
      1.00000      813.415  1.23392e-11  2.41957e-13
      1.00000      809.433  9.17479e-12  2.37054e-13
      1.00000      805.490  7.92504e-12  2.31193e-13
      1.00000      801.585  7.55930e-12  2.27678e-13
      1.00000      797.717  6.98853e-12  2.22877e-13
      1.00000      793.886  6.35495e-12  2.18225e-13
      1.00000      790.092  5.86462e-12  2.21995e-13
      1.00000      786.335  6.01741e-12  2.29959e-13
      1.00000      782.613  7.47654e-12  2.40192e-13
      1.00000      778.925  9.99321e-12  2.42945e-13
      1.00000      775.273  1.52388e-11  2.56938e-13
      1.00000      771.655  2.30860e-11  2.82359e-13
      1.00000      768.070  3.27815e-11  3.12011e-13
      1.00000      764.518  4.16297e-11  3.38954e-13
      1.00000      761.000  5.53689e-11  3.72975e-13
      1.00000      757.513  6.91029e-11  4.15159e-13
      1.00000      754.058  7.64251e-11  4.35737e-13
      1.00000      750.635  9.03961e-11  4.69608e-13
      1.00000      747.242  1.03560e-10  5.06622e-13
      1.00000      743.880  1.08824e-10  5.23979e-13
      1.00000      740.548  1.16182e-10  5.39616e-13
      1.00000      737.246  1.29222e-10  5.63118e-13
      1.00000      733.973  2.13912e-10  6.66207e-13
      1.00000      730.729  4.97317e-10  1.00352e-12
      1.00000      727.513  4.83385e-10  1.00016e-12
      1.00000      724.326  1.58885e-10  6.04537e-13
      1.00000      721.167  9.61698e-11  5.37427e-13
      1.00000      718.035  1.01508e-10  5.48125e-13
      1.00000      714.930  1.06986e-10  5.63187e-13
      1.00000      711.852  1.04946e-10  5.69590e-13
      1.00000      708.800  9.87486e-11  5.71855e-13
      1.00000      705.774  9.68075e-11  5.89392e-13
