      1.00000      1319.94  1.29938e-12  3.73684e-14
      1.00000      1309.48  2.22015e-12  3.83910e-14
      1.00000      1299.19  2.18639e-12  3.40601e-14
      1.00000      1289.06  1.47452e-12  3.01334e-14
      1.00000      1279.09  1.22738e-12  2.90372e-14
      1.00000      1269.27  1.08402e-12  2.85632e-14
      1.00000      1259.60  9.38759e-13  2.83798e-14
      1.00000      1250.08  9.01737e-13  2.68624e-14
      1.00000      1240.70  6.85702e-13  2.52241e-14
      1.00000      1231.46  3.67591e-13  2.40600e-14
      1.00000      1222.35  2.86350e-13  2.46281e-14
      1.00000      1213.38  2.99870e-13  2.44080e-14
      1.00000      1204.54  3.14947e-13  2.42515e-14
      1.00000      1195.83  2.93750e-13  2.29652e-14
      1.00000      1187.24  2.03784e-13  2.23358e-14
      1.00000      1178.78  1.11929e-13  2.26339e-14
      1.00000      1170.43  2.18810e-13  2.34163e-14
      1.00000      1162.20  3.35899e-13  2.41229e-14
      1.00000      1154.09  3.12127e-13  2.52278e-14
      1.00000      1146.09  4.96506e-13  2.39806e-14
      1.00000      1138.20  7.63464e-13  2.50677e-14
      1.00000      1130.42  1.11511e-12  2.40347e-14
      1.00000      1122.74  1.59565e-12  2.60355e-14
      1.00000      1115.17  2.44772e-12  2.81927e-14
      1.00000      1107.70  3.81801e-12  2.96651e-14
      1.00000      1100.33  5.32036e-12  3.17808e-14
      1.00000      1093.05  6.54132e-12  3.36305e-14
      1.00000      1085.87  7.35709e-12  3.68031e-14
      1.00000      1078.79  7.82026e-12  3.88346e-14
      1.00000      1071.79  7.90211e-12  3.61726e-14
      1.00000      1064.89  7.63252e-12  3.78075e-14
      1.00000      1058.08  7.21529e-12  3.61367e-14
      1.00000      1051.35  6.72973e-12  3.66545e-14
      1.00000      1044.71  6.87090e-12  3.82484e-14
      1.00000      1038.15  9.41405e-12  3.86769e-14
      1.00000      1031.67  8.92759e-12  3.62059e-14
      1.00000      1025.27  5.61434e-12          NaN
      1.00000      1018.95  4.29335e-12          NaN
      1.00000      1012.71  3.65692e-12  2.85515e-14
      1.00000      1006.54  3.23619e-12  2.69864e-14
      1.00000      1000.45  2.88367e-12  2.66809e-14
      1.00000      994.436  2.56904e-12  2.57817e-14
      1.00000      988.491  2.30856e-12  2.50040e-14
      1.00000      982.616  2.05262e-12  2.47928e-14
      1.00000      976.810  1.84049e-12  2.47624e-14
      1.00000      971.074  1.73628e-12  2.56865e-14
      1.00000      965.403  1.61874e-12  2.54788e-14
      1.00000      959.799  1.61622e-12  2.60031e-14
      1.00000      954.259  1.66537e-12  2.79867e-14
      1.00000      948.783  1.68807e-12  2.72875e-14
      1.00000      943.370  1.72653e-12  2.71381e-14
      1.00000      938.017  1.93775e-12  2.83479e-14
      1.00000      932.725  2.00744e-12  2.86538e-14
      1.00000      927.493  2.19274e-12  2.96267e-14
      1.00000      922.319  2.42612e-12  3.14327e-14
      1.00000      917.202  2.76793e-12  3.36906e-14
      1.00000      912.142  2.89166e-12  3.57285e-14
      1.00000      907.137  3.21897e-12  3.51765e-14
      1.00000      902.188  3.30343e-12  3.58341e-14
      1.00000      897.292  3.34283e-12  3.64647e-14
      1.00000      892.448  3.43219e-12  3.63534e-14
      1.00000      887.656  3.54478e-12  3.65948e-14
      1.00000      882.916  3.51026e-12  3.64222e-14
      1.00000      878.226  3.61335e-12  3.61086e-14
      1.00000      873.586  3.68877e-12  3.75528e-14
      1.00000      868.994  3.73494e-12  3.86789e-14
      1.00000      864.451  4.04760e-12  3.92732e-14
      1.00000      859.955  4.34380e-12  4.01740e-14
      1.00000      855.504  4.79154e-12  4.15079e-14
      1.00000      851.101  5.23347e-12  4.23735e-14
      1.00000      846.742  5.85668e-12  4.30762e-14
      1.00000      842.427  6.51522e-12  4.32783e-14
      1.00000      838.157  7.05703e-12  4.44592e-14
      1.00000      833.929  7.69261e-12  4.44722e-14
      1.00000      829.744  8.45381e-12  4.59634e-14
      1.00000      825.601  9.40774e-12  4.69212e-14
      1.00000      821.498  1.00063e-11  4.71992e-14
      1.00000      817.437  1.18787e-11  4.85062e-14
      1.00000      813.415  1.23185e-11  4.88311e-14
      1.00000      809.433  9.34149e-12  4.65937e-14
      1.00000      805.490  7.76118e-12  4.42342e-14
      1.00000      801.585  7.10366e-12  4.38744e-14
      1.00000      797.717  6.55035e-12  4.27535e-14
      1.00000      793.886  6.17428e-12  4.19539e-14
      1.00000      790.092  5.97349e-12  4.11856e-14
      1.00000      786.335  6.34201e-12  4.24133e-14
      1.00000      782.613  7.83016e-12  4.42097e-14
      1.00000      778.925  1.04934e-11  4.70325e-14
      1.00000      775.273  1.57801e-11  5.25642e-14
      1.00000      771.655  2.37236e-11  5.93374e-14
      1.00000      768.070  3.21779e-11  6.62407e-14
      1.00000      764.518  4.16521e-11  7.34739e-14
      1.00000      761.000  5.58360e-11  8.31793e-14
      1.00000      757.513  6.80036e-11  9.19242e-14
      1.00000      754.058  7.58043e-11  9.77346e-14
      1.00000      750.635  9.16243e-11  1.08479e-13
      1.00000      747.242  1.04323e-10  1.17175e-13
      1.00000      743.880  1.08793e-10  1.21479e-13
      1.00000      740.548  1.16628e-10  1.26568e-13
      1.00000      737.246  1.31712e-10  1.31939e-13
      1.00000      733.973  2.25658e-10  1.64865e-13
      1.00000      730.729  5.12733e-10  2.53313e-13
      1.00000      727.513  4.70716e-10  2.46038e-13
      1.00000      724.326  1.54596e-10  1.40820e-13
      1.00000      721.167  9.66312e-11  1.20845e-13
      1.00000      718.035  1.01931e-10  1.26319e-13
      1.00000      714.930  1.07251e-10  1.30691e-13
      1.00000      711.852  1.04452e-10  1.31193e-13
      1.00000      708.800  1.00440e-10  1.33007e-13
      1.00000      705.774  9.69484e-11  1.34846e-13
