      2.00000      1927.90  4.15302e-13  5.86929e-14
      2.00000      1916.72  3.53576e-13  3.69117e-14
      2.00000      1905.67  3.96547e-13  3.70181e-14
      2.00000      1894.75  3.91458e-13  3.74581e-14
      2.00000      1883.96  3.31865e-13  3.86519e-14
      2.00000      1873.29  3.85025e-13  3.45918e-14
      2.00000      1862.73  3.76932e-13  3.32328e-14
      2.00000      1852.30  3.93448e-13  3.30816e-14
      2.00000      1841.98  4.23605e-13  3.44639e-14
      2.00000      1831.78  3.87863e-13  3.02377e-14
      2.00000      1821.69  3.12466e-13  2.82061e-14
      2.00000      1811.70  3.73560e-13  2.84589e-14
      2.00000      1801.83  4.67635e-13  2.94955e-14
      2.00000      1792.07  3.99117e-13  2.94924e-14
      2.00000      1782.41  2.71173e-13  2.90405e-14
      2.00000      1772.85  3.04630e-13  2.78586e-14
      2.00000      1763.39  3.30836e-13  2.81352e-14
      2.00000      1754.04  3.33433e-13  2.82165e-14
      2.00000      1744.79  3.82712e-13  2.75570e-14
      2.00000      1735.63  3.58572e-13  2.94789e-14
      2.00000      1726.57  2.88425e-13  3.03667e-14
      2.00000      1717.60  3.63498e-13  3.13876e-14
      2.00000      1708.72  3.97374e-13  3.05077e-14
      2.00000      1699.94  4.46033e-13  3.10978e-14
      2.00000      1691.24  4.36211e-13  3.17423e-14
      2.00000      1682.64  4.28045e-13  3.18433e-14
      2.00000      1674.12  2.95394e-13  3.18951e-14
      2.00000      1665.68  3.16680e-13  3.26239e-14
      2.00000      1657.34  3.95936e-13  3.31568e-14
      2.00000      1649.07  4.43584e-13  3.32779e-14
      2.00000      1640.89  3.76773e-13  3.27514e-14
      2.00000      1632.78  4.04927e-13  3.15888e-14
      2.00000      1624.76  4.05310e-13  3.42411e-14
      2.00000      1616.82  3.45775e-13  3.22427e-14
      2.00000      1608.95  2.27545e-13  3.25355e-14
      2.00000      1601.16  2.30418e-13  3.18996e-14
      2.00000      1593.44  2.30381e-13  3.50361e-14
      2.00000      1585.80  2.46675e-13  3.52964e-14
      2.00000      1578.23  4.32060e-13  3.69022e-14
      2.00000      1570.74  4.67847e-13  3.71901e-14
      2.00000      1563.31  6.14976e-13  3.85257e-14
      2.00000      1555.95  6.63465e-13  3.85111e-14
      2.00000      1548.67  4.83195e-13  3.89094e-14
      2.00000      1541.45  6.04399e-13  3.97978e-14
      2.00000      1534.30  6.57543e-13  4.42433e-14
      2.00000      1527.21  5.73091e-13  4.79122e-14
      2.00000      1520.19  6.62482e-13  4.31949e-14
      2.00000      1513.23  6.86086e-13  4.35184e-14
      2.00000      1506.34  7.06642e-13  4.27253e-14
      2.00000      1499.51  4.86568e-13  4.15939e-14
      2.00000      1492.74  4.65477e-13  3.88319e-14
      2.00000      1486.03  2.97644e-13  3.89988e-14
      2.00000      1479.38  3.13517e-13  4.25088e-14
      2.00000      1472.79  4.77153e-13  4.51916e-14
      2.00000      1466.26  4.80003e-13  4.57002e-14
      2.00000      1459.79  5.90056e-13  5.41824e-14
      2.00000      1453.37  9.28330e-13  5.13922e-14
      2.00000      1447.01  1.21736e-12  5.09081e-14
      2.00000      1440.71  7.32676e-13  5.32434e-14
      2.00000      1434.46  3.24830e-13  5.45115e-14
      2.00000      1428.26 -1.89795e-14  5.75058e-14
      2.00000      1422.12  1.27231e-13  6.61108e-14
      2.00000      1416.03  2.82840e-13  5.83136e-14
      2.00000      1409.99  2.34776e-13  5.64139e-14
      2.00000      1404.00  1.94307e-13  5.53113e-14
      2.00000      1398.07  2.90683e-13  5.50339e-14
      2.00000      1392.18  4.03773e-13  5.26232e-14
      2.00000      1386.34  3.79585e-13  5.41765e-14
      2.00000      1380.56  3.60925e-13  5.53915e-14
      2.00000      1374.82  4.13581e-13  5.95433e-14
      2.00000      1369.12  4.38666e-13  6.28281e-14
      2.00000      1363.48  5.56407e-13  6.02792e-14
      2.00000      1357.88  6.60653e-13  6.23273e-14
      2.00000      1352.33  8.45978e-13  6.19397e-14
      2.00000      1346.82  1.17577e-12  7.01038e-14
      2.00000      1341.35  1.55306e-12  7.32701e-14
      2.00000      1335.93  1.53415e-12  7.32285e-14
      2.00000      1330.56  1.74118e-12  7.47236e-14
