      2.00000      1927.90  4.38870e-13  6.07070e-14
      2.00000      1916.72  4.15590e-13  3.96877e-14
      2.00000      1905.67  3.85056e-13  3.76309e-14
      2.00000      1894.75  4.64885e-13  3.88713e-14
      2.00000      1883.96  3.26322e-13  3.64307e-14
      2.00000      1873.29  3.96856e-13  3.45918e-14
      2.00000      1862.73  4.25943e-13  3.40937e-14
      2.00000      1852.30  3.87622e-13  3.34142e-14
      2.00000      1841.98  4.06373e-13  3.20314e-14
      2.00000      1831.78  3.77068e-13  3.04434e-14
      2.00000      1821.69  3.03192e-13  2.81407e-14
      2.00000      1811.70  3.03564e-13  2.78638e-14
      2.00000      1801.83  3.87663e-13  2.89757e-14
      2.00000      1792.07  3.29122e-13  3.05955e-14
      2.00000      1782.41  3.09385e-13  3.40313e-14
      2.00000      1772.85  2.97938e-13  3.13126e-14
      2.00000      1763.39  2.28046e-13  3.05045e-14
      2.00000      1754.04  2.47146e-13  2.83214e-14
      2.00000      1744.79  2.37028e-13  2.79142e-14
      2.00000      1735.63  3.13788e-13  2.91453e-14
      2.00000      1726.57  2.60834e-13  3.81178e-14
      2.00000      1717.60  2.95834e-13  3.21486e-14
      2.00000      1708.72  3.49818e-13  3.24540e-14
      2.00000      1699.94  3.52470e-13  3.28152e-14
      2.00000      1691.24  3.72249e-13  3.16046e-14
      2.00000      1682.64  3.89690e-13  3.86790e-14
      2.00000      1674.12  3.04884e-13  4.27503e-14
      2.00000      1665.68  2.47369e-13  3.17298e-14
      2.00000      1657.34  3.19467e-13  3.05215e-14
      2.00000      1649.07  3.11129e-13  3.17897e-14
      2.00000      1640.89  2.26273e-13  3.25767e-14
      2.00000      1632.78  2.74754e-13  3.25911e-14
      2.00000      1624.76  2.74262e-13  3.46940e-14
      2.00000      1616.82  2.90782e-13  3.09507e-14
      2.00000      1608.95  2.26128e-13  3.23877e-14
      2.00000      1601.16  1.33597e-13  3.39484e-14
      2.00000      1593.44  1.59082e-13  3.38013e-14
      2.00000      1585.80  2.64199e-13  3.46230e-14
      2.00000      1578.23  3.42890e-13  3.78098e-14
      2.00000      1570.74  3.80852e-13  3.97962e-14
      2.00000      1563.31  4.10381e-13  4.13816e-14
      2.00000      1555.95  4.91841e-13  4.83032e-14
      2.00000      1548.67  4.25003e-13  3.93355e-14
      2.00000      1541.45  5.73631e-13  4.21289e-14
      2.00000      1534.30  5.88034e-13  4.02611e-14
      2.00000      1527.21  4.57370e-13  4.16231e-14
      2.00000      1520.19  4.99713e-13  4.39854e-14
      2.00000      1513.23  5.14937e-13  4.68232e-14
      2.00000      1506.34  5.76989e-13  5.02296e-14
      2.00000      1499.51  4.86867e-13  4.32689e-14
      2.00000      1492.74  4.07824e-13  3.95998e-14
      2.00000      1486.03  3.70377e-13  4.00598e-14
      2.00000      1479.38  3.17173e-13  5.04368e-14
      2.00000      1472.79  3.72753e-13  4.63689e-14
      2.00000      1466.26  3.94616e-13  4.52749e-14
      2.00000      1459.79  5.04578e-13  4.76092e-14
      2.00000      1453.37  6.77376e-13  4.97108e-14
      2.00000      1447.01  8.54943e-13  5.77151e-14
      2.00000      1440.71  5.12328e-13  5.46858e-14
      2.00000      1434.46  3.25428e-13  5.32235e-14
      2.00000      1428.26  2.15426e-13  5.67071e-14
      2.00000      1422.12  3.87077e-13  5.81200e-14
      2.00000      1416.03  3.11183e-13  6.42562e-14
      2.00000      1409.99  1.07213e-13  5.67615e-14
      2.00000      1404.00  2.49919e-13  5.21239e-14
      2.00000      1398.07  3.36136e-13  5.15537e-14
      2.00000      1392.18  4.42651e-13  5.46997e-14
      2.00000      1386.34  3.82958e-13  5.71791e-14
      2.00000      1380.56  4.26303e-13  5.72089e-14
      2.00000      1374.82  5.46041e-13  6.20686e-14
      2.00000      1369.12  4.82863e-13  6.27119e-14
      2.00000      1363.48  4.10324e-13  6.32872e-14
      2.00000      1357.88  5.37039e-13  6.66644e-14
      2.00000      1352.33  8.99547e-13  6.60505e-14
      2.00000      1346.82  1.27243e-12  6.43105e-14
      2.00000      1341.35  1.42410e-12  6.90183e-14
      2.00000      1335.93  1.50128e-12  7.38730e-14
      2.00000      1330.56  1.61595e-12  7.51922e-14
