      2.00000      1927.90  2.59707e-13  5.96145e-14
      2.00000      1916.72  3.69117e-13  3.68380e-14
      2.00000      1905.67  3.58270e-13  3.56854e-14
      2.00000      1894.75  3.70326e-13  3.68395e-14
      2.00000      1883.96  3.25867e-13  3.54150e-14
      2.00000      1873.29  3.92381e-13  3.27261e-14
      2.00000      1862.73  3.58752e-13  3.34824e-14
      2.00000      1852.30  3.18769e-13  3.41226e-14
      2.00000      1841.98  3.88839e-13  3.19276e-14
      2.00000      1831.78  3.12827e-13  2.92691e-14
      2.00000      1821.69  2.10146e-13  2.75572e-14
      2.00000      1811.70  2.77646e-13  2.78999e-14
      2.00000      1801.83  3.11607e-13  2.75790e-14
      2.00000      1792.07  2.52505e-13  2.80608e-14
      2.00000      1782.41  2.23633e-13  2.87278e-14
      2.00000      1772.85  2.04565e-13  2.87389e-14
      2.00000      1763.39  2.14672e-13  2.90347e-14
      2.00000      1754.04  2.52854e-13  2.76639e-14
      2.00000      1744.79  2.10683e-13  2.77821e-14
      2.00000      1735.63  2.35098e-13  2.93829e-14
      2.00000      1726.57  3.07018e-13  2.99101e-14
      2.00000      1717.60  3.53532e-13  3.22495e-14
      2.00000      1708.72  3.09301e-13  3.22521e-14
      2.00000      1699.94  3.73502e-13  3.42430e-14
      2.00000      1691.24  3.60580e-13  3.63232e-14
      2.00000      1682.64  3.11109e-13  4.00802e-14
      2.00000      1674.12  2.35015e-13  3.91139e-14
      2.00000      1665.68  2.03751e-13  3.38654e-14
      2.00000      1657.34  4.08706e-13  3.35678e-14
      2.00000      1649.07  4.17451e-13  3.31021e-14
      2.00000      1640.89  3.44673e-13  3.54827e-14
      2.00000      1632.78  2.68111e-13  3.21082e-14
      2.00000      1624.76  2.95605e-13  3.31350e-14
      2.00000      1616.82  2.57055e-13  3.13055e-14
      2.00000      1608.95  1.93600e-13  3.21645e-14
      2.00000      1601.16  1.67238e-13  3.30067e-14
      2.00000      1593.44  1.39392e-13  3.42160e-14
      2.00000      1585.80  2.21471e-13  3.49214e-14
      2.00000      1578.23  3.09190e-13  3.65834e-14
      2.00000      1570.74  3.57296e-13  3.75083e-14
      2.00000      1563.31  1.76794e-13  3.86400e-14
      2.00000      1555.95  7.23605e-14  3.91060e-14
      2.00000      1548.67  2.14066e-13  3.76330e-14
      2.00000      1541.45  2.47630e-13  4.11115e-14
      2.00000      1534.30  5.26794e-13  3.91958e-14
      2.00000      1527.21  4.82034e-13  4.07781e-14
      2.00000      1520.19  5.68055e-13  4.35029e-14
      2.00000      1513.23  4.85121e-13  4.92178e-14
      2.00000      1506.34  5.06384e-13  5.06761e-14
      2.00000      1499.51  4.10656e-13  4.34482e-14
      2.00000      1492.74  3.44428e-13  3.93451e-14
      2.00000      1486.03  3.16293e-13  3.97536e-14
      2.00000      1479.38  2.43755e-13  4.47384e-14
      2.00000      1472.79  3.58499e-13  4.61094e-14
      2.00000      1466.26  3.08184e-13  4.66723e-14
      2.00000      1459.79  4.39108e-13  4.92657e-14
      2.00000      1453.37  5.65898e-13  5.19281e-14
      2.00000      1447.01  7.02444e-13  5.13923e-14
      2.00000      1440.71  4.27849e-13  5.27543e-14
      2.00000      1434.46  3.72046e-13  5.39486e-14
      2.00000      1428.26  2.10569e-13  5.77012e-14
      2.00000      1422.12  3.37739e-13  5.93162e-14
      2.00000      1416.03  2.96450e-13  5.93346e-14
      2.00000      1409.99  1.30481e-13  5.68141e-14
      2.00000      1404.00  2.51790e-13  5.30874e-14
      2.00000      1398.07  4.29661e-13  5.38884e-14
      2.00000      1392.18  3.74557e-13  5.42069e-14
      2.00000      1386.34  3.00745e-13  5.53988e-14
      2.00000      1380.56  2.08504e-13  6.47088e-14
      2.00000      1374.82  2.69720e-13  6.66468e-14
      2.00000      1369.12  3.64155e-13  6.30314e-14
      2.00000      1363.48  5.05361e-13  6.31860e-14
      2.00000      1357.88  3.40503e-13  6.30187e-14
      2.00000      1352.33  6.07437e-13  6.47790e-14
      2.00000      1346.82  9.92149e-13  6.44085e-14
      2.00000      1341.35  1.16965e-12  6.81055e-14
      2.00000      1335.93  1.28207e-12  7.14272e-14
      2.00000      1330.56  1.24980e-12  7.95570e-14
