      2.00000      1927.90  4.89343e-13  3.14333e-14
      2.00000      1916.72  4.54749e-13  1.92701e-14
      2.00000      1905.67  4.94847e-13  1.86281e-14
      2.00000      1894.75  4.94680e-13  1.84793e-14
      2.00000      1883.96  4.61866e-13  1.83290e-14
      2.00000      1873.29  5.10763e-13  1.68088e-14
      2.00000      1862.73  4.54368e-13  1.64874e-14
      2.00000      1852.30  4.63191e-13  1.65302e-14
      2.00000      1841.98  4.67703e-13  1.64719e-14
      2.00000      1831.78  4.40404e-13  1.51909e-14
      2.00000      1821.69  3.81045e-13  1.42283e-14
      2.00000      1811.70  4.05054e-13  1.40079e-14
      2.00000      1801.83  4.95743e-13  1.43356e-14
      2.00000      1792.07  4.39702e-13  1.48250e-14
      2.00000      1782.41  3.41411e-13  1.47689e-14
      2.00000      1772.85  3.66465e-13  1.41396e-14
      2.00000      1763.39  3.53528e-13  1.44314e-14
      2.00000      1754.04  3.54742e-13  1.40725e-14
      2.00000      1744.79  3.90218e-13  1.43268e-14
      2.00000      1735.63  3.91354e-13  1.53134e-14
      2.00000      1726.57  3.58937e-13  1.57999e-14
      2.00000      1717.60  4.32586e-13  1.64624e-14
      2.00000      1708.72  4.41148e-13  1.54809e-14
      2.00000      1699.94  4.41953e-13  1.57035e-14
      2.00000      1691.24  4.70249e-13  1.57882e-14
      2.00000      1682.64  4.31242e-13  1.62088e-14
      2.00000      1674.12  3.74660e-13  1.59691e-14
      2.00000      1665.68  3.76319e-13  1.69314e-14
      2.00000      1657.34  4.24444e-13  1.67626e-14
      2.00000      1649.07  4.46570e-13  1.66507e-14
      2.00000      1640.89  4.34890e-13  1.67073e-14
      2.00000      1632.78  4.44356e-13  1.64286e-14
      2.00000      1624.76  3.97325e-13  1.60824e-14
      2.00000      1616.82  3.11470e-13  1.60967e-14
      2.00000      1608.95  2.32190e-13  1.67552e-14
      2.00000      1601.16  2.20870e-13  1.58539e-14
      2.00000      1593.44  2.15614e-13  1.70189e-14
      2.00000      1585.80  2.74061e-13  1.80640e-14
      2.00000      1578.23  4.28462e-13  1.82729e-14
      2.00000      1570.74  4.54466e-13  1.88008e-14
      2.00000      1563.31  6.16205e-13  1.93936e-14
      2.00000      1555.95  7.13562e-13  1.85388e-14
      2.00000      1548.67  5.12831e-13  1.88647e-14
      2.00000      1541.45  6.12631e-13  1.95984e-14
      2.00000      1534.30  6.17983e-13  2.02671e-14
      2.00000      1527.21  6.10516e-13  2.14423e-14
      2.00000      1520.19  7.02709e-13  2.21210e-14
      2.00000      1513.23  6.80328e-13  2.33911e-14
      2.00000      1506.34  6.88674e-13  2.19726e-14
      2.00000      1499.51  5.39382e-13  2.17401e-14
      2.00000      1492.74  4.51268e-13  1.98402e-14
      2.00000      1486.03  3.83730e-13  1.95509e-14
      2.00000      1479.38  3.17900e-13  2.13723e-14
      2.00000      1472.79  4.24095e-13  2.24751e-14
      2.00000      1466.26  4.31208e-13  2.35830e-14
      2.00000      1459.79  5.77813e-13  2.59076e-14
      2.00000      1453.37  9.62248e-13  2.48318e-14
      2.00000      1447.01  1.19339e-12  2.58730e-14
      2.00000      1440.71  6.96057e-13  2.75300e-14
      2.00000      1434.46  4.18496e-13  2.79777e-14
      2.00000      1428.26  1.99697e-13  2.88142e-14
      2.00000      1422.12  2.85225e-13  3.07597e-14
      2.00000      1416.03  3.07706e-13  2.96145e-14
      2.00000      1409.99  1.78401e-13  2.98702e-14
      2.00000      1404.00  1.96103e-13  2.83045e-14
      2.00000      1398.07  2.70223e-13  2.69811e-14
      2.00000      1392.18  3.82891e-13  2.61328e-14
      2.00000      1386.34  3.87754e-13  2.76057e-14
      2.00000      1380.56  3.66399e-13  3.05040e-14
      2.00000      1374.82  3.75572e-13  3.00573e-14
      2.00000      1369.12  4.22440e-13  3.11445e-14
      2.00000      1363.48  5.65021e-13  3.07013e-14
      2.00000      1357.88  6.76537e-13  3.10522e-14
      2.00000      1352.33  8.86832e-13  3.13186e-14
      2.00000      1346.82  1.16630e-12  3.32146e-14
      2.00000      1341.35  1.46604e-12  3.54920e-14
      2.00000      1335.93  1.54006e-12  3.64260e-14
      2.00000      1330.56  1.64946e-12  3.85438e-14
