      2.00000      1927.90  2.95020e-13  3.94800e-13
      2.00000      1916.72  5.40155e-14  2.50651e-13
      2.00000      1905.67  4.12300e-13  2.47797e-13
      2.00000      1894.75  1.34768e-13  2.50868e-13
      2.00000      1883.96  5.91221e-13  2.33961e-13
      2.00000      1873.29  3.86997e-13  2.18304e-13
      2.00000      1862.73  1.25518e-13  2.18761e-13
      2.00000      1852.30  3.44040e-13  2.21787e-13
      2.00000      1841.98 -1.67025e-14  2.14170e-13
      2.00000      1831.78  8.71144e-14  2.00402e-13
      2.00000      1821.69  9.03320e-14  1.88642e-13
      2.00000      1811.70  9.47085e-14  1.86467e-13
      2.00000      1801.83  2.88338e-13  1.88858e-13
      2.00000      1792.07  7.92964e-13  1.96213e-13
      2.00000      1782.41 -8.89867e-14  1.97140e-13
      2.00000      1772.85  3.66878e-14  1.96002e-13
      2.00000      1763.39  4.43995e-13  1.89306e-13
      2.00000      1754.04 -4.71538e-13  1.87990e-13
      2.00000      1744.79  1.84864e-13  1.94478e-13
      2.00000      1735.63 -7.25395e-14  2.03684e-13
      2.00000      1726.57  8.63700e-14  2.09885e-13
      2.00000      1717.60  5.58922e-13  2.11091e-13
      2.00000      1708.72  5.55694e-14  2.11158e-13
      2.00000      1699.94  1.18638e-13  2.10080e-13
      2.00000      1691.24  7.28266e-13  2.14457e-13
      2.00000      1682.64  5.40645e-13  2.15907e-13
      2.00000      1674.12  3.47627e-13  2.18816e-13
      2.00000      1665.68 -2.94275e-14  2.20554e-13
      2.00000      1657.34  1.08386e-12  2.20050e-13
      2.00000      1649.07  8.27137e-13  2.14319e-13
      2.00000      1640.89  8.91879e-13  2.14986e-13
      2.00000      1632.78  3.27898e-13  2.11927e-13
      2.00000      1624.76  8.95545e-14  2.15670e-13
      2.00000      1616.82  5.65448e-13  2.11986e-13
      2.00000      1608.95  5.50810e-13  2.15311e-13
      2.00000      1601.16  2.83081e-13  2.14809e-13
      2.00000      1593.44  1.35663e-13  2.24282e-13
      2.00000      1585.80  1.31093e-13  2.32730e-13
      2.00000      1578.23  5.26971e-13  2.47609e-13
      2.00000      1570.74  1.21986e-12  2.55796e-13
      2.00000      1563.31  8.97682e-13  2.54071e-13
      2.00000      1555.95  8.61842e-13  2.44856e-13
      2.00000      1548.67  1.16950e-12  2.41492e-13
      2.00000      1541.45  8.30350e-13  2.44309e-13
      2.00000      1534.30  5.62108e-13  2.55593e-13
      2.00000      1527.21  5.51184e-13  2.78130e-13
      2.00000      1520.19  8.49175e-13  3.05385e-13
      2.00000      1513.23  4.59553e-13  2.93377e-13
      2.00000      1506.34  7.24982e-13  2.83488e-13
      2.00000      1499.51  7.77913e-13  2.75897e-13
      2.00000      1492.74  6.89675e-13  2.68537e-13
      2.00000      1486.03  4.37589e-13  2.68739e-13
      2.00000      1479.38  2.08613e-13  2.82585e-13
      2.00000      1472.79 -4.26856e-14  3.00244e-13
      2.00000      1466.26  4.35967e-13  3.11795e-13
      2.00000      1459.79  9.41521e-13  3.22519e-13
      2.00000      1453.37  9.26537e-13  3.24945e-13
      2.00000      1447.01  1.37113e-12  3.39895e-13
      2.00000      1440.71  3.09757e-13  3.53727e-13
      2.00000      1434.46  1.33055e-13  3.70689e-13
      2.00000      1428.26  3.59716e-13  3.87735e-13
      2.00000      1422.12  5.71050e-13  3.92331e-13
      2.00000      1416.03  6.58487e-13  3.88511e-13
      2.00000      1409.99 -3.17970e-14  3.78513e-13
      2.00000      1404.00  1.85849e-13  3.58962e-13
      2.00000      1398.07  1.45417e-13  3.44350e-13
      2.00000      1392.18 -1.26226e-13  3.48440e-13
      2.00000      1386.34  4.19230e-13  3.66449e-13
      2.00000      1380.56  1.04056e-12  3.79714e-13
      2.00000      1374.82  9.68475e-13  3.96090e-13
      2.00000      1369.12  6.57698e-13  4.07387e-13
      2.00000      1363.48  8.88508e-13  4.05674e-13
      2.00000      1357.88  7.03236e-13  4.11073e-13
      2.00000      1352.33  1.17062e-12  4.12980e-13
      2.00000      1346.82  1.81225e-12  4.22969e-13
      2.00000      1341.35  1.32620e-12  4.40755e-13
      2.00000      1335.93  1.16028e-12  4.60559e-13
      2.00000      1330.56  1.05743e-13  4.90265e-13
