      2.00000      1927.90 -1.78248e-13  4.05741e-13
      2.00000      1916.72 -8.45428e-13  2.54056e-13
      2.00000      1905.67 -7.97510e-14  2.49692e-13
      2.00000      1894.75 -7.22866e-14  2.56024e-13
      2.00000      1883.96  3.82810e-13  2.35930e-13
      2.00000      1873.29  3.43239e-13  2.19952e-13
      2.00000      1862.73  4.67908e-13  2.21554e-13
      2.00000      1852.30  2.90849e-13  2.22884e-13
      2.00000      1841.98  3.42434e-13  2.17652e-13
      2.00000      1831.78 -1.99895e-13  2.05142e-13
      2.00000      1821.69  2.51014e-13  1.92579e-13
      2.00000      1811.70  3.69717e-13  1.91142e-13
      2.00000      1801.83  2.30504e-13  1.94730e-13
      2.00000      1792.07  5.21117e-13  2.03012e-13
      2.00000      1782.41  4.59451e-13  2.05647e-13
      2.00000      1772.85  4.46944e-13  1.99806e-13
      2.00000      1763.39  1.02760e-12  1.91491e-13
      2.00000      1754.04  1.02208e-12  1.89809e-13
      2.00000      1744.79  6.49987e-13  1.90195e-13
      2.00000      1735.63  8.27342e-13  1.96894e-13
      2.00000      1726.57  4.03210e-13  2.00390e-13
      2.00000      1717.60  4.38206e-13  2.03159e-13
      2.00000      1708.72  7.04654e-13  2.01594e-13
      2.00000      1699.94  5.93113e-13  2.03543e-13
      2.00000      1691.24  4.75935e-13  2.05100e-13
      2.00000      1682.64  1.76227e-13  2.10856e-13
      2.00000      1674.12  7.46969e-13  2.12704e-13
      2.00000      1665.68  1.07305e-12  2.17748e-13
      2.00000      1657.34  6.01149e-13  2.17514e-13
      2.00000      1649.07  9.81544e-13  2.17736e-13
      2.00000      1640.89  9.47866e-13  2.19392e-13
      2.00000      1632.78  7.81192e-13  2.18767e-13
      2.00000      1624.76  6.44795e-13  2.19812e-13
      2.00000      1616.82  4.57328e-13  2.17640e-13
      2.00000      1608.95  2.90064e-13  2.13329e-13
      2.00000      1601.16  4.70534e-13  2.20937e-13
      2.00000      1593.44  4.96264e-13  2.31505e-13
      2.00000      1585.80  6.80296e-13  2.41423e-13
      2.00000      1578.23  7.75023e-13  2.54163e-13
      2.00000      1570.74  1.04140e-12  2.59621e-13
      2.00000      1563.31  1.15601e-12  2.58983e-13
      2.00000      1555.95  1.04621e-12  2.51253e-13
      2.00000      1548.67  7.89652e-13  2.43503e-13
      2.00000      1541.45  8.80265e-13  2.38839e-13
      2.00000      1534.30  1.15454e-12  2.57920e-13
      2.00000      1527.21  1.56391e-12  2.78997e-13
      2.00000      1520.19  1.30655e-12  2.92416e-13
      2.00000      1513.23  8.96593e-13  2.97003e-13
      2.00000      1506.34  7.58757e-13  2.89951e-13
      2.00000      1499.51  6.60616e-13  2.80539e-13
      2.00000      1492.74  8.15127e-13  2.78378e-13
      2.00000      1486.03  1.22803e-12  2.76429e-13
      2.00000      1479.38  9.68155e-13  2.88857e-13
      2.00000      1472.79  5.20063e-13  3.05812e-13
      2.00000      1466.26  6.78618e-13  3.13897e-13
      2.00000      1459.79  1.50373e-12  3.23854e-13
      2.00000      1453.37  1.81021e-12  3.36205e-13
      2.00000      1447.01  2.47088e-12  3.66752e-13
      2.00000      1440.71  1.64163e-12  3.78627e-13
      2.00000      1434.46  1.08536e-12  3.87820e-13
      2.00000      1428.26  8.17317e-13  4.02473e-13
      2.00000      1422.12  7.65557e-13  4.02350e-13
      2.00000      1416.03  1.02553e-12  3.89471e-13
      2.00000      1409.99  8.76558e-13  3.74357e-13
      2.00000      1404.00  1.32908e-12  3.58125e-13
      2.00000      1398.07  9.46709e-13  3.47414e-13
      2.00000      1392.18  1.12067e-12  3.52535e-13
      2.00000      1386.34  1.04230e-12  3.69572e-13
      2.00000      1380.56  7.94726e-13  3.89059e-13
      2.00000      1374.82  1.17909e-12  4.16151e-13
      2.00000      1369.12  1.23076e-12  4.18828e-13
      2.00000      1363.48  1.15155e-12  4.16941e-13
      2.00000      1357.88  1.69869e-12  4.20381e-13
      2.00000      1352.33  1.93794e-12  4.22530e-13
      2.00000      1346.82  1.53963e-12  4.48590e-13
      2.00000      1341.35  2.41156e-12  4.61326e-13
      2.00000      1335.93  2.36254e-12  4.60867e-13
      2.00000      1330.56  1.48100e-12  5.09925e-13
