      2.00000      1927.90  4.66633e-13  5.83852e-14
      2.00000      1916.72  3.90448e-13  3.77929e-14
      2.00000      1905.67  3.63141e-13  3.85925e-14
      2.00000      1894.75  4.17681e-13  3.77333e-14
      2.00000      1883.96  3.27613e-13  3.56301e-14
      2.00000      1873.29  4.17028e-13  3.34142e-14
      2.00000      1862.73  3.34058e-13  3.39235e-14
      2.00000      1852.30  3.62275e-13  3.47435e-14
      2.00000      1841.98  3.77351e-13  3.53242e-14
      2.00000      1831.78  3.03089e-13  3.00973e-14
      2.00000      1821.69  2.89469e-13  3.14514e-14
      2.00000      1811.70  3.13284e-13  2.78855e-14
      2.00000      1801.83  3.51292e-13  2.70988e-14
      2.00000      1792.07  3.63819e-13  2.81441e-14
      2.00000      1782.41  2.50110e-13  2.93675e-14
      2.00000      1772.85  1.83138e-13  3.04899e-14
      2.00000      1763.39  1.38932e-13  2.91405e-14
      2.00000      1754.04  2.02388e-13  2.76761e-14
      2.00000      1744.79  2.59920e-13  2.81264e-14
      2.00000      1735.63  2.87308e-13  2.93214e-14
      2.00000      1726.57  2.88425e-13  3.02544e-14
      2.00000      1717.60  3.51060e-13  3.27354e-14
      2.00000      1708.72  3.59853e-13  3.06358e-14
      2.00000      1699.94  3.52170e-13  3.20131e-14
      2.00000      1691.24  3.60879e-13  3.55410e-14
      2.00000      1682.64  3.33464e-13  3.54042e-14
      2.00000      1674.12  3.14898e-13  3.63534e-14
      2.00000      1665.68  2.18540e-13  3.65868e-14
      2.00000      1657.34  3.22977e-13  3.57819e-14
      2.00000      1649.07  3.39053e-13  3.85657e-14
      2.00000      1640.89  3.06301e-13  3.32702e-14
      2.00000      1632.78  3.54619e-13  3.21040e-14
      2.00000      1624.76  2.61351e-13  3.27260e-14
      2.00000      1616.82  2.27805e-13  3.20926e-14
      2.00000      1608.95  2.25681e-13  3.34370e-14
      2.00000      1601.16  1.86781e-13  3.47796e-14
      2.00000      1593.44  2.63570e-13  3.56581e-14
      2.00000      1585.80  2.54804e-13  3.58744e-14
      2.00000      1578.23  3.55340e-13  3.70311e-14
      2.00000      1570.74  3.87338e-13  3.80870e-14
      2.00000      1563.31  1.67998e-13  3.88901e-14
      2.00000      1555.95  8.97985e-14  3.83721e-14
      2.00000      1548.67  1.10944e-13  3.93690e-14
      2.00000      1541.45  1.78347e-13  4.09327e-14
      2.00000      1534.30  5.34617e-13  3.91878e-14
      2.00000      1527.21  4.41871e-13  4.08181e-14
      2.00000      1520.19  5.65148e-13  4.33646e-14
      2.00000      1513.23  5.86125e-13  4.49571e-14
      2.00000      1506.34  5.54846e-13  4.38543e-14
      2.00000      1499.51  4.90445e-13  4.04699e-14
      2.00000      1492.74  3.62029e-13  4.30146e-14
      2.00000      1486.03  2.92049e-13  3.96521e-14
      2.00000      1479.38  3.25455e-13  4.24332e-14
      2.00000      1472.79  3.77081e-13  4.44819e-14
      2.00000      1466.26  4.00363e-13  4.64421e-14
      2.00000      1459.79  4.97412e-13  4.83307e-14
      2.00000      1453.37  6.12192e-13  5.10629e-14
      2.00000      1447.01  6.87135e-13  5.27531e-14
      2.00000      1440.71  5.89711e-13  5.53191e-14
      2.00000      1434.46  3.47169e-13  5.41961e-14
      2.00000      1428.26  2.21179e-13  6.30761e-14
      2.00000      1422.12  2.32187e-13  5.85236e-14
      2.00000      1416.03  2.22637e-13  5.96126e-14
      2.00000      1409.99  2.05971e-13  5.87888e-14
      2.00000      1404.00  2.80682e-13  5.70318e-14
      2.00000      1398.07  3.92970e-13  5.38212e-14
      2.00000      1392.18  3.87966e-13  5.22842e-14
      2.00000      1386.34  3.79060e-13  5.47479e-14
      2.00000      1380.56  2.13377e-13  5.78087e-14
      2.00000      1374.82  2.57569e-13  6.03032e-14
      2.00000      1369.12  3.92294e-13  6.19829e-14
      2.00000      1363.48  5.33737e-13  6.23756e-14
      2.00000      1357.88  5.04371e-13  6.49055e-14
      2.00000      1352.33  8.67992e-13  6.30861e-14
      2.00000      1346.82  1.22621e-12  7.98648e-14
      2.00000      1341.35  1.63315e-12  7.62141e-14
      2.00000      1335.93  1.83235e-12  7.38945e-14
      2.00000      1330.56  1.72440e-12  7.93841e-14
