      2.00000      1927.90  4.02259e-13  6.15483e-14
      2.00000      1916.72  3.91287e-13  4.11177e-14
      2.00000      1905.67  3.76001e-13  3.70068e-14
      2.00000      1894.75  4.34479e-13  3.69008e-14
      2.00000      1883.96  4.69211e-13  3.68758e-14
      2.00000      1873.29  5.16148e-13  3.40601e-14
      2.00000      1862.73  4.07005e-13  3.30137e-14
      2.00000      1852.30  3.81569e-13  3.30862e-14
      2.00000      1841.98  3.59062e-13  3.28652e-14
      2.00000      1831.78  3.63329e-13  3.11670e-14
      2.00000      1821.69  3.16086e-13  2.91802e-14
      2.00000      1811.70  2.96708e-13  2.87376e-14
      2.00000      1801.83  4.62515e-13  2.88665e-14
      2.00000      1792.07  3.43423e-13  2.82460e-14
      2.00000      1782.41  2.78244e-13  2.87026e-14
      2.00000      1772.85  3.18462e-13  2.80174e-14
      2.00000      1763.39  2.90787e-13  2.77265e-14
      2.00000      1754.04  3.52358e-13  2.82574e-14
      2.00000      1744.79  3.44434e-13  2.72852e-14
      2.00000      1735.63  3.43644e-13  2.89438e-14
      2.00000      1726.57  3.25012e-13  3.03725e-14
      2.00000      1717.60  3.98642e-13  3.70781e-14
      2.00000      1708.72  4.06735e-13  3.13148e-14
      2.00000      1699.94  3.83458e-13  3.08964e-14
      2.00000      1691.24  3.58036e-13  3.18563e-14
      2.00000      1682.64  3.31595e-13  3.19704e-14
      2.00000      1674.12  3.05856e-13  3.20117e-14
      2.00000      1665.68  3.10257e-13  3.49739e-14
      2.00000      1657.34  3.51727e-13  3.26194e-14
      2.00000      1649.07  3.55554e-13  3.38636e-14
      2.00000      1640.89  4.40452e-13  3.31630e-14
      2.00000      1632.78  4.14033e-13  3.18164e-14
      2.00000      1624.76  2.99710e-13  3.14800e-14
      2.00000      1616.82  2.76530e-13  3.25844e-14
      2.00000      1608.95  1.85841e-13  3.78029e-14
      2.00000      1601.16  1.42697e-13  3.17060e-14
      2.00000      1593.44  1.60201e-13  3.30802e-14
      2.00000      1585.80  2.59128e-13  3.46865e-14
      2.00000      1578.23  3.63020e-13  3.64393e-14
      2.00000      1570.74  3.72280e-13  3.81258e-14
      2.00000      1563.31  5.83001e-13  3.91330e-14
      2.00000      1555.95  6.71588e-13  3.66729e-14
      2.00000      1548.67  4.22171e-13  3.70283e-14
      2.00000      1541.45  5.12170e-13  3.84315e-14
      2.00000      1534.30  5.44823e-13  3.90294e-14
      2.00000      1527.21  5.91049e-13  4.14380e-14
      2.00000      1520.19  6.83052e-13  4.43157e-14
      2.00000      1513.23  5.85380e-13  4.47352e-14
      2.00000      1506.34  6.17547e-13  4.25672e-14
      2.00000      1499.51  5.83061e-13  4.35910e-14
      2.00000      1492.74  4.53469e-13  4.13016e-14
      2.00000      1486.03  3.58740e-13  3.94485e-14
      2.00000      1479.38  3.00609e-13  4.24756e-14
      2.00000      1472.79  3.57305e-13  4.56856e-14
      2.00000      1466.26  3.87227e-13  4.68516e-14
      2.00000      1459.79  6.09689e-13  4.73009e-14
      2.00000      1453.37  1.00427e-12  4.84086e-14
      2.00000      1447.01  1.14231e-12  5.08382e-14
      2.00000      1440.71  7.01080e-13  5.35131e-14
      2.00000      1434.46  5.01889e-13  5.53397e-14
      2.00000      1428.26  3.42978e-13  5.60948e-14
      2.00000      1422.12  3.10753e-13  6.07553e-14
      2.00000      1416.03  3.10361e-13  5.92926e-14
      2.00000      1409.99  1.83901e-13  6.89624e-14
      2.00000      1404.00  2.14815e-13  5.43980e-14
      2.00000      1398.07  3.11351e-13  5.62850e-14
      2.00000      1392.18  3.15676e-13  5.34920e-14
      2.00000      1386.34  3.61524e-13  5.75790e-14
      2.00000      1380.56  3.13692e-13  7.04502e-14
      2.00000      1374.82  3.78553e-13  5.88250e-14
      2.00000      1369.12  3.77586e-13  6.28269e-14
      2.00000      1363.48  5.56182e-13  6.16633e-14
      2.00000      1357.88  7.43413e-13  6.16518e-14
      2.00000      1352.33  9.33206e-13  6.58038e-14
      2.00000      1346.82  1.16750e-12  6.68095e-14
      2.00000      1341.35  1.47719e-12  7.00972e-14
      2.00000      1335.93  1.64676e-12  7.31469e-14
      2.00000      1330.56  1.58352e-12  7.92038e-14
