      2.00000      1927.90  2.94029e-13  6.01633e-14
      2.00000      1916.72  3.09464e-13  4.22136e-14
      2.00000      1905.67  3.33386e-13  3.72102e-14
      2.00000      1894.75  3.34221e-13  3.75761e-14
      2.00000      1883.96  3.11213e-13  3.48628e-14
      2.00000      1873.29  3.86315e-13  3.31796e-14
      2.00000      1862.73  3.18151e-13  3.29146e-14
      2.00000      1852.30  3.44419e-13  3.37747e-14
      2.00000      1841.98  3.29815e-13  3.21303e-14
      2.00000      1831.78  2.39980e-13  2.97905e-14
      2.00000      1821.69  1.77497e-13  3.13973e-14
      2.00000      1811.70  3.04016e-13  3.33121e-14
      2.00000      1801.83  2.64993e-13  2.91667e-14
      2.00000      1792.07  2.92245e-13  2.85350e-14
      2.00000      1782.41  2.25363e-13  2.91338e-14
      2.00000      1772.85  2.16519e-13  2.82607e-14
      2.00000      1763.39  1.62826e-13  2.90269e-14
      2.00000      1754.04  1.98408e-13  2.79005e-14
      2.00000      1744.79  2.32224e-13  2.76468e-14
      2.00000      1735.63  2.63828e-13  2.89853e-14
      2.00000      1726.57  2.51688e-13  2.98927e-14
      2.00000      1717.60  3.73089e-13  3.93792e-14
      2.00000      1708.72  3.43078e-13  3.18542e-14
      2.00000      1699.94  3.10180e-13  3.19370e-14
      2.00000      1691.24  3.53697e-13  3.20117e-14
      2.00000      1682.64  3.63969e-13  3.37145e-14
      2.00000      1674.12  2.68717e-13  3.20926e-14
      2.00000      1665.68  2.33925e-13  3.30283e-14
      2.00000      1657.34  3.03263e-13  3.28063e-14
      2.00000      1649.07  3.85346e-13  3.39814e-14
      2.00000      1640.89  3.42209e-13  3.83221e-14
      2.00000      1632.78  2.97892e-13  4.02007e-14
      2.00000      1624.76  3.71951e-13  3.71261e-14
      2.00000      1616.82  2.86157e-13  3.59182e-14
      2.00000      1608.95  2.24113e-13  3.24610e-14
      2.00000      1601.16  1.39191e-13  3.29289e-14
      2.00000      1593.44  2.16062e-13  3.35448e-14
      2.00000      1585.80  2.04171e-13  3.58981e-14
      2.00000      1578.23  3.04641e-13  3.73817e-14
      2.00000      1570.74  3.59906e-13  3.77408e-14
      2.00000      1563.31  4.07325e-13  3.86346e-14
      2.00000      1555.95  4.41391e-13  3.87472e-14
      2.00000      1548.67  2.16748e-13  3.95723e-14
      2.00000      1541.45  3.17807e-13  4.44181e-14
      2.00000      1534.30  5.06903e-13  4.30033e-14
      2.00000      1527.21  4.80395e-13  4.22626e-14
      2.00000      1520.19  5.84153e-13  4.35165e-14
      2.00000      1513.23  5.85603e-13  4.54809e-14
      2.00000      1506.34  5.86309e-13  4.28233e-14
      2.00000      1499.51  4.94547e-13  4.11854e-14
      2.00000      1492.74  4.46234e-13  3.92412e-14
      2.00000      1486.03  3.85221e-13  4.00510e-14
      2.00000      1479.38  3.71042e-13  4.76847e-14
      2.00000      1472.79  4.21333e-13  4.75804e-14
      2.00000      1466.26  3.58864e-13  4.63212e-14
      2.00000      1459.79  4.21937e-13  4.80138e-14
      2.00000      1453.37  4.68534e-13  5.06843e-14
      2.00000      1447.01  6.62415e-13  5.45924e-14
      2.00000      1440.71  5.57294e-13  5.36443e-14
      2.00000      1434.46  3.55909e-13  5.53278e-14
      2.00000      1428.26  3.08232e-13  5.87014e-14
      2.00000      1422.12  2.51323e-13  6.02855e-14
      2.00000      1416.03  2.71621e-13  5.81149e-14
      2.00000      1409.99  2.61336e-13  7.04244e-14
      2.00000      1404.00  3.14963e-13  5.96263e-14
      2.00000      1398.07  4.35202e-13  5.23632e-14
      2.00000      1392.18  4.30815e-13  5.32165e-14
      2.00000      1386.34  3.40840e-13  5.45201e-14
      2.00000      1380.56  2.69682e-13  5.58625e-14
      2.00000      1374.82  4.08856e-13  6.04771e-14
      2.00000      1369.12  4.75810e-13  6.24296e-14
      2.00000      1363.48  6.65707e-13  6.14028e-14
      2.00000      1357.88  4.97687e-13  6.39390e-14
      2.00000      1352.33  9.03153e-13  6.26825e-14
      2.00000      1346.82  1.12654e-12  6.65218e-14
      2.00000      1341.35  1.49546e-12  7.33893e-14
      2.00000      1335.93  1.61766e-12  7.37554e-14
      2.00000      1330.56  1.59638e-12  8.29897e-14
