      2.00000      1927.90  6.78823e-13  6.00028e-14
      2.00000      1916.72  6.49174e-13  3.88173e-14
      2.00000      1905.67  6.89068e-13  3.82754e-14
      2.00000      1894.75  6.91397e-13  3.65651e-14
      2.00000      1883.96  6.27057e-13  3.63439e-14
      2.00000      1873.29  6.88981e-13  3.33272e-14
      2.00000      1862.73  6.17363e-13  3.29060e-14
      2.00000      1852.30  6.17033e-13  3.33272e-14
      2.00000      1841.98  6.69454e-13  3.21303e-14
      2.00000      1831.78  5.96439e-13  2.95803e-14
      2.00000      1821.69  4.86117e-13  2.79531e-14
      2.00000      1811.70  5.46024e-13  2.72947e-14
      2.00000      1801.83  6.34358e-13  2.87940e-14
      2.00000      1792.07  6.07669e-13  3.17719e-14
      2.00000      1782.41  4.60580e-13  3.08961e-14
      2.00000      1772.85  5.08969e-13  2.86810e-14
      2.00000      1763.39  4.86523e-13  3.12704e-14
      2.00000      1754.04  4.35341e-13  2.74450e-14
      2.00000      1744.79  4.59345e-13  3.12609e-14
      2.00000      1735.63  5.21955e-13  3.28455e-14
      2.00000      1726.57  4.96702e-13  3.46602e-14
      2.00000      1717.60  5.76457e-13  3.18906e-14
      2.00000      1708.72  5.47905e-13  3.13482e-14
      2.00000      1699.94  5.31286e-13  3.16940e-14
      2.00000      1691.24  5.96227e-13  3.14703e-14
      2.00000      1682.64  4.99823e-13  3.28152e-14
      2.00000      1674.12  5.00219e-13  3.20590e-14
      2.00000      1665.68  4.93842e-13  3.25129e-14
      2.00000      1657.34  5.14373e-13  3.27996e-14
      2.00000      1649.07  5.89405e-13  3.35111e-14
      2.00000      1640.89  5.54820e-13  3.39527e-14
      2.00000      1632.78  5.16889e-13  3.23127e-14
      2.00000      1624.76  4.77925e-13  3.13372e-14
      2.00000      1616.82  3.73533e-13  3.25258e-14
      2.00000      1608.95  2.54105e-13  3.16278e-14
      2.00000      1601.16  2.43621e-13  3.15038e-14
      2.00000      1593.44  2.56261e-13  3.42866e-14
      2.00000      1585.80  3.47791e-13  3.55693e-14
      2.00000      1578.23  4.78807e-13  3.69299e-14
      2.00000      1570.74  5.35235e-13  3.84504e-14
      2.00000      1563.31  6.44565e-13  4.03167e-14
      2.00000      1555.95  7.48270e-13  3.60509e-14
      2.00000      1548.67  6.14256e-13  3.85765e-14
      2.00000      1541.45  7.04449e-13  4.11856e-14
      2.00000      1534.30  6.47411e-13  3.96521e-14
      2.00000      1527.21  6.82627e-13  4.09198e-14
      2.00000      1520.19  7.75319e-13  4.64668e-14
      2.00000      1513.23  7.41918e-13  4.80805e-14
      2.00000      1506.34  7.06940e-13  4.66996e-14
      2.00000      1499.51  5.97677e-13  4.55602e-14
      2.00000      1492.74  4.86584e-13  3.97049e-14
      2.00000      1486.03  4.68472e-13  3.92061e-14
      2.00000      1479.38  3.55448e-13  4.18328e-14
      2.00000      1472.79  4.58497e-13  4.41916e-14
      2.00000      1466.26  4.52312e-13  5.04742e-14
      2.00000      1459.79  5.41905e-13  4.76766e-14
      2.00000      1453.37  1.00972e-12  4.88956e-14
      2.00000      1447.01  1.27957e-12  5.49918e-14
      2.00000      1440.71  7.52246e-13  5.96864e-14
      2.00000      1434.46  4.86648e-13  6.02290e-14
      2.00000      1428.26  3.05018e-13  6.08965e-14
      2.00000      1422.12  4.63327e-13  6.06643e-14
      2.00000      1416.03  3.64430e-13  6.11806e-14
      2.00000      1409.99  1.84349e-13  5.70180e-14
      2.00000      1404.00  1.93408e-13  6.32102e-14
      2.00000      1398.07  1.43320e-13  5.25552e-14
      2.00000      1392.18  3.98753e-13  5.18603e-14
      2.00000      1386.34  3.73365e-13  5.45669e-14
      2.00000      1380.56  3.56128e-13  5.68303e-14
      2.00000      1374.82  4.11781e-13  5.94476e-14
      2.00000      1369.12  4.11878e-13  6.07907e-14
      2.00000      1363.48  6.03700e-13  6.04023e-14
      2.00000      1357.88  7.22085e-13  6.24722e-14
      2.00000      1352.33  8.13296e-13  6.17585e-14
      2.00000      1346.82  1.09129e-12  6.19113e-14
      2.00000      1341.35  1.26807e-12  6.77299e-14
      2.00000      1335.93  1.34406e-12  7.08553e-14
      2.00000      1330.56  1.61715e-12  7.76247e-14
