      2.00000      1330.56  1.23183e-09  1.23666e-12
      2.00000      1335.93  1.34025e-09  1.23932e-12
      2.00000      1341.35  1.38072e-09  1.21796e-12
      2.00000      1346.82  1.26484e-09  1.14039e-12
      2.00000      1352.33  1.08411e-09  1.05749e-12
      2.00000      1357.88  9.10098e-10  9.79109e-13
      2.00000      1363.48  7.51580e-10  8.99724e-13
      2.00000      1369.12  6.23916e-10  8.41356e-13
      2.00000      1374.82  5.00354e-10  7.65397e-13
      2.00000      1380.56  3.90613e-10  6.59891e-13
      2.00000      1386.34  3.08394e-10  5.84711e-13
      2.00000      1392.18  2.73433e-10  5.48722e-13
      2.00000      1398.07  2.49563e-10  5.27313e-13
      2.00000      1404.00  1.84415e-10  4.87151e-13
      2.00000      1409.99  1.44245e-10  4.72763e-13
      2.00000      1416.03  1.25005e-10  4.64529e-13
      2.00000      1422.12  1.27700e-10  4.70745e-13
      2.00000      1428.26  1.38347e-10  4.80472e-13
      2.00000      1434.46  1.49464e-10  4.82669e-13
      2.00000      1440.71  1.65783e-10  4.81620e-13
      2.00000      1447.01  1.73952e-10  4.75531e-13
      2.00000      1453.37  1.77456e-10  4.72096e-13
      2.00000      1459.79  1.72661e-10  4.61818e-13
      2.00000      1466.26  1.71083e-10  4.52481e-13
      2.00000      1472.79  1.67377e-10  4.40040e-13
      2.00000      1479.38  1.43127e-10  3.96891e-13
      2.00000      1486.03  1.18563e-10  3.63256e-13
      2.00000      1492.74  1.02569e-10  3.45667e-13
      2.00000      1499.51  8.89597e-11  3.35917e-13
      2.00000      1506.34  7.23542e-11  3.26561e-13
      2.00000      1513.23  5.52854e-11  3.11952e-13
      2.00000      1520.19  4.40381e-11  2.93888e-13
      2.00000      1527.21  6.05429e-11  2.98763e-13
      2.00000      1534.30  1.59778e-10  3.97753e-13
      2.00000      1541.45  1.70436e-10  4.00467e-13
      2.00000      1548.67  8.26799e-11  3.02921e-13
      2.00000      1555.95  3.74487e-11  2.47472e-13
      2.00000      1563.31  2.26863e-11  2.34188e-13
      2.00000      1570.74  2.23903e-11  2.33345e-13
      2.00000      1578.23  2.51033e-11  2.32942e-13
      2.00000      1585.80  2.82217e-11  2.31173e-13
      2.00000      1593.44  2.99189e-11  2.20444e-13
      2.00000      1601.16  3.11218e-11  2.18720e-13
      2.00000      1608.95  3.41387e-11  2.24802e-13
      2.00000      1616.82  3.49433e-11  2.17329e-13
      2.00000      1624.76  3.35414e-11  2.16579e-13
      2.00000      1632.78  3.29069e-11  2.11717e-13
      2.00000      1640.89  3.35553e-11  2.11696e-13
      2.00000      1649.07  3.24123e-11  2.08445e-13
      2.00000      1657.34  3.11777e-11  2.09942e-13
      2.00000      1665.68  2.99589e-11  2.11470e-13
      2.00000      1674.12  2.95598e-11  2.04654e-13
      2.00000      1682.64  3.01275e-11  2.04964e-13
      2.00000      1691.24  2.78534e-11  1.97846e-13
      2.00000      1699.94  2.19356e-11  1.89659e-13
      2.00000      1708.72  1.76392e-11  1.85717e-13
      2.00000      1717.60  1.59959e-11  1.83818e-13
      2.00000      1726.57  1.89170e-11  1.87441e-13
      2.00000      1735.63  2.54207e-11  1.96222e-13
      2.00000      1744.79  1.97447e-11  1.83707e-13
      2.00000      1754.04  8.64384e-12  1.64627e-13
      2.00000      1763.39  8.98505e-12  1.72162e-13
      2.00000      1772.85  1.11328e-11  1.74974e-13
      2.00000      1782.41  1.26998e-11  1.82998e-13
      2.00000      1792.07  1.34848e-11  1.81122e-13
      2.00000      1801.83  1.10107e-11  1.72769e-13
      2.00000      1811.70  8.40934e-12  1.63085e-13
      2.00000      1821.69  6.17860e-12  1.63874e-13
      2.00000      1831.78  5.53091e-12  1.72771e-13
      2.00000      1841.98  4.81007e-12  1.80353e-13
      2.00000      1852.30  4.48817e-12  1.84930e-13
      2.00000      1862.73  3.99408e-12  1.83708e-13
      2.00000      1873.29  3.15034e-12  1.82208e-13
      2.00000      1883.96  3.77607e-12  1.93675e-13
      2.00000      1894.75  4.47152e-12  2.12363e-13
      2.00000      1905.67  3.53622e-12  2.10401e-13
      2.00000      1916.72  4.09016e-12  2.07599e-13
      2.00000      1927.90  5.75841e-12  3.30553e-13
