      2.00000      1927.90  2.84343e-13  3.95150e-13
      2.00000      1916.72  4.69300e-13  2.52788e-13
      2.00000      1905.67  6.35265e-13  2.49323e-13
      2.00000      1894.75  4.59639e-13  2.50244e-13
      2.00000      1883.96  2.50778e-13  2.38272e-13
      2.00000      1873.29  1.16243e-12  2.20385e-13
      2.00000      1862.73  9.66571e-13  2.20959e-13
      2.00000      1852.30  8.56731e-13  2.21185e-13
      2.00000      1841.98  4.71218e-13  2.15029e-13
      2.00000      1831.78  3.06259e-13  1.99943e-13
      2.00000      1821.69  7.66085e-14  1.87347e-13
      2.00000      1811.70  5.67497e-13  1.85962e-13
      2.00000      1801.83  4.12890e-13  1.86446e-13
      2.00000      1792.07  5.33762e-13  1.94670e-13
      2.00000      1782.41 -7.43186e-14  1.97325e-13
      2.00000      1772.85  2.54034e-13  1.93917e-13
      2.00000      1763.39  1.15496e-12  1.88312e-13
      2.00000      1754.04  9.42549e-13  1.86861e-13
      2.00000      1744.79  7.14987e-13  1.92813e-13
      2.00000      1735.63  3.99906e-13  1.99293e-13
      2.00000      1726.57  6.78740e-13  2.07006e-13
      2.00000      1717.60  1.22208e-12  2.11203e-13
      2.00000      1708.72  6.58373e-13  2.12846e-13
      2.00000      1699.94  6.77469e-13  2.13564e-13
      2.00000      1691.24  1.22619e-12  2.14967e-13
      2.00000      1682.64  7.09021e-13  2.19135e-13
      2.00000      1674.12  8.31781e-13  2.18223e-13
      2.00000      1665.68  9.44664e-13  2.18507e-13
      2.00000      1657.34  6.67535e-13  2.20972e-13
      2.00000      1649.07  5.79698e-13  2.17121e-13
      2.00000      1640.89  5.32872e-13  2.17880e-13
      2.00000      1632.78  8.24780e-13  2.17399e-13
      2.00000      1624.76  8.79652e-13  2.15542e-13
      2.00000      1616.82  8.03477e-13  2.12933e-13
      2.00000      1608.95  4.28233e-13  2.15274e-13
      2.00000      1601.16  3.34103e-13  2.16218e-13
      2.00000      1593.44  6.26333e-13  2.25675e-13
      2.00000      1585.80  1.96863e-13  2.34355e-13
      2.00000      1578.23  8.12080e-13  2.50532e-13
      2.00000      1570.74  1.28807e-12  2.57242e-13
      2.00000      1563.31  6.62677e-13  2.54855e-13
      2.00000      1555.95  9.56259e-13  2.47378e-13
      2.00000      1548.67  7.57613e-13  2.41663e-13
      2.00000      1541.45  1.13325e-12  2.48680e-13
      2.00000      1534.30  1.19804e-12  2.59818e-13
      2.00000      1527.21  4.90380e-13  2.75188e-13
      2.00000      1520.19 -2.25822e-14  2.86902e-13
      2.00000      1513.23  3.26644e-13  2.95276e-13
      2.00000      1506.34  4.47559e-13  2.86761e-13
      2.00000      1499.51 -3.42723e-13  2.72150e-13
      2.00000      1492.74  3.12729e-13  2.66128e-13
      2.00000      1486.03 -5.91560e-14  2.64721e-13
      2.00000      1479.38  1.42732e-13  2.77914e-13
      2.00000      1472.79  8.97142e-13  2.96953e-13
      2.00000      1466.26  1.02852e-12  3.09285e-13
      2.00000      1459.79  6.53809e-13  3.19840e-13
      2.00000      1453.37  9.15861e-13  3.24541e-13
      2.00000      1447.01  1.13858e-12  3.36015e-13
      2.00000      1440.71  1.75756e-13  3.48407e-13
      2.00000      1434.46  4.40778e-13  3.65152e-13
      2.00000      1428.26  4.31972e-13  3.83359e-13
      2.00000      1422.12  1.61319e-13  3.91637e-13
      2.00000      1416.03  2.08502e-13  3.85722e-13
      2.00000      1409.99 -3.12885e-13  3.71809e-13
      2.00000      1404.00  4.12041e-13  3.55321e-13
      2.00000      1398.07  2.32202e-13  3.42425e-13
      2.00000      1392.18  8.93692e-13  3.46351e-13
      2.00000      1386.34  7.21398e-13  3.60439e-13
      2.00000      1380.56  1.35028e-13  3.76833e-13
      2.00000      1374.82 -2.71970e-13  3.92825e-13
      2.00000      1369.12 -9.04047e-13  4.02406e-13
      2.00000      1363.48 -1.54116e-13  4.07366e-13
      2.00000      1357.88  1.93757e-13  4.07757e-13
      2.00000      1352.33  1.13448e-13  4.10589e-13
      2.00000      1346.82  1.28633e-12  4.23115e-13
      2.00000      1341.35  1.17754e-12  4.41702e-13
      2.00000      1335.93  1.04947e-12  4.61671e-13
      2.00000      1330.56  1.21149e-12  4.94502e-13
