      2.00000      1927.90  3.64810e-13  2.98618e-14
      2.00000      1916.72  3.71155e-13  1.95934e-14
      2.00000      1905.67  3.59963e-13  1.86472e-14
      2.00000      1894.75  3.96778e-13  1.88810e-14
      2.00000      1883.96  3.22753e-13  1.77946e-14
      2.00000      1873.29  3.98145e-13  1.67425e-14
      2.00000      1862.73  3.59226e-13  1.68033e-14
      2.00000      1852.30  3.53271e-13  1.70086e-14
      2.00000      1841.98  3.75594e-13  1.64422e-14
      2.00000      1831.78  3.08241e-13  1.49516e-14
      2.00000      1821.69  2.45076e-13  1.48456e-14
      2.00000      1811.70  2.99628e-13  1.46673e-14
      2.00000      1801.83  3.28889e-13  1.41095e-14
      2.00000      1792.07  3.09423e-13  1.44262e-14
      2.00000      1782.41  2.52123e-13  1.51959e-14
      2.00000      1772.85  2.25540e-13  1.48633e-14
      2.00000      1763.39  1.86119e-13  1.47166e-14
      2.00000      1754.04  2.25199e-13  1.39459e-14
      2.00000      1744.79  2.34964e-13  1.39340e-14
      2.00000      1735.63  2.75005e-13  1.46046e-14
      2.00000      1726.57  2.76991e-13  1.61177e-14
      2.00000      1717.60  3.43379e-13  1.71316e-14
      2.00000      1708.72  3.40513e-13  1.59034e-14
      2.00000      1699.94  3.47080e-13  1.63826e-14
      2.00000      1691.24  3.61851e-13  1.69671e-14
      2.00000      1682.64  3.49558e-13  1.85280e-14
      2.00000      1674.12  2.80879e-13  1.88895e-14
      2.00000      1665.68  2.25896e-13  1.69247e-14
      2.00000      1657.34  3.38603e-13  1.66113e-14
      2.00000      1649.07  3.63245e-13  1.72271e-14
      2.00000      1640.89  3.04864e-13  1.74924e-14
      2.00000      1632.78  2.98844e-13  1.72117e-14
      2.00000      1624.76  3.00792e-13  1.72318e-14
      2.00000      1616.82  2.65450e-13  1.63134e-14
      2.00000      1608.95  2.17381e-13  1.63081e-14
      2.00000      1601.16  1.56702e-13  1.68372e-14
      2.00000      1593.44  1.94526e-13  1.71574e-14
      2.00000      1585.80  2.36161e-13  1.76669e-14
      2.00000      1578.23  3.28015e-13  1.86021e-14
      2.00000      1570.74  3.71348e-13  1.91468e-14
      2.00000      1563.31  2.90624e-13  1.97018e-14
      2.00000      1555.95  2.73848e-13  2.06704e-14
      2.00000      1548.67  2.41690e-13  1.94926e-14
      2.00000      1541.45  3.29354e-13  2.10853e-14
      2.00000      1534.30  5.39087e-13  2.02210e-14
      2.00000      1527.21  4.65418e-13  2.06875e-14
      2.00000      1520.19  5.54267e-13  2.17965e-14
      2.00000      1513.23  5.42946e-13  2.33244e-14
      2.00000      1506.34  5.56132e-13  2.35161e-14
      2.00000      1499.51  4.70629e-13  2.10565e-14
      2.00000      1492.74  3.90128e-13  2.01654e-14
      2.00000      1486.03  3.40985e-13  1.99398e-14
      2.00000      1479.38  3.14356e-13  2.32107e-14
      2.00000      1472.79  3.82416e-13  2.30742e-14
      2.00000      1466.26  3.65507e-13  2.30904e-14
      2.00000      1459.79  4.65759e-13  2.41544e-14
      2.00000      1453.37  5.81000e-13  2.54264e-14
      2.00000      1447.01  7.26734e-13  2.70825e-14
      2.00000      1440.71  5.21795e-13  2.70549e-14
      2.00000      1434.46  3.50138e-13  2.70896e-14
      2.00000      1428.26  2.38852e-13  2.95482e-14
      2.00000      1422.12  3.02082e-13  2.95336e-14
      2.00000      1416.03  2.75473e-13  3.01874e-14
      2.00000      1409.99  1.76250e-13  3.04810e-14
      2.00000      1404.00  2.74338e-13  2.77749e-14
      2.00000      1398.07  3.98492e-13  2.64580e-14
      2.00000      1392.18  4.08997e-13  2.68050e-14
      2.00000      1386.34  3.50901e-13  2.77356e-14
      2.00000      1380.56  2.79466e-13  2.94985e-14
      2.00000      1374.82  3.70547e-13  3.12133e-14
      2.00000      1369.12  4.28780e-13  3.12701e-14
      2.00000      1363.48  5.28782e-13  3.12837e-14
      2.00000      1357.88  4.69900e-13  3.23230e-14
      2.00000      1352.33  8.19532e-13  3.20819e-14
      2.00000      1346.82  1.15433e-12  3.45397e-14
      2.00000      1341.35  1.43059e-12  3.58787e-14
      2.00000      1335.93  1.55834e-12  3.66225e-14
      2.00000      1330.56  1.54663e-12  3.96645e-14
