      2.00000      1927.90  4.60989e-13  7.05370e-14
      2.00000      1916.72  4.24960e-13  3.71680e-14
      2.00000      1905.67  5.17771e-13  3.67045e-14
      2.00000      1894.75  4.61387e-13  3.69051e-14
      2.00000      1883.96  4.19329e-13  3.46487e-14
      2.00000      1873.29  4.52899e-13  3.24528e-14
      2.00000      1862.73  4.16171e-13  3.27450e-14
      2.00000      1852.30  4.60713e-13  3.27438e-14
      2.00000      1841.98  4.18692e-13  3.22638e-14
      2.00000      1831.78  4.13982e-13  3.05207e-14
      2.00000      1821.69  4.09509e-13  2.84722e-14
      2.00000      1811.70  4.03924e-13  2.75463e-14
      2.00000      1801.83  4.18463e-13  2.74916e-14
      2.00000      1792.07  4.08599e-13  2.89727e-14
      2.00000      1782.41  3.55646e-13  2.94644e-14
      2.00000      1772.85  3.33800e-13  2.85513e-14
      2.00000      1763.39  3.05965e-13  2.81794e-14
      2.00000      1754.04  2.97837e-13  2.86479e-14
      2.00000      1744.79  3.74381e-13  2.83373e-14
      2.00000      1735.63  3.41244e-13  3.10878e-14
      2.00000      1726.57  3.25611e-13  3.07933e-14
      2.00000      1717.60  3.91748e-13  3.09710e-14
      2.00000      1708.72  4.12577e-13  3.06673e-14
      2.00000      1699.94  4.07036e-13  3.19283e-14
      2.00000      1691.24  4.90523e-13  3.12328e-14
      2.00000      1682.64  4.65504e-13  3.30251e-14
      2.00000      1674.12  3.97171e-13  3.17864e-14
      2.00000      1665.68  3.84498e-13  3.52443e-14
      2.00000      1657.34  4.35739e-13  3.54478e-14
      2.00000      1649.07  3.97740e-13  3.25389e-14
      2.00000      1640.89  3.67516e-13  3.37775e-14
      2.00000      1632.78  4.41576e-13  3.55547e-14
      2.00000      1624.76  4.06355e-13  3.15092e-14
      2.00000      1616.82  2.50041e-13  3.14072e-14
      2.00000      1608.95  2.61267e-13  3.16832e-14
      2.00000      1601.16  2.66745e-13  3.17208e-14
      2.00000      1593.44  2.15614e-13  3.37176e-14
      2.00000      1585.80  2.42649e-13  3.88174e-14
      2.00000      1578.23  4.39963e-13  3.59021e-14
      2.00000      1570.74  4.42501e-13  3.66117e-14
      2.00000      1563.31  6.22280e-13  3.71045e-14
      2.00000      1555.95  7.70925e-13  3.70311e-14
      2.00000      1548.67  5.31700e-13  3.63433e-14
      2.00000      1541.45  6.29504e-13  3.72619e-14
      2.00000      1534.30  6.22155e-13  3.89751e-14
      2.00000      1527.21  5.95296e-13  4.08563e-14
      2.00000      1520.19  6.89983e-13  4.29019e-14
      2.00000      1513.23  7.07927e-13  5.04722e-14
      2.00000      1506.34  7.23566e-13  4.36630e-14
      2.00000      1499.51  4.90222e-13  4.30834e-14
      2.00000      1492.74  3.99544e-13  3.88319e-14
      2.00000      1486.03  4.10063e-13  3.87507e-14
      2.00000      1479.38  3.02026e-13  4.41276e-14
      2.00000      1472.79  4.03423e-13  4.47185e-14
      2.00000      1466.26  4.05290e-13  4.54675e-14
      2.00000      1459.79  5.69601e-13  5.73855e-14
      2.00000      1453.37  9.06677e-13  4.99055e-14
      2.00000      1447.01  1.13433e-12  5.01034e-14
      2.00000      1440.71  5.98226e-13  5.35294e-14
      2.00000      1434.46  3.60616e-13  5.35026e-14
      2.00000      1428.26  1.69770e-13  5.58767e-14
      2.00000      1422.12  2.39587e-13  5.82799e-14
      2.00000      1416.03  2.73192e-13  5.80790e-14
      2.00000      1409.99  1.10580e-13  5.55543e-14
      2.00000      1404.00  1.81882e-13  5.29561e-14
      2.00000      1398.07  3.35537e-13  5.18549e-14
      2.00000      1392.18  4.13361e-13  5.10556e-14
      2.00000      1386.34  4.36542e-13  5.44535e-14
      2.00000      1380.56  4.34851e-13  6.02224e-14
      2.00000      1374.82  2.98372e-13  6.25720e-14
      2.00000      1369.12  4.61628e-13  6.26864e-14
      2.00000      1363.48  5.43796e-13  6.32197e-14
      2.00000      1357.88  5.79996e-13  6.19632e-14
      2.00000      1352.33  9.54846e-13  6.09338e-14
      2.00000      1346.82  1.23064e-12  6.66355e-14
      2.00000      1341.35  1.56584e-12  7.27009e-14
      2.00000      1335.93  1.63525e-12  7.41374e-14
      2.00000      1330.56  1.65599e-12  7.67302e-14
