      2.00000      1927.90  1.33705e-13  2.30130e-13
      2.00000      1916.72 -1.07371e-13  1.45782e-13
      2.00000      1905.67  3.22605e-13  1.43725e-13
      2.00000      1894.75  1.74040e-13  1.45719e-13
      2.00000      1883.96  4.08269e-13  1.36290e-13
      2.00000      1873.29  6.30889e-13  1.26757e-13
      2.00000      1862.73  5.19999e-13  1.27264e-13
      2.00000      1852.30  4.97207e-13  1.28145e-13
      2.00000      1841.98  2.65650e-13  1.24489e-13
      2.00000      1831.78  6.44929e-14  1.16534e-13
      2.00000      1821.69  1.39318e-13  1.09428e-13
      2.00000      1811.70  3.43974e-13  1.08468e-13
      2.00000      1801.83  3.10577e-13  1.09721e-13
      2.00000      1792.07  6.15947e-13  1.14314e-13
      2.00000      1782.41  9.87153e-14  1.15514e-13
      2.00000      1772.85  2.45888e-13  1.13501e-13
      2.00000      1763.39  8.75516e-13  1.09528e-13
      2.00000      1754.04  4.97696e-13  1.08671e-13
      2.00000      1744.79  5.16612e-13  1.11142e-13
      2.00000      1735.63  3.84903e-13  1.15457e-13
      2.00000      1726.57  3.89440e-13  1.18818e-13
      2.00000      1717.60  7.39736e-13  1.20388e-13
      2.00000      1708.72  4.72865e-13  1.20430e-13
      2.00000      1699.94  4.63073e-13  1.20726e-13
      2.00000      1691.24  8.10132e-13  1.22142e-13
      2.00000      1682.64  4.75298e-13  1.24319e-13
      2.00000      1674.12  6.42126e-13  1.25053e-13
      2.00000      1665.68  6.62763e-13  1.26405e-13
      2.00000      1657.34  7.84180e-13  1.26738e-13
      2.00000      1649.07  7.96126e-13  1.24937e-13
      2.00000      1640.89  7.90872e-13  1.25531e-13
      2.00000      1632.78  6.44623e-13  1.24737e-13
      2.00000      1624.76  5.38000e-13  1.25295e-13
      2.00000      1616.82  6.08751e-13  1.23669e-13
      2.00000      1608.95  4.23036e-13  1.23922e-13
      2.00000      1601.16  3.62573e-13  1.25480e-13
      2.00000      1593.44  4.19420e-13  1.31160e-13
      2.00000      1585.80  3.36084e-13  1.36370e-13
      2.00000      1578.23  7.04692e-13  1.44789e-13
      2.00000      1570.74  1.18311e-12  1.48701e-13
      2.00000      1563.31  9.05457e-13  1.47789e-13
      2.00000      1555.95  9.54769e-13  1.43092e-13
      2.00000      1548.67  9.05588e-13  1.39846e-13
      2.00000      1541.45  9.47957e-13  1.40860e-13
      2.00000      1534.30  9.71564e-13  1.48831e-13
      2.00000      1527.21  8.68491e-13  1.60182e-13
      2.00000      1520.19  7.11049e-13  1.70320e-13
      2.00000      1513.23  5.60930e-13  1.70447e-13
      2.00000      1506.34  6.43766e-13  1.65553e-13
      2.00000      1499.51  3.65269e-13  1.59474e-13
      2.00000      1492.74  6.05844e-13  1.56500e-13
      2.00000      1486.03  5.35486e-13  1.55888e-13
      2.00000      1479.38  4.39833e-13  1.63479e-13
      2.00000      1472.79  4.58173e-13  1.73797e-13
      2.00000      1466.26  7.14369e-13  1.79940e-13
      2.00000      1459.79  1.03302e-12  1.85950e-13
      2.00000      1453.37  1.21754e-12  1.89722e-13
      2.00000      1447.01  1.66020e-12  2.00816e-13
      2.00000      1440.71  7.09047e-13  2.08132e-13
      2.00000      1434.46  5.53064e-13  2.16320e-13
      2.00000      1428.26  5.36335e-13  2.25903e-13
      2.00000      1422.12  4.99309e-13  2.28324e-13
      2.00000      1416.03  6.30841e-13  2.23957e-13
      2.00000      1409.99  1.77292e-13  2.16451e-13
      2.00000      1404.00  6.42325e-13  2.06387e-13
      2.00000      1398.07  4.41443e-13  1.99033e-13
      2.00000      1392.18  6.29380e-13  2.01563e-13
      2.00000      1386.34  7.27643e-13  2.11025e-13
      2.00000      1380.56  6.56773e-13  2.20493e-13
      2.00000      1374.82  6.25198e-13  2.31992e-13
      2.00000      1369.12  3.28136e-13  2.36482e-13
      2.00000      1363.48  6.28648e-13  2.36727e-13
      2.00000      1357.88  8.65226e-13  2.38506e-13
      2.00000      1352.33  1.07400e-12  2.39830e-13
      2.00000      1346.82  1.54607e-12  2.49257e-13
      2.00000      1341.35  1.63843e-12  2.58669e-13
      2.00000      1335.93  1.52410e-12  2.66177e-13
      2.00000      1330.56  9.32745e-13  2.87695e-13
