      2.00000      1330.56  1.40278e-09  7.51345e-13
      2.00000      1335.93  1.52599e-09  7.54099e-13
      2.00000      1341.35  1.55770e-09  7.43258e-13
      2.00000      1346.82  1.41763e-09  6.95190e-13
      2.00000      1352.33  1.23176e-09  6.44410e-13
      2.00000      1357.88  1.05548e-09  6.03460e-13
      2.00000      1363.48  8.93265e-10  5.58154e-13
      2.00000      1369.12  7.50672e-10  5.16810e-13
      2.00000      1374.82  6.03424e-10  4.66512e-13
      2.00000      1380.56  4.65472e-10  4.07417e-13
      2.00000      1386.34  3.67917e-10  3.61052e-13
      2.00000      1392.18  3.30229e-10  3.36059e-13
      2.00000      1398.07  2.98817e-10  3.27130e-13
      2.00000      1404.00  2.19910e-10  3.00156e-13
      2.00000      1409.99  1.71485e-10  2.85892e-13
      2.00000      1416.03  1.47235e-10  2.80797e-13
      2.00000      1422.12  1.52982e-10  2.88258e-13
      2.00000      1428.26  1.63720e-10  2.93364e-13
      2.00000      1434.46  1.74439e-10  2.93634e-13
      2.00000      1440.71  1.93441e-10  2.99976e-13
      2.00000      1447.01  2.06413e-10  2.94013e-13
      2.00000      1453.37  2.06952e-10  2.91193e-13
      2.00000      1459.79  2.00019e-10  2.82597e-13
      2.00000      1466.26  1.98597e-10  2.76883e-13
      2.00000      1472.79  1.93565e-10  2.68693e-13
      2.00000      1479.38  1.62704e-10  2.40864e-13
      2.00000      1486.03  1.35378e-10  2.18583e-13
      2.00000      1492.74  1.16435e-10  2.08287e-13
      2.00000      1499.51  9.92900e-11  1.99579e-13
      2.00000      1506.34  8.05323e-11  1.98099e-13
      2.00000      1513.23  6.23198e-11  1.88146e-13
      2.00000      1520.19  5.04198e-11  1.76242e-13
      2.00000      1527.21  7.58969e-11  1.84549e-13
      2.00000      1534.30  2.03935e-10  2.54369e-13
      2.00000      1541.45  1.95783e-10  2.45235e-13
      2.00000      1548.67  9.27848e-11  1.82556e-13
      2.00000      1555.95  4.13457e-11  1.49961e-13
      2.00000      1563.31  2.64010e-11  1.42119e-13
      2.00000      1570.74  2.66258e-11  1.38535e-13
      2.00000      1578.23  2.94578e-11  1.36579e-13
      2.00000      1585.80  3.35736e-11  1.33889e-13
      2.00000      1593.44  3.55781e-11  1.30791e-13
      2.00000      1601.16  3.74808e-11  1.27921e-13
      2.00000      1608.95  4.11487e-11  1.33080e-13
      2.00000      1616.82  4.16266e-11  1.30577e-13
      2.00000      1624.76  4.04174e-11  1.29844e-13
      2.00000      1632.78  3.97413e-11  1.27751e-13
      2.00000      1640.89  4.00976e-11  1.28837e-13
      2.00000      1649.07  3.94866e-11  1.27024e-13
      2.00000      1657.34  3.78887e-11  1.28033e-13
      2.00000      1665.68  3.66595e-11  1.26221e-13
      2.00000      1674.12  3.68806e-11  1.24869e-13
      2.00000      1682.64  3.72614e-11  1.24689e-13
      2.00000      1691.24  3.41688e-11  1.20014e-13
      2.00000      1699.94  2.71502e-11  1.16095e-13
      2.00000      1708.72  2.14113e-11  1.11783e-13
      2.00000      1717.60  2.03123e-11  1.08815e-13
      2.00000      1726.57  2.44273e-11  1.11953e-13
      2.00000      1735.63  3.05614e-11  1.20579e-13
      2.00000      1744.79  2.25398e-11  1.07480e-13
      2.00000      1754.04  1.05195e-11  9.46410e-14
      2.00000      1763.39  1.12536e-11  9.98492e-14
      2.00000      1772.85  1.37764e-11  1.04116e-13
      2.00000      1782.41  1.60844e-11  1.09858e-13
      2.00000      1792.07  1.63131e-11  1.05878e-13
      2.00000      1801.83  1.38506e-11  1.01788e-13
      2.00000      1811.70  1.09469e-11  9.73893e-14
      2.00000      1821.69  8.37964e-12  9.62934e-14
      2.00000      1831.78  7.84556e-12  1.00328e-13
      2.00000      1841.98  7.04173e-12  1.06769e-13
      2.00000      1852.30  5.93195e-12  1.09176e-13
      2.00000      1862.73  5.97367e-12  1.07222e-13
      2.00000      1873.29  5.44219e-12  1.05970e-13
      2.00000      1883.96  5.29865e-12  1.13952e-13
      2.00000      1894.75  6.38665e-12  1.22712e-13
      2.00000      1905.67  5.34305e-12  1.22634e-13
      2.00000      1916.72  5.60612e-12  1.24463e-13
      2.00000      1927.90  6.32717e-12  1.95033e-13
