      3.00000      1178.78  2.02529e-10  3.58983e-13
      3.00000      1187.24  2.27762e-10  3.35000e-13
      3.00000      1195.83  2.65806e-10  3.57535e-13
      3.00000      1204.54  3.51016e-10  4.10912e-13
      3.00000      1213.38  4.88068e-10  4.92572e-13
      3.00000      1222.35  6.65701e-10  5.81200e-13
      3.00000      1231.46  8.52417e-10  6.57365e-13
      3.00000      1240.70  1.09554e-09  7.62846e-13
      3.00000      1250.08  1.27841e-09  8.52193e-13
      3.00000      1259.60  1.46775e-09  9.40323e-13
      3.00000      1269.27  1.56747e-09  9.82607e-13
      3.00000      1279.09  1.51860e-09  9.52826e-13
      3.00000      1289.06  1.97485e-09  1.09552e-12
      3.00000      1299.19  3.21276e-09  1.66325e-12
      3.00000      1309.48  2.43109e-09  1.27585e-12
      3.00000      1319.94  1.21493e-09  8.39282e-13
      3.00000      1330.56  1.30886e-09  9.07446e-13
      3.00000      1341.35  1.43866e-09  9.51448e-13
