      3.00000      1178.78  2.00442e-10  3.52909e-13
      3.00000      1187.24  2.27901e-10  3.32312e-13
      3.00000      1195.83  2.67880e-10  3.57631e-13
      3.00000      1204.54  3.45909e-10  4.13469e-13
      3.00000      1213.38  4.91570e-10  4.96419e-13
      3.00000      1222.35  6.98264e-10  5.89306e-13
      3.00000      1231.46  8.88909e-10  6.69050e-13
      3.00000      1240.70  1.14697e-09  7.76513e-13
      3.00000      1250.08  1.32985e-09  8.71799e-13
      3.00000      1259.60  1.50407e-09  9.50872e-13
      3.00000      1269.27  1.60106e-09  9.97070e-13
      3.00000      1279.09  1.54595e-09  9.63441e-13
      3.00000      1289.06  1.98762e-09  1.10005e-12
      3.00000      1299.19  3.27669e-09  1.65381e-12
      3.00000      1309.48  2.58906e-09  1.34041e-12
      3.00000      1319.94  1.28182e-09  8.64145e-13
      3.00000      1330.56  1.31302e-09  9.12157e-13
      3.00000      1341.35  1.47728e-09  9.61532e-13
