      3.00000      1178.78  2.00007e-10  2.04699e-13
      3.00000      1187.24  2.25834e-10  1.93266e-13
      3.00000      1195.83  2.65752e-10  2.07231e-13
      3.00000      1204.54  3.45332e-10  2.37872e-13
      3.00000      1213.38  4.89103e-10  2.85668e-13
      3.00000      1222.35  6.82121e-10  3.37782e-13
      3.00000      1231.46  8.74482e-10  3.84099e-13
      3.00000      1240.70  1.12374e-09  4.45224e-13
      3.00000      1250.08  1.30168e-09  4.97878e-13
      3.00000      1259.60  1.47792e-09  5.44944e-13
      3.00000      1269.27  1.57257e-09  5.70040e-13
      3.00000      1279.09  1.52106e-09  5.52308e-13
      3.00000      1289.06  1.98022e-09  6.36183e-13
      3.00000      1299.19  3.23374e-09  9.53225e-13
      3.00000      1309.48  2.48545e-09  7.49110e-13
      3.00000      1319.94  1.23126e-09  4.88648e-13
      3.00000      1330.56  1.30614e-09  5.24434e-13
      3.00000      1341.35  1.44893e-09  5.51470e-13
