      1.00000      705.774  1.25533e-09  1.19067e-12
      1.00000      708.800  1.33082e-09  1.19944e-12
      1.00000      711.852  1.48529e-09  1.24548e-12
      1.00000      714.930  1.48321e-09  1.22098e-12
      1.00000      718.035  1.33265e-09  1.14404e-12
      1.00000      721.167  1.20545e-09  1.07026e-12
      1.00000      724.326  1.91458e-09  1.28045e-12
      1.00000      727.513  6.41310e-09  3.30050e-12
      1.00000      730.729  7.72570e-09  4.31549e-12
      1.00000      733.973  3.37333e-09  1.76053e-12
      1.00000      737.246  1.74375e-09  1.24361e-12
      1.00000      740.548  1.53106e-09  1.17667e-12
      1.00000      743.880  1.46088e-09  1.13986e-12
      1.00000      747.242  1.44237e-09  1.11328e-12
      1.00000      750.635  1.31464e-09  1.03278e-12
      1.00000      754.058  1.13023e-09  9.35938e-13
      1.00000      757.513  1.07595e-09  8.96631e-13
      1.00000      761.000  9.61343e-10  8.25650e-13
      1.00000      764.518  8.19340e-10  7.49546e-13
      1.00000      768.070  7.67622e-10  7.08282e-13
      1.00000      771.655  7.52194e-10  6.87653e-13
      1.00000      775.273  7.55506e-10  6.75255e-13
      1.00000      778.925  8.30106e-10  6.93969e-13
      1.00000      782.613  9.84446e-10  7.42926e-13
      1.00000      786.335  1.17712e-09  8.03212e-13
      1.00000      790.092  1.41374e-09  8.76096e-13
      1.00000      793.886  1.68788e-09  9.59744e-13
      1.00000      797.717  2.00445e-09  1.04939e-12
      1.00000      801.585  2.35637e-09  1.14500e-12
      1.00000      805.490  2.68878e-09  1.24138e-12
      1.00000      809.433  2.97365e-09  1.31939e-12
      1.00000      813.415  3.31150e-09  1.41894e-12
      1.00000      817.437  3.55107e-09  1.59097e-12
      1.00000      821.498  3.68436e-09  1.63820e-12
      1.00000      825.601  3.62819e-09  1.64424e-12
      1.00000      829.744  3.27783e-09  1.57265e-12
      1.00000      833.929  2.87103e-09  1.37733e-12
      1.00000      838.157  2.56219e-09  1.31650e-12
      1.00000      842.427  2.29849e-09  1.25008e-12
      1.00000      846.742  1.98796e-09  1.17393e-12
      1.00000      851.101  1.64898e-09  1.06866e-12
      1.00000      855.504  1.31462e-09  9.53662e-13
      1.00000      859.955  9.88245e-10  8.22939e-13
      1.00000      864.451  7.17633e-10  7.04299e-13
      1.00000      868.994  4.94462e-10  5.83721e-13
      1.00000      873.586  3.22083e-10  4.77080e-13
      1.00000      878.226  2.03670e-10  3.88283e-13
      1.00000      882.916  1.28968e-10  3.23506e-13
      1.00000      887.656  8.56209e-11  2.82867e-13
      1.00000      892.448  6.05723e-11  2.58982e-13
      1.00000      897.292  4.51666e-11  2.31739e-13
      1.00000      902.188  3.77684e-11  2.21007e-13
      1.00000      907.137  3.61166e-11  2.14975e-13
      1.00000      912.142  3.34283e-11  2.05424e-13
      1.00000      917.202  3.13654e-11  1.96789e-13
      1.00000      922.319  3.09442e-11  1.91565e-13
      1.00000      927.493  2.86845e-11  1.82550e-13
      1.00000      932.725  2.61912e-11  1.72831e-13
      1.00000      938.017  2.68975e-11  1.70429e-13
      1.00000      943.370  3.61415e-11  1.80635e-13
      1.00000      948.783  4.90082e-11  1.93566e-13
      1.00000      954.259  3.88185e-11  1.76623e-13
      1.00000      959.799  2.52575e-11  1.55762e-13
      1.00000      965.403  2.04094e-11  1.48306e-13
      1.00000      971.074  1.70965e-11  1.40025e-13
      1.00000      976.810  1.89878e-11  1.45468e-13
      1.00000      982.616  1.80801e-11  1.42868e-13
      1.00000      988.491  1.86188e-11  1.43679e-13
      1.00000      994.436  1.55922e-11  1.42785e-13
      1.00000      1000.45  1.45798e-11  1.42608e-13
      1.00000      1006.54  1.27735e-11  1.41635e-13
      1.00000      1012.71  1.15812e-11  1.42406e-13
      1.00000      1018.95  1.02775e-11          NaN
      1.00000      1025.27  1.02503e-11          NaN
      1.00000      1031.67  9.69336e-12  1.44373e-13
      1.00000      1038.15  9.95606e-12  1.48693e-13
      1.00000      1044.71  9.49461e-12  1.53187e-13
      1.00000      1051.35  1.03832e-11  1.58248e-13
      1.00000      1058.08  1.16639e-11  1.63046e-13
      1.00000      1064.89  1.36705e-11  1.66107e-13
      1.00000      1071.79  1.57391e-11  1.66836e-13
      1.00000      1078.79  1.89537e-11  1.71986e-13
      1.00000      1085.87  2.30055e-11  1.76749e-13
      1.00000      1093.05  2.98830e-11  1.88888e-13
      1.00000      1100.33  3.92681e-11  2.05402e-13
      1.00000      1107.70  5.14776e-11  2.25311e-13
      1.00000      1115.17  6.74863e-11  2.46420e-13
      1.00000      1122.74  8.36866e-11  2.71630e-13
      1.00000      1130.42  9.18801e-11  2.82257e-13
      1.00000      1138.20  1.06261e-10  2.89154e-13
      1.00000      1146.09  1.30153e-10  3.15720e-13
      1.00000      1154.09  1.87512e-10  3.75655e-13
      1.00000      1162.20  1.97448e-10  3.78764e-13
      1.00000      1170.43  1.78700e-10  3.56444e-13
      4.00000      1178.78  1.75067e-10  3.43781e-13
      4.00000      1187.24  1.98424e-10  4.11468e-13
      4.00000      1195.83  2.39724e-10  5.51590e-13
      4.00000      1204.54  3.04616e-10  7.19401e-13
      4.00000      1213.38  4.21180e-10  9.10458e-13
      4.00000      1222.35  5.82554e-10  1.02302e-12
      4.00000      1231.46  7.56654e-10  1.20284e-12
      4.00000      1240.70  9.77558e-10  1.52577e-12
      4.00000      1250.08  1.15095e-09  3.36828e-13
      4.00000      1259.60  1.30575e-09  3.33934e-13
      4.00000      1269.27  1.37063e-09  4.45406e-13
      4.00000      1279.09  1.34639e-09  6.03101e-13
      4.00000      1289.06  1.76430e-09  8.00662e-13
      4.00000      1299.19  2.76624e-09  9.28634e-13
      4.00000      1309.48  2.22209e-09  1.00455e-12
      4.00000      1319.94  1.04167e-09  1.24359e-12
      4.00000      1330.56  1.18612e-09  8.50895e-13
      2.00000      1335.93  1.34025e-09  1.23666e-12
      4.00000      1341.35  1.33858e-09  1.23932e-12
      2.00000      1346.82  1.26484e-09  1.14039e-12
      2.00000      1352.33  1.08411e-09  1.05749e-12
      2.00000      1357.88  9.10098e-10  9.79109e-13
      2.00000      1363.48  7.51580e-10  8.99724e-13
      2.00000      1369.12  6.23916e-10  8.41356e-13
      2.00000      1374.82  5.00354e-10  7.65397e-13
      2.00000      1380.56  3.90613e-10  6.59891e-13
      2.00000      1386.34  3.08394e-10  5.84711e-13
      2.00000      1392.18  2.73433e-10  5.48722e-13
      2.00000      1398.07  2.49563e-10  5.27313e-13
      2.00000      1404.00  1.84415e-10  4.87151e-13
      2.00000      1409.99  1.44245e-10  4.72763e-13
      2.00000      1416.03  1.25005e-10  4.64529e-13
      2.00000      1422.12  1.27700e-10  4.70745e-13
      2.00000      1428.26  1.38347e-10  4.80472e-13
      2.00000      1434.46  1.49464e-10  4.82669e-13
      2.00000      1440.71  1.65783e-10  4.81620e-13
      2.00000      1447.01  1.73952e-10  4.75531e-13
      2.00000      1453.37  1.77456e-10  4.72096e-13
      2.00000      1459.79  1.72661e-10  4.61818e-13
      2.00000      1466.26  1.71083e-10  4.52481e-13
      2.00000      1472.79  1.67377e-10  4.40040e-13
      2.00000      1479.38  1.43127e-10  3.96891e-13
      2.00000      1486.03  1.18563e-10  3.63256e-13
      2.00000      1492.74  1.02569e-10  3.45667e-13
      2.00000      1499.51  8.89597e-11  3.35917e-13
      2.00000      1506.34  7.23542e-11  3.26561e-13
      2.00000      1513.23  5.52854e-11  3.11952e-13
      2.00000      1520.19  4.40381e-11  2.93888e-13
      2.00000      1527.21  6.05429e-11  2.98763e-13
      2.00000      1534.30  1.59778e-10  3.97753e-13
      2.00000      1541.45  1.70436e-10  4.00467e-13
      2.00000      1548.67  8.26799e-11  3.02921e-13
      2.00000      1555.95  3.74487e-11  2.47472e-13
      2.00000      1563.31  2.26863e-11  2.34188e-13
      2.00000      1570.74  2.23903e-11  2.33345e-13
      2.00000      1578.23  2.51033e-11  2.32942e-13
      2.00000      1585.80  2.82217e-11  2.31173e-13
      2.00000      1593.44  2.99189e-11  2.20444e-13
      2.00000      1601.16  3.11218e-11  2.18720e-13
      2.00000      1608.95  3.41387e-11  2.24802e-13
      2.00000      1616.82  3.49433e-11  2.17329e-13
      2.00000      1624.76  3.35414e-11  2.16579e-13
      2.00000      1632.78  3.29069e-11  2.11717e-13
      2.00000      1640.89  3.35553e-11  2.11696e-13
      2.00000      1649.07  3.24123e-11  2.08445e-13
      2.00000      1657.34  3.11777e-11  2.09942e-13
      2.00000      1665.68  2.99589e-11  2.11470e-13
      2.00000      1674.12  2.95598e-11  2.04654e-13
      2.00000      1682.64  3.01275e-11  2.04964e-13
      2.00000      1691.24  2.78534e-11  1.97846e-13
      2.00000      1699.94  2.19356e-11  1.89659e-13
      2.00000      1708.72  1.76392e-11  1.85717e-13
      2.00000      1717.60  1.59959e-11  1.83818e-13
      2.00000      1726.57  1.89170e-11  1.87441e-13
      2.00000      1735.63  2.54207e-11  1.96222e-13
      2.00000      1744.79  1.97447e-11  1.83707e-13
      2.00000      1754.04  8.64384e-12  1.64627e-13
      2.00000      1763.39  8.98505e-12  1.72162e-13
      2.00000      1772.85  1.11328e-11  1.74974e-13
      2.00000      1782.41  1.26998e-11  1.82998e-13
      2.00000      1792.07  1.34848e-11  1.81122e-13
      2.00000      1801.83  1.10107e-11  1.72769e-13
      2.00000      1811.70  8.40934e-12  1.63085e-13
      2.00000      1821.69  6.17860e-12  1.63874e-13
      2.00000      1831.78  5.53091e-12  1.72771e-13
      2.00000      1841.98  4.81007e-12  1.80353e-13
      2.00000      1852.30  4.48817e-12  1.84930e-13
      2.00000      1862.73  3.99408e-12  1.83708e-13
      2.00000      1873.29  3.15034e-12  1.82208e-13
      2.00000      1883.96  3.77607e-12  1.93675e-13
      2.00000      1894.75  4.47152e-12  2.12363e-13
      2.00000      1905.67  3.53622e-12  2.10401e-13
      2.00000      1916.72  4.09016e-12  2.07599e-13
      2.00000      1927.90  5.75841e-12  3.30553e-13
