      1.00000      705.774  1.32431e-09  1.21588e-12
      1.00000      708.800  1.39631e-09  1.22678e-12
      1.00000      711.852  1.58174e-09  1.28041e-12
      1.00000      714.930  1.55990e-09  1.24922e-12
      1.00000      718.035  1.40111e-09  1.17166e-12
      1.00000      721.167  1.27140e-09  1.09306e-12
      1.00000      724.326  2.29586e-09  1.41361e-12
      1.00000      727.513  7.48163e-09  3.94764e-12
      1.00000      730.729  7.80380e-09  4.32107e-12
      1.00000      733.973  3.19269e-09  1.70707e-12
      1.00000      737.246  1.78185e-09  1.25813e-12
      1.00000      740.548  1.61447e-09  1.20885e-12
      1.00000      743.880  1.55749e-09  1.17599e-12
      1.00000      747.242  1.52297e-09  1.13983e-12
      1.00000      750.635  1.35898e-09  1.05015e-12
      1.00000      754.058  1.20325e-09  9.66506e-13
      1.00000      757.513  1.15380e-09  9.28901e-13
      1.00000      761.000  9.94967e-10  8.36768e-13
      1.00000      764.518  8.64546e-10  7.67055e-13
      1.00000      768.070  8.32537e-10  7.37770e-13
      1.00000      771.655  7.99722e-10  7.07864e-13
      1.00000      775.273  8.08383e-10  6.98850e-13
      1.00000      778.925  9.01630e-10  7.22880e-13
      1.00000      782.613  1.05914e-09  7.70383e-13
      1.00000      786.335  1.25856e-09  8.30522e-13
      1.00000      790.092  1.50699e-09  9.04284e-13
      1.00000      793.886  1.79332e-09  9.88098e-13
      1.00000      797.717  2.12467e-09  1.08397e-12
      1.00000      801.585  2.49445e-09  1.18082e-12
      1.00000      805.490  2.84696e-09  1.27721e-12
      1.00000      809.433  3.17800e-09  1.36913e-12
      1.00000      813.415  3.57532e-09  1.57561e-12
      1.00000      817.437  3.84592e-09  1.65439e-12
      1.00000      821.498  3.97331e-09  1.70680e-12
      1.00000      825.601  3.81341e-09  1.69393e-12
      1.00000      829.744  3.39621e-09  1.60030e-12
      1.00000      833.929  3.01106e-09  1.41384e-12
      1.00000      838.157  2.66582e-09  1.35125e-12
      1.00000      842.427  2.33510e-09  1.25942e-12
      1.00000      846.742  2.01601e-09  1.18259e-12
      1.00000      851.101  1.64897e-09  1.06770e-12
      1.00000      855.504  1.31688e-09  9.53762e-13
      1.00000      859.955  1.00345e-09  8.27294e-13
      1.00000      864.451  7.31263e-10  7.06259e-13
      1.00000      868.994  5.05132e-10  5.87507e-13
      1.00000      873.586  3.27882e-10  4.75984e-13
      1.00000      878.226  2.08010e-10  3.89933e-13
      1.00000      882.916  1.33697e-10  3.29198e-13
      1.00000      887.656  8.98999e-11  2.87028e-13
      1.00000      892.448  6.37450e-11  2.56448e-13
      1.00000      897.292  4.81790e-11  2.35787e-13
      1.00000      902.188  4.11730e-11  2.25641e-13
      1.00000      907.137  3.92396e-11  2.19896e-13
      1.00000      912.142  3.67854e-11  2.10643e-13
      1.00000      917.202  3.38317e-11  2.00731e-13
      1.00000      922.319  3.30199e-11  1.93349e-13
      1.00000      927.493  3.00395e-11  1.82962e-13
      1.00000      932.725  2.79270e-11  1.74881e-13
      1.00000      938.017  2.90568e-11  1.74055e-13
      1.00000      943.370  4.17863e-11  1.88379e-13
      1.00000      948.783  5.45491e-11  2.00779e-13
      1.00000      954.259  3.94237e-11  1.78720e-13
      1.00000      959.799  2.39317e-11  1.58563e-13
      1.00000      965.403  2.15755e-11  1.52619e-13
      1.00000      971.074  2.18656e-11  1.52435e-13
      1.00000      976.810  2.05864e-11  1.48511e-13
      1.00000      982.616  1.95424e-11  1.46777e-13
      1.00000      988.491  1.90343e-11  1.46184e-13
      1.00000      994.436  1.68201e-11  1.46219e-13
      1.00000      1000.45  1.53017e-11  1.45609e-13
      1.00000      1006.54  1.36141e-11  1.44733e-13
      1.00000      1012.71  1.17108e-11  1.43405e-13
      1.00000      1018.95  1.06174e-11          NaN
      1.00000      1025.27  1.05382e-11          NaN
      1.00000      1031.67  1.02415e-11  1.46443e-13
      1.00000      1038.15  1.00128e-11  1.50656e-13
      1.00000      1044.71  1.03085e-11  1.55153e-13
      1.00000      1051.35  1.07799e-11  1.61280e-13
      1.00000      1058.08  1.24102e-11  1.65500e-13
      1.00000      1064.89  1.41948e-11  1.73667e-13
      1.00000      1071.79  1.63186e-11  1.68156e-13
      1.00000      1078.79  1.97187e-11  1.75124e-13
      1.00000      1085.87  2.46853e-11  1.80580e-13
      1.00000      1093.05  3.18317e-11  1.94433e-13
      1.00000      1100.33  4.34124e-11  2.13922e-13
      1.00000      1107.70  5.70119e-11  2.35241e-13
      1.00000      1115.17  7.50568e-11  2.57071e-13
      1.00000      1122.74  9.05076e-11  2.73846e-13
      1.00000      1130.42  1.00324e-10  2.82478e-13
      1.00000      1138.20  1.14513e-10  2.98542e-13
      1.00000      1146.09  1.44846e-10  3.33920e-13
      1.00000      1154.09  2.05995e-10  3.93078e-13
      1.00000      1162.20  2.10818e-10  3.90768e-13
      1.00000      1170.43  1.91675e-10  3.68249e-13
      4.00000      1178.78  1.97364e-10  3.63401e-13
      4.00000      1187.24  2.28985e-10  4.45085e-13
      4.00000      1195.83  2.81395e-10  6.08464e-13
      4.00000      1204.54  3.65259e-10  7.88180e-13
      4.00000      1213.38  5.20391e-10  9.73722e-13
      4.00000      1222.35  7.18600e-10  1.07366e-12
      4.00000      1231.46  9.17645e-10  1.32685e-12
      4.00000      1240.70  1.16550e-09  1.52408e-12
      4.00000      1250.08  1.34271e-09  3.52909e-13
      4.00000      1259.60  1.50127e-09  3.57631e-13
      4.00000      1269.27  1.55264e-09  4.96419e-13
      4.00000      1279.09  1.53552e-09  6.69050e-13
      4.00000      1289.06  2.11926e-09  8.71799e-13
      4.00000      1299.19  3.25118e-09  9.97070e-13
      4.00000      1309.48  2.38422e-09  1.10005e-12
      4.00000      1319.94  1.18103e-09  1.34041e-12
      4.00000      1330.56  1.36168e-09  9.12157e-13
      2.00000      1335.93  1.53865e-09  1.30688e-12
      4.00000      1341.35  1.52752e-09  1.31125e-12
      2.00000      1346.82  1.44829e-09  1.22148e-12
      2.00000      1352.33  1.26237e-09  1.13321e-12
      2.00000      1357.88  1.08703e-09  1.07037e-12
      2.00000      1363.48  9.17290e-10  9.77187e-13
      2.00000      1369.12  7.69078e-10  8.99136e-13
      2.00000      1374.82  6.15977e-10  8.12868e-13
      2.00000      1380.56  4.75575e-10  7.17937e-13
      2.00000      1386.34  3.72988e-10  6.28142e-13
      2.00000      1392.18  3.32644e-10  5.81567e-13
      2.00000      1398.07  3.01289e-10  5.67883e-13
      2.00000      1404.00  2.21418e-10  5.23080e-13
      2.00000      1409.99  1.72696e-10  4.92998e-13
      2.00000      1416.03  1.49617e-10  4.88895e-13
      2.00000      1422.12  1.53589e-10  5.03926e-13
      2.00000      1428.26  1.66082e-10  5.10305e-13
      2.00000      1434.46  1.76276e-10  5.09293e-13
      2.00000      1440.71  1.94627e-10  5.15016e-13
      2.00000      1447.01  2.08485e-10  5.07033e-13
      2.00000      1453.37  2.10290e-10  5.09937e-13
      2.00000      1459.79  2.03186e-10  4.90635e-13
      2.00000      1466.26  2.01352e-10  4.84844e-13
      2.00000      1472.79  1.96787e-10  4.66638e-13
      2.00000      1479.38  1.65214e-10  4.18729e-13
      2.00000      1486.03  1.37729e-10  3.79342e-13
      2.00000      1492.74  1.18461e-10  3.62785e-13
      2.00000      1499.51  1.00744e-10  3.47752e-13
      2.00000      1506.34  8.19969e-11  3.51798e-13
      2.00000      1513.23  6.30286e-11  3.30272e-13
      2.00000      1520.19  5.08724e-11  3.03695e-13
      2.00000      1527.21  7.33103e-11  3.15897e-13
      2.00000      1534.30  2.03806e-10  4.41226e-13
      2.00000      1541.45  2.03148e-10  4.33642e-13
      2.00000      1548.67  9.86001e-11  3.16978e-13
      2.00000      1555.95  4.32517e-11  2.52090e-13
      2.00000      1563.31  2.66250e-11  2.41040e-13
      2.00000      1570.74  2.65282e-11  2.39262e-13
      2.00000      1578.23  2.94592e-11  2.35771e-13
      2.00000      1585.80  3.39545e-11  2.31046e-13
      2.00000      1593.44  3.56132e-11  2.25820e-13
      2.00000      1601.16  3.75219e-11  2.20401e-13
      2.00000      1608.95  4.14547e-11  2.30020e-13
      2.00000      1616.82  4.17143e-11  2.28431e-13
      2.00000      1624.76  4.03195e-11  2.25860e-13
      2.00000      1632.78  3.99730e-11  2.21968e-13
      2.00000      1640.89  3.97252e-11  2.25668e-13
      2.00000      1649.07  3.94225e-11  2.18634e-13
      2.00000      1657.34  3.77093e-11  2.19439e-13
      2.00000      1665.68  3.65368e-11  2.17071e-13
      2.00000      1674.12  3.65236e-11  2.15769e-13
      2.00000      1682.64  3.70069e-11  2.14400e-13
      2.00000      1691.24  3.34400e-11  2.06247e-13
      2.00000      1699.94  2.68115e-11  1.98304e-13
      2.00000      1708.72  2.12788e-11  1.89141e-13
      2.00000      1717.60  1.97939e-11  1.86080e-13
      2.00000      1726.57  2.38566e-11  1.91613e-13
      2.00000      1735.63  3.00288e-11  2.14096e-13
      2.00000      1744.79  2.33007e-11  1.88561e-13
      2.00000      1754.04  1.00512e-11  1.64293e-13
      2.00000      1763.39  1.07369e-11  1.73038e-13
      2.00000      1772.85  1.31934e-11  1.77122e-13
      2.00000      1782.41  1.52997e-11  1.83623e-13
      2.00000      1792.07  1.59814e-11  1.82285e-13
      2.00000      1801.83  1.36556e-11  1.74939e-13
      2.00000      1811.70  1.03261e-11  1.66697e-13
      2.00000      1821.69  7.59986e-12  1.65802e-13
      2.00000      1831.78  7.21632e-12  1.72452e-13
      2.00000      1841.98  6.00913e-12  1.84898e-13
      2.00000      1852.30  5.05278e-12  1.86645e-13
      2.00000      1862.73  5.47353e-12  1.84651e-13
      2.00000      1873.29  4.84940e-12  1.82744e-13
      2.00000      1883.96  4.77212e-12  1.96172e-13
      2.00000      1894.75  5.73285e-12  2.12375e-13
      2.00000      1905.67  4.40537e-12  2.10337e-13
      2.00000      1916.72  4.60766e-12  2.11161e-13
      2.00000      1927.90  5.30645e-12  3.41010e-13
