      1.00000      705.774  1.37949e-09  2.81854e-12
      1.00000      708.800  1.46396e-09  2.87307e-12
      1.00000      711.852  1.64126e-09  2.95097e-12
      1.00000      714.930  1.62947e-09  2.89711e-12
      1.00000      718.035  1.46836e-09  2.70414e-12
      1.00000      721.167  1.33109e-09  2.54088e-12
      1.00000      724.326  2.20883e-09  3.09541e-12
      1.00000      727.513  7.31935e-09  8.10034e-12
      1.00000      730.729  8.36113e-09  1.00398e-11
      1.00000      733.973  3.56136e-09  4.05190e-12
      1.00000      737.246  1.87825e-09  2.90284e-12
      1.00000      740.548  1.66859e-09  2.76594e-12
      1.00000      743.880  1.59709e-09  2.68404e-12
      1.00000      747.242  1.58028e-09  2.61856e-12
      1.00000      750.635  1.43418e-09  2.43430e-12
      1.00000      754.058  1.23976e-09  2.21314e-12
      1.00000      757.513  1.18324e-09  2.12365e-12
      1.00000      761.000  1.05703e-09  1.95635e-12
      1.00000      764.518  9.09820e-10  1.78337e-12
      1.00000      768.070  8.62906e-10  1.71519e-12
      1.00000      771.655  8.46904e-10  1.65429e-12
      1.00000      775.273  8.50942e-10  1.62377e-12
      1.00000      778.925  9.38594e-10  1.67071e-12
      1.00000      782.613  1.11070e-09  1.78300e-12
      1.00000      786.335  1.32164e-09  1.91899e-12
      1.00000      790.092  1.57842e-09  2.08679e-12
      1.00000      793.886  1.87816e-09  2.27652e-12
      1.00000      797.717  2.22540e-09  2.49098e-12
      1.00000      801.585  2.61546e-09  2.71751e-12
      1.00000      805.490  2.97935e-09  2.93960e-12
      1.00000      809.433  3.29571e-09  3.14089e-12
      1.00000      813.415  3.65939e-09  3.58344e-12
      1.00000      817.437  3.92544e-09  3.76274e-12
      1.00000      821.498  4.07805e-09  3.88094e-12
      1.00000      825.601  3.99416e-09  3.88457e-12
      1.00000      829.744  3.59279e-09  3.70347e-12
      1.00000      833.929  3.15105e-09  3.24926e-12
      1.00000      838.157  2.82012e-09  3.10798e-12
      1.00000      842.427  2.52238e-09  2.94549e-12
      1.00000      846.742  2.18518e-09  2.76771e-12
      1.00000      851.101  1.81008e-09  2.51651e-12
      1.00000      855.504  1.44141e-09  2.24711e-12
      1.00000      859.955  1.08676e-09  1.94314e-12
      1.00000      864.451  7.84841e-10  1.65377e-12
      1.00000      868.994  5.44121e-10  1.38429e-12
      1.00000      873.586  3.53712e-10  1.13043e-12
      1.00000      878.226  2.24723e-10  9.34989e-13
      1.00000      882.916  1.43471e-10  7.96656e-13
      1.00000      887.656  9.52106e-11  7.05103e-13
      1.00000      892.448  6.71444e-11  6.39749e-13
      1.00000      897.292  5.10856e-11  5.91918e-13
      1.00000      902.188  4.20187e-11  5.68048e-13
      1.00000      907.137  3.99297e-11  5.55162e-13
      1.00000      912.142  3.79441e-11  5.28294e-13
      1.00000      917.202  3.42524e-11  5.04410e-13
      1.00000      922.319  3.30969e-11  4.87992e-13
      1.00000      927.493  3.09363e-11  4.68255e-13
      1.00000      932.725  2.79936e-11  4.44625e-13
      1.00000      938.017  2.86783e-11  4.41163e-13
      1.00000      943.370  4.12953e-11  4.66709e-13
      1.00000      948.783  5.45451e-11  4.91445e-13
      1.00000      954.259  3.97814e-11  4.64133e-13
      1.00000      959.799  2.40685e-11  4.17331e-13
      1.00000      965.403  2.18151e-11  3.96468e-13
      1.00000      971.074  2.21716e-11  3.89062e-13
      1.00000      976.810  2.13773e-11  3.78904e-13
      1.00000      982.616  2.02903e-11  3.77419e-13
      1.00000      988.491  1.91393e-11  3.72552e-13
      1.00000      994.436  1.65409e-11  3.75561e-13
      1.00000      1000.45  1.50286e-11  3.77414e-13
      1.00000      1006.54  1.35357e-11  3.76699e-13
      1.00000      1012.71  1.21539e-11  3.82631e-13
      1.00000      1018.95  1.10633e-11          NaN
      1.00000      1025.27  1.08080e-11          NaN
      1.00000      1031.67  9.65238e-12  3.92124e-13
      1.00000      1038.15  1.04194e-11  4.03396e-13
      1.00000      1044.71  1.09540e-11  4.33128e-13
      1.00000      1051.35  1.11076e-11  4.55977e-13
      1.00000      1058.08  1.42706e-11  4.58505e-13
      1.00000      1064.89  1.38529e-11  4.76859e-13
      1.00000      1071.79  1.59347e-11  4.68701e-13
      1.00000      1078.79  2.06215e-11  4.73353e-13
      1.00000      1085.87  2.63266e-11  5.11102e-13
      1.00000      1093.05  3.33758e-11  5.05692e-13
      1.00000      1100.33  4.48132e-11  5.49788e-13
      1.00000      1107.70  6.09263e-11  5.93246e-13
      1.00000      1115.17  8.06810e-11  6.34499e-13
      1.00000      1122.74  9.81578e-11  6.70543e-13
      1.00000      1130.42  1.09050e-10  6.87871e-13
      1.00000      1138.20  1.25251e-10  7.25832e-13
      1.00000      1146.09  1.56788e-10  8.20588e-13
      1.00000      1154.09  2.25075e-10  9.49476e-13
      1.00000      1162.20  2.33035e-10  9.39798e-13
      1.00000      1170.43  2.11245e-10  8.90541e-13
      1.00000      1178.78  2.12563e-10  8.84367e-13
      1.00000      1187.24  2.48499e-10  9.39792e-13
      1.00000      1195.83  3.12113e-10  1.05855e-12
      1.00000      1204.54  3.98994e-10  1.19509e-12
      1.00000      1213.38  5.53872e-10  1.38525e-12
      1.00000      1222.35  7.33738e-10  1.57739e-12
      1.00000      1231.46  9.35960e-10  1.76860e-12
      1.00000      1240.70  1.16955e-09  1.99501e-12
      1.00000      1250.08  1.34108e-09  2.18255e-12
      1.00000      1259.60  1.50448e-09  2.38676e-12
      1.00000      1269.27  1.54249e-09  2.45001e-12
      1.00000      1279.09  1.54743e-09  2.44842e-12
      1.00000      1289.06  2.20763e-09  2.95453e-12
      1.00000      1299.19  3.19484e-09  3.90814e-12
      1.00000      1309.48  2.27698e-09  3.51891e-12
      1.00000      1319.94  1.11572e-09  2.47023e-12
