      1.00000      705.774  1.32086e-09  1.55243e-12
      1.00000      708.800  1.39403e-09  1.55292e-12
      1.00000      711.852  1.58833e-09  1.63363e-12
      1.00000      714.930  1.56664e-09  1.60227e-12
      1.00000      718.035  1.40822e-09  1.49087e-12
      1.00000      721.167  1.27631e-09  1.38756e-12
      1.00000      724.326  2.28055e-09  1.97543e-12
      1.00000      727.513  7.33611e-09  7.59109e-12
      1.00000      730.729  7.82920e-09  8.39494e-12
      1.00000      733.973  3.25294e-09  2.69174e-12
      1.00000      737.246  1.79838e-09  1.62158e-12
      1.00000      740.548  1.61340e-09  1.55242e-12
      1.00000      743.880  1.55127e-09  1.50052e-12
      1.00000      747.242  1.51545e-09  1.45112e-12
      1.00000      750.635  1.35400e-09  1.33389e-12
      1.00000      754.058  1.19554e-09  1.22589e-12
      1.00000      757.513  1.14394e-09  1.17368e-12
      1.00000      761.000  9.90289e-10  1.06987e-12
      1.00000      764.518  8.56888e-10  9.71634e-13
      1.00000      768.070  8.27116e-10  9.33998e-13
      1.00000      771.655  7.97184e-10  8.97443e-13
      1.00000      775.273  8.06421e-10  8.88657e-13
      1.00000      778.925  9.02452e-10  9.25891e-13
      1.00000      782.613  1.06448e-09  9.89681e-13
      1.00000      786.335  1.26985e-09  1.06882e-12
      1.00000      790.092  1.52618e-09  1.16771e-12
      1.00000      793.886  1.81964e-09  1.34366e-12
      1.00000      797.717  2.15997e-09  1.52566e-12
      1.00000      801.585  2.53565e-09  1.77173e-12
      1.00000      805.490  2.89106e-09  2.10201e-12
      1.00000      809.433  3.22947e-09  2.31944e-12
      1.00000      813.415  3.63523e-09  2.77425e-12
      1.00000      817.437  3.91388e-09  2.95263e-12
      1.00000      821.498  4.03788e-09  3.15294e-12
      1.00000      825.601  3.88436e-09  3.16347e-12
      1.00000      829.744  3.46062e-09  2.87126e-12
      1.00000      833.929  3.07192e-09  2.42639e-12
      1.00000      838.157  2.71805e-09  2.22974e-12
      1.00000      842.427  2.38385e-09  1.91557e-12
      1.00000      846.742  2.06265e-09  1.67357e-12
      1.00000      851.101  1.68623e-09  1.42445e-12
      1.00000      855.504  1.34463e-09  1.22539e-12
      1.00000      859.955  1.02141e-09  1.06370e-12
      1.00000      864.451  7.42777e-10  9.03585e-13
      1.00000      868.994  5.12553e-10  7.58209e-13
      1.00000      873.586  3.31627e-10  6.05423e-13
      1.00000      878.226  2.10482e-10  5.01928e-13
      1.00000      882.916  1.34951e-10  4.17836e-13
      1.00000      887.656  9.02867e-11  3.66142e-13
      1.00000      892.448  6.44644e-11  3.28777e-13
      1.00000      897.292  4.96184e-11  3.06649e-13
      1.00000      902.188  4.19957e-11  2.87375e-13
      1.00000      907.137  4.02257e-11  2.82693e-13
      1.00000      912.142  3.76166e-11  2.74096e-13
      1.00000      917.202  3.43866e-11  2.59527e-13
      1.00000      922.319  3.36316e-11  2.46708e-13
      1.00000      927.493  3.13098e-11  2.37283e-13
      1.00000      932.725  2.86190e-11  2.26162e-13
      1.00000      938.017  2.97137e-11  2.23962e-13
      1.00000      943.370  4.28220e-11  2.41537e-13
      1.00000      948.783  5.58910e-11  2.58541e-13
      1.00000      954.259  4.07896e-11  2.32269e-13
      1.00000      959.799  2.48460e-11  2.01669e-13
      1.00000      965.403  2.28659e-11  1.96307e-13
      1.00000      971.074  2.23443e-11  1.92707e-13
      1.00000      976.810  2.09159e-11  1.86640e-13
      1.00000      982.616  2.04293e-11  1.85290e-13
      1.00000      988.491  2.00419e-11  1.87199e-13
      1.00000      994.436  1.75366e-11  1.84493e-13
      1.00000      1000.45  1.60520e-11  1.84355e-13
      1.00000      1006.54  1.42890e-11  1.84039e-13
      1.00000      1012.71  1.21380e-11  1.79333e-13
      1.00000      1018.95  1.08327e-11          NaN
      1.00000      1025.27  1.06036e-11          NaN
      1.00000      1031.67  9.93882e-12  1.81484e-13
      1.00000      1038.15  9.91771e-12  1.84288e-13
      1.00000      1044.71  1.06625e-11  1.92968e-13
      1.00000      1051.35  1.13924e-11  1.97336e-13
      1.00000      1058.08  1.26943e-11  2.00593e-13
      1.00000      1064.89  1.46806e-11  2.06405e-13
      1.00000      1071.79  1.74364e-11  2.06074e-13
      1.00000      1078.79  2.04065e-11  2.16417e-13
      1.00000      1085.87  2.57306e-11  2.25957e-13
      1.00000      1093.05  3.26340e-11  2.36481e-13
      1.00000      1100.33  4.33300e-11  2.62133e-13
      1.00000      1107.70  5.74731e-11  2.93011e-13
      1.00000      1115.17  7.53710e-11  3.24528e-13
      1.00000      1122.74  9.23980e-11  3.47675e-13
      1.00000      1130.42  1.01087e-10  3.61053e-13
      1.00000      1138.20  1.16074e-10  3.76673e-13
      1.00000      1146.09  1.45238e-10  4.18277e-13
      1.00000      1154.09  2.07113e-10  4.97343e-13
      1.00000      1162.20  2.12190e-10  4.96969e-13
      1.00000      1170.43  1.90956e-10  4.59734e-13
      1.00000      1178.78  1.91440e-10  4.52220e-13
      1.00000      1187.24  2.24427e-10  4.87419e-13
      1.00000      1195.83  2.82559e-10  5.45603e-13
      1.00000      1204.54  3.61143e-10  6.25161e-13
      1.00000      1213.38  5.07868e-10  7.41589e-13
      1.00000      1222.35  6.81531e-10  8.52252e-13
      1.00000      1231.46  8.73811e-10  9.67686e-13
      1.00000      1240.70  1.10315e-09  1.09760e-12
      1.00000      1250.08  1.28277e-09  1.20847e-12
      1.00000      1259.60  1.44621e-09  1.33058e-12
      1.00000      1269.27  1.47590e-09  1.36239e-12
      1.00000      1279.09  1.48402e-09  1.35860e-12
      1.00000      1289.06  2.13286e-09  1.76544e-12
      1.00000      1299.19  3.08626e-09  2.77180e-12
      1.00000      1309.48  2.19638e-09  2.17291e-12
      1.00000      1319.94  1.05804e-09  1.34938e-12
