      1.00000      705.774  1.31998e-09  7.76202e-13
      1.00000      708.800  1.39050e-09  7.77901e-13
      1.00000      711.852  1.58460e-09  8.18937e-13
      1.00000      714.930  1.56719e-09  8.00994e-13
      1.00000      718.035  1.41098e-09  7.53868e-13
      1.00000      721.167  1.27384e-09  6.95264e-13
      1.00000      724.326  2.22168e-09  9.57084e-13
      1.00000      727.513  7.17911e-09  3.64289e-12
      1.00000      730.729  7.86940e-09  4.09016e-12
      1.00000      733.973  3.30648e-09  1.37777e-12
      1.00000      737.246  1.80933e-09  8.11065e-13
      1.00000      740.548  1.61498e-09  7.72200e-13
      1.00000      743.880  1.55028e-09  7.47951e-13
      1.00000      747.242  1.51565e-09  7.24129e-13
      1.00000      750.635  1.35600e-09  6.69466e-13
      1.00000      754.058  1.19659e-09  6.14598e-13
      1.00000      757.513  1.14550e-09  5.88143e-13
      1.00000      761.000  9.94558e-10  5.36439e-13
      1.00000      764.518  8.59497e-10  4.86547e-13
      1.00000      768.070  8.28147e-10  4.67291e-13
      1.00000      771.655  7.97779e-10  4.49676e-13
      1.00000      775.273  8.06324e-10  4.45078e-13
      1.00000      778.925  9.00583e-10  4.62083e-13
      1.00000      782.613  1.06233e-09  4.93922e-13
      1.00000      786.335  1.26801e-09  5.32715e-13
      1.00000      790.092  1.52329e-09  5.83107e-13
      1.00000      793.886  1.81616e-09  6.62908e-13
      1.00000      797.717  2.15509e-09  7.62516e-13
      1.00000      801.585  2.53145e-09  8.84856e-13
      1.00000      805.490  2.88938e-09  1.02806e-12
      1.00000      809.433  3.22437e-09  1.15060e-12
      1.00000      813.415  3.62496e-09  1.36843e-12
      1.00000      817.437  3.90768e-09  1.49459e-12
      1.00000      821.498  4.03852e-09  1.56591e-12
      1.00000      825.601  3.89545e-09  1.56492e-12
      1.00000      829.744  3.47092e-09  1.45176e-12
      1.00000      833.929  3.08158e-09  1.21886e-12
      1.00000      838.157  2.72954e-09  1.12247e-12
      1.00000      842.427  2.39527e-09  9.66624e-13
      1.00000      846.742  2.07572e-09  8.50480e-13
      1.00000      851.101  1.70181e-09  7.12269e-13
      1.00000      855.504  1.35713e-09  6.15963e-13
      1.00000      859.955  1.03242e-09  5.32286e-13
      1.00000      864.451  7.51513e-10  4.54960e-13
      1.00000      868.994  5.19310e-10  3.79503e-13
      1.00000      873.586  3.37073e-10  3.06435e-13
      1.00000      878.226  2.13831e-10  2.49889e-13
      1.00000      882.916  1.37004e-10  2.10621e-13
      1.00000      887.656  9.16034e-11  1.82349e-13
      1.00000      892.448  6.49459e-11  1.62335e-13
      1.00000      897.292  4.94816e-11  1.50411e-13
      1.00000      902.188  4.15920e-11  1.41305e-13
      1.00000      907.137  3.98560e-11  1.39878e-13
      1.00000      912.142  3.74291e-11  1.33608e-13
      1.00000      917.202  3.44915e-11  1.26994e-13
      1.00000      922.319  3.37232e-11  1.22671e-13
      1.00000      927.493  3.13145e-11  1.17358e-13
      1.00000      932.725  2.86946e-11  1.12055e-13
      1.00000      938.017  2.95500e-11  1.11064e-13
      1.00000      943.370  4.17441e-11  1.20711e-13
      1.00000      948.783  5.52489e-11  1.27791e-13
      1.00000      954.259  4.10531e-11  1.15601e-13
      1.00000      959.799  2.47777e-11  1.00245e-13
      1.00000      965.403  2.25120e-11  9.64571e-14
      1.00000      971.074  2.24228e-11  9.43247e-14
      1.00000      976.810  2.09343e-11  9.17411e-14
      1.00000      982.616  2.02714e-11  9.05887e-14
      1.00000      988.491  1.97214e-11  9.03582e-14
      1.00000      994.436  1.72728e-11  9.06620e-14
      1.00000      1000.45  1.57870e-11  9.10781e-14
      1.00000      1006.54  1.41988e-11  8.95086e-14
      1.00000      1012.71  1.23218e-11  8.88183e-14
      1.00000      1018.95  1.09054e-11          NaN
      1.00000      1025.27  1.06184e-11          NaN
      1.00000      1031.67  1.00940e-11  9.08151e-14
      1.00000      1038.15  1.01814e-11  9.07532e-14
      1.00000      1044.71  1.07844e-11  9.47154e-14
      1.00000      1051.35  1.15650e-11  9.68783e-14
      1.00000      1058.08  1.30418e-11  9.90587e-14
      1.00000      1064.89  1.48393e-11  1.01562e-13
      1.00000      1071.79  1.71869e-11  1.02019e-13
      1.00000      1078.79  2.03172e-11  1.04884e-13
      1.00000      1085.87  2.54764e-11  1.10256e-13
      1.00000      1093.05  3.24403e-11  1.17015e-13
      1.00000      1100.33  4.32967e-11  1.30867e-13
      1.00000      1107.70  5.74401e-11  1.43824e-13
      1.00000      1115.17  7.52279e-11  1.60267e-13
      1.00000      1122.74  9.23507e-11  1.71605e-13
      1.00000      1130.42  1.01681e-10  1.76829e-13
      1.00000      1138.20  1.16737e-10  1.89853e-13
      1.00000      1146.09  1.44777e-10  2.08816e-13
      1.00000      1154.09  2.07266e-10  2.49961e-13
      1.00000      1162.20  2.14367e-10  2.47641e-13
      1.00000      1170.43  1.93463e-10  2.31060e-13
      1.00000      1178.78  1.92239e-10  2.27400e-13
      1.00000      1187.24  2.24584e-10  2.44800e-13
      1.00000      1195.83  2.80683e-10  2.73680e-13
      1.00000      1204.54  3.58233e-10  3.12013e-13
      1.00000      1213.38  5.01838e-10  3.68622e-13
      1.00000      1222.35  6.70062e-10  4.24052e-13
      1.00000      1231.46  8.58527e-10  4.78425e-13
      1.00000      1240.70  1.08629e-09  5.43056e-13
      1.00000      1250.08  1.26762e-09  6.00388e-13
      1.00000      1259.60  1.43174e-09  6.59363e-13
      1.00000      1269.27  1.46885e-09  6.78847e-13
      1.00000      1279.09  1.46921e-09  6.76070e-13
      1.00000      1289.06  2.08159e-09  8.60266e-13
      1.00000      1299.19  3.04564e-09  1.31567e-12
      1.00000      1309.48  2.25619e-09  1.10601e-12
      1.00000      1319.94  1.05527e-09  6.77562e-13
