      1.00000      705.774  1.32622e-09  1.56548e-12
      1.00000      708.800  1.39086e-09  1.55428e-12
      1.00000      711.852  1.58649e-09  1.63641e-12
      1.00000      714.930  1.58124e-09  1.61170e-12
      1.00000      718.035  1.42860e-09  1.50461e-12
      1.00000      721.167  1.27591e-09  1.39736e-12
      1.00000      724.326  2.09786e-09  1.81105e-12
      1.00000      727.513  6.92943e-09  7.08827e-12
      1.00000      730.729  8.12657e-09  8.00978e-12
      1.00000      733.973  3.48743e-09  2.93498e-12
      1.00000      737.246  1.85725e-09  1.64709e-12
      1.00000      740.548  1.63657e-09  1.55568e-12
      1.00000      743.880  1.56238e-09  1.50404e-12
      1.00000      747.242  1.53048e-09  1.45757e-12
      1.00000      750.635  1.37701e-09  1.36744e-12
      1.00000      754.058  1.20962e-09  1.24934e-12
      1.00000      757.513  1.15923e-09  1.18614e-12
      1.00000      761.000  1.01397e-09  1.08093e-12
      1.00000      764.518  8.71306e-10  9.80015e-13
      1.00000      768.070  8.37516e-10  9.44153e-13
      1.00000      771.655  8.07513e-10  9.02977e-13
      1.00000      775.273  8.12909e-10  8.99538e-13
      1.00000      778.925  9.03901e-10  9.23298e-13
      1.00000      782.613  1.06536e-09  9.94007e-13
      1.00000      786.335  1.27084e-09  1.06749e-12
      1.00000      790.092  1.52681e-09  1.16548e-12
      1.00000      793.886  1.81980e-09  1.32385e-12
      1.00000      797.717  2.15861e-09  1.54813e-12
      1.00000      801.585  2.54053e-09  1.76678e-12
      1.00000      805.490  2.90377e-09  2.01963e-12
      1.00000      809.433  3.23515e-09  2.32224e-12
      1.00000      813.415  3.63536e-09  2.63758e-12
      1.00000      817.437  3.93351e-09  3.08629e-12
      1.00000      821.498  4.07089e-09  3.19652e-12
      1.00000      825.601  3.95288e-09  3.21162e-12
      1.00000      829.744  3.53582e-09  2.96853e-12
      1.00000      833.929  3.14368e-09  2.42420e-12
      1.00000      838.157  2.78389e-09  2.27052e-12
      1.00000      842.427  2.45141e-09  1.93919e-12
      1.00000      846.742  2.12667e-09  1.78397e-12
      1.00000      851.101  1.75097e-09  1.45390e-12
      1.00000      855.504  1.39855e-09  1.25044e-12
      1.00000      859.955  1.06788e-09  1.08153e-12
      1.00000      864.451  7.79398e-10  9.21646e-13
      1.00000      868.994  5.40200e-10  7.77451e-13
      1.00000      873.586  3.52758e-10  6.29816e-13
      1.00000      878.226  2.23471e-10  5.11899e-13
      1.00000      882.916  1.43250e-10  4.23318e-13
      1.00000      887.656  9.53662e-11  3.68234e-13
      1.00000      892.448  6.71566e-11  3.28484e-13
      1.00000      897.292  5.10386e-11  3.04344e-13
      1.00000      902.188  4.24484e-11  2.82127e-13
      1.00000      907.137  4.02028e-11  2.79006e-13
      1.00000      912.142  3.81076e-11  2.65855e-13
      1.00000      917.202  3.49793e-11  2.54903e-13
      1.00000      922.319  3.43047e-11  2.48472e-13
      1.00000      927.493  3.15692e-11  2.32298e-13
      1.00000      932.725  2.90581e-11  2.20933e-13
      1.00000      938.017  2.98376e-11  2.18756e-13
      1.00000      943.370  4.08900e-11  2.36315e-13
      1.00000      948.783  5.59338e-11  2.53166e-13
      1.00000      954.259  4.30576e-11  2.43249e-13
      1.00000      959.799  2.53016e-11  2.06249e-13
      1.00000      965.403  2.26303e-11  1.92365e-13
      1.00000      971.074  2.30854e-11  1.87361e-13
      1.00000      976.810  2.14452e-11  1.84131e-13
      1.00000      982.616  2.04118e-11  1.81155e-13
      1.00000      988.491  1.99957e-11  1.79155e-13
      1.00000      994.436  1.75444e-11  1.82646e-13
      1.00000      1000.45  1.57256e-11  1.85999e-13
      1.00000      1006.54  1.45836e-11  1.77861e-13
      1.00000      1012.71  1.27087e-11  1.79656e-13
      1.00000      1018.95  1.11819e-11          NaN
      1.00000      1025.27  1.07961e-11          NaN
      1.00000      1031.67  1.05946e-11  1.76952e-13
      1.00000      1038.15  1.07847e-11  1.81049e-13
      1.00000      1044.71  1.09281e-11  1.90223e-13
      1.00000      1051.35  1.17320e-11  1.93274e-13
      1.00000      1058.08  1.33319e-11  1.96830e-13
      1.00000      1064.89  1.49608e-11  2.03763e-13
      1.00000      1071.79  1.70537e-11  2.06797e-13
      1.00000      1078.79  2.04455e-11  2.07515e-13
      1.00000      1085.87  2.58139e-11  2.18351e-13
      1.00000      1093.05  3.25601e-11  2.31860e-13
      1.00000      1100.33  4.29206e-11  2.59824e-13
      1.00000      1107.70  5.70874e-11  2.82790e-13
      1.00000      1115.17  7.43700e-11  3.18880e-13
      1.00000      1122.74  9.28634e-11  3.42332e-13
      1.00000      1130.42  1.02262e-10  3.51199e-13
      1.00000      1138.20  1.17747e-10  3.79637e-13
      1.00000      1146.09  1.43675e-10  4.22970e-13
      1.00000      1154.09  2.07985e-10  5.09257e-13
      1.00000      1162.20  2.19630e-10  5.00615e-13
      1.00000      1170.43  1.99182e-10  4.70903e-13
      1.00000      1178.78  1.94068e-10  4.57585e-13
      1.00000      1187.24  2.25850e-10  4.89940e-13
      1.00000      1195.83  2.79228e-10  5.45070e-13
      1.00000      1204.54  3.55325e-10  6.28907e-13
      1.00000      1213.38  4.95845e-10  7.30840e-13
      1.00000      1222.35  6.65216e-10  8.40745e-13
      1.00000      1231.46  8.46260e-10  9.48856e-13
      1.00000      1240.70  1.07431e-09  1.07559e-12
      1.00000      1250.08  1.26444e-09  1.19536e-12
      1.00000      1259.60  1.43568e-09  1.31332e-12
      1.00000      1269.27  1.48997e-09  1.36739e-12
      1.00000      1279.09  1.47263e-09  1.35377e-12
      1.00000      1289.06  2.01626e-09  1.66581e-12
      1.00000      1299.19  3.03918e-09  2.51652e-12
      1.00000      1309.48  2.47636e-09  2.39505e-12
      1.00000      1319.94  1.08291e-09  1.37763e-12
