      1.00000      705.774  1.11906e-09  2.55728e-12
      1.00000      708.800  1.19567e-09  2.58678e-12
      1.00000      711.852  1.33046e-09  2.67367e-12
      1.00000      714.930  1.29087e-09  2.58781e-12
      1.00000      718.035  1.15736e-09  2.42696e-12
      1.00000      721.167  1.09906e-09  2.31573e-12
      1.00000      724.326  2.10850e-09  3.03052e-12
      1.00000      727.513  6.39985e-09  7.13272e-12
      1.00000      730.729  6.03184e-09  7.16675e-12
      1.00000      733.973  2.44057e-09  3.23854e-12
      1.00000      737.246  1.42862e-09  2.55579e-12
      1.00000      740.548  1.30451e-09  2.46266e-12
      1.00000      743.880  1.26501e-09  2.40645e-12
      1.00000      747.242  1.25229e-09  2.34975e-12
      1.00000      750.635  1.11109e-09  2.16136e-12
      1.00000      754.058  9.76921e-10  1.98722e-12
      1.00000      757.513  9.32725e-10  1.90806e-12
      1.00000      761.000  8.18444e-10  1.74145e-12
      1.00000      764.518  7.13261e-10  1.60188e-12
      1.00000      768.070  6.85352e-10  1.55344e-12
      1.00000      771.655  6.72774e-10  1.51651e-12
      1.00000      775.273  6.82918e-10  1.47485e-12
      1.00000      778.925  7.64339e-10  1.52574e-12
      1.00000      782.613  9.01623e-10  1.62215e-12
      1.00000      786.335  1.06932e-09  1.74225e-12
      1.00000      790.092  1.27775e-09  1.89060e-12
      1.00000      793.886  1.51764e-09  2.05729e-12
      1.00000      797.717  1.79047e-09  2.24321e-12
      1.00000      801.585  2.08708e-09  2.43299e-12
      1.00000      805.490  2.36244e-09  2.62034e-12
      1.00000      809.433  2.61240e-09  2.78331e-12
      1.00000      813.415  2.90471e-09  2.99724e-12
      1.00000      817.437  3.07771e-09  3.09907e-12
      1.00000      821.498  3.18774e-09  3.18999e-12
      1.00000      825.601  3.05629e-09  3.15133e-12
      1.00000      829.744  2.74071e-09  3.00769e-12
      1.00000      833.929  2.40204e-09  2.83014e-12
      1.00000      838.157  2.16085e-09  2.71769e-12
      1.00000      842.427  1.91649e-09  2.56673e-12
      1.00000      846.742  1.64373e-09  2.40193e-12
      1.00000      851.101  1.35859e-09  2.18865e-12
      1.00000      855.504  1.07411e-09  1.95278e-12
      1.00000      859.955  8.08613e-10  1.68623e-12
      1.00000      864.451  5.84150e-10  1.44183e-12
      1.00000      868.994  4.02277e-10  1.20925e-12
      1.00000      873.586  2.60902e-10  9.95237e-13
      1.00000      878.226  1.66981e-10  8.33824e-13
      1.00000      882.916  1.09085e-10  7.20644e-13
      1.00000      887.656  7.34630e-11  6.47744e-13
      1.00000      892.448  5.26183e-11  5.99965e-13
      1.00000      897.292  4.16816e-11  5.65936e-13
      1.00000      902.188  3.44100e-11  5.51618e-13
      1.00000      907.137  3.33976e-11  5.31357e-13
      1.00000      912.142  2.91199e-11  5.07196e-13
      1.00000      917.202  2.63995e-11  4.82646e-13
      1.00000      922.319  2.59448e-11  4.71102e-13
      1.00000      927.493  2.36032e-11  4.50048e-13
      1.00000      932.725  2.23020e-11  4.27439e-13
      1.00000      938.017  2.45363e-11  4.30560e-13
      1.00000      943.370  3.55456e-11  4.60032e-13
      1.00000      948.783  4.12732e-11  4.55298e-13
      1.00000      954.259  2.82694e-11  4.12414e-13
      1.00000      959.799  1.87954e-11  3.84954e-13
      1.00000      965.403  1.70682e-11  3.78727e-13
      1.00000      971.074  1.71423e-11  3.74728e-13
      1.00000      976.810  1.59937e-11  3.65651e-13
      1.00000      982.616  1.51147e-11  3.75597e-13
      1.00000      988.491  1.42829e-11  3.63610e-13
      1.00000      994.436  1.26864e-11  3.63914e-13
      1.00000      1000.45  1.13452e-11  3.63604e-13
      1.00000      1006.54  1.00932e-11  3.65125e-13
      1.00000      1012.71  8.68623e-12  3.70165e-13
      1.00000      1018.95  8.01095e-12          NaN
      1.00000      1025.27  8.04927e-12          NaN
      1.00000      1031.67  7.56202e-12  3.83622e-13
      1.00000      1038.15  7.73070e-12  3.91020e-13
      1.00000      1044.71  8.24898e-12  4.09555e-13
      1.00000      1051.35  9.31532e-12  4.21066e-13
      1.00000      1058.08  9.95205e-12  4.29421e-13
      1.00000      1064.89  1.18550e-11  4.35390e-13
      1.00000      1071.79  1.46433e-11  4.35804e-13
      1.00000      1078.79  1.61587e-11  4.38058e-13
      1.00000      1085.87  2.22579e-11  4.56394e-13
      1.00000      1093.05  2.77345e-11  4.74162e-13
      1.00000      1100.33  3.74480e-11  5.15524e-13
      1.00000      1107.70  5.00924e-11  5.48542e-13
      1.00000      1115.17  6.62761e-11  5.95715e-13
      1.00000      1122.74  7.78306e-11  6.14428e-13
      1.00000      1130.42  8.75229e-11  6.35446e-13
      1.00000      1138.20  9.89724e-11  6.66145e-13
      1.00000      1146.09  1.30738e-10  7.44759e-13
      1.00000      1154.09  1.78070e-10  8.50118e-13
      1.00000      1162.20  1.78888e-10  8.39975e-13
      1.00000      1170.43  1.62003e-10  7.97113e-13
      1.00000      1178.78  1.72428e-10  8.24080e-13
      1.00000      1187.24  2.04216e-10  8.59795e-13
      1.00000      1195.83  2.58029e-10  9.66953e-13
      1.00000      1204.54  3.33435e-10  1.09800e-12
      1.00000      1213.38  4.67054e-10  1.28130e-12
      1.00000      1222.35  6.07977e-10  1.44360e-12
      1.00000      1231.46  7.69700e-10  1.61377e-12
      1.00000      1240.70  9.38015e-10  1.79707e-12
      1.00000      1250.08  1.07024e-09  1.95605e-12
      1.00000      1259.60  1.19831e-09  2.13671e-12
      1.00000      1269.27  1.20086e-09  2.16368e-12
      1.00000      1279.09  1.25623e-09  2.20680e-12
      1.00000      1289.06  1.89810e-09  2.75139e-12
      1.00000      1299.19  2.47628e-09  3.46640e-12
      1.00000      1309.48  1.46130e-09  2.78056e-12
      1.00000      1319.94  9.12545e-10  2.26199e-12
