      1.00000      705.774  1.37636e-09  2.80868e-12
      1.00000      708.800  1.45939e-09  2.82946e-12
      1.00000      711.852  1.62850e-09  2.93421e-12
      1.00000      714.930  1.61365e-09  2.86608e-12
      1.00000      718.035  1.44655e-09  2.68396e-12
      1.00000      721.167  1.32560e-09  2.52602e-12
      1.00000      724.326  2.24980e-09  3.11858e-12
      1.00000      727.513  7.37487e-09  8.57566e-12
      1.00000      730.729  8.18111e-09  1.00275e-11
      1.00000      733.973  3.46316e-09  4.00999e-12
      1.00000      737.246  1.85181e-09  2.87697e-12
      1.00000      740.548  1.65409e-09  2.75267e-12
      1.00000      743.880  1.58585e-09  2.66417e-12
      1.00000      747.242  1.57385e-09  2.59969e-12
      1.00000      750.635  1.41951e-09  2.40838e-12
      1.00000      754.058  1.23297e-09  2.19712e-12
      1.00000      757.513  1.18022e-09  2.11154e-12
      1.00000      761.000  1.05107e-09  1.93988e-12
      1.00000      764.518  9.03833e-10  1.76816e-12
      1.00000      768.070  8.58629e-10  1.68992e-12
      1.00000      771.655  8.44359e-10  1.64346e-12
      1.00000      775.273  8.51698e-10  1.61928e-12
      1.00000      778.925  9.43408e-10  1.67253e-12
      1.00000      782.613  1.11317e-09  1.78446e-12
      1.00000      786.335  1.32393e-09  1.92289e-12
      1.00000      790.092  1.58457e-09  2.09106e-12
      1.00000      793.886  1.88186e-09  2.28072e-12
      1.00000      797.717  2.22883e-09  2.49831e-12
      1.00000      801.585  2.61310e-09  2.72432e-12
      1.00000      805.490  2.97704e-09  2.94764e-12
      1.00000      809.433  3.30564e-09  3.12267e-12
      1.00000      813.415  3.65738e-09  3.37412e-12
      1.00000      817.437  3.90637e-09  3.78420e-12
      1.00000      821.498  4.05489e-09  3.96883e-12
      1.00000      825.601  3.95599e-09  4.00809e-12
      1.00000      829.744  3.56526e-09  3.58206e-12
      1.00000      833.929  3.13408e-09  3.25804e-12
      1.00000      838.157  2.80035e-09  3.10749e-12
      1.00000      842.427  2.50483e-09  2.93538e-12
      1.00000      846.742  2.16803e-09  2.74698e-12
      1.00000      851.101  1.79770e-09  2.49769e-12
      1.00000      855.504  1.42841e-09  2.22427e-12
      1.00000      859.955  1.07960e-09  1.92457e-12
      1.00000      864.451  7.84651e-10  1.64337e-12
      1.00000      868.994  5.41635e-10  1.37262e-12
      1.00000      873.586  3.53288e-10  1.12217e-12
      1.00000      878.226  2.23696e-10  9.27498e-13
      1.00000      882.916  1.43353e-10  7.88623e-13
      1.00000      887.656  9.52743e-11  7.07524e-13
      1.00000      892.448  6.87412e-11  6.99600e-13
      1.00000      897.292  5.16085e-11  5.79510e-13
      1.00000      902.188  4.30018e-11  5.57143e-13
      1.00000      907.137  3.93161e-11  5.38761e-13
      1.00000      912.142  3.68289e-11  5.17721e-13
      1.00000      917.202  3.24136e-11  4.91886e-13
      1.00000      922.319  3.28094e-11  4.78136e-13
      1.00000      927.493  3.12755e-11  4.54600e-13
      1.00000      932.725  2.88188e-11  4.32716e-13
      1.00000      938.017  2.91025e-11  4.27883e-13
      1.00000      943.370  4.07661e-11  4.55010e-13
      1.00000      948.783  5.24257e-11  4.79731e-13
      1.00000      954.259  3.78991e-11  4.35756e-13
      1.00000      959.799  2.30969e-11  3.95115e-13
      1.00000      965.403  2.12345e-11  3.86563e-13
      1.00000      971.074  2.14692e-11  3.83107e-13
      1.00000      976.810  2.01044e-11  3.71272e-13
      1.00000      982.616  1.93226e-11  3.69507e-13
      1.00000      988.491  1.83433e-11  3.67850e-13
      1.00000      994.436  1.59326e-11  3.68507e-13
      1.00000      1000.45  1.47546e-11  3.72286e-13
      1.00000      1006.54  1.35615e-11  3.70038e-13
      1.00000      1012.71  1.12755e-11  3.71296e-13
      1.00000      1018.95  9.97940e-12          NaN
      1.00000      1025.27  9.89410e-12          NaN
      1.00000      1031.67  9.85997e-12  3.80406e-13
      1.00000      1038.15  1.09688e-11  3.90895e-13
      1.00000      1044.71  1.05199e-11  4.08597e-13
      1.00000      1051.35  1.18444e-11  4.23308e-13
      1.00000      1058.08  1.38499e-11  4.34564e-13
      1.00000      1064.89  1.42901e-11  4.36928e-13
      1.00000      1071.79  1.59388e-11  4.48268e-13
      1.00000      1078.79  2.06129e-11  4.52075e-13
      1.00000      1085.87  2.66619e-11  4.63235e-13
      1.00000      1093.05  3.40144e-11  4.84233e-13
      1.00000      1100.33  4.62190e-11  5.35478e-13
      1.00000      1107.70  6.04008e-11  5.77318e-13
      1.00000      1115.17  8.08697e-11  6.30426e-13
      1.00000      1122.74  9.87525e-11  6.66964e-13
      1.00000      1130.42  1.08444e-10  6.82116e-13
      1.00000      1138.20  1.24358e-10  7.18960e-13
      1.00000      1146.09  1.56469e-10  7.92719e-13
      1.00000      1154.09  2.25245e-10  9.32667e-13
      1.00000      1162.20  2.31485e-10  9.27975e-13
      1.00000      1170.43  2.08663e-10  8.78855e-13
      1.00000      1178.78  2.12116e-10  8.70639e-13
      1.00000      1187.24  2.49362e-10  9.32724e-13
      1.00000      1195.83  3.15678e-10  1.05526e-12
      1.00000      1204.54  4.05285e-10  1.19922e-12
      1.00000      1213.38  5.69235e-10  1.39847e-12
      1.00000      1222.35  7.54317e-10  1.59513e-12
      1.00000      1231.46  9.57113e-10  1.79971e-12
      1.00000      1240.70  1.18322e-09  2.00928e-12
      1.00000      1250.08  1.34784e-09  2.18809e-12
      1.00000      1259.60  1.50182e-09  2.38338e-12
      1.00000      1269.27  1.53607e-09  2.43831e-12
      1.00000      1279.09  1.63736e-09  2.44299e-12
      1.00000      1289.06  2.21016e-09  2.97849e-12
      1.00000      1299.19  3.13120e-09  3.92359e-12
      1.00000      1309.48  2.20999e-09  3.44097e-12
      1.00000      1319.94  1.10024e-09  2.46370e-12
