      1.00000      705.774  1.30399e-09  1.53741e-12
      1.00000      708.800  1.37838e-09  1.54823e-12
      1.00000      711.852  1.56950e-09  1.62489e-12
      1.00000      714.930  1.54546e-09  1.58075e-12
      1.00000      718.035  1.38750e-09  1.49018e-12
      1.00000      721.167  1.26385e-09  1.38271e-12
      1.00000      724.326  2.28121e-09  1.97800e-12
      1.00000      727.513  7.25437e-09  7.64380e-12
      1.00000      730.729  7.64070e-09  7.87553e-12
      1.00000      733.973  3.16921e-09  2.65076e-12
      1.00000      737.246  1.76824e-09  1.59776e-12
      1.00000      740.548  1.58981e-09  1.52529e-12
      1.00000      743.880  1.52971e-09  1.48435e-12
      1.00000      747.242  1.49412e-09  1.43756e-12
      1.00000      750.635  1.33127e-09  1.31987e-12
      1.00000      754.058  1.17808e-09  1.21817e-12
      1.00000      757.513  1.12732e-09  1.16452e-12
      1.00000      761.000  9.73647e-10  1.05599e-12
      1.00000      764.518  8.45091e-10  9.68759e-13
      1.00000      768.070  8.14604e-10  9.23199e-13
      1.00000      771.655  7.83822e-10  8.90021e-13
      1.00000      775.273  7.94941e-10  8.83672e-13
      1.00000      778.925  8.90581e-10  9.17969e-13
      1.00000      782.613  1.05089e-09  9.79438e-13
      1.00000      786.335  1.25535e-09  1.05688e-12
      1.00000      790.092  1.50775e-09  1.15993e-12
      1.00000      793.886  1.79805e-09  1.31299e-12
      1.00000      797.717  2.13244e-09  1.50691e-12
      1.00000      801.585  2.50289e-09  1.75864e-12
      1.00000      805.490  2.85465e-09  2.04263e-12
      1.00000      809.433  3.18721e-09  2.27199e-12
      1.00000      813.415  3.58462e-09  2.73779e-12
      1.00000      817.437  3.85589e-09  2.91837e-12
      1.00000      821.498  3.98212e-09  3.05665e-12
      1.00000      825.601  3.82687e-09  3.03750e-12
      1.00000      829.744  3.40279e-09  2.84713e-12
      1.00000      833.929  3.01825e-09  2.40614e-12
      1.00000      838.157  2.67375e-09  2.21452e-12
      1.00000      842.427  2.34105e-09  1.90959e-12
      1.00000      846.742  2.02468e-09  1.65321e-12
      1.00000      851.101  1.65800e-09  1.41012e-12
      1.00000      855.504  1.31935e-09  1.21759e-12
      1.00000      859.955  1.00176e-09  1.04753e-12
      1.00000      864.451  7.28092e-10  8.94751e-13
      1.00000      868.994  5.01798e-10  7.45310e-13
      1.00000      873.586  3.24636e-10  5.98172e-13
      1.00000      878.226  2.06280e-10  4.88992e-13
      1.00000      882.916  1.32310e-10  4.17258e-13
      1.00000      887.656  8.86217e-11  3.59420e-13
      1.00000      892.448  6.28081e-11  3.18614e-13
      1.00000      897.292  4.76685e-11  2.95257e-13
      1.00000      902.188  4.04594e-11  2.78702e-13
      1.00000      907.137  3.92582e-11  2.74703e-13
      1.00000      912.142  3.63337e-11  2.64468e-13
      1.00000      917.202  3.37895e-11  2.52764e-13
      1.00000      922.319  3.30346e-11  2.43467e-13
      1.00000      927.493  3.06826e-11  2.38046e-13
      1.00000      932.725  2.79457e-11  2.27354e-13
      1.00000      938.017  2.87124e-11  2.16838e-13
      1.00000      943.370  4.17085e-11  2.43881e-13
      1.00000      948.783  5.41055e-11  2.58560e-13
      1.00000      954.259  3.94259e-11  2.23101e-13
      1.00000      959.799  2.39968e-11  1.97936e-13
      1.00000      965.403  2.20710e-11  1.92111e-13
      1.00000      971.074  2.19364e-11  1.86959e-13
      1.00000      976.810  2.04421e-11  1.81449e-13
      1.00000      982.616  1.98499e-11  1.78270e-13
      1.00000      988.491  1.93311e-11  1.76643e-13
      1.00000      994.436  1.68460e-11  1.80011e-13
      1.00000      1000.45  1.54947e-11  1.80817e-13
      1.00000      1006.54  1.39013e-11  1.75511e-13
      1.00000      1012.71  1.20027e-11  1.75716e-13
      1.00000      1018.95  1.05670e-11          NaN
      1.00000      1025.27  1.04043e-11          NaN
      1.00000      1031.67  9.96694e-12  1.78211e-13
      1.00000      1038.15  9.87862e-12  1.77809e-13
      1.00000      1044.71  1.08202e-11  1.86845e-13
      1.00000      1051.35  1.15165e-11  1.91927e-13
      1.00000      1058.08  1.29908e-11  1.97746e-13
      1.00000      1064.89  1.50413e-11  2.02580e-13
      1.00000      1071.79  1.70525e-11  2.00364e-13
      1.00000      1078.79  2.00049e-11  2.06741e-13
      1.00000      1085.87  2.49499e-11  2.17912e-13
      1.00000      1093.05  3.20552e-11  2.33585e-13
      1.00000      1100.33  4.34746e-11  2.60686e-13
      1.00000      1107.70  5.72178e-11  2.88086e-13
      1.00000      1115.17  7.54067e-11  3.20442e-13
      1.00000      1122.74  9.13348e-11  3.43340e-13
      1.00000      1130.42  1.01163e-10  3.47816e-13
      1.00000      1138.20  1.15468e-10  3.83376e-13
      1.00000      1146.09  1.44613e-10  4.17235e-13
      1.00000      1154.09  2.05399e-10  4.90454e-13
      1.00000      1162.20  2.10244e-10  4.90209e-13
      1.00000      1170.43  1.88892e-10  4.55335e-13
      1.00000      1178.78  1.89784e-10  4.47590e-13
      1.00000      1187.24  2.21627e-10  4.82752e-13
      1.00000      1195.83  2.79702e-10  5.50813e-13
      1.00000      1204.54  3.57473e-10  6.16014e-13
      1.00000      1213.38  4.99221e-10  7.41832e-13
      1.00000      1222.35  6.59853e-10  8.49468e-13
      1.00000      1231.46  8.55601e-10  9.55036e-13
      1.00000      1240.70  1.08462e-09  1.08417e-12
      1.00000      1250.08  1.25985e-09  1.20009e-12
      1.00000      1259.60  1.41536e-09  1.31344e-12
      1.00000      1269.27  1.44051e-09  1.34429e-12
      1.00000      1279.09  1.45366e-09  1.34308e-12
      1.00000      1289.06  2.10468e-09  1.75918e-12
      1.00000      1299.19  3.01240e-09  2.70267e-12
      1.00000      1309.48  2.10714e-09  2.05978e-12
      1.00000      1319.94  1.03160e-09  1.34796e-12
