      1.00000      705.774  1.29163e-09  1.57665e-12
      1.00000      708.800  1.37301e-09  1.59693e-12
      1.00000      711.852  1.53340e-09  1.64878e-12
      1.00000      714.930  1.51133e-09  1.60916e-12
      1.00000      718.035  1.35743e-09  1.50577e-12
      1.00000      721.167  1.25192e-09  1.42203e-12
      1.00000      724.326  2.18904e-09  1.77924e-12
      1.00000      727.513  7.03136e-09  4.59508e-12
      1.00000      730.729  7.52469e-09  5.29896e-12
      1.00000      733.973  3.15503e-09  2.18546e-12
      1.00000      737.246  1.71956e-09  1.60678e-12
      1.00000      740.548  1.54240e-09  1.53812e-12
      1.00000      743.880  1.48265e-09  1.49417e-12
      1.00000      747.242  1.46881e-09  1.45818e-12
      1.00000      750.635  1.32159e-09  1.34980e-12
      1.00000      754.058  1.14988e-09  1.23263e-12
      1.00000      757.513  1.09873e-09  1.18365e-12
      1.00000      761.000  9.75513e-10  1.08644e-12
      1.00000      764.518  8.42304e-10  9.92910e-13
      1.00000      768.070  8.02296e-10  9.55156e-13
      1.00000      771.655  7.88012e-10  9.27210e-13
      1.00000      775.273  7.95186e-10  9.08839e-13
      1.00000      778.925  8.82114e-10  9.37875e-13
      1.00000      782.613  1.04183e-09  9.99709e-13
      1.00000      786.335  1.23830e-09  1.07577e-12
      1.00000      790.092  1.48025e-09  1.16912e-12
      1.00000      793.886  1.75922e-09  1.27439e-12
      1.00000      797.717  2.08157e-09  1.39358e-12
      1.00000      801.585  2.43855e-09  1.51753e-12
      1.00000      805.490  2.77295e-09  1.63965e-12
      1.00000      809.433  3.07125e-09  1.74366e-12
      1.00000      813.415  3.40716e-09  1.92091e-12
      1.00000      817.437  3.63651e-09  2.05704e-12
      1.00000      821.498  3.77356e-09  2.13410e-12
      1.00000      825.601  3.66881e-09  2.13660e-12
      1.00000      829.744  3.29959e-09  1.98866e-12
      1.00000      833.929  2.89572e-09  1.80068e-12
      1.00000      838.157  2.59377e-09  1.72246e-12
      1.00000      842.427  2.31457e-09  1.62892e-12
      1.00000      846.742  1.99898e-09  1.52663e-12
      1.00000      851.101  1.65546e-09  1.38890e-12
      1.00000      855.504  1.31465e-09  1.23874e-12
      1.00000      859.955  9.91656e-10  1.07099e-12
      1.00000      864.451  7.17880e-10  9.13752e-13
      1.00000      868.994  4.96011e-10  7.64682e-13
      1.00000      873.586  3.22634e-10  6.26067e-13
      1.00000      878.226  2.05134e-10  5.19585e-13
      1.00000      882.916  1.31970e-10  4.44212e-13
      1.00000      887.656  8.79826e-11  3.96839e-13
      1.00000      892.448  6.28346e-11  3.73969e-13
      1.00000      897.292  4.81252e-11  3.34412e-13
      1.00000      902.188  3.98102e-11  3.22726e-13
      1.00000      907.137  3.75478e-11  3.12838e-13
      1.00000      912.142  3.46310e-11  2.98957e-13
      1.00000      917.202  3.10218e-11  2.84669e-13
      1.00000      922.319  3.06170e-11  2.76624e-13
      1.00000      927.493  2.86050e-11  2.64253e-13
      1.00000      932.725  2.63715e-11  2.51139e-13
      1.00000      938.017  2.74390e-11  2.50131e-13
      1.00000      943.370  3.92023e-11  2.65932e-13
      1.00000      948.783  4.94147e-11  2.74663e-13
      1.00000      954.259  3.53166e-11  2.52848e-13
      1.00000      959.799  2.19869e-11  2.30572e-13
      1.00000      965.403  2.00393e-11  2.23620e-13
      1.00000      971.074  2.02610e-11  2.20747e-13
      1.00000      976.810  1.91584e-11  2.14764e-13
      1.00000      982.616  1.82425e-11  2.16039e-13
      1.00000      988.491  1.72552e-11  2.12478e-13
      1.00000      994.436  1.50533e-11  2.13249e-13
      1.00000      1000.45  1.37094e-11  2.14281e-13
      1.00000      1006.54  1.23968e-11  2.13996e-13
      1.00000      1012.71  1.07052e-11  2.16356e-13
      1.00000      1018.95  9.68453e-12          NaN
      1.00000      1025.27  9.58377e-12          NaN
      1.00000      1031.67  9.02479e-12  2.22520e-13
      1.00000      1038.15  9.70632e-12  2.28138e-13
      1.00000      1044.71  9.90764e-12  2.40898e-13
      1.00000      1051.35  1.07558e-11  2.50422e-13
      1.00000      1058.08  1.26908e-11  2.54618e-13
      1.00000      1064.89  1.33327e-11  2.59886e-13
      1.00000      1071.79  1.55056e-11  2.60459e-13
      1.00000      1078.79  1.91310e-11  2.62537e-13
      1.00000      1085.87  2.50821e-11  2.75702e-13
      1.00000      1093.05  3.17082e-11  2.81866e-13
      1.00000      1100.33  4.28267e-11  3.08179e-13
      1.00000      1107.70  5.71398e-11  3.31014e-13
      1.00000      1115.17  7.59423e-11  3.58221e-13
      1.00000      1122.74  9.15803e-11  3.75942e-13
      1.00000      1130.42  1.01672e-10  3.86184e-13
      1.00000      1138.20  1.16194e-10  4.06542e-13
      1.00000      1146.09  1.47998e-10  4.54170e-13
      1.00000      1154.09  2.09463e-10  5.26421e-13
      1.00000      1162.20  2.14469e-10  5.21740e-13
      1.00000      1170.43  1.93970e-10  4.94508e-13
      1.00000      1178.78  1.99036e-10  4.96569e-13
      1.00000      1187.24  2.34026e-10  5.26248e-13
      1.00000      1195.83  2.95274e-10  5.93399e-13
      1.00000      1204.54  3.79238e-10  6.72638e-13
      1.00000      1213.38  5.30053e-10  7.82899e-13
      1.00000      1222.35  6.98678e-10  8.89230e-13
      1.00000      1231.46  8.87591e-10  9.98396e-13
      1.00000      1240.70  1.09693e-09  1.11787e-12
      1.00000      1250.08  1.25305e-09  1.21917e-12
      1.00000      1259.60  1.40153e-09  1.33094e-12
      1.00000      1269.27  1.42647e-09  1.35931e-12
      1.00000      1279.09  1.48034e-09  1.36760e-12
      1.00000      1289.06  2.10530e-09  1.67235e-12
      1.00000      1299.19  2.93410e-09  2.17777e-12
      1.00000      1309.48  1.98276e-09  1.88428e-12
      1.00000      1319.94  1.04284e-09  1.38598e-12
