      1.00000      705.774  1.32886e-09  1.55416e-12
      1.00000      708.800  1.39871e-09  1.56771e-12
      1.00000      711.852  1.59407e-09  1.65641e-12
      1.00000      714.930  1.57541e-09  1.61302e-12
      1.00000      718.035  1.41959e-09  1.54464e-12
      1.00000      721.167  1.27930e-09  1.39443e-12
      1.00000      724.326  2.22709e-09  1.88718e-12
      1.00000      727.513  7.19651e-09  6.78490e-12
      1.00000      730.729  7.88114e-09  8.42708e-12
      1.00000      733.973  3.31633e-09  2.73607e-12
      1.00000      737.246  1.81347e-09  1.62172e-12
      1.00000      740.548  1.62013e-09  1.54403e-12
      1.00000      743.880  1.55776e-09  1.49461e-12
      1.00000      747.242  1.52254e-09  1.44672e-12
      1.00000      750.635  1.36171e-09  1.33406e-12
      1.00000      754.058  1.20312e-09  1.22314e-12
      1.00000      757.513  1.15150e-09  1.18070e-12
      1.00000      761.000  1.00032e-09  1.08449e-12
      1.00000      764.518  8.64704e-10  9.71933e-13
      1.00000      768.070  8.33351e-10  9.36860e-13
      1.00000      771.655  8.02599e-10  9.06880e-13
      1.00000      775.273  8.11026e-10  8.88682e-13
      1.00000      778.925  9.05400e-10  9.29469e-13
      1.00000      782.613  1.06858e-09  9.88189e-13
      1.00000      786.335  1.27601e-09  1.06848e-12
      1.00000      790.092  1.53241e-09  1.17170e-12
      1.00000      793.886  1.82714e-09  1.32258e-12
      1.00000      797.717  2.16935e-09  1.51914e-12
      1.00000      801.585  2.54673e-09  1.78163e-12
      1.00000      805.490  2.90803e-09  2.05930e-12
      1.00000      809.433  3.24566e-09  2.29080e-12
      1.00000      813.415  3.64465e-09  2.79517e-12
      1.00000      817.437  3.92742e-09  2.99679e-12
      1.00000      821.498  4.06320e-09  3.11948e-12
      1.00000      825.601  3.91769e-09  3.10407e-12
      1.00000      829.744  3.48447e-09  2.92565e-12
      1.00000      833.929  3.09245e-09  2.49328e-12
      1.00000      838.157  2.74249e-09  2.26446e-12
      1.00000      842.427  2.40478e-09  1.96809e-12
      1.00000      846.742  2.08890e-09  1.69014e-12
      1.00000      851.101  1.71205e-09  1.40922e-12
      1.00000      855.504  1.36602e-09  1.23404e-12
      1.00000      859.955  1.03863e-09  1.06525e-12
      1.00000      864.451  7.55784e-10  9.19427e-13
      1.00000      868.994  5.22689e-10  7.54692e-13
      1.00000      873.586  3.39271e-10  6.17598e-13
      1.00000      878.226  2.15092e-10  4.96014e-13
      1.00000      882.916  1.37505e-10  4.26484e-13
      1.00000      887.656  9.21390e-11  3.64937e-13
      1.00000      892.448  6.53545e-11  3.22691e-13
      1.00000      897.292  4.96008e-11  2.96883e-13
      1.00000      902.188  4.14647e-11  2.82169e-13
      1.00000      907.137  3.97374e-11  2.82543e-13
      1.00000      912.142  3.76585e-11  2.64326e-13
      1.00000      917.202  3.48108e-11  2.48637e-13
      1.00000      922.319  3.39221e-11  2.42674e-13
      1.00000      927.493  3.16965e-11  2.31163e-13
      1.00000      932.725  2.91557e-11  2.21923e-13
      1.00000      938.017  2.99364e-11  2.28760e-13
      1.00000      943.370  4.15557e-11  2.43879e-13
      1.00000      948.783  5.50653e-11  2.51993e-13
      1.00000      954.259  4.09395e-11  2.25667e-13
      1.00000      959.799  2.49664e-11  1.95955e-13
      1.00000      965.403  2.24809e-11  1.90830e-13
      1.00000      971.074  2.23249e-11  1.87511e-13
      1.00000      976.810  2.09338e-11  1.81661e-13
      1.00000      982.616  2.03947e-11  1.79921e-13
      1.00000      988.491  1.95167e-11  1.79696e-13
      1.00000      994.436  1.71643e-11  1.78079e-13
      1.00000      1000.45  1.58758e-11  1.77331e-13
      1.00000      1006.54  1.40214e-11  1.78548e-13
      1.00000      1012.71  1.24376e-11  1.75802e-13
      1.00000      1018.95  1.10400e-11          NaN
      1.00000      1025.27  1.06697e-11          NaN
      1.00000      1031.67  9.87573e-12  1.89607e-13
      1.00000      1038.15  1.01447e-11  1.82815e-13
      1.00000      1044.71  1.07267e-11  1.87627e-13
      1.00000      1051.35  1.16189e-11  1.92442e-13
      1.00000      1058.08  1.31503e-11  1.97278e-13
      1.00000      1064.89  1.46747e-11  1.99691e-13
      1.00000      1071.79  1.72049e-11  2.02849e-13
      1.00000      1078.79  2.04121e-11  2.08254e-13
      1.00000      1085.87  2.54110e-11  2.19736e-13
      1.00000      1093.05  3.25120e-11  2.34170e-13
      1.00000      1100.33  4.34614e-11  2.64274e-13
      1.00000      1107.70  5.79820e-11  2.86613e-13
      1.00000      1115.17  7.57637e-11  3.18246e-13
      1.00000      1122.74  9.28065e-11  3.39446e-13
      1.00000      1130.42  1.02212e-10  3.54426e-13
      1.00000      1138.20  1.17656e-10  3.79109e-13
      1.00000      1146.09  1.45580e-10  4.11976e-13
      1.00000      1154.09  2.08568e-10  5.02444e-13
      1.00000      1162.20  2.15405e-10  4.93272e-13
      1.00000      1170.43  1.94824e-10  4.62370e-13
      1.00000      1178.78  1.93664e-10  4.61683e-13
      1.00000      1187.24  2.26432e-10  4.98158e-13
      1.00000      1195.83  2.81244e-10  5.47932e-13
      1.00000      1204.54  3.58993e-10  6.25948e-13
      1.00000      1213.38  5.04418e-10  7.34656e-13
      1.00000      1222.35  6.73649e-10  8.49909e-13
      1.00000      1231.46  8.58437e-10  9.55725e-13
      1.00000      1240.70  1.08308e-09  1.08696e-12
      1.00000      1250.08  1.26340e-09  1.19915e-12
      1.00000      1259.60  1.42971e-09  1.31749e-12
      1.00000      1269.27  1.46903e-09  1.35660e-12
      1.00000      1279.09  1.46654e-09  1.35307e-12
      1.00000      1289.06  2.07257e-09  1.68953e-12
      1.00000      1299.19  3.04472e-09  2.52498e-12
      1.00000      1309.48  2.24488e-09  2.20720e-12
      1.00000      1319.94  1.04853e-09  1.34528e-12
