      2.00000      1330.56  1.33373e-09  2.07626e-12
      2.00000      1335.93  1.44249e-09  2.09746e-12
      2.00000      1341.35  1.46701e-09  2.04518e-12
      2.00000      1346.82  1.32485e-09  1.90533e-12
      2.00000      1352.33  1.13727e-09  1.78719e-12
      2.00000      1357.88  9.61097e-10  1.61420e-12
      2.00000      1363.48  8.02292e-10  1.52244e-12
      2.00000      1369.12  6.70848e-10  1.46195e-12
      2.00000      1374.82  5.39409e-10  1.35673e-12
      2.00000      1380.56  4.20812e-10  1.17498e-12
      2.00000      1386.34  3.36160e-10  9.49957e-13
      2.00000      1392.18  3.03565e-10  8.79022e-13
      2.00000      1398.07  2.74999e-10  8.48466e-13
      2.00000      1404.00  2.02639e-10  7.58743e-13
      2.00000      1409.99  1.59023e-10  7.67653e-13
      2.00000      1416.03  1.35133e-10  6.81413e-13
      2.00000      1422.12  1.41746e-10  7.00938e-13
      2.00000      1428.26  1.51136e-10  7.36250e-13
      2.00000      1434.46  1.61920e-10  7.93814e-13
      2.00000      1440.71  1.79009e-10  7.57701e-13
      2.00000      1447.01  1.90637e-10  7.53675e-13
      2.00000      1453.37  1.91920e-10  7.44128e-13
      2.00000      1459.79  1.86780e-10  7.17876e-13
      2.00000      1466.26  1.89057e-10  7.05095e-13
      2.00000      1472.79  1.85512e-10  6.90133e-13
      2.00000      1479.38  1.55953e-10  6.19508e-13
      2.00000      1486.03  1.29519e-10  5.60847e-13
      2.00000      1492.74  1.11905e-10  5.14918e-13
      2.00000      1499.51  9.47742e-11  4.91195e-13
      2.00000      1506.34  7.72631e-11  4.63381e-13
      2.00000      1513.23  5.93940e-11  4.28444e-13
      2.00000      1520.19  4.80285e-11  3.93579e-13
      2.00000      1527.21  7.18853e-11  4.35218e-13
      2.00000      1534.30  1.88703e-10  6.53822e-13
      2.00000      1541.45  1.81595e-10  6.24130e-13
      2.00000      1548.67  8.51235e-11  4.35972e-13
      2.00000      1555.95  3.81327e-11  3.23543e-13
      2.00000      1563.31  2.49670e-11  2.98682e-13
      2.00000      1570.74  2.46269e-11  2.96169e-13
      2.00000      1578.23  2.80104e-11  3.04611e-13
      2.00000      1585.80  3.11612e-11  2.95074e-13
      2.00000      1593.44  3.27430e-11  2.86386e-13
      2.00000      1601.16  3.46543e-11  2.85739e-13
      2.00000      1608.95  3.86015e-11  2.96710e-13
      2.00000      1616.82  3.81013e-11  3.01390e-13
      2.00000      1624.76  3.67888e-11  3.22929e-13
      2.00000      1632.78  3.64472e-11  2.86835e-13
      2.00000      1640.89  3.69301e-11  2.89041e-13
      2.00000      1649.07  3.54086e-11  3.24959e-13
      2.00000      1657.34  3.48044e-11  2.99717e-13
      2.00000      1665.68  3.36616e-11  2.86703e-13
      2.00000      1674.12  3.42428e-11  2.84605e-13
      2.00000      1682.64  3.50756e-11  2.87366e-13
      2.00000      1691.24  3.12348e-11  2.76431e-13
      2.00000      1699.94  2.50732e-11  2.52413e-13
      2.00000      1708.72  2.02048e-11  2.34320e-13
      2.00000      1717.60  1.86599e-11  2.34476e-13
      2.00000      1726.57  2.21475e-11  2.48315e-13
      2.00000      1735.63  2.98771e-11  2.66725e-13
      2.00000      1744.79  2.02579e-11  2.34977e-13
      2.00000      1754.04  9.45523e-12  1.91613e-13
      2.00000      1763.39  9.92019e-12  1.89307e-13
      2.00000      1772.85  1.29093e-11  2.14854e-13
      2.00000      1782.41  1.46504e-11  2.18573e-13
      2.00000      1792.07  1.46256e-11  2.17806e-13
      2.00000      1801.83  1.24058e-11  2.02697e-13
      2.00000      1811.70  9.99290e-12  1.92874e-13
      2.00000      1821.69  7.92007e-12  1.92762e-13
      2.00000      1831.78  7.21058e-12  1.99248e-13
      2.00000      1841.98  5.82888e-12  1.98063e-13
      2.00000      1852.30  4.89680e-12  2.09722e-13
      2.00000      1862.73  5.00675e-12  1.97412e-13
      2.00000      1873.29  4.97066e-12  1.95252e-13
      2.00000      1883.96  4.45234e-12  2.12795e-13
      2.00000      1894.75  5.09270e-12  2.18227e-13
      2.00000      1905.67  5.36393e-12  2.21640e-13
      2.00000      1916.72  5.77885e-12  2.20466e-13
      2.00000      1927.90  7.83208e-12  3.65052e-13
