      2.00000      1330.56  1.35363e-09  2.11725e-12
      2.00000      1335.93  1.46884e-09  2.11932e-12
      2.00000      1341.35  1.49766e-09  2.07300e-12
      2.00000      1346.82  1.35776e-09  1.95757e-12
      2.00000      1352.33  1.16481e-09  1.79256e-12
      2.00000      1357.88  9.85859e-10  1.63532e-12
      2.00000      1363.48  8.24414e-10  1.52182e-12
      2.00000      1369.12  6.91122e-10  1.38861e-12
      2.00000      1374.82  5.55242e-10  1.23859e-12
      2.00000      1380.56  4.29629e-10  1.08709e-12
      2.00000      1386.34  3.39886e-10  9.46602e-13
      2.00000      1392.18  3.05247e-10  8.82325e-13
      2.00000      1398.07  2.77505e-10  8.50554e-13
      2.00000      1404.00  2.04889e-10  8.16847e-13
      2.00000      1409.99  1.59604e-10  7.52059e-13
      2.00000      1416.03  1.38239e-10  6.92278e-13
      2.00000      1422.12  1.41900e-10  7.18859e-13
      2.00000      1428.26  1.53736e-10  7.46419e-13
      2.00000      1434.46  1.64521e-10  7.48403e-13
      2.00000      1440.71  1.82111e-10  7.67181e-13
      2.00000      1447.01  1.94354e-10  7.58593e-13
      2.00000      1453.37  1.96507e-10  7.43316e-13
      2.00000      1459.79  1.90610e-10  7.36572e-13
      2.00000      1466.26  1.92566e-10  7.16445e-13
      2.00000      1472.79  1.88818e-10  6.93130e-13
      2.00000      1479.38  1.59380e-10  6.37611e-13
      2.00000      1486.03  1.32313e-10  5.62304e-13
      2.00000      1492.74  1.14095e-10  5.28712e-13
      2.00000      1499.51  9.69163e-11  5.05909e-13
      2.00000      1506.34  7.97324e-11  4.80237e-13
      2.00000      1513.23  6.15656e-11  4.38005e-13
      2.00000      1520.19  4.89895e-11  4.10046e-13
      2.00000      1527.21  6.92377e-11  4.36196e-13
      2.00000      1534.30  1.86192e-10  6.72429e-13
      2.00000      1541.45  1.89331e-10  6.69632e-13
      2.00000      1548.67  9.04794e-11  4.57532e-13
      2.00000      1555.95  3.97405e-11  3.37062e-13
      2.00000      1563.31  2.52476e-11  3.06043e-13
      2.00000      1570.74  2.47307e-11  3.11782e-13
      2.00000      1578.23  2.81542e-11  3.11294e-13
      2.00000      1585.80  3.14146e-11  3.00755e-13
      2.00000      1593.44  3.28779e-11  2.96880e-13
      2.00000      1601.16  3.47610e-11  2.97480e-13
      2.00000      1608.95  3.83263e-11  3.04510e-13
      2.00000      1616.82  3.88437e-11  3.04852e-13
      2.00000      1624.76  3.80751e-11  2.95249e-13
      2.00000      1632.78  3.70642e-11  2.97469e-13
      2.00000      1640.89  3.71959e-11  2.95913e-13
      2.00000      1649.07  3.67278e-11  2.94194e-13
      2.00000      1657.34  3.50558e-11  2.92510e-13
      2.00000      1665.68  3.38655e-11  2.89844e-13
      2.00000      1674.12  3.43442e-11  2.88440e-13
      2.00000      1682.64  3.50819e-11  2.95922e-13
      2.00000      1691.24  3.17431e-11  2.77823e-13
      2.00000      1699.94  2.55301e-11  2.62347e-13
      2.00000      1708.72  2.05179e-11  2.45192e-13
      2.00000      1717.60  1.90616e-11  2.39557e-13
      2.00000      1726.57  2.22147e-11  2.46325e-13
      2.00000      1735.63  2.87844e-11  2.69520e-13
      2.00000      1744.79  2.17048e-11  2.42557e-13
      2.00000      1754.04  9.85143e-12  1.89304e-13
      2.00000      1763.39  1.01391e-11  1.93367e-13
      2.00000      1772.85  1.29360e-11  2.15418e-13
      2.00000      1782.41  1.51186e-11  2.31195e-13
      2.00000      1792.07  1.51465e-11  2.33317e-13
      2.00000      1801.83  1.24955e-11  2.20583e-13
      2.00000      1811.70  1.04131e-11  2.12637e-13
      2.00000      1821.69  8.15503e-12  2.12498e-13
      2.00000      1831.78  7.34821e-12  2.04003e-13
      2.00000      1841.98  6.29985e-12  2.08004e-13
      2.00000      1852.30  5.75089e-12  2.04907e-13
      2.00000      1862.73  5.58511e-12  2.12804e-13
      2.00000      1873.29  5.12812e-12  2.01266e-13
      2.00000      1883.96  5.23960e-12  2.21885e-13
      2.00000      1894.75  5.94646e-12  2.31261e-13
      2.00000      1905.67  5.61064e-12  2.34275e-13
      2.00000      1916.72  5.60047e-12  2.29981e-13
      2.00000      1927.90  7.70617e-12  3.64529e-13
