      2.00000      1330.56  1.25663e-09  3.61455e-12
      2.00000      1335.93  1.36250e-09  3.62891e-12
      2.00000      1341.35  1.36330e-09  3.53501e-12
      2.00000      1346.82  1.19604e-09  3.25196e-12
      2.00000      1352.33  1.01217e-09  2.99099e-12
      2.00000      1357.88  8.53152e-10  2.75996e-12
      2.00000      1363.48  7.23954e-10  2.57647e-12
      2.00000      1369.12  6.20826e-10  2.41098e-12
      2.00000      1374.82  5.12408e-10  2.20990e-12
      2.00000      1380.56  4.03739e-10  1.95935e-12
      2.00000      1386.34  3.25276e-10  1.75145e-12
      2.00000      1392.18  2.99885e-10  1.65094e-12
      2.00000      1398.07  2.68081e-10  1.59519e-12
      2.00000      1404.00  1.98929e-10  1.47629e-12
      2.00000      1409.99  1.57915e-10  1.41633e-12
      2.00000      1416.03  1.34963e-10  1.37830e-12
      2.00000      1422.12  1.41926e-10  1.42691e-12
      2.00000      1428.26  1.49224e-10  1.44130e-12
      2.00000      1434.46  1.65251e-10  1.46547e-12
      2.00000      1440.71  1.79262e-10  1.46027e-12
      2.00000      1447.01  1.81668e-10  1.42431e-12
      2.00000      1453.37  1.80941e-10  1.39235e-12
      2.00000      1459.79  1.78215e-10  1.37968e-12
      2.00000      1466.26  1.74763e-10  1.33933e-12
      2.00000      1472.79  1.69017e-10  1.29363e-12
      2.00000      1479.38  1.43397e-10  1.16171e-12
      2.00000      1486.03  1.18015e-10  1.05430e-12
      2.00000      1492.74  1.00935e-10  1.00555e-12
      2.00000      1499.51  8.63114e-11  9.70812e-13
      2.00000      1506.34  6.90827e-11  9.39981e-13
      2.00000      1513.23  5.37934e-11  9.14243e-13
      2.00000      1520.19  4.57790e-11  8.55905e-13
      2.00000      1527.21  8.90098e-11  9.79071e-13
      2.00000      1534.30  2.01890e-10  1.28688e-12
      2.00000      1541.45  1.51253e-10  1.09549e-12
      2.00000      1548.67  7.10524e-11  8.30409e-13
      2.00000      1555.95  3.35890e-11  6.97843e-13
      2.00000      1563.31  2.34772e-11  6.74699e-13
      2.00000      1570.74  2.57121e-11  6.93221e-13
      2.00000      1578.23  2.61984e-11  6.69062e-13
      2.00000      1585.80  2.98052e-11  6.55832e-13
      2.00000      1593.44  3.20802e-11  6.40871e-13
      2.00000      1601.16  3.40189e-11  6.27722e-13
      2.00000      1608.95  3.65009e-11  6.35197e-13
      2.00000      1616.82  3.59908e-11  6.32528e-13
      2.00000      1624.76  3.44618e-11  6.32721e-13
      2.00000      1632.78  3.39498e-11  6.34863e-13
      2.00000      1640.89  3.29098e-11  6.31929e-13
      2.00000      1649.07  3.23664e-11  6.20984e-13
      2.00000      1657.34  3.22265e-11  6.26130e-13
      2.00000      1665.68  3.25858e-11  6.24618e-13
      2.00000      1674.12  3.17164e-11  6.15107e-13
      2.00000      1682.64  3.15603e-11  6.08214e-13
      2.00000      1691.24  2.80781e-11  5.87943e-13
      2.00000      1699.94  2.38603e-11  5.62100e-13
      2.00000      1708.72  1.86858e-11  5.46768e-13
      2.00000      1717.60  1.64388e-11  5.37690e-13
      2.00000      1726.57  2.00494e-11  5.56738e-13
      2.00000      1735.63  2.45919e-11  5.71444e-13
      2.00000      1744.79  1.40839e-11  5.04845e-13
      2.00000      1754.04  1.04938e-11  4.69778e-13
      2.00000      1763.39  9.02394e-12  4.82841e-13
      2.00000      1772.85  1.24222e-11  5.15188e-13
      2.00000      1782.41  1.30899e-11  5.42410e-13
      2.00000      1792.07  1.15715e-11  5.17498e-13
      2.00000      1801.83  1.06062e-11  4.98730e-13
      2.00000      1811.70  7.56138e-12  4.81681e-13
      2.00000      1821.69  5.32686e-12  4.70353e-13
      2.00000      1831.78  5.49849e-12  5.02341e-13
      2.00000      1841.98  5.31129e-12  5.24142e-13
      2.00000      1852.30  4.10573e-12  5.38751e-13
      2.00000      1862.73  4.40321e-12  5.26446e-13
      2.00000      1873.29  4.45922e-12  5.25285e-13
      2.00000      1883.96  3.52211e-12  5.60346e-13
      2.00000      1894.75  4.87470e-12  6.09074e-13
      2.00000      1905.67  4.49749e-12  5.94209e-13
      2.00000      1916.72  3.36804e-12  6.06475e-13
      2.00000      1927.90  5.90770e-12  9.54817e-13
