      2.00000      1330.56  1.33196e-09  1.04496e-12
      2.00000      1335.93  1.44623e-09  1.05451e-12
      2.00000      1341.35  1.47483e-09  1.03315e-12
      2.00000      1346.82  1.33755e-09  9.63083e-13
      2.00000      1352.33  1.14602e-09  8.86433e-13
      2.00000      1357.88  9.67179e-10  8.15297e-13
      2.00000      1363.48  8.06344e-10  7.50596e-13
      2.00000      1369.12  6.76816e-10  6.96290e-13
      2.00000      1374.82  5.46561e-10  6.33240e-13
      2.00000      1380.56  4.24688e-10  5.49963e-13
      2.00000      1386.34  3.36332e-10  4.70202e-13
      2.00000      1392.18  3.01972e-10  4.42963e-13
      2.00000      1398.07  2.74379e-10  4.24443e-13
      2.00000      1404.00  2.02897e-10  3.87884e-13
      2.00000      1409.99  1.58775e-10  3.69562e-13
      2.00000      1416.03  1.36811e-10  3.43056e-13
      2.00000      1422.12  1.41349e-10  3.55737e-13
      2.00000      1428.26  1.53214e-10  3.83553e-13
      2.00000      1434.46  1.63468e-10  3.82149e-13
      2.00000      1440.71  1.80250e-10  3.80555e-13
      2.00000      1447.01  1.92489e-10  3.80213e-13
      2.00000      1453.37  1.95097e-10  3.75352e-13
      2.00000      1459.79  1.89226e-10  3.64902e-13
      2.00000      1466.26  1.91118e-10  3.56154e-13
      2.00000      1472.79  1.87469e-10  3.46732e-13
      2.00000      1479.38  1.58448e-10  3.11402e-13
      2.00000      1486.03  1.32033e-10  2.80356e-13
      2.00000      1492.74  1.14155e-10  2.62239e-13
      2.00000      1499.51  9.68192e-11  2.48633e-13
      2.00000      1506.34  7.94980e-11  2.36938e-13
      2.00000      1513.23  6.10706e-11  2.17834e-13
      2.00000      1520.19  4.88224e-11  2.00873e-13
      2.00000      1527.21  6.93632e-11  2.15736e-13
      2.00000      1534.30  1.85413e-10  3.28101e-13
      2.00000      1541.45  1.87719e-10  3.22199e-13
      2.00000      1548.67  8.98877e-11  2.25582e-13
      2.00000      1555.95  3.98472e-11  1.69018e-13
      2.00000      1563.31  2.53805e-11  1.51910e-13
      2.00000      1570.74  2.47780e-11  1.49819e-13
      2.00000      1578.23  2.80771e-11  1.51232e-13
      2.00000      1585.80  3.13925e-11  1.48894e-13
      2.00000      1593.44  3.28626e-11  1.46549e-13
      2.00000      1601.16  3.45471e-11  1.45108e-13
      2.00000      1608.95  3.84639e-11  1.50864e-13
      2.00000      1616.82  3.87467e-11  1.50131e-13
      2.00000      1624.76  3.76684e-11  1.50356e-13
      2.00000      1632.78  3.68196e-11  1.44773e-13
      2.00000      1640.89  3.71594e-11  1.45919e-13
      2.00000      1649.07  3.59836e-11  1.57800e-13
      2.00000      1657.34  3.46426e-11  1.47403e-13
      2.00000      1665.68  3.35635e-11  1.46863e-13
      2.00000      1674.12  3.41054e-11  1.43701e-13
      2.00000      1682.64  3.47007e-11  1.42746e-13
      2.00000      1691.24  3.13375e-11  1.38675e-13
      2.00000      1699.94  2.51869e-11  1.28230e-13
      2.00000      1708.72  2.02991e-11  1.19311e-13
      2.00000      1717.60  1.87576e-11  1.16765e-13
      2.00000      1726.57  2.21812e-11  1.22394e-13
      2.00000      1735.63  2.89912e-11  1.32807e-13
      2.00000      1744.79  2.14702e-11  1.19633e-13
      2.00000      1754.04  9.85093e-12  9.45095e-14
      2.00000      1763.39  1.02039e-11  9.58922e-14
      2.00000      1772.85  1.30589e-11  1.06541e-13
      2.00000      1782.41  1.48974e-11  1.12118e-13
      2.00000      1792.07  1.49504e-11  1.14267e-13
      2.00000      1801.83  1.26275e-11  1.04182e-13
      2.00000      1811.70  1.01786e-11  9.81373e-14
      2.00000      1821.69  8.02898e-12  9.85406e-14
      2.00000      1831.78  7.35310e-12  1.07365e-13
      2.00000      1841.98  6.20209e-12  1.05032e-13
      2.00000      1852.30  5.43369e-12  1.02092e-13
      2.00000      1862.73  5.30531e-12  1.01006e-13
      2.00000      1873.29  5.18325e-12  9.88203e-14
      2.00000      1883.96  4.89893e-12  1.06506e-13
      2.00000      1894.75  5.53312e-12  1.12541e-13
      2.00000      1905.67  5.47603e-12  1.12756e-13
      2.00000      1916.72  5.75763e-12  1.13349e-13
      2.00000      1927.90  8.03526e-12  1.87755e-13
