      2.00000      1330.56  1.31658e-09  2.06056e-12
      2.00000      1335.93  1.43543e-09  2.11069e-12
      2.00000      1341.35  1.46910e-09  2.06805e-12
      2.00000      1346.82  1.34283e-09  1.92376e-12
      2.00000      1352.33  1.14631e-09  1.76019e-12
      2.00000      1357.88  9.64197e-10  1.63353e-12
      2.00000      1363.48  8.02231e-10  1.47899e-12
      2.00000      1369.12  6.74735e-10  1.35781e-12
      2.00000      1374.82  5.46988e-10  1.22123e-12
      2.00000      1380.56  4.25153e-10  1.06839e-12
      2.00000      1386.34  3.34674e-10  9.32613e-13
      2.00000      1392.18  2.98200e-10  9.13386e-13
      2.00000      1398.07  2.71107e-10  8.42282e-13
      2.00000      1404.00  2.01670e-10  7.57666e-13
      2.00000      1409.99  1.58210e-10  7.08111e-13
      2.00000      1416.03  1.37503e-10  6.82626e-13
      2.00000      1422.12  1.40540e-10  6.97891e-13
      2.00000      1428.26  1.54500e-10  7.38705e-13
      2.00000      1434.46  1.64440e-10  7.60688e-13
      2.00000      1440.71  1.80109e-10  7.59870e-13
      2.00000      1447.01  1.93438e-10  7.82539e-13
      2.00000      1453.37  1.97735e-10  7.66021e-13
      2.00000      1459.79  1.91569e-10  7.40013e-13
      2.00000      1466.26  1.92726e-10  7.13122e-13
      2.00000      1472.79  1.88915e-10  6.92115e-13
      2.00000      1479.38  1.60963e-10  6.22630e-13
      2.00000      1486.03  1.34627e-10  5.67594e-13
      2.00000      1492.74  1.16941e-10  5.38471e-13
      2.00000      1499.51  9.87627e-11  5.03307e-13
      2.00000      1506.34  8.16480e-11  4.83732e-13
      2.00000      1513.23  6.26643e-11  4.45166e-13
      2.00000      1520.19  4.97946e-11  4.02749e-13
      2.00000      1527.21  6.64910e-11  4.25673e-13
      2.00000      1534.30  1.80192e-10  6.46154e-13
      2.00000      1541.45  1.94091e-10  6.47480e-13
      2.00000      1548.67  9.48525e-11  4.54053e-13
      2.00000      1555.95  4.19237e-11  3.58387e-13
      2.00000      1563.31  2.58353e-11  3.07614e-13
      2.00000      1570.74  2.46747e-11  2.99469e-13
      2.00000      1578.23  2.84117e-11  2.97785e-13
      2.00000      1585.80  3.14933e-11  2.98701e-13
      2.00000      1593.44  3.28170e-11  2.99636e-13
      2.00000      1601.16  3.44541e-11  2.89951e-13
      2.00000      1608.95  3.82622e-11  3.05156e-13
      2.00000      1616.82  3.91629e-11  2.96301e-13
      2.00000      1624.76  3.77272e-11  2.94857e-13
      2.00000      1632.78  3.68370e-11  2.87485e-13
      2.00000      1640.89  3.73381e-11  2.91516e-13
      2.00000      1649.07  3.63556e-11  3.50313e-13
      2.00000      1657.34  3.50319e-11  2.99201e-13
      2.00000      1665.68  3.38309e-11  2.92356e-13
      2.00000      1674.12  3.44566e-11  2.85308e-13
      2.00000      1682.64  3.48470e-11  2.80870e-13
      2.00000      1691.24  3.15919e-11  2.73420e-13
      2.00000      1699.94  2.52546e-11  2.52902e-13
      2.00000      1708.72  2.04124e-11  2.41442e-13
      2.00000      1717.60  1.89367e-11  2.30435e-13
      2.00000      1726.57  2.24563e-11  2.43573e-13
      2.00000      1735.63  2.88896e-11  2.63987e-13
      2.00000      1744.79  2.28615e-11  2.41880e-13
      2.00000      1754.04  1.05606e-11  1.90165e-13
      2.00000      1763.39  1.08441e-11  1.91119e-13
      2.00000      1772.85  1.32399e-11  2.10497e-13
      2.00000      1782.41  1.51339e-11  2.23674e-13
      2.00000      1792.07  1.53612e-11  2.25820e-13
      2.00000      1801.83  1.29943e-11  2.06015e-13
      2.00000      1811.70  1.03657e-11  1.90250e-13
      2.00000      1821.69  8.37565e-12  1.97382e-13
      2.00000      1831.78  7.79637e-12  2.59938e-13
      2.00000      1841.98  7.11645e-12  2.36402e-13
      2.00000      1852.30  6.08719e-12  2.02556e-13
      2.00000      1862.73  5.60726e-12  2.02838e-13
      2.00000      1873.29  5.77199e-12  2.00381e-13
      2.00000      1883.96  5.45498e-12  2.10360e-13
      2.00000      1894.75  5.99944e-12  2.30258e-13
      2.00000      1905.67  5.76117e-12  2.22620e-13
      2.00000      1916.72  5.98957e-12  2.26330e-13
      2.00000      1927.90  8.69226e-12  4.21891e-13
