      2.00000      1330.56  1.32390e-09  2.10513e-12
      2.00000      1335.93  1.43815e-09  2.10856e-12
      2.00000      1341.35  1.46555e-09  2.07881e-12
      2.00000      1346.82  1.32477e-09  1.91760e-12
      2.00000      1352.33  1.13567e-09  1.75118e-12
      2.00000      1357.88  9.57562e-10  1.63922e-12
      2.00000      1363.48  7.96441e-10  1.48093e-12
      2.00000      1369.12  6.70561e-10  1.35938e-12
      2.00000      1374.82  5.44606e-10  1.24486e-12
      2.00000      1380.56  4.23159e-10  1.06562e-12
      2.00000      1386.34  3.34608e-10  9.32304e-13
      2.00000      1392.18  3.00875e-10  8.68335e-13
      2.00000      1398.07  2.73906e-10  8.54199e-13
      2.00000      1404.00  2.02389e-10  7.68297e-13
      2.00000      1409.99  1.58263e-10  7.27260e-13
      2.00000      1416.03  1.36370e-10  6.88079e-13
      2.00000      1422.12  1.41209e-10  7.27775e-13
      2.00000      1428.26  1.53483e-10  8.41975e-13
      2.00000      1434.46  1.62990e-10  7.53469e-13
      2.00000      1440.71  1.79769e-10  7.59656e-13
      2.00000      1447.01  1.91528e-10  7.46410e-13
      2.00000      1453.37  1.94225e-10  7.49130e-13
      2.00000      1459.79  1.87946e-10  7.24533e-13
      2.00000      1466.26  1.90123e-10  7.14513e-13
      2.00000      1472.79  1.86629e-10  6.98453e-13
      2.00000      1479.38  1.57495e-10  6.11171e-13
      2.00000      1486.03  1.31672e-10  5.51986e-13
      2.00000      1492.74  1.13678e-10  5.15439e-13
      2.00000      1499.51  9.68238e-11  4.88421e-13
      2.00000      1506.34  7.93483e-11  4.67855e-13
      2.00000      1513.23  6.06585e-11  4.30857e-13
      2.00000      1520.19  4.84770e-11  4.00435e-13
      2.00000      1527.21  6.98386e-11  4.28711e-13
      2.00000      1534.30  1.86567e-10  6.52111e-13
      2.00000      1541.45  1.85857e-10  6.35467e-13
      2.00000      1548.67  8.90953e-11  4.56753e-13
      2.00000      1555.95  3.95919e-11  3.32172e-13
      2.00000      1563.31  2.54721e-11  3.02860e-13
      2.00000      1570.74  2.50799e-11  2.90735e-13
      2.00000      1578.23  2.77320e-11  2.95919e-13
      2.00000      1585.80  3.15010e-11  2.96591e-13
      2.00000      1593.44  3.30126e-11  2.89287e-13
      2.00000      1601.16  3.43192e-11  2.87557e-13
      2.00000      1608.95  3.86655e-11  3.00457e-13
      2.00000      1616.82  3.88791e-11  2.98439e-13
      2.00000      1624.76  3.80825e-11  2.88645e-13
      2.00000      1632.78  3.69300e-11  2.86243e-13
      2.00000      1640.89  3.71733e-11  2.90840e-13
      2.00000      1649.07  3.54424e-11  2.89045e-13
      2.00000      1657.34  3.36783e-11  2.87622e-13
      2.00000      1665.68  3.28962e-11  3.05644e-13
      2.00000      1674.12  3.33778e-11  2.91209e-13
      2.00000      1682.64  3.37984e-11  2.77465e-13
      2.00000      1691.24  3.07801e-11  2.81662e-13
      2.00000      1699.94  2.48895e-11  2.58051e-13
      2.00000      1708.72  2.00611e-11  2.33330e-13
      2.00000      1717.60  1.83722e-11  2.29514e-13
      2.00000      1726.57  2.19063e-11  2.40875e-13
      2.00000      1735.63  2.84136e-11  2.62164e-13
      2.00000      1744.79  2.10568e-11  2.37570e-13
      2.00000      1754.04  9.53649e-12  1.84929e-13
      2.00000      1763.39  9.91231e-12  1.93315e-13
      2.00000      1772.85  1.31507e-11  2.11519e-13
      2.00000      1782.41  1.46866e-11  2.23315e-13
      2.00000      1792.07  1.46682e-11  2.36727e-13
      2.00000      1801.83  1.26142e-11  2.03658e-13
      2.00000      1811.70  9.94245e-12  1.88374e-13
      2.00000      1821.69  7.66519e-12  1.84639e-13
      2.00000      1831.78  7.05725e-12  1.88551e-13
      2.00000      1841.98  5.56315e-12  1.95258e-13
      2.00000      1852.30  4.99989e-12  1.99409e-13
      2.00000      1862.73  5.02214e-12  1.94509e-13
      2.00000      1873.29  4.86225e-12  1.93553e-13
      2.00000      1883.96  4.44879e-12  2.06710e-13
      2.00000      1894.75  5.09389e-12  2.20283e-13
      2.00000      1905.67  5.16836e-12  2.23280e-13
      2.00000      1916.72  5.66162e-12  2.29881e-13
      2.00000      1927.90  7.91054e-12  3.46259e-13
