      2.00000      1330.56  1.38939e-09  2.22041e-12
      2.00000      1335.93  1.51399e-09  2.23107e-12
      2.00000      1341.35  1.54254e-09  2.16713e-12
      2.00000      1346.82  1.38547e-09  2.00852e-12
      2.00000      1352.33  1.17685e-09  1.85286e-12
      2.00000      1357.88  9.84574e-10  1.70464e-12
      2.00000      1363.48  8.27074e-10  1.58414e-12
      2.00000      1369.12  7.05860e-10  1.47826e-12
      2.00000      1374.82  5.81871e-10  1.34889e-12
      2.00000      1380.56  4.55566e-10  1.18988e-12
      2.00000      1386.34  3.61292e-10  1.07886e-12
      2.00000      1392.18  3.22798e-10  9.80886e-13
      2.00000      1398.07  2.91940e-10  9.54654e-13
      2.00000      1404.00  2.16420e-10  8.79617e-13
      2.00000      1409.99  1.72485e-10  8.41732e-13
      2.00000      1416.03  1.49866e-10  8.23540e-13
      2.00000      1422.12  1.54985e-10  8.44985e-13
      2.00000      1428.26  1.66776e-10  8.63172e-13
      2.00000      1434.46  1.81542e-10  8.69594e-13
      2.00000      1440.71  1.97787e-10  8.70633e-13
      2.00000      1447.01  2.05776e-10  8.55396e-13
      2.00000      1453.37  2.06653e-10  8.41644e-13
      2.00000      1459.79  2.01162e-10  8.29070e-13
      2.00000      1466.26  1.98624e-10  8.08064e-13
      2.00000      1472.79  1.94038e-10  7.83980e-13
      2.00000      1479.38  1.64793e-10  7.05113e-13
      2.00000      1486.03  1.36383e-10  6.38756e-13
      2.00000      1492.74  1.17363e-10  6.07505e-13
      2.00000      1499.51  1.00760e-10  5.83692e-13
      2.00000      1506.34  8.19196e-11  5.65257e-13
      2.00000      1513.23  6.24703e-11  5.40630e-13
      2.00000      1520.19  5.08470e-11  5.06053e-13
      2.00000      1527.21  8.08118e-11  5.47349e-13
      2.00000      1534.30  2.09268e-10  7.54580e-13
      2.00000      1541.45  1.91321e-10  6.98409e-13
      2.00000      1548.67  9.19665e-11  5.19895e-13
      2.00000      1555.95  4.12906e-11  4.22422e-13
      2.00000      1563.31  2.67439e-11  4.00766e-13
      2.00000      1570.74  2.64039e-11  4.03459e-13
      2.00000      1578.23  2.94022e-11  3.99619e-13
      2.00000      1585.80  3.33753e-11  3.89656e-13
      2.00000      1593.44  3.50844e-11  3.78945e-13
      2.00000      1601.16  3.73048e-11  3.72153e-13
      2.00000      1608.95  4.11692e-11  3.81112e-13
      2.00000      1616.82  4.12977e-11  3.77809e-13
      2.00000      1624.76  3.91876e-11  3.73833e-13
      2.00000      1632.78  3.79486e-11  3.70379e-13
      2.00000      1640.89  3.72343e-11  3.69673e-13
      2.00000      1649.07  3.60499e-11  3.61869e-13
      2.00000      1657.34  3.54983e-11  3.64533e-13
      2.00000      1665.68  3.48683e-11  3.66127e-13
      2.00000      1674.12  3.46456e-11  3.57553e-13
      2.00000      1682.64  3.41717e-11  3.55004e-13
      2.00000      1691.24  3.04840e-11  3.43760e-13
      2.00000      1699.94  2.46382e-11  3.27565e-13
      2.00000      1708.72  1.96715e-11  3.18211e-13
      2.00000      1717.60  1.84174e-11  3.15705e-13
      2.00000      1726.57  2.21985e-11  3.25088e-13
      2.00000      1735.63  2.81129e-11  3.37893e-13
      2.00000      1744.79  1.94875e-11  3.07337e-13
      2.00000      1754.04  9.47649e-12  2.73196e-13
      2.00000      1763.39  9.62191e-12  2.78415e-13
      2.00000      1772.85  1.24363e-11  3.03187e-13
      2.00000      1782.41  1.45868e-11  3.13640e-13
      2.00000      1792.07  1.40440e-11  3.06673e-13
      2.00000      1801.83  1.19893e-11  2.91283e-13
      2.00000      1811.70  9.79479e-12  2.80360e-13
      2.00000      1821.69  7.34037e-12  2.78543e-13
      2.00000      1831.78  6.93956e-12  2.91323e-13
      2.00000      1841.98  6.11842e-12  3.05768e-13
      2.00000      1852.30  5.20814e-12  3.11111e-13
      2.00000      1862.73  5.09224e-12  3.06389e-13
      2.00000      1873.29  4.87031e-12  3.05457e-13
      2.00000      1883.96  4.18907e-12  3.26685e-13
      2.00000      1894.75  5.11702e-12  3.52517e-13
      2.00000      1905.67  4.76994e-12  3.49092e-13
      2.00000      1916.72  4.49293e-12  3.51616e-13
      2.00000      1927.90  6.79697e-12  5.52785e-13
