      2.00000      1330.56  1.45246e-09  4.03170e-12
      2.00000      1335.93  1.58405e-09  4.04185e-12
      2.00000      1341.35  1.62826e-09  3.85784e-12
      2.00000      1346.82  1.47667e-09  3.58218e-12
      2.00000      1352.33  1.25102e-09  3.30101e-12
      2.00000      1357.88  1.03896e-09  3.02706e-12
      2.00000      1363.48  8.65416e-10  2.80026e-12
      2.00000      1369.12  7.35973e-10  2.61127e-12
      2.00000      1374.82  6.07074e-10  2.38015e-12
      2.00000      1380.56  4.73245e-10  2.09974e-12
      2.00000      1386.34  3.72441e-10  1.97075e-12
      2.00000      1392.18  3.30258e-10  1.71559e-12
      2.00000      1398.07  3.00326e-10  1.67086e-12
      2.00000      1404.00  2.24080e-10  1.53629e-12
      2.00000      1409.99  1.77723e-10  1.47415e-12
      2.00000      1416.03  1.57447e-10  1.44843e-12
      2.00000      1422.12  1.60655e-10  1.48123e-12
      2.00000      1428.26  1.74653e-10  1.52417e-12
      2.00000      1434.46  1.87436e-10  1.53062e-12
      2.00000      1440.71  2.02940e-10  1.53098e-12
      2.00000      1447.01  2.14739e-10  1.51100e-12
      2.00000      1453.37  2.15800e-10  1.48707e-12
      2.00000      1459.79  2.10908e-10  1.46560e-12
      2.00000      1466.26  2.08824e-10  1.42652e-12
      2.00000      1472.79  2.04899e-10  1.38976e-12
      2.00000      1479.38  1.73720e-10  1.25181e-12
      2.00000      1486.03  1.45272e-10  1.13706e-12
      2.00000      1492.74  1.24074e-10  1.07769e-12
      2.00000      1499.51  1.06422e-10  1.03154e-12
      2.00000      1506.34  8.79258e-11  1.00122e-12
      2.00000      1513.23  6.58299e-11  9.50526e-13
      2.00000      1520.19  5.26589e-11  8.87734e-13
      2.00000      1527.21  7.55853e-11  9.30115e-13
      2.00000      1534.30  2.08323e-10  1.30695e-12
      2.00000      1541.45  2.08828e-10  1.25954e-12
      2.00000      1548.67  1.01635e-10  9.32462e-13
      2.00000      1555.95  4.48920e-11  7.49261e-13
      2.00000      1563.31  2.75080e-11  7.04561e-13
      2.00000      1570.74  2.66128e-11  7.02169e-13
      2.00000      1578.23  3.10501e-11  7.02706e-13
      2.00000      1585.80  3.44674e-11  6.85245e-13
      2.00000      1593.44  3.55262e-11  6.67074e-13
      2.00000      1601.16  3.78109e-11  6.58187e-13
      2.00000      1608.95  4.26151e-11  6.76474e-13
      2.00000      1616.82  4.36019e-11  6.69489e-13
      2.00000      1624.76  4.03328e-11  6.58555e-13
      2.00000      1632.78  3.91784e-11  6.49965e-13
      2.00000      1640.89  3.88189e-11  6.47749e-13
      2.00000      1649.07  3.73271e-11  6.34095e-13
      2.00000      1657.34  3.65774e-11  6.37679e-13
      2.00000      1665.68  3.57465e-11  6.53169e-13
      2.00000      1674.12  3.52426e-11  6.25473e-13
      2.00000      1682.64  3.47815e-11  6.20780e-13
      2.00000      1691.24  3.12874e-11  6.03590e-13
      2.00000      1699.94  2.47617e-11  5.68842e-13
      2.00000      1708.72  2.05315e-11  5.55257e-13
      2.00000      1717.60  1.85427e-11  5.51699e-13
      2.00000      1726.57  2.20522e-11  5.68108e-13
      2.00000      1735.63  2.94626e-11  5.92837e-13
      2.00000      1744.79  2.20164e-11  5.49080e-13
      2.00000      1754.04  8.43515e-12  4.76364e-13
      2.00000      1763.39  9.80716e-12  4.85619e-13
      2.00000      1772.85  1.12735e-11  5.34457e-13
      2.00000      1782.41  1.44205e-11  5.44272e-13
      2.00000      1792.07  1.50619e-11  5.42126e-13
      2.00000      1801.83  1.28529e-11  5.12505e-13
      2.00000      1811.70  1.07128e-11  4.91471e-13
      2.00000      1821.69  7.68578e-12  4.92596e-13
      2.00000      1831.78  6.78117e-12  5.07364e-13
      2.00000      1841.98  6.67470e-12  5.38369e-13
      2.00000      1852.30  4.79118e-12  5.35990e-13
      2.00000      1862.73  3.80101e-12  5.29704e-13
      2.00000      1873.29  4.18861e-12  5.32641e-13
      2.00000      1883.96  4.14694e-12  5.72803e-13
      2.00000      1894.75  4.55023e-12  6.14684e-13
      2.00000      1905.67  4.54913e-12  6.12112e-13
      2.00000      1916.72  4.34341e-12  6.12596e-13
      2.00000      1927.90  8.47790e-12  9.68675e-13
