      2.00000      1330.56  1.45910e-09  3.87976e-12
      2.00000      1335.93  1.59543e-09  3.91068e-12
      2.00000      1341.35  1.63606e-09  3.85862e-12
      2.00000      1346.82  1.48372e-09  3.59167e-12
      2.00000      1352.33  1.26736e-09  3.32494e-12
      2.00000      1357.88  1.06161e-09  3.06135e-12
      2.00000      1363.48  8.91852e-10  2.84709e-12
      2.00000      1369.12  7.60781e-10  2.65249e-12
      2.00000      1374.82  6.26131e-10  2.41385e-12
      2.00000      1380.56  4.89712e-10  2.11999e-12
      2.00000      1386.34  3.86158e-10  1.87725e-12
      2.00000      1392.18  3.38250e-10  1.72927e-12
      2.00000      1398.07  3.07412e-10  1.69289e-12
      2.00000      1404.00  2.26249e-10  1.55689e-12
      2.00000      1409.99  1.81818e-10  1.48240e-12
      2.00000      1416.03  1.57188e-10  1.45131e-12
      2.00000      1422.12  1.62373e-10  1.48185e-12
      2.00000      1428.26  1.76452e-10  1.51827e-12
      2.00000      1434.46  1.91939e-10  1.52163e-12
      2.00000      1440.71  2.11158e-10  1.53157e-12
      2.00000      1447.01  2.20920e-10  1.50783e-12
      2.00000      1453.37  2.23218e-10  1.49174e-12
      2.00000      1459.79  2.14364e-10  1.46107e-12
      2.00000      1466.26  2.12286e-10  1.43106e-12
      2.00000      1472.79  2.08199e-10  1.38805e-12
      2.00000      1479.38  1.77262e-10  1.24823e-12
      2.00000      1486.03  1.45862e-10  1.12588e-12
      2.00000      1492.74  1.27080e-10  1.07193e-12
      2.00000      1499.51  1.09548e-10  1.02942e-12
      2.00000      1506.34  8.87504e-11  9.94804e-13
      2.00000      1513.23  6.77876e-11  9.44025e-13
      2.00000      1520.19  5.41032e-11  8.85530e-13
      2.00000      1527.21  7.78404e-11  9.34142e-13
      2.00000      1534.30  2.17591e-10  1.32678e-12
      2.00000      1541.45  2.13880e-10  1.26627e-12
      2.00000      1548.67  1.03213e-10  9.34641e-13
      2.00000      1555.95  4.53908e-11  7.46719e-13
      2.00000      1563.31  2.92467e-11  7.02779e-13
      2.00000      1570.74  2.68867e-11  7.01008e-13
      2.00000      1578.23  3.09582e-11  7.04144e-13
      2.00000      1585.80  3.58534e-11  6.83234e-13
      2.00000      1593.44  3.76469e-11  6.60825e-13
      2.00000      1601.16  4.00844e-11  6.47483e-13
      2.00000      1608.95  4.43916e-11  6.67928e-13
      2.00000      1616.82  4.43005e-11  6.60567e-13
      2.00000      1624.76  4.27681e-11  6.50943e-13
      2.00000      1632.78  4.07175e-11  6.39625e-13
      2.00000      1640.89  3.99741e-11  6.41099e-13
      2.00000      1649.07  3.84563e-11  6.25174e-13
      2.00000      1657.34  3.76911e-11  6.30308e-13
      2.00000      1665.68  3.62727e-11  6.24232e-13
      2.00000      1674.12  3.69777e-11  6.17271e-13
      2.00000      1682.64  3.61734e-11  6.15596e-13
      2.00000      1691.24  3.20866e-11  5.94593e-13
      2.00000      1699.94  2.52926e-11  5.71099e-13
      2.00000      1708.72  1.97971e-11  5.51414e-13
      2.00000      1717.60  2.02709e-11  5.50950e-13
      2.00000      1726.57  2.44939e-11  5.64304e-13
      2.00000      1735.63  3.02842e-11  5.91220e-13
      2.00000      1744.79  2.23622e-11  5.41986e-13
      2.00000      1754.04  9.50049e-12  4.73403e-13
      2.00000      1763.39  1.00347e-11  4.78196e-13
      2.00000      1772.85  1.36132e-11  5.25582e-13
      2.00000      1782.41  1.62500e-11  5.43036e-13
      2.00000      1792.07  1.54987e-11  5.33603e-13
      2.00000      1801.83  1.25088e-11  5.02213e-13
      2.00000      1811.70  1.11102e-11  4.83587e-13
      2.00000      1821.69  9.00846e-12  4.84141e-13
      2.00000      1831.78  8.53903e-12  5.04039e-13
      2.00000      1841.98  6.36928e-12  5.26193e-13
      2.00000      1852.30  6.72751e-12  5.41822e-13
      2.00000      1862.73  7.07251e-12  5.35850e-13
      2.00000      1873.29  5.96310e-12  5.29252e-13
      2.00000      1883.96  4.89817e-12  5.64286e-13
      2.00000      1894.75  5.92614e-12  6.07956e-13
      2.00000      1905.67  5.26318e-12  6.07471e-13
      2.00000      1916.72  5.76733e-12  6.07960e-13
      2.00000      1927.90  6.00530e-12  9.48755e-13
