      3.00000      1178.78  2.20745e-10  1.07347e-12
      3.00000      1187.24  2.44754e-10  1.00316e-12
      3.00000      1195.83  2.87369e-10  1.08101e-12
      3.00000      1204.54  3.60659e-10  1.23888e-12
      3.00000      1213.38  4.95592e-10  1.45765e-12
      3.00000      1222.35  6.83693e-10  1.71414e-12
      3.00000      1231.46  8.68612e-10  1.94113e-12
      3.00000      1240.70  1.09854e-09  2.23877e-12
      3.00000      1250.08  1.27941e-09  2.50904e-12
      3.00000      1259.60  1.46233e-09  2.76130e-12
      3.00000      1269.27  1.57462e-09  2.90476e-12
      3.00000      1279.09  1.55208e-09  2.84378e-12
      3.00000      1289.06  1.95195e-09  3.19460e-12
      3.00000      1299.19  3.18105e-09  4.16614e-12
      3.00000      1309.48  2.55103e-09  3.64131e-12
      3.00000      1319.94  1.25912e-09  2.51263e-12
      3.00000      1330.56  1.35076e-09  2.71663e-12
      3.00000      1341.35  1.52146e-09  2.87977e-12
