      3.00000      1178.78  1.95697e-10  5.44766e-13
      3.00000      1187.24  2.20497e-10  5.30940e-13
      3.00000      1195.83  2.57735e-10  5.58788e-13
      3.00000      1204.54  3.24406e-10  6.44518e-13
      3.00000      1213.38  4.48425e-10  7.71743e-13
      3.00000      1222.35  6.21128e-10  9.10507e-13
      3.00000      1231.46  7.90735e-10  1.04202e-12
      3.00000      1240.70  1.01689e-09  1.22727e-12
      3.00000      1250.08  1.19190e-09  1.36174e-12
      3.00000      1259.60  1.37432e-09  1.51086e-12
      3.00000      1269.27  1.47991e-09  1.57073e-12
      3.00000      1279.09  1.44333e-09  1.54454e-12
      3.00000      1289.06  1.81818e-09  1.74165e-12
      3.00000      1299.19  2.97204e-09  2.54529e-12
      3.00000      1309.48  2.38586e-09  2.12231e-12
      3.00000      1319.94  1.17267e-09  1.36214e-12
      3.00000      1330.56  1.23610e-09  1.46535e-12
      3.00000      1341.35  1.37219e-09  1.53467e-12
