      3.00000      1178.78  1.94019e-10  5.44374e-13
      3.00000      1187.24  2.19114e-10  5.15256e-13
      3.00000      1195.83  2.57493e-10  5.60661e-13
      3.00000      1204.54  3.23662e-10  6.45968e-13
      3.00000      1213.38  4.42834e-10  7.71614e-13
      3.00000      1222.35  6.15894e-10  9.09122e-13
      3.00000      1231.46  7.85884e-10  1.04889e-12
      3.00000      1240.70  1.01402e-09  1.20881e-12
      3.00000      1250.08  1.19664e-09  1.36643e-12
      3.00000      1259.60  1.37644e-09  1.51548e-12
      3.00000      1269.27  1.49067e-09  1.58624e-12
      3.00000      1279.09  1.45304e-09  1.55907e-12
      3.00000      1289.06  1.78904e-09  1.73786e-12
      3.00000      1299.19  2.94154e-09  2.57116e-12
      3.00000      1309.48  2.49583e-09  2.16445e-12
      3.00000      1319.94  1.21477e-09  1.37490e-12
      3.00000      1330.56  1.22843e-09  1.47168e-12
      3.00000      1341.35  1.38872e-09  1.55844e-12
