      3.00000      1178.78  2.23481e-10  1.07573e-12
      3.00000      1187.24  2.48349e-10  1.01099e-12
      3.00000      1195.83  2.91952e-10  1.10008e-12
      3.00000      1204.54  3.64767e-10  1.24720e-12
      3.00000      1213.38  5.06070e-10  1.46845e-12
      3.00000      1222.35  7.07046e-10  1.74053e-12
      3.00000      1231.46  8.98525e-10  1.97254e-12
      3.00000      1240.70  1.12671e-09  2.26293e-12
      3.00000      1250.08  1.30005e-09  2.52486e-12
      3.00000      1259.60  1.48072e-09  2.77248e-12
      3.00000      1269.27  1.57976e-09  2.92261e-12
      3.00000      1279.09  1.55715e-09  2.86136e-12
      3.00000      1289.06  1.99242e-09  3.22369e-12
      3.00000      1299.19  3.23595e-09  4.19966e-12
      3.00000      1309.48  2.52575e-09  3.61316e-12
      3.00000      1319.94  1.25035e-09  2.50899e-12
      3.00000      1330.56  1.35495e-09  2.71954e-12
      3.00000      1341.35  1.52167e-09  2.88202e-12
