      3.00000      1178.78  2.12623e-10  6.09314e-13
      3.00000      1187.24  2.34217e-10  5.68821e-13
      3.00000      1195.83  2.74891e-10  6.13657e-13
      3.00000      1204.54  3.45821e-10  7.01362e-13
      3.00000      1213.38  4.82656e-10  8.31242e-13
      3.00000      1222.35  6.63542e-10  9.73735e-13
      3.00000      1231.46  8.40718e-10  1.10181e-12
      3.00000      1240.70  1.05161e-09  1.26277e-12
      3.00000      1250.08  1.21562e-09  1.41026e-12
      3.00000      1259.60  1.38957e-09  1.55206e-12
      3.00000      1269.27  1.47740e-09  1.62635e-12
      3.00000      1279.09  1.46689e-09  1.59966e-12
      3.00000      1289.06  1.90954e-09  1.82427e-12
      3.00000      1299.19  3.03291e-09  2.34709e-12
      3.00000      1309.48  2.27294e-09  1.97128e-12
      3.00000      1319.94  1.16589e-09  1.40670e-12
      3.00000      1330.56  1.28736e-09  1.53069e-12
      3.00000      1341.35  1.41887e-09  1.60598e-12
