      3.00000      1178.78  1.96463e-10  5.43492e-13
      3.00000      1187.24  2.20709e-10  5.19655e-13
      3.00000      1195.83  2.59027e-10  5.73286e-13
      3.00000      1204.54  3.26445e-10  6.46468e-13
      3.00000      1213.38  4.52739e-10  7.68553e-13
      3.00000      1222.35  6.30829e-10  9.17288e-13
      3.00000      1231.46  8.11097e-10  1.04642e-12
      3.00000      1240.70  1.04919e-09  1.23413e-12
      3.00000      1250.08  1.23233e-09  1.39426e-12
      3.00000      1259.60  1.41357e-09  1.53357e-12
      3.00000      1269.27  1.52036e-09  1.62002e-12
      3.00000      1279.09  1.47665e-09  1.56782e-12
      3.00000      1289.06  1.86089e-09  1.76828e-12
      3.00000      1299.19  3.06148e-09  2.69709e-12
      3.00000      1309.48  2.47680e-09  2.13538e-12
      3.00000      1319.94  1.20875e-09  1.37559e-12
      3.00000      1330.56  1.26480e-09  1.48418e-12
      3.00000      1341.35  1.40542e-09  1.56783e-12
