      3.00000      1178.78  1.93642e-10  1.01580e-12
      3.00000      1187.24  2.09548e-10  9.39996e-13
      3.00000      1195.83  2.45352e-10  1.00520e-12
      3.00000      1204.54  3.12038e-10  1.15622e-12
      3.00000      1213.38  4.46307e-10  1.39197e-12
      3.00000      1222.35  5.99888e-10  1.60178e-12
      3.00000      1231.46  7.55017e-10  1.80749e-12
      3.00000      1240.70  9.29594e-10  2.05388e-12
      3.00000      1250.08  1.06738e-09  2.28677e-12
      3.00000      1259.60  1.22566e-09  2.52360e-12
      3.00000      1269.27  1.27781e-09  2.61262e-12
      3.00000      1279.09  1.29145e-09  2.59920e-12
      3.00000      1289.06  1.78425e-09  3.05841e-12
      3.00000      1299.19  2.68174e-09  3.81908e-12
      3.00000      1309.48  1.74203e-09  2.94270e-12
      3.00000      1319.94  9.88193e-10  2.28058e-12
      3.00000      1330.56  1.15639e-09  2.51219e-12
      3.00000      1341.35  1.21347e-09  2.57168e-12
