      3.00000      1178.78  1.95437e-10  2.71610e-13
      3.00000      1187.24  2.19927e-10  2.60511e-13
      3.00000      1195.83  2.57732e-10  2.82735e-13
      3.00000      1204.54  3.24479e-10  3.23992e-13
      3.00000      1213.38  4.48784e-10  3.86089e-13
      3.00000      1222.35  6.23018e-10  4.56675e-13
      3.00000      1231.46  7.97380e-10  5.23234e-13
      3.00000      1240.70  1.02783e-09  6.11701e-13
      3.00000      1250.08  1.20661e-09  6.87272e-13
      3.00000      1259.60  1.38670e-09  7.60477e-13
      3.00000      1269.27  1.49205e-09  7.96828e-13
      3.00000      1279.09  1.45339e-09  7.78204e-13
      3.00000      1289.06  1.83034e-09  8.76244e-13
      3.00000      1299.19  2.99394e-09  1.29921e-12
      3.00000      1309.48  2.42469e-09  1.06259e-12
      3.00000      1319.94  1.18680e-09  6.82129e-13
      3.00000      1330.56  1.24287e-09  7.35796e-13
      3.00000      1341.35  1.38342e-09  7.73994e-13
