      3.00000      1178.78  1.95570e-10  5.40238e-13
      3.00000      1187.24  2.19390e-10  5.18101e-13
      3.00000      1195.83  2.56675e-10  5.69022e-13
      3.00000      1204.54  3.23404e-10  6.54933e-13
      3.00000      1213.38  4.51138e-10  7.76782e-13
      3.00000      1222.35  6.24221e-10  9.16451e-13
      3.00000      1231.46  8.01806e-10  1.04853e-12
      3.00000      1240.70  1.03122e-09  1.22325e-12
      3.00000      1250.08  1.20555e-09  1.37553e-12
      3.00000      1259.60  1.38246e-09  1.52381e-12
      3.00000      1269.27  1.47726e-09  1.59724e-12
      3.00000      1279.09  1.44057e-09  1.55410e-12
      3.00000      1289.06  1.85325e-09  1.76197e-12
      3.00000      1299.19  3.00071e-09  2.57752e-12
      3.00000      1309.48  2.34028e-09  2.07768e-12
      3.00000      1319.94  1.15102e-09  1.34416e-12
      3.00000      1330.56  1.24213e-09  1.46508e-12
      3.00000      1341.35  1.36733e-09  1.53069e-12
