      1.00000      705.774  1.31998e-09  7.76202e-13
      1.00000      708.800  1.39050e-09  7.77901e-13
      1.00000      711.852  1.58460e-09  8.18937e-13
      1.00000      714.930  1.56719e-09  8.00994e-13
      1.00000      718.035  1.41098e-09  7.53868e-13
      1.00000      721.167  1.27384e-09  6.95264e-13
      1.00000      724.326  2.22168e-09  9.57084e-13
      1.00000      727.513  7.17911e-09  3.64289e-12
      1.00000      730.729  7.86940e-09  4.09016e-12
      1.00000      733.973  3.30648e-09  1.37777e-12
      1.00000      737.246  1.80933e-09  8.11065e-13
      1.00000      740.548  1.61498e-09  7.72200e-13
      1.00000      743.880  1.55028e-09  7.47951e-13
      1.00000      747.242  1.51565e-09  7.24129e-13
      1.00000      750.635  1.35600e-09  6.69466e-13
      1.00000      754.058  1.19659e-09  6.14598e-13
      1.00000      757.513  1.14550e-09  5.88143e-13
      1.00000      761.000  9.94558e-10  5.36439e-13
      1.00000      764.518  8.59497e-10  4.86547e-13
      1.00000      768.070  8.28147e-10  4.67291e-13
      1.00000      771.655  7.97779e-10  4.49676e-13
      1.00000      775.273  8.06324e-10  4.45078e-13
      1.00000      778.925  9.00583e-10  4.62083e-13
      1.00000      782.613  1.06233e-09  4.93922e-13
      1.00000      786.335  1.26801e-09  5.32715e-13
      1.00000      790.092  1.52329e-09  5.83107e-13
      1.00000      793.886  1.81616e-09  6.62908e-13
      1.00000      797.717  2.15509e-09  7.62516e-13
      1.00000      801.585  2.53145e-09  8.84856e-13
      1.00000      805.490  2.88938e-09  1.02806e-12
      1.00000      809.433  3.22437e-09  1.15060e-12
      1.00000      813.415  3.62496e-09  1.36843e-12
      1.00000      817.437  3.90768e-09  1.49459e-12
      1.00000      821.498  4.03852e-09  1.56591e-12
      1.00000      825.601  3.89545e-09  1.56492e-12
      1.00000      829.744  3.47092e-09  1.45176e-12
      1.00000      833.929  3.08158e-09  1.21886e-12
      1.00000      838.157  2.72954e-09  1.12247e-12
      1.00000      842.427  2.39527e-09  9.66624e-13
      1.00000      846.742  2.07572e-09  8.50480e-13
      1.00000      851.101  1.70181e-09  7.12269e-13
      1.00000      855.504  1.35713e-09  6.15963e-13
      1.00000      859.955  1.03242e-09  5.32286e-13
      1.00000      864.451  7.51513e-10  4.54960e-13
      1.00000      868.994  5.19310e-10  3.79503e-13
      1.00000      873.586  3.37073e-10  3.06435e-13
      1.00000      878.226  2.13831e-10  2.49889e-13
      1.00000      882.916  1.37004e-10  2.10621e-13
      1.00000      887.656  9.16034e-11  1.82349e-13
      1.00000      892.448  6.49459e-11  1.62335e-13
      1.00000      897.292  4.94816e-11  1.50411e-13
      1.00000      902.188  4.15920e-11  1.41305e-13
      1.00000      907.137  3.98560e-11  1.39878e-13
      1.00000      912.142  3.74291e-11  1.33608e-13
      1.00000      917.202  3.44915e-11  1.26994e-13
      1.00000      922.319  3.37232e-11  1.22671e-13
      1.00000      927.493  3.13145e-11  1.17358e-13
      1.00000      932.725  2.86946e-11  1.12055e-13
      1.00000      938.017  2.95500e-11  1.11064e-13
      1.00000      943.370  4.17441e-11  1.20711e-13
      1.00000      948.783  5.52489e-11  1.27791e-13
      1.00000      954.259  4.10531e-11  1.15601e-13
      1.00000      959.799  2.47777e-11  1.00245e-13
      1.00000      965.403  2.25120e-11  9.64571e-14
      1.00000      971.074  2.24228e-11  9.43247e-14
      1.00000      976.810  2.09343e-11  9.17411e-14
      1.00000      982.616  2.02714e-11  9.05887e-14
      1.00000      988.491  1.97214e-11  9.03582e-14
      1.00000      994.436  1.72728e-11  9.06620e-14
      1.00000      1000.45  1.57870e-11  9.10781e-14
      1.00000      1006.54  1.41988e-11  8.95086e-14
      1.00000      1012.71  1.23218e-11  8.88183e-14
      1.00000      1018.95  1.09054e-11          NaN
      1.00000      1025.27  1.06184e-11          NaN
      1.00000      1031.67  1.00940e-11  9.08151e-14
      1.00000      1038.15  1.01814e-11  9.07532e-14
      1.00000      1044.71  1.07844e-11  9.47154e-14
      1.00000      1051.35  1.15650e-11  9.68783e-14
      1.00000      1058.08  1.30418e-11  9.90587e-14
      1.00000      1064.89  1.48393e-11  1.01562e-13
      1.00000      1071.79  1.71869e-11  1.02019e-13
      1.00000      1078.79  2.03172e-11  1.04884e-13
      1.00000      1085.87  2.54764e-11  1.10256e-13
      1.00000      1093.05  3.24403e-11  1.17015e-13
      1.00000      1100.33  4.32967e-11  1.30867e-13
      1.00000      1107.70  5.74401e-11  1.43824e-13
      1.00000      1115.17  7.52279e-11  1.60267e-13
      1.00000      1122.74  9.23507e-11  1.71605e-13
      1.00000      1130.42  1.01681e-10  1.76829e-13
      1.00000      1138.20  1.16737e-10  1.89853e-13
      1.00000      1146.09  1.44777e-10  2.08816e-13
      1.00000      1154.09  2.07266e-10  2.49961e-13
      1.00000      1162.20  2.14367e-10  2.47641e-13
      1.00000      1170.43  1.93463e-10  2.31060e-13
      4.00000      1178.78  1.93838e-10  2.27400e-13
      4.00000      1187.24  2.22255e-10  2.73680e-13
      4.00000      1195.83  2.69207e-10  3.68622e-13
      4.00000      1204.54  3.41356e-10  4.78425e-13
      4.00000      1213.38  4.75311e-10  6.00388e-13
      4.00000      1222.35  6.46540e-10  6.78847e-13
      4.00000      1231.46  8.27953e-10  8.60266e-13
      4.00000      1240.70  1.05706e-09  1.10601e-12
      4.00000      1250.08  1.23712e-09  2.71610e-13
      4.00000      1259.60  1.40922e-09  2.82735e-13
      4.00000      1269.27  1.48045e-09  3.86089e-13
      4.00000      1279.09  1.46130e-09  5.23234e-13
      4.00000      1289.06  1.95596e-09  6.87272e-13
      4.00000      1299.19  3.01979e-09  7.96828e-13
      4.00000      1309.48  2.34044e-09  8.76244e-13
      4.00000      1319.94  1.12104e-09  1.06259e-12
      4.00000      1330.56  1.28742e-09  7.35796e-13
      2.00000      1335.93  1.44623e-09  1.04496e-12
      4.00000      1341.35  1.42913e-09  1.05451e-12
      2.00000      1346.82  1.33755e-09  9.63083e-13
      2.00000      1352.33  1.14602e-09  8.86433e-13
      2.00000      1357.88  9.67179e-10  8.15297e-13
      2.00000      1363.48  8.06344e-10  7.50596e-13
      2.00000      1369.12  6.76816e-10  6.96290e-13
      2.00000      1374.82  5.46561e-10  6.33240e-13
      2.00000      1380.56  4.24688e-10  5.49963e-13
      2.00000      1386.34  3.36332e-10  4.70202e-13
      2.00000      1392.18  3.01972e-10  4.42963e-13
      2.00000      1398.07  2.74379e-10  4.24443e-13
      2.00000      1404.00  2.02897e-10  3.87884e-13
      2.00000      1409.99  1.58775e-10  3.69562e-13
      2.00000      1416.03  1.36811e-10  3.43056e-13
      2.00000      1422.12  1.41349e-10  3.55737e-13
      2.00000      1428.26  1.53214e-10  3.83553e-13
      2.00000      1434.46  1.63468e-10  3.82149e-13
      2.00000      1440.71  1.80250e-10  3.80555e-13
      2.00000      1447.01  1.92489e-10  3.80213e-13
      2.00000      1453.37  1.95097e-10  3.75352e-13
      2.00000      1459.79  1.89226e-10  3.64902e-13
      2.00000      1466.26  1.91118e-10  3.56154e-13
      2.00000      1472.79  1.87469e-10  3.46732e-13
      2.00000      1479.38  1.58448e-10  3.11402e-13
      2.00000      1486.03  1.32033e-10  2.80356e-13
      2.00000      1492.74  1.14155e-10  2.62239e-13
      2.00000      1499.51  9.68192e-11  2.48633e-13
      2.00000      1506.34  7.94980e-11  2.36938e-13
      2.00000      1513.23  6.10706e-11  2.17834e-13
      2.00000      1520.19  4.88224e-11  2.00873e-13
      2.00000      1527.21  6.93632e-11  2.15736e-13
      2.00000      1534.30  1.85413e-10  3.28101e-13
      2.00000      1541.45  1.87719e-10  3.22199e-13
      2.00000      1548.67  8.98877e-11  2.25582e-13
      2.00000      1555.95  3.98472e-11  1.69018e-13
      2.00000      1563.31  2.53805e-11  1.51910e-13
      2.00000      1570.74  2.47780e-11  1.49819e-13
      2.00000      1578.23  2.80771e-11  1.51232e-13
      2.00000      1585.80  3.13925e-11  1.48894e-13
      2.00000      1593.44  3.28626e-11  1.46549e-13
      2.00000      1601.16  3.45471e-11  1.45108e-13
      2.00000      1608.95  3.84639e-11  1.50864e-13
      2.00000      1616.82  3.87467e-11  1.50131e-13
      2.00000      1624.76  3.76684e-11  1.50356e-13
      2.00000      1632.78  3.68196e-11  1.44773e-13
      2.00000      1640.89  3.71594e-11  1.45919e-13
      2.00000      1649.07  3.59836e-11  1.57800e-13
      2.00000      1657.34  3.46426e-11  1.47403e-13
      2.00000      1665.68  3.35635e-11  1.46863e-13
      2.00000      1674.12  3.41054e-11  1.43701e-13
      2.00000      1682.64  3.47007e-11  1.42746e-13
      2.00000      1691.24  3.13375e-11  1.38675e-13
      2.00000      1699.94  2.51869e-11  1.28230e-13
      2.00000      1708.72  2.02991e-11  1.19311e-13
      2.00000      1717.60  1.87576e-11  1.16765e-13
      2.00000      1726.57  2.21812e-11  1.22394e-13
      2.00000      1735.63  2.89912e-11  1.32807e-13
      2.00000      1744.79  2.14702e-11  1.19633e-13
      2.00000      1754.04  9.85093e-12  9.45095e-14
      2.00000      1763.39  1.02039e-11  9.58922e-14
      2.00000      1772.85  1.30589e-11  1.06541e-13
      2.00000      1782.41  1.48974e-11  1.12118e-13
      2.00000      1792.07  1.49504e-11  1.14267e-13
      2.00000      1801.83  1.26275e-11  1.04182e-13
      2.00000      1811.70  1.01786e-11  9.81373e-14
      2.00000      1821.69  8.02898e-12  9.85406e-14
      2.00000      1831.78  7.35310e-12  1.07365e-13
      2.00000      1841.98  6.20209e-12  1.05032e-13
      2.00000      1852.30  5.43369e-12  1.02092e-13
      2.00000      1862.73  5.30531e-12  1.01006e-13
      2.00000      1873.29  5.18325e-12  9.88203e-14
      2.00000      1883.96  4.89893e-12  1.06506e-13
      2.00000      1894.75  5.53312e-12  1.12541e-13
      2.00000      1905.67  5.47603e-12  1.12756e-13
      2.00000      1916.72  5.75763e-12  1.13349e-13
      2.00000      1927.90  8.03526e-12  1.87755e-13
