      1.00000      705.774  1.32622e-09  1.56548e-12
      1.00000      708.800  1.39086e-09  1.55428e-12
      1.00000      711.852  1.58649e-09  1.63641e-12
      1.00000      714.930  1.58124e-09  1.61170e-12
      1.00000      718.035  1.42860e-09  1.50461e-12
      1.00000      721.167  1.27591e-09  1.39736e-12
      1.00000      724.326  2.09786e-09  1.81105e-12
      1.00000      727.513  6.92943e-09  7.08827e-12
      1.00000      730.729  8.12657e-09  8.00978e-12
      1.00000      733.973  3.48743e-09  2.93498e-12
      1.00000      737.246  1.85725e-09  1.64709e-12
      1.00000      740.548  1.63657e-09  1.55568e-12
      1.00000      743.880  1.56238e-09  1.50404e-12
      1.00000      747.242  1.53048e-09  1.45757e-12
      1.00000      750.635  1.37701e-09  1.36744e-12
      1.00000      754.058  1.20962e-09  1.24934e-12
      1.00000      757.513  1.15923e-09  1.18614e-12
      1.00000      761.000  1.01397e-09  1.08093e-12
      1.00000      764.518  8.71306e-10  9.80015e-13
      1.00000      768.070  8.37516e-10  9.44153e-13
      1.00000      771.655  8.07513e-10  9.02977e-13
      1.00000      775.273  8.12909e-10  8.99538e-13
      1.00000      778.925  9.03901e-10  9.23298e-13
      1.00000      782.613  1.06536e-09  9.94007e-13
      1.00000      786.335  1.27084e-09  1.06749e-12
      1.00000      790.092  1.52681e-09  1.16548e-12
      1.00000      793.886  1.81980e-09  1.32385e-12
      1.00000      797.717  2.15861e-09  1.54813e-12
      1.00000      801.585  2.54053e-09  1.76678e-12
      1.00000      805.490  2.90377e-09  2.01963e-12
      1.00000      809.433  3.23515e-09  2.32224e-12
      1.00000      813.415  3.63536e-09  2.63758e-12
      1.00000      817.437  3.93351e-09  3.08629e-12
      1.00000      821.498  4.07089e-09  3.19652e-12
      1.00000      825.601  3.95288e-09  3.21162e-12
      1.00000      829.744  3.53582e-09  2.96853e-12
      1.00000      833.929  3.14368e-09  2.42420e-12
      1.00000      838.157  2.78389e-09  2.27052e-12
      1.00000      842.427  2.45141e-09  1.93919e-12
      1.00000      846.742  2.12667e-09  1.78397e-12
      1.00000      851.101  1.75097e-09  1.45390e-12
      1.00000      855.504  1.39855e-09  1.25044e-12
      1.00000      859.955  1.06788e-09  1.08153e-12
      1.00000      864.451  7.79398e-10  9.21646e-13
      1.00000      868.994  5.40200e-10  7.77451e-13
      1.00000      873.586  3.52758e-10  6.29816e-13
      1.00000      878.226  2.23471e-10  5.11899e-13
      1.00000      882.916  1.43250e-10  4.23318e-13
      1.00000      887.656  9.53662e-11  3.68234e-13
      1.00000      892.448  6.71566e-11  3.28484e-13
      1.00000      897.292  5.10386e-11  3.04344e-13
      1.00000      902.188  4.24484e-11  2.82127e-13
      1.00000      907.137  4.02028e-11  2.79006e-13
      1.00000      912.142  3.81076e-11  2.65855e-13
      1.00000      917.202  3.49793e-11  2.54903e-13
      1.00000      922.319  3.43047e-11  2.48472e-13
      1.00000      927.493  3.15692e-11  2.32298e-13
      1.00000      932.725  2.90581e-11  2.20933e-13
      1.00000      938.017  2.98376e-11  2.18756e-13
      1.00000      943.370  4.08900e-11  2.36315e-13
      1.00000      948.783  5.59338e-11  2.53166e-13
      1.00000      954.259  4.30576e-11  2.43249e-13
      1.00000      959.799  2.53016e-11  2.06249e-13
      1.00000      965.403  2.26303e-11  1.92365e-13
      1.00000      971.074  2.30854e-11  1.87361e-13
      1.00000      976.810  2.14452e-11  1.84131e-13
      1.00000      982.616  2.04118e-11  1.81155e-13
      1.00000      988.491  1.99957e-11  1.79155e-13
      1.00000      994.436  1.75444e-11  1.82646e-13
      1.00000      1000.45  1.57256e-11  1.85999e-13
      1.00000      1006.54  1.45836e-11  1.77861e-13
      1.00000      1012.71  1.27087e-11  1.79656e-13
      1.00000      1018.95  1.11819e-11          NaN
      1.00000      1025.27  1.07961e-11          NaN
      1.00000      1031.67  1.05946e-11  1.76952e-13
      1.00000      1038.15  1.07847e-11  1.81049e-13
      1.00000      1044.71  1.09281e-11  1.90223e-13
      1.00000      1051.35  1.17320e-11  1.93274e-13
      1.00000      1058.08  1.33319e-11  1.96830e-13
      1.00000      1064.89  1.49608e-11  2.03763e-13
      1.00000      1071.79  1.70537e-11  2.06797e-13
      1.00000      1078.79  2.04455e-11  2.07515e-13
      1.00000      1085.87  2.58139e-11  2.18351e-13
      1.00000      1093.05  3.25601e-11  2.31860e-13
      1.00000      1100.33  4.29206e-11  2.59824e-13
      1.00000      1107.70  5.70874e-11  2.82790e-13
      1.00000      1115.17  7.43700e-11  3.18880e-13
      1.00000      1122.74  9.28634e-11  3.42332e-13
      1.00000      1130.42  1.02262e-10  3.51199e-13
      1.00000      1138.20  1.17747e-10  3.79637e-13
      1.00000      1146.09  1.43675e-10  4.22970e-13
      1.00000      1154.09  2.07985e-10  5.09257e-13
      1.00000      1162.20  2.19630e-10  5.00615e-13
      1.00000      1170.43  1.99182e-10  4.70903e-13
      4.00000      1178.78  1.94044e-10  4.57585e-13
      4.00000      1187.24  2.22482e-10  5.45070e-13
      4.00000      1195.83  2.68361e-10  7.30840e-13
      4.00000      1204.54  3.39493e-10  9.48856e-13
      4.00000      1213.38  4.69339e-10  1.19536e-12
      4.00000      1222.35  6.40555e-10  1.36739e-12
      4.00000      1231.46  8.16072e-10  1.66581e-12
      4.00000      1240.70  1.04416e-09  2.39505e-12
      4.00000      1250.08  1.23054e-09  5.44374e-13
      4.00000      1259.60  1.40606e-09  5.60661e-13
      4.00000      1269.27  1.49032e-09  7.71614e-13
      4.00000      1279.09  1.46283e-09  1.04889e-12
      4.00000      1289.06  1.90265e-09  1.36643e-12
      4.00000      1299.19  2.99036e-09  1.58624e-12
      4.00000      1309.48  2.48609e-09  1.73786e-12
      4.00000      1319.94  1.14884e-09  2.16445e-12
      4.00000      1330.56  1.27250e-09  1.47168e-12
      2.00000      1335.93  1.43543e-09  2.06056e-12
      4.00000      1341.35  1.42891e-09  2.11069e-12
      2.00000      1346.82  1.34283e-09  1.92376e-12
      2.00000      1352.33  1.14631e-09  1.76019e-12
      2.00000      1357.88  9.64197e-10  1.63353e-12
      2.00000      1363.48  8.02231e-10  1.47899e-12
      2.00000      1369.12  6.74735e-10  1.35781e-12
      2.00000      1374.82  5.46988e-10  1.22123e-12
      2.00000      1380.56  4.25153e-10  1.06839e-12
      2.00000      1386.34  3.34674e-10  9.32613e-13
      2.00000      1392.18  2.98200e-10  9.13386e-13
      2.00000      1398.07  2.71107e-10  8.42282e-13
      2.00000      1404.00  2.01670e-10  7.57666e-13
      2.00000      1409.99  1.58210e-10  7.08111e-13
      2.00000      1416.03  1.37503e-10  6.82626e-13
      2.00000      1422.12  1.40540e-10  6.97891e-13
      2.00000      1428.26  1.54500e-10  7.38705e-13
      2.00000      1434.46  1.64440e-10  7.60688e-13
      2.00000      1440.71  1.80109e-10  7.59870e-13
      2.00000      1447.01  1.93438e-10  7.82539e-13
      2.00000      1453.37  1.97735e-10  7.66021e-13
      2.00000      1459.79  1.91569e-10  7.40013e-13
      2.00000      1466.26  1.92726e-10  7.13122e-13
      2.00000      1472.79  1.88915e-10  6.92115e-13
      2.00000      1479.38  1.60963e-10  6.22630e-13
      2.00000      1486.03  1.34627e-10  5.67594e-13
      2.00000      1492.74  1.16941e-10  5.38471e-13
      2.00000      1499.51  9.87627e-11  5.03307e-13
      2.00000      1506.34  8.16480e-11  4.83732e-13
      2.00000      1513.23  6.26643e-11  4.45166e-13
      2.00000      1520.19  4.97946e-11  4.02749e-13
      2.00000      1527.21  6.64910e-11  4.25673e-13
      2.00000      1534.30  1.80192e-10  6.46154e-13
      2.00000      1541.45  1.94091e-10  6.47480e-13
      2.00000      1548.67  9.48525e-11  4.54053e-13
      2.00000      1555.95  4.19237e-11  3.58387e-13
      2.00000      1563.31  2.58353e-11  3.07614e-13
      2.00000      1570.74  2.46747e-11  2.99469e-13
      2.00000      1578.23  2.84117e-11  2.97785e-13
      2.00000      1585.80  3.14933e-11  2.98701e-13
      2.00000      1593.44  3.28170e-11  2.99636e-13
      2.00000      1601.16  3.44541e-11  2.89951e-13
      2.00000      1608.95  3.82622e-11  3.05156e-13
      2.00000      1616.82  3.91629e-11  2.96301e-13
      2.00000      1624.76  3.77272e-11  2.94857e-13
      2.00000      1632.78  3.68370e-11  2.87485e-13
      2.00000      1640.89  3.73381e-11  2.91516e-13
      2.00000      1649.07  3.63556e-11  3.50313e-13
      2.00000      1657.34  3.50319e-11  2.99201e-13
      2.00000      1665.68  3.38309e-11  2.92356e-13
      2.00000      1674.12  3.44566e-11  2.85308e-13
      2.00000      1682.64  3.48470e-11  2.80870e-13
      2.00000      1691.24  3.15919e-11  2.73420e-13
      2.00000      1699.94  2.52546e-11  2.52902e-13
      2.00000      1708.72  2.04124e-11  2.41442e-13
      2.00000      1717.60  1.89367e-11  2.30435e-13
      2.00000      1726.57  2.24563e-11  2.43573e-13
      2.00000      1735.63  2.88896e-11  2.63987e-13
      2.00000      1744.79  2.28615e-11  2.41880e-13
      2.00000      1754.04  1.05606e-11  1.90165e-13
      2.00000      1763.39  1.08441e-11  1.91119e-13
      2.00000      1772.85  1.32399e-11  2.10497e-13
      2.00000      1782.41  1.51339e-11  2.23674e-13
      2.00000      1792.07  1.53612e-11  2.25820e-13
      2.00000      1801.83  1.29943e-11  2.06015e-13
      2.00000      1811.70  1.03657e-11  1.90250e-13
      2.00000      1821.69  8.37565e-12  1.97382e-13
      2.00000      1831.78  7.79637e-12  2.59938e-13
      2.00000      1841.98  7.11645e-12  2.36402e-13
      2.00000      1852.30  6.08719e-12  2.02556e-13
      2.00000      1862.73  5.60726e-12  2.02838e-13
      2.00000      1873.29  5.77199e-12  2.00381e-13
      2.00000      1883.96  5.45498e-12  2.10360e-13
      2.00000      1894.75  5.99944e-12  2.30258e-13
      2.00000      1905.67  5.76117e-12  2.22620e-13
      2.00000      1916.72  5.98957e-12  2.26330e-13
      2.00000      1927.90  8.69226e-12  4.21891e-13
