      1.00000      705.774  1.37949e-09  2.81854e-12
      1.00000      708.800  1.46396e-09  2.87307e-12
      1.00000      711.852  1.64126e-09  2.95097e-12
      1.00000      714.930  1.62947e-09  2.89711e-12
      1.00000      718.035  1.46836e-09  2.70414e-12
      1.00000      721.167  1.33109e-09  2.54088e-12
      1.00000      724.326  2.20883e-09  3.09541e-12
      1.00000      727.513  7.31935e-09  8.10034e-12
      1.00000      730.729  8.36113e-09  1.00398e-11
      1.00000      733.973  3.56136e-09  4.05190e-12
      1.00000      737.246  1.87825e-09  2.90284e-12
      1.00000      740.548  1.66859e-09  2.76594e-12
      1.00000      743.880  1.59709e-09  2.68404e-12
      1.00000      747.242  1.58028e-09  2.61856e-12
      1.00000      750.635  1.43418e-09  2.43430e-12
      1.00000      754.058  1.23976e-09  2.21314e-12
      1.00000      757.513  1.18324e-09  2.12365e-12
      1.00000      761.000  1.05703e-09  1.95635e-12
      1.00000      764.518  9.09820e-10  1.78337e-12
      1.00000      768.070  8.62906e-10  1.71519e-12
      1.00000      771.655  8.46904e-10  1.65429e-12
      1.00000      775.273  8.50942e-10  1.62377e-12
      1.00000      778.925  9.38594e-10  1.67071e-12
      1.00000      782.613  1.11070e-09  1.78300e-12
      1.00000      786.335  1.32164e-09  1.91899e-12
      1.00000      790.092  1.57842e-09  2.08679e-12
      1.00000      793.886  1.87816e-09  2.27652e-12
      1.00000      797.717  2.22540e-09  2.49098e-12
      1.00000      801.585  2.61546e-09  2.71751e-12
      1.00000      805.490  2.97935e-09  2.93960e-12
      1.00000      809.433  3.29571e-09  3.14089e-12
      1.00000      813.415  3.65939e-09  3.58344e-12
      1.00000      817.437  3.92544e-09  3.76274e-12
      1.00000      821.498  4.07805e-09  3.88094e-12
      1.00000      825.601  3.99416e-09  3.88457e-12
      1.00000      829.744  3.59279e-09  3.70347e-12
      1.00000      833.929  3.15105e-09  3.24926e-12
      1.00000      838.157  2.82012e-09  3.10798e-12
      1.00000      842.427  2.52238e-09  2.94549e-12
      1.00000      846.742  2.18518e-09  2.76771e-12
      1.00000      851.101  1.81008e-09  2.51651e-12
      1.00000      855.504  1.44141e-09  2.24711e-12
      1.00000      859.955  1.08676e-09  1.94314e-12
      1.00000      864.451  7.84841e-10  1.65377e-12
      1.00000      868.994  5.44121e-10  1.38429e-12
      1.00000      873.586  3.53712e-10  1.13043e-12
      1.00000      878.226  2.24723e-10  9.34989e-13
      1.00000      882.916  1.43471e-10  7.96656e-13
      1.00000      887.656  9.52106e-11  7.05103e-13
      1.00000      892.448  6.71444e-11  6.39749e-13
      1.00000      897.292  5.10856e-11  5.91918e-13
      1.00000      902.188  4.20187e-11  5.68048e-13
      1.00000      907.137  3.99297e-11  5.55162e-13
      1.00000      912.142  3.79441e-11  5.28294e-13
      1.00000      917.202  3.42524e-11  5.04410e-13
      1.00000      922.319  3.30969e-11  4.87992e-13
      1.00000      927.493  3.09363e-11  4.68255e-13
      1.00000      932.725  2.79936e-11  4.44625e-13
      1.00000      938.017  2.86783e-11  4.41163e-13
      1.00000      943.370  4.12953e-11  4.66709e-13
      1.00000      948.783  5.45451e-11  4.91445e-13
      1.00000      954.259  3.97814e-11  4.64133e-13
      1.00000      959.799  2.40685e-11  4.17331e-13
      1.00000      965.403  2.18151e-11  3.96468e-13
      1.00000      971.074  2.21716e-11  3.89062e-13
      1.00000      976.810  2.13773e-11  3.78904e-13
      1.00000      982.616  2.02903e-11  3.77419e-13
      1.00000      988.491  1.91393e-11  3.72552e-13
      1.00000      994.436  1.65409e-11  3.75561e-13
      1.00000      1000.45  1.50286e-11  3.77414e-13
      1.00000      1006.54  1.35357e-11  3.76699e-13
      1.00000      1012.71  1.21539e-11  3.82631e-13
      1.00000      1018.95  1.10633e-11          NaN
      1.00000      1025.27  1.08080e-11          NaN
      1.00000      1031.67  9.65238e-12  3.92124e-13
      1.00000      1038.15  1.04194e-11  4.03396e-13
      1.00000      1044.71  1.09540e-11  4.33128e-13
      1.00000      1051.35  1.11076e-11  4.55977e-13
      1.00000      1058.08  1.42706e-11  4.58505e-13
      1.00000      1064.89  1.38529e-11  4.76859e-13
      1.00000      1071.79  1.59347e-11  4.68701e-13
      1.00000      1078.79  2.06215e-11  4.73353e-13
      1.00000      1085.87  2.63266e-11  5.11102e-13
      1.00000      1093.05  3.33758e-11  5.05692e-13
      1.00000      1100.33  4.48132e-11  5.49788e-13
      1.00000      1107.70  6.09263e-11  5.93246e-13
      1.00000      1115.17  8.06810e-11  6.34499e-13
      1.00000      1122.74  9.81578e-11  6.70543e-13
      1.00000      1130.42  1.09050e-10  6.87871e-13
      1.00000      1138.20  1.25251e-10  7.25832e-13
      1.00000      1146.09  1.56788e-10  8.20588e-13
      1.00000      1154.09  2.25075e-10  9.49476e-13
      1.00000      1162.20  2.33035e-10  9.39798e-13
      1.00000      1170.43  2.11245e-10  8.90541e-13
      4.00000      1178.78  2.16654e-10  8.84367e-13
      4.00000      1187.24  2.46626e-10  1.05855e-12
      4.00000      1195.83  2.99741e-10  1.38525e-12
      4.00000      1204.54  3.79827e-10  1.76860e-12
      4.00000      1213.38  5.24732e-10  2.18255e-12
      4.00000      1222.35  7.08716e-10  2.45001e-12
      4.00000      1231.46  9.02286e-10  2.95453e-12
      4.00000      1240.70  1.13405e-09  3.51891e-12
      4.00000      1250.08  1.31025e-09  1.07347e-12
      4.00000      1259.60  1.48340e-09  1.08101e-12
      4.00000      1269.27  1.55856e-09  1.45765e-12
      4.00000      1279.09  1.54975e-09  1.94113e-12
      4.00000      1289.06  2.07979e-09  2.50904e-12
      4.00000      1299.19  3.18795e-09  2.90476e-12
      4.00000      1309.48  2.41400e-09  3.19460e-12
      4.00000      1319.94  1.18742e-09  3.64131e-12
      4.00000      1330.56  1.40161e-09  2.71663e-12
      2.00000      1335.93  1.58405e-09  4.03170e-12
      4.00000      1341.35  1.57486e-09  4.04185e-12
      2.00000      1346.82  1.47667e-09  3.58218e-12
      2.00000      1352.33  1.25102e-09  3.30101e-12
      2.00000      1357.88  1.03896e-09  3.02706e-12
      2.00000      1363.48  8.65416e-10  2.80026e-12
      2.00000      1369.12  7.35973e-10  2.61127e-12
      2.00000      1374.82  6.07074e-10  2.38015e-12
      2.00000      1380.56  4.73245e-10  2.09974e-12
      2.00000      1386.34  3.72441e-10  1.97075e-12
      2.00000      1392.18  3.30258e-10  1.71559e-12
      2.00000      1398.07  3.00326e-10  1.67086e-12
      2.00000      1404.00  2.24080e-10  1.53629e-12
      2.00000      1409.99  1.77723e-10  1.47415e-12
      2.00000      1416.03  1.57447e-10  1.44843e-12
      2.00000      1422.12  1.60655e-10  1.48123e-12
      2.00000      1428.26  1.74653e-10  1.52417e-12
      2.00000      1434.46  1.87436e-10  1.53062e-12
      2.00000      1440.71  2.02940e-10  1.53098e-12
      2.00000      1447.01  2.14739e-10  1.51100e-12
      2.00000      1453.37  2.15800e-10  1.48707e-12
      2.00000      1459.79  2.10908e-10  1.46560e-12
      2.00000      1466.26  2.08824e-10  1.42652e-12
      2.00000      1472.79  2.04899e-10  1.38976e-12
      2.00000      1479.38  1.73720e-10  1.25181e-12
      2.00000      1486.03  1.45272e-10  1.13706e-12
      2.00000      1492.74  1.24074e-10  1.07769e-12
      2.00000      1499.51  1.06422e-10  1.03154e-12
      2.00000      1506.34  8.79258e-11  1.00122e-12
      2.00000      1513.23  6.58299e-11  9.50526e-13
      2.00000      1520.19  5.26589e-11  8.87734e-13
      2.00000      1527.21  7.55853e-11  9.30115e-13
      2.00000      1534.30  2.08323e-10  1.30695e-12
      2.00000      1541.45  2.08828e-10  1.25954e-12
      2.00000      1548.67  1.01635e-10  9.32462e-13
      2.00000      1555.95  4.48920e-11  7.49261e-13
      2.00000      1563.31  2.75080e-11  7.04561e-13
      2.00000      1570.74  2.66128e-11  7.02169e-13
      2.00000      1578.23  3.10501e-11  7.02706e-13
      2.00000      1585.80  3.44674e-11  6.85245e-13
      2.00000      1593.44  3.55262e-11  6.67074e-13
      2.00000      1601.16  3.78109e-11  6.58187e-13
      2.00000      1608.95  4.26151e-11  6.76474e-13
      2.00000      1616.82  4.36019e-11  6.69489e-13
      2.00000      1624.76  4.03328e-11  6.58555e-13
      2.00000      1632.78  3.91784e-11  6.49965e-13
      2.00000      1640.89  3.88189e-11  6.47749e-13
      2.00000      1649.07  3.73271e-11  6.34095e-13
      2.00000      1657.34  3.65774e-11  6.37679e-13
      2.00000      1665.68  3.57465e-11  6.53169e-13
      2.00000      1674.12  3.52426e-11  6.25473e-13
      2.00000      1682.64  3.47815e-11  6.20780e-13
      2.00000      1691.24  3.12874e-11  6.03590e-13
      2.00000      1699.94  2.47617e-11  5.68842e-13
      2.00000      1708.72  2.05315e-11  5.55257e-13
      2.00000      1717.60  1.85427e-11  5.51699e-13
      2.00000      1726.57  2.20522e-11  5.68108e-13
      2.00000      1735.63  2.94626e-11  5.92837e-13
      2.00000      1744.79  2.20164e-11  5.49080e-13
      2.00000      1754.04  8.43515e-12  4.76364e-13
      2.00000      1763.39  9.80716e-12  4.85619e-13
      2.00000      1772.85  1.12735e-11  5.34457e-13
      2.00000      1782.41  1.44205e-11  5.44272e-13
      2.00000      1792.07  1.50619e-11  5.42126e-13
      2.00000      1801.83  1.28529e-11  5.12505e-13
      2.00000      1811.70  1.07128e-11  4.91471e-13
      2.00000      1821.69  7.68578e-12  4.92596e-13
      2.00000      1831.78  6.78117e-12  5.07364e-13
      2.00000      1841.98  6.67470e-12  5.38369e-13
      2.00000      1852.30  4.79118e-12  5.35990e-13
      2.00000      1862.73  3.80101e-12  5.29704e-13
      2.00000      1873.29  4.18861e-12  5.32641e-13
      2.00000      1883.96  4.14694e-12  5.72803e-13
      2.00000      1894.75  4.55023e-12  6.14684e-13
      2.00000      1905.67  4.54913e-12  6.12112e-13
      2.00000      1916.72  4.34341e-12  6.12596e-13
      2.00000      1927.90  8.47790e-12  9.68675e-13
