      1.00000      705.774  1.37636e-09  2.80868e-12
      1.00000      708.800  1.45939e-09  2.82946e-12
      1.00000      711.852  1.62850e-09  2.93421e-12
      1.00000      714.930  1.61365e-09  2.86608e-12
      1.00000      718.035  1.44655e-09  2.68396e-12
      1.00000      721.167  1.32560e-09  2.52602e-12
      1.00000      724.326  2.24980e-09  3.11858e-12
      1.00000      727.513  7.37487e-09  8.57566e-12
      1.00000      730.729  8.18111e-09  1.00275e-11
      1.00000      733.973  3.46316e-09  4.00999e-12
      1.00000      737.246  1.85181e-09  2.87697e-12
      1.00000      740.548  1.65409e-09  2.75267e-12
      1.00000      743.880  1.58585e-09  2.66417e-12
      1.00000      747.242  1.57385e-09  2.59969e-12
      1.00000      750.635  1.41951e-09  2.40838e-12
      1.00000      754.058  1.23297e-09  2.19712e-12
      1.00000      757.513  1.18022e-09  2.11154e-12
      1.00000      761.000  1.05107e-09  1.93988e-12
      1.00000      764.518  9.03833e-10  1.76816e-12
      1.00000      768.070  8.58629e-10  1.68992e-12
      1.00000      771.655  8.44359e-10  1.64346e-12
      1.00000      775.273  8.51698e-10  1.61928e-12
      1.00000      778.925  9.43408e-10  1.67253e-12
      1.00000      782.613  1.11317e-09  1.78446e-12
      1.00000      786.335  1.32393e-09  1.92289e-12
      1.00000      790.092  1.58457e-09  2.09106e-12
      1.00000      793.886  1.88186e-09  2.28072e-12
      1.00000      797.717  2.22883e-09  2.49831e-12
      1.00000      801.585  2.61310e-09  2.72432e-12
      1.00000      805.490  2.97704e-09  2.94764e-12
      1.00000      809.433  3.30564e-09  3.12267e-12
      1.00000      813.415  3.65738e-09  3.37412e-12
      1.00000      817.437  3.90637e-09  3.78420e-12
      1.00000      821.498  4.05489e-09  3.96883e-12
      1.00000      825.601  3.95599e-09  4.00809e-12
      1.00000      829.744  3.56526e-09  3.58206e-12
      1.00000      833.929  3.13408e-09  3.25804e-12
      1.00000      838.157  2.80035e-09  3.10749e-12
      1.00000      842.427  2.50483e-09  2.93538e-12
      1.00000      846.742  2.16803e-09  2.74698e-12
      1.00000      851.101  1.79770e-09  2.49769e-12
      1.00000      855.504  1.42841e-09  2.22427e-12
      1.00000      859.955  1.07960e-09  1.92457e-12
      1.00000      864.451  7.84651e-10  1.64337e-12
      1.00000      868.994  5.41635e-10  1.37262e-12
      1.00000      873.586  3.53288e-10  1.12217e-12
      1.00000      878.226  2.23696e-10  9.27498e-13
      1.00000      882.916  1.43353e-10  7.88623e-13
      1.00000      887.656  9.52743e-11  7.07524e-13
      1.00000      892.448  6.87412e-11  6.99600e-13
      1.00000      897.292  5.16085e-11  5.79510e-13
      1.00000      902.188  4.30018e-11  5.57143e-13
      1.00000      907.137  3.93161e-11  5.38761e-13
      1.00000      912.142  3.68289e-11  5.17721e-13
      1.00000      917.202  3.24136e-11  4.91886e-13
      1.00000      922.319  3.28094e-11  4.78136e-13
      1.00000      927.493  3.12755e-11  4.54600e-13
      1.00000      932.725  2.88188e-11  4.32716e-13
      1.00000      938.017  2.91025e-11  4.27883e-13
      1.00000      943.370  4.07661e-11  4.55010e-13
      1.00000      948.783  5.24257e-11  4.79731e-13
      1.00000      954.259  3.78991e-11  4.35756e-13
      1.00000      959.799  2.30969e-11  3.95115e-13
      1.00000      965.403  2.12345e-11  3.86563e-13
      1.00000      971.074  2.14692e-11  3.83107e-13
      1.00000      976.810  2.01044e-11  3.71272e-13
      1.00000      982.616  1.93226e-11  3.69507e-13
      1.00000      988.491  1.83433e-11  3.67850e-13
      1.00000      994.436  1.59326e-11  3.68507e-13
      1.00000      1000.45  1.47546e-11  3.72286e-13
      1.00000      1006.54  1.35615e-11  3.70038e-13
      1.00000      1012.71  1.12755e-11  3.71296e-13
      1.00000      1018.95  9.97940e-12          NaN
      1.00000      1025.27  9.89410e-12          NaN
      1.00000      1031.67  9.85997e-12  3.80406e-13
      1.00000      1038.15  1.09688e-11  3.90895e-13
      1.00000      1044.71  1.05199e-11  4.08597e-13
      1.00000      1051.35  1.18444e-11  4.23308e-13
      1.00000      1058.08  1.38499e-11  4.34564e-13
      1.00000      1064.89  1.42901e-11  4.36928e-13
      1.00000      1071.79  1.59388e-11  4.48268e-13
      1.00000      1078.79  2.06129e-11  4.52075e-13
      1.00000      1085.87  2.66619e-11  4.63235e-13
      1.00000      1093.05  3.40144e-11  4.84233e-13
      1.00000      1100.33  4.62190e-11  5.35478e-13
      1.00000      1107.70  6.04008e-11  5.77318e-13
      1.00000      1115.17  8.08697e-11  6.30426e-13
      1.00000      1122.74  9.87525e-11  6.66964e-13
      1.00000      1130.42  1.08444e-10  6.82116e-13
      1.00000      1138.20  1.24358e-10  7.18960e-13
      1.00000      1146.09  1.56469e-10  7.92719e-13
      1.00000      1154.09  2.25245e-10  9.32667e-13
      1.00000      1162.20  2.31485e-10  9.27975e-13
      1.00000      1170.43  2.08663e-10  8.78855e-13
      4.00000      1178.78  2.17799e-10  8.70639e-13
      4.00000      1187.24  2.48855e-10  1.05526e-12
      4.00000      1195.83  3.03815e-10  1.39847e-12
      4.00000      1204.54  3.85026e-10  1.79971e-12
      4.00000      1213.38  5.37652e-10  2.18809e-12
      4.00000      1222.35  7.30682e-10  2.43831e-12
      4.00000      1231.46  9.27819e-10  2.97849e-12
      4.00000      1240.70  1.15497e-09  3.44097e-12
      4.00000      1250.08  1.32394e-09  1.07573e-12
      4.00000      1259.60  1.49127e-09  1.10008e-12
      4.00000      1269.27  1.55792e-09  1.46845e-12
      4.00000      1279.09  1.59725e-09  1.97254e-12
      4.00000      1289.06  2.10129e-09  2.52486e-12
      4.00000      1299.19  3.18357e-09  2.92261e-12
      4.00000      1309.48  2.36787e-09  3.22369e-12
      4.00000      1319.94  1.17529e-09  3.61316e-12
      4.00000      1330.56  1.40702e-09  2.71954e-12
      2.00000      1335.93  1.59543e-09  3.87976e-12
      4.00000      1341.35  1.57887e-09  3.91068e-12
      2.00000      1346.82  1.48372e-09  3.59167e-12
      2.00000      1352.33  1.26736e-09  3.32494e-12
      2.00000      1357.88  1.06161e-09  3.06135e-12
      2.00000      1363.48  8.91852e-10  2.84709e-12
      2.00000      1369.12  7.60781e-10  2.65249e-12
      2.00000      1374.82  6.26131e-10  2.41385e-12
      2.00000      1380.56  4.89712e-10  2.11999e-12
      2.00000      1386.34  3.86158e-10  1.87725e-12
      2.00000      1392.18  3.38250e-10  1.72927e-12
      2.00000      1398.07  3.07412e-10  1.69289e-12
      2.00000      1404.00  2.26249e-10  1.55689e-12
      2.00000      1409.99  1.81818e-10  1.48240e-12
      2.00000      1416.03  1.57188e-10  1.45131e-12
      2.00000      1422.12  1.62373e-10  1.48185e-12
      2.00000      1428.26  1.76452e-10  1.51827e-12
      2.00000      1434.46  1.91939e-10  1.52163e-12
      2.00000      1440.71  2.11158e-10  1.53157e-12
      2.00000      1447.01  2.20920e-10  1.50783e-12
      2.00000      1453.37  2.23218e-10  1.49174e-12
      2.00000      1459.79  2.14364e-10  1.46107e-12
      2.00000      1466.26  2.12286e-10  1.43106e-12
      2.00000      1472.79  2.08199e-10  1.38805e-12
      2.00000      1479.38  1.77262e-10  1.24823e-12
      2.00000      1486.03  1.45862e-10  1.12588e-12
      2.00000      1492.74  1.27080e-10  1.07193e-12
      2.00000      1499.51  1.09548e-10  1.02942e-12
      2.00000      1506.34  8.87504e-11  9.94804e-13
      2.00000      1513.23  6.77876e-11  9.44025e-13
      2.00000      1520.19  5.41032e-11  8.85530e-13
      2.00000      1527.21  7.78404e-11  9.34142e-13
      2.00000      1534.30  2.17591e-10  1.32678e-12
      2.00000      1541.45  2.13880e-10  1.26627e-12
      2.00000      1548.67  1.03213e-10  9.34641e-13
      2.00000      1555.95  4.53908e-11  7.46719e-13
      2.00000      1563.31  2.92467e-11  7.02779e-13
      2.00000      1570.74  2.68867e-11  7.01008e-13
      2.00000      1578.23  3.09582e-11  7.04144e-13
      2.00000      1585.80  3.58534e-11  6.83234e-13
      2.00000      1593.44  3.76469e-11  6.60825e-13
      2.00000      1601.16  4.00844e-11  6.47483e-13
      2.00000      1608.95  4.43916e-11  6.67928e-13
      2.00000      1616.82  4.43005e-11  6.60567e-13
      2.00000      1624.76  4.27681e-11  6.50943e-13
      2.00000      1632.78  4.07175e-11  6.39625e-13
      2.00000      1640.89  3.99741e-11  6.41099e-13
      2.00000      1649.07  3.84563e-11  6.25174e-13
      2.00000      1657.34  3.76911e-11  6.30308e-13
      2.00000      1665.68  3.62727e-11  6.24232e-13
      2.00000      1674.12  3.69777e-11  6.17271e-13
      2.00000      1682.64  3.61734e-11  6.15596e-13
      2.00000      1691.24  3.20866e-11  5.94593e-13
      2.00000      1699.94  2.52926e-11  5.71099e-13
      2.00000      1708.72  1.97971e-11  5.51414e-13
      2.00000      1717.60  2.02709e-11  5.50950e-13
      2.00000      1726.57  2.44939e-11  5.64304e-13
      2.00000      1735.63  3.02842e-11  5.91220e-13
      2.00000      1744.79  2.23622e-11  5.41986e-13
      2.00000      1754.04  9.50049e-12  4.73403e-13
      2.00000      1763.39  1.00347e-11  4.78196e-13
      2.00000      1772.85  1.36132e-11  5.25582e-13
      2.00000      1782.41  1.62500e-11  5.43036e-13
      2.00000      1792.07  1.54987e-11  5.33603e-13
      2.00000      1801.83  1.25088e-11  5.02213e-13
      2.00000      1811.70  1.11102e-11  4.83587e-13
      2.00000      1821.69  9.00846e-12  4.84141e-13
      2.00000      1831.78  8.53903e-12  5.04039e-13
      2.00000      1841.98  6.36928e-12  5.26193e-13
      2.00000      1852.30  6.72751e-12  5.41822e-13
      2.00000      1862.73  7.07251e-12  5.35850e-13
      2.00000      1873.29  5.96310e-12  5.29252e-13
      2.00000      1883.96  4.89817e-12  5.64286e-13
      2.00000      1894.75  5.92614e-12  6.07956e-13
      2.00000      1905.67  5.26318e-12  6.07471e-13
      2.00000      1916.72  5.76733e-12  6.07960e-13
      2.00000      1927.90  6.00530e-12  9.48755e-13
