      11.0000      271.534  2.55292e-08  1.78573e-10
      11.0000      271.761  3.47569e-08  3.44947e-10
      11.0000      271.987  2.84471e-08  1.87144e-10
      11.0000      272.214  2.32662e-08  1.54858e-10
      11.0000      272.441  3.00507e-08  2.21746e-10
      11.0000      272.668  2.62906e-08  3.59285e-10
      11.0000      272.895  3.14788e-08  3.75560e-10
      11.0000      273.123  2.86283e-08  1.99440e-10
      11.0000      273.350  3.13412e-08  5.30939e-10
      11.0000      273.578  2.43060e-08  1.45307e-10
      11.0000      273.806  2.90057e-08  3.90626e-10
      11.0000      274.035  3.00205e-08  1.90760e-10
      11.0000      274.263  2.78433e-08  1.70708e-10
      11.0000      274.492  2.84360e-08  1.54075e-10
      11.0000      274.721  2.62954e-08  1.32718e-10
      11.0000      274.950  2.68027e-08  1.39422e-10
      11.0000      275.179  3.03298e-08  1.51701e-10
      11.0000      275.409  2.91460e-08  1.49050e-10
      11.0000      275.638  2.52728e-08  1.43369e-10
      11.0000      275.867  2.51913e-08  1.36918e-10
      11.0000      276.097  2.83556e-08  1.64571e-10
      11.0000      276.328  2.41430e-08  1.25390e-10
      11.0000      276.558  2.45908e-08  1.36745e-10
      11.0000      276.789  2.25791e-08  9.97099e-11
      11.0000      277.020  2.49370e-08  1.32298e-10
      11.0000      277.250  2.36973e-08  1.08550e-10
      11.0000      277.482  2.31377e-08  1.07792e-10
      11.0000      277.713  2.27521e-08  1.03923e-10
      11.0000      277.945  2.32199e-08  1.02717e-10
      11.0000      278.177  2.35995e-08  1.10315e-10
      11.0000      278.408  2.48485e-08  1.19853e-10
      11.0000      278.640  2.62631e-08  1.35236e-10
      11.0000      278.872  2.65112e-08  1.36001e-10
      11.0000      279.105  2.59632e-08  1.29653e-10
      11.0000      279.337  2.67398e-08  1.37792e-10
      11.0000      279.571  2.25032e-08  1.05939e-10
      11.0000      279.804  2.37449e-08  1.10630e-10
      11.0000      280.037  2.18104e-08  8.95584e-11
      11.0000      280.271  2.30146e-08  8.97042e-11
      11.0000      280.504  2.24637e-08  8.47329e-11
      11.0000      280.738  2.30027e-08  8.98482e-11
      11.0000      280.971  2.19723e-08  8.34988e-11
      11.0000      281.206  2.22630e-08  8.46445e-11
      11.0000      281.440  2.32263e-08  8.76456e-11
      11.0000      281.675  2.02738e-08  7.53609e-11
      11.0000      281.910  2.05912e-08  8.06581e-11
      11.0000      282.145  2.16811e-08  8.37953e-11
      11.0000      282.381  2.12931e-08  8.38067e-11
      11.0000      282.616  2.13222e-08  8.08419e-11
      11.0000      282.851  2.19367e-08  8.52528e-11
      11.0000      283.087  2.11106e-08  7.98847e-11
      11.0000      283.323  2.05621e-08  8.01215e-11
      11.0000      283.559  2.08800e-08  8.02709e-11
      11.0000      283.796  2.06622e-08  7.55288e-11
      11.0000      284.032  2.08250e-08  7.57839e-11
      11.0000      284.269  2.03546e-08  7.40010e-11
      11.0000      284.506  2.07393e-08  7.62813e-11
      11.0000      284.743  1.98286e-08  7.31839e-11
      11.0000      284.981  1.79199e-08  6.21868e-11
      11.0000      285.218  1.99382e-08  7.05577e-11
      11.0000      285.456  2.02380e-08  7.20593e-11
      11.0000      285.694  1.96327e-08  7.29360e-11
      11.0000      285.932  1.81400e-08  6.62193e-11
      11.0000      286.171  1.83624e-08  6.48352e-11
      11.0000      286.409  1.98714e-08  7.01187e-11
      11.0000      286.648  1.96330e-08  7.15418e-11
      11.0000      286.887  1.89243e-08  7.00282e-11
      11.0000      287.126  1.84423e-08  6.66500e-11
      11.0000      287.365  1.80806e-08  6.37889e-11
      11.0000      287.605  1.74280e-08  6.15573e-11
      11.0000      287.844  1.91731e-08  7.19561e-11
      11.0000      288.085  1.94870e-08  7.35341e-11
      11.0000      288.325  1.91098e-08  7.33028e-11
      11.0000      288.565  1.84570e-08  7.02492e-11
      11.0000      288.806  1.79791e-08  7.06176e-11
      11.0000      289.047  1.73803e-08  7.30690e-11
      11.0000      289.287  1.84138e-08  7.91798e-11
      11.0000      289.529  1.73388e-08  7.22013e-11
      11.0000      289.770  1.77664e-08  7.49887e-11
      11.0000      290.011  1.75522e-08  7.46997e-11
      11.0000      290.254  1.67109e-08  7.12477e-11
      11.0000      290.495  1.78512e-08  7.68217e-11
      11.0000      290.737  1.72269e-08  7.04940e-11
      11.0000      290.980  1.67416e-08  6.64859e-11
      11.0000      291.223  1.67751e-08  6.71420e-11
      11.0000      291.465  1.67792e-08  6.96332e-11
      11.0000      291.708  1.70399e-08  7.16601e-11
      11.0000      291.951  1.77891e-08  7.72334e-11
      11.0000      292.195  1.71860e-08  7.47538e-11
      11.0000      292.439  1.78355e-08  8.18376e-11
      11.0000      292.683  1.66728e-08  7.93120e-11
      11.0000      292.926  1.56844e-08  7.34093e-11
      11.0000      293.171  1.74301e-08  8.27366e-11
      12.0000      295.377  1.85817e-08  8.09124e-11
      12.0000      295.624  1.76076e-08  7.39274e-11
      12.0000      295.870  1.75551e-08  7.99101e-11
      12.0000      296.117  1.68796e-08  8.08583e-11
      12.0000      296.364  1.67183e-08  7.35820e-11
      12.0000      296.611  1.61091e-08  6.69732e-11
      12.0000      296.858  1.61697e-08  6.68027e-11
      12.0000      297.105  1.66795e-08  7.03710e-11
      12.0000      297.354  1.52983e-08  6.29450e-11
      12.0000      297.601  1.63155e-08  6.47602e-11
      12.0000      297.850  1.61121e-08  5.69136e-11
      12.0000      298.097  1.50280e-08  4.86597e-11
      12.0000      298.346  1.57894e-08  5.41593e-11
      12.0000      298.595  1.58458e-08  5.76783e-11
      12.0000      298.844  1.56466e-08  5.71761e-11
      12.0000      299.093  1.54480e-08  5.26522e-11
      12.0000      299.342  1.54808e-08  5.02551e-11
      12.0000      299.592  1.49897e-08  4.81942e-11
      12.0000      299.842  1.44155e-08  4.81395e-11
      12.0000      300.091  1.47629e-08  5.12374e-11
      12.0000      300.342  1.49728e-08  4.99993e-11
      12.0000      300.592  1.46844e-08  4.85218e-11
      12.0000      300.843  1.42734e-08  4.63843e-11
      12.0000      301.093  1.48553e-08  6.94519e-11
      12.0000      301.345  1.54148e-08  3.87610e-10
      12.0000      301.595  1.52260e-08  4.38277e-11
      12.0000      301.848  1.51074e-08  4.24169e-11
      12.0000      302.099  1.46666e-08  4.46861e-11
      12.0000      302.350  1.44067e-08  4.54585e-11
      12.0000      302.603  1.42602e-08  4.35538e-11
      12.0000      302.855  1.44372e-08  4.08994e-11
      12.0000      303.107  1.47304e-08  4.15147e-11
      12.0000      303.360  1.40068e-08  3.97736e-11
      12.0000      303.614  1.37809e-08  3.83188e-11
      12.0000      303.866  1.41809e-08  3.91889e-11
      12.0000      304.120  1.43191e-08  3.98907e-11
      12.0000      304.373  1.40090e-08  4.04772e-11
      12.0000      304.627  1.37489e-08  4.02965e-11
      12.0000      304.881  1.39729e-08  3.89175e-11
      12.0000      305.135  1.37593e-08  3.50010e-11
      12.0000      305.389  1.38508e-08  3.43983e-11
      12.0000      305.644  1.35255e-08  3.43536e-11
      12.0000      305.899  1.34614e-08  3.48419e-11
      12.0000      306.154  1.35677e-08  3.44831e-11
      12.0000      306.409  1.37887e-08  3.65400e-11
      12.0000      306.665  1.36368e-08  3.84638e-11
      12.0000      306.921  1.33783e-08  4.01959e-11
      12.0000      307.176  1.36707e-08  4.05276e-11
      12.0000      307.432  1.33724e-08  3.69029e-11
      12.0000      307.689  1.31787e-08  3.46376e-11
      12.0000      307.945  1.32814e-08  3.47612e-11
      12.0000      308.202  1.37344e-08  3.65800e-11
      12.0000      308.458  1.44587e-08  3.37307e-11
      12.0000      308.715  1.39613e-08  3.06787e-11
      12.0000      308.973  1.32135e-08  2.98497e-11
      12.0000      309.231  1.30707e-08  3.15759e-11
      12.0000      309.488  1.30544e-08  3.25650e-11
      12.0000      309.746  1.32047e-08  3.30199e-11
      12.0000      310.004  1.30900e-08  3.38760e-11
      12.0000      310.263  1.26443e-08  3.47344e-11
      12.0000      310.522  1.26860e-08  3.59748e-11
      12.0000      310.781  1.29191e-08  3.49032e-11
      12.0000      311.040  1.29352e-08  3.25786e-11
      12.0000      311.300  1.31205e-08  3.30299e-11
      12.0000      311.559  1.28287e-08  3.31793e-11
      12.0000      311.819  1.28729e-08  3.31835e-11
      12.0000      312.079  1.32195e-08  3.22337e-11
      12.0000      312.339  1.29223e-08  3.07418e-11
      12.0000      312.599  1.28182e-08  3.23359e-11
      12.0000      312.860  1.27336e-08  3.34712e-11
      12.0000      313.120  1.29792e-08  3.33103e-11
      12.0000      313.381  1.27093e-08  3.09581e-11
      12.0000      313.643  1.24009e-08  3.02436e-11
      12.0000      313.905  1.24208e-08  3.14631e-11
      12.0000      314.166  1.24531e-08  3.37265e-11
      12.0000      314.428  1.25348e-08  3.47216e-11
      12.0000      314.690  1.25741e-08  3.41583e-11
      12.0000      314.953  1.25212e-08  3.37500e-11
      12.0000      315.215  1.24382e-08  3.22971e-11
      12.0000      315.477  1.26834e-08  3.01150e-11
      12.0000      315.740  1.30270e-08  2.88758e-11
      12.0000      316.004  1.30412e-08  2.99048e-11
      12.0000      316.268  1.28094e-08  3.25966e-11
      12.0000      316.531  1.26951e-08  3.38551e-11
      12.0000      316.795  1.26628e-08  3.19528e-11
      12.0000      317.059  1.24045e-08  3.03853e-11
      12.0000      317.323  1.22788e-08  3.14487e-11
      12.0000      317.587  1.24530e-08  3.26673e-11
      12.0000      317.853  1.26826e-08  3.11829e-11
      12.0000      318.118  1.25963e-08  3.34284e-11
      12.0000      318.383  1.17127e-08  3.77960e-11
      12.0000      318.648  1.19791e-08  3.56464e-11
      12.0000      318.914  1.22003e-08  3.30585e-11
      13.0000      319.180  1.18585e-08  3.61554e-11
      13.0000      319.446  1.19943e-08  3.75634e-11
      13.0000      319.713  1.22068e-08  4.56769e-11
      13.0000      319.978  1.17115e-08  4.90208e-11
      13.0000      320.246  1.16282e-08  4.41082e-11
      13.0000      320.513  1.21528e-08  3.76122e-11
      13.0000      320.780  1.21040e-08  3.51600e-11
      13.0000      321.047  1.19087e-08  3.70052e-11
      13.0000      321.315  1.19022e-08  3.70334e-11
      13.0000      321.583  1.19029e-08  3.18346e-11
      13.0000      321.851  1.20470e-08  2.89898e-11
      13.0000      322.119  1.18365e-08  2.77535e-11
      13.0000      322.387  1.15961e-08  2.82126e-11
      13.0000      322.657  1.16276e-08  2.84483e-11
      13.0000      322.925  1.18957e-08  2.98960e-11
      13.0000      323.195  1.18873e-08  3.22780e-11
      13.0000      323.464  1.17219e-08  3.30446e-11
      13.0000      323.734  1.18770e-08  3.05571e-11
      13.0000      324.003  1.17533e-08  2.58683e-11
      13.0000      324.273  1.16906e-08  2.47749e-11
      13.0000      324.544  1.13867e-08  2.60345e-11
      13.0000      324.815  1.13484e-08  2.68355e-11
      13.0000      325.085  1.17246e-08  2.53768e-11
      13.0000      325.357  1.17032e-08  2.35890e-11
      13.0000      325.628  1.13104e-08  2.32532e-11
      13.0000      325.900  1.09558e-08  2.31324e-11
      13.0000      326.171  1.11286e-08  2.29695e-11
      13.0000      326.443  1.14826e-08  2.37842e-11
      13.0000      326.715  1.14503e-08  2.65253e-11
      13.0000      326.988  1.13016e-08  2.95769e-11
      13.0000      327.259  1.13420e-08  2.86727e-11
      13.0000      327.533  1.18064e-08  2.55538e-11
      13.0000      327.805  1.16443e-08  2.27700e-11
      13.0000      328.079  1.12412e-08  2.13855e-11
      13.0000      328.352  1.12177e-08  2.04565e-11
      13.0000      328.626  1.13920e-08  1.94589e-11
      13.0000      328.900  1.12652e-08  1.99052e-11
      13.0000      329.175  1.10600e-08  2.31923e-11
      13.0000      329.449  1.09603e-08  2.64850e-11
      13.0000      329.724  1.10485e-08  2.62409e-11
      13.0000      329.998  1.12463e-08  2.50971e-11
      13.0000      330.274  1.10978e-08  2.47827e-11
      13.0000      330.549  1.09652e-08  2.42847e-11
      13.0000      330.825  1.10498e-08  2.17910e-11
      13.0000      331.101  1.13186e-08  1.91597e-11
      13.0000      331.376  1.13097e-08  1.85236e-11
      13.0000      331.653  1.11005e-08  1.96366e-11
      13.0000      331.929  1.10793e-08  2.03610e-11
      13.0000      332.206  1.11730e-08  2.05656e-11
      13.0000      332.483  1.11758e-08  2.21723e-11
      13.0000      332.760  1.08409e-08  2.50982e-11
      13.0000      333.037  1.07781e-08  2.69524e-11
      13.0000      333.316  1.11408e-08  2.60205e-11
      13.0000      333.592  1.13801e-08  2.46719e-11
      13.0000      333.871  1.10138e-08  2.32780e-11
      13.0000      334.150  1.10103e-08  2.29127e-11
      13.0000      334.428  1.12086e-08  2.05402e-11
      13.0000      334.707  1.13821e-08  1.83014e-11
      13.0000      334.986  1.13309e-08  1.81038e-11
      13.0000      335.264  1.11063e-08  1.91684e-11
      13.0000      335.545  1.09818e-08  1.95317e-11
      13.0000      335.824  1.09836e-08  1.93857e-11
      13.0000      336.104  1.08233e-08  2.06023e-11
      13.0000      336.384  1.06554e-08  2.32977e-11
      13.0000      336.665  1.08417e-08  2.46691e-11
      13.0000      336.945  1.10610e-08  2.39809e-11
      13.0000      337.226  1.11064e-08  2.37334e-11
      13.0000      337.507  1.15608e-08  2.67047e-11
      13.0000      337.789  1.08225e-08  2.44906e-11
      13.0000      338.071  1.12220e-08  2.33386e-11
      13.0000      338.352  1.12832e-08  2.25153e-11
      13.0000      338.634  1.08419e-08  2.34417e-11
      13.0000      338.916  1.04926e-08  2.45567e-11
      13.0000      339.199  1.07414e-08  2.51118e-11
      13.0000      339.482  1.07586e-08  2.45116e-11
      13.0000      339.765  1.07439e-08  2.60092e-11
      13.0000      340.048  1.07071e-08  2.99850e-11
      13.0000      340.332  1.07888e-08  2.69569e-11
      13.0000      340.616  1.10761e-08  2.52034e-11
      13.0000      340.899  1.08180e-08  2.47947e-11
      13.0000      341.184  1.06739e-08  2.50179e-11
      13.0000      341.468  1.06870e-08  2.38056e-11
      13.0000      341.753  1.08097e-08  2.21992e-11
      13.0000      342.038  1.05714e-08  2.19963e-11
      13.0000      342.323  1.03042e-08  2.34514e-11
      13.0000      342.608  1.04818e-08  2.51646e-11
      13.0000      342.894  1.05906e-08  2.47233e-11
      4.00000      343.180  1.04383e-08  2.52223e-11
      4.00000      343.466  1.03207e-08  2.73332e-11
      4.00000      343.752  1.04068e-08  2.78812e-11
      4.00000      344.039  1.06238e-08  2.62805e-11
      4.00000      344.325  1.06291e-08  2.57065e-11
      4.00000      344.612  1.04440e-08  2.71287e-11
      14.0000      344.900  1.00566e-08  3.08280e-11
      14.0000      345.187  1.03195e-08  2.83720e-11
      14.0000      345.476  1.01383e-08  2.57387e-11
      14.0000      345.764  9.84377e-09  2.54709e-11
      14.0000      346.052  9.78702e-09  2.55219e-11
      14.0000      346.340  1.01555e-08  2.51009e-11
      14.0000      346.629  1.02510e-08  2.70009e-11
      14.0000      346.917  1.00440e-08  3.03187e-11
      14.0000      347.207  9.92991e-09  3.02889e-11
      14.0000      347.496  1.01353e-08  2.55163e-11
      14.0000      347.786  1.02780e-08  2.19104e-11
      14.0000      348.077  9.97395e-09  2.17947e-11
      14.0000      348.367  9.81601e-09  2.29881e-11
      14.0000      348.657  9.96643e-09  2.34348e-11
      14.0000      348.948  1.00253e-08  2.46511e-11
      14.0000      349.239  9.75511e-09  2.66734e-11
      14.0000      349.529  9.84457e-09  2.86194e-11
      14.0000      349.820  1.02189e-08  2.63292e-11
      14.0000      350.112  1.05418e-08  2.45767e-11
      14.0000      350.404  1.05059e-08  2.55427e-11
      14.0000      350.696  1.09293e-08  2.75356e-11
      14.0000      350.989  1.14275e-08  2.71744e-11
      14.0000      351.281  1.15212e-08  2.54791e-11
      14.0000      351.574  1.07754e-08  2.45894e-11
      14.0000      351.867  9.88500e-09  2.36132e-11
      14.0000      352.161  9.54556e-09  2.16021e-11
      14.0000      352.454  9.38089e-09  1.92193e-11
      14.0000      352.749  9.32480e-09  1.94160e-11
      14.0000      353.043  9.04533e-09  2.10436e-11
      14.0000      353.337  9.01700e-09  2.11181e-11
      14.0000      353.632  9.40897e-09  2.10484e-11
      14.0000      353.926  9.42830e-09  2.22942e-11
      14.0000      354.221  1.11483e-08  2.58955e-11
      14.0000      354.517  1.03456e-08  2.29288e-11
      14.0000      354.812  9.20862e-09  1.82753e-11
      14.0000      355.107  9.32018e-09  1.75528e-11
      14.0000      355.404  9.19317e-09  1.81399e-11
      14.0000      355.700  9.06289e-09  1.77569e-11
      14.0000      355.996  9.25982e-09  1.72969e-11
      14.0000      356.294  9.30346e-09  1.85456e-11
      14.0000      356.590  9.26090e-09  2.08454e-11
      14.0000      356.888  9.41910e-09  2.12426e-11
      14.0000      357.185  9.74226e-09  2.08335e-11
      14.0000      357.482  9.59128e-09  2.13932e-11
      14.0000      357.780  9.18672e-09  2.18791e-11
      14.0000      358.079  9.20584e-09  2.07753e-11
      14.0000      358.378  9.21158e-09  1.83945e-11
      14.0000      358.676  9.20017e-09  1.77749e-11
      14.0000      358.976  8.95384e-09  1.80656e-11
      14.0000      359.275  9.12834e-09  1.77818e-11
      14.0000      359.575  9.20983e-09  1.66837e-11
      14.0000      359.874  9.06765e-09  1.69517e-11
      14.0000      360.175  8.98719e-09  1.77089e-11
      14.0000      360.475  9.10265e-09  1.72722e-11
      14.0000      360.775  9.22040e-09  1.65980e-11
      14.0000      361.076  9.00866e-09  1.74693e-11
      14.0000      361.377  8.83641e-09  1.85373e-11
      14.0000      361.678  9.03824e-09  1.84838e-11
      14.0000      361.979  9.16318e-09  1.86556e-11
      14.0000      362.282  9.07673e-09  2.06287e-11
      14.0000      362.583  8.88278e-09  2.23635e-11
      14.0000      362.886  8.99142e-09  2.18633e-11
      14.0000      363.189  9.02290e-09  2.09849e-11
      14.0000      363.491  8.91198e-09  2.20675e-11
      14.0000      363.794  8.75812e-09  2.24280e-11
      14.0000      364.097  8.82700e-09  2.06042e-11
      14.0000      364.401  8.83059e-09  1.93663e-11
      14.0000      364.704  8.71196e-09  2.00255e-11
      14.0000      365.009  8.56187e-09  2.04416e-11
      14.0000      365.313  8.63997e-09  1.91484e-11
      14.0000      365.617  8.70111e-09  1.87109e-11
      14.0000      365.922  8.39965e-09  1.92250e-11
      14.0000      366.228  8.37018e-09  1.98757e-11
      14.0000      366.533  8.58538e-09  1.91098e-11
      14.0000      366.838  8.65090e-09  1.86400e-11
      4.00000      367.144  8.31210e-09  1.94065e-11
      4.00000      367.450  8.24867e-09  1.99169e-11
      4.00000      367.757  8.37517e-09  1.87384e-11
      4.00000      368.062  8.38963e-09  1.85143e-11
      4.00000      368.370  8.13607e-09  1.95496e-11
      4.00000      368.677  8.13134e-09  2.00149e-11
      4.00000      368.985  8.24605e-09  1.92033e-11
      4.00000      369.293  8.16434e-09  1.95291e-11
      4.00000      369.600  7.98705e-09  2.13547e-11
      4.00000      369.909  7.98985e-09  2.12248e-11
      4.00000      370.217  8.16696e-09  2.05095e-11
      4.00000      370.525  8.05725e-09  2.10904e-11
      15.0000      370.835  7.70997e-09  2.13196e-11
      15.0000      371.143  7.77436e-09  2.08262e-11
      15.0000      371.453  8.05536e-09  2.17798e-11
      15.0000      371.762  7.81865e-09  2.37031e-11
      15.0000      372.072  7.62124e-09  2.36811e-11
      15.0000      372.383  7.61615e-09  1.99130e-11
      15.0000      372.692  7.70418e-09  1.74625e-11
      15.0000      373.003  7.56428e-09  1.77809e-11
      15.0000      373.314  7.46964e-09  1.85927e-11
      15.0000      373.626  7.59087e-09  1.87187e-11
      15.0000      373.937  7.60692e-09  1.98301e-11
      15.0000      374.249  7.36142e-09  2.09553e-11
      15.0000      374.561  7.30197e-09  1.93622e-11
      15.0000      374.873  7.47660e-09  1.67759e-11
      15.0000      375.185  7.47249e-09  1.56688e-11
      15.0000      375.498  7.27812e-09  1.61392e-11
      15.0000      375.811  7.30060e-09  1.61810e-11
      15.0000      376.125  7.43364e-09  1.62366e-11
      15.0000      376.438  7.27661e-09  1.79239e-11
      15.0000      376.753  7.07953e-09  1.92267e-11
      15.0000      377.067  7.17437e-09  1.76116e-11
      15.0000      377.381  7.28356e-09  1.57180e-11
      15.0000      377.695  7.08958e-09  1.52755e-11
      15.0000      378.010  6.98012e-09  1.51096e-11
      15.0000      378.325  7.10599e-09  1.41423e-11
      15.0000      378.640  7.14052e-09  1.41371e-11
      15.0000      378.956  6.94624e-09  1.53873e-11
      15.0000      379.272  6.83348e-09  1.61150e-11
      15.0000      379.589  7.07935e-09  1.60726e-11
      15.0000      379.905  6.95371e-09  1.63507e-11
      15.0000      380.222  6.69267e-09  1.66829e-11
      15.0000      380.539  6.75216e-09  1.56526e-11
      15.0000      380.855  6.91222e-09  1.41346e-11
      15.0000      381.173  6.77445e-09  1.37626e-11
      15.0000      381.492  6.58425e-09  1.38034e-11
      15.0000      381.809  6.68696e-09  1.29830e-11
      15.0000      382.127  6.77881e-09  1.24684e-11
      15.0000      382.446  6.58646e-09  1.32223e-11
      15.0000      382.765  6.50016e-09  1.38737e-11
      15.0000      383.085  6.60653e-09  1.37180e-11
      15.0000      383.403  6.55184e-09  1.45445e-11
      15.0000      383.723  6.32441e-09  1.65600e-11
      15.0000      384.044  6.34183e-09  1.71850e-11
      15.0000      384.363  6.50416e-09  1.57564e-11
      15.0000      384.683  6.43681e-09  1.53654e-11
      15.0000      385.005  6.25158e-09  1.52653e-11
      15.0000      385.325  6.36508e-09  1.40253e-11
      15.0000      385.646  6.47621e-09  1.25106e-11
      15.0000      385.968  6.24236e-09  1.22104e-11
      15.0000      386.290  6.05875e-09  1.22789e-11
      15.0000      386.612  6.15465e-09  1.18272e-11
      15.0000      386.934  6.16606e-09  1.17855e-11
      15.0000      387.256  5.96535e-09  1.25917e-11
      15.0000      387.580  5.95751e-09  1.29587e-11
      15.0000      387.902  6.11962e-09  1.25556e-11
      15.0000      388.226  6.05663e-09  1.27559e-11
      15.0000      388.550  5.89776e-09  1.32135e-11
      15.0000      388.874  5.97671e-09  1.26749e-11
      15.0000      389.197  6.05216e-09  1.22504e-11
      15.0000      389.522  5.85204e-09  1.30903e-11
      15.0000      389.847  5.71504e-09  1.40109e-11
      15.0000      390.172  5.83811e-09  1.40090e-11
      15.0000      390.497  5.80922e-09  1.44873e-11
      15.0000      390.823  5.65723e-09  1.63147e-11
      4.00000      391.149  5.56761e-09  1.64861e-11
      4.00000      391.475  5.72944e-09  1.56669e-11
      4.00000      391.802  5.64958e-09  1.58258e-11
      4.00000      392.128  5.48844e-09  1.64649e-11
      4.00000      392.455  5.52193e-09  1.56901e-11
      4.00000      392.782  5.65671e-09  1.55208e-11
      4.00000      393.110  5.40890e-09  1.61092e-11
      4.00000      393.437  5.29818e-09  1.75457e-11
      4.00000      393.766  5.44406e-09  1.72166e-11
      4.00000      394.093  5.44818e-09  1.76045e-11
      4.00000      394.421  5.22498e-09  1.97272e-11
      4.00000      394.751  5.23683e-09  1.90664e-11
      4.00000      395.080  5.42602e-09  1.75214e-11
      4.00000      395.409  5.35990e-09  1.75660e-11
      4.00000      395.739  5.17457e-09  1.77709e-11
      4.00000      396.069  5.26486e-09  1.67282e-11
      4.00000      396.399  5.27290e-09  1.62754e-11
      16.0000      396.729  4.96191e-09  1.81962e-11
      16.0000      397.060  4.87185e-09  1.91324e-11
      16.0000      397.392  4.99047e-09  1.65492e-11
      16.0000      397.722  5.03227e-09  1.52294e-11
      16.0000      398.054  4.86803e-09  1.48994e-11
      16.0000      398.386  4.91521e-09  1.37239e-11
      16.0000      398.718  5.03817e-09  1.32161e-11
      16.0000      399.050  4.85911e-09  1.45238e-11
      16.0000      399.383  4.74029e-09  1.57680e-11
      16.0000      399.717  4.81938e-09  1.45557e-11
      16.0000      400.050  4.77942e-09  1.34884e-11
      16.0000      400.383  4.62585e-09  1.36283e-11
      16.0000      400.716  4.66806e-09  1.31468e-11
      16.0000      401.051  4.77355e-09  1.24629e-11
      16.0000      401.386  4.66625e-09  1.29876e-11
      16.0000      401.719  4.56388e-09  1.33931e-11
      16.0000      402.055  4.66924e-09  1.30646e-11
      16.0000      402.390  4.68962e-09  1.33401e-11
      16.0000      402.726  4.44598e-09  1.36395e-11
      16.0000      403.062  4.45145e-09  1.27151e-11
      16.0000      403.397  4.53126e-09  1.16049e-11
      16.0000      403.734  4.41871e-09  1.16391e-11
      16.0000      404.070  4.36911e-09  1.19438e-11
      16.0000      404.406  4.46305e-09  1.13145e-11
      16.0000      404.744  4.44602e-09  1.11676e-11
      16.0000      405.081  4.31116e-09  1.17633e-11
      16.0000      405.420  4.32093e-09  1.17393e-11
      16.0000      405.757  4.38337e-09  1.17645e-11
      16.0000      406.095  4.23336e-09  1.28337e-11
      16.0000      406.435  4.09663e-09  1.33137e-11
      16.0000      406.774  4.20613e-09  1.23319e-11
      16.0000      407.111  4.22675e-09  1.17358e-11
      16.0000      407.451  4.06010e-09  1.17228e-11
      16.0000      407.790  4.11252e-09  1.12152e-11
      16.0000      408.132  4.21476e-09  1.00564e-11
      16.0000      408.472  4.07987e-09  9.83496e-12
      16.0000      408.812  3.99662e-09  9.84049e-12
      16.0000      409.152  4.08019e-09  9.50818e-12
      16.0000      409.494  4.01382e-09  1.00094e-11
      16.0000      409.834  3.85529e-09  1.14099e-11
      16.0000      410.177  3.87533e-09  1.18708e-11
      16.0000      410.519  4.00870e-09  1.21747e-11
      16.0000      410.862  3.85813e-09  1.34270e-11
      16.0000      411.203  3.81939e-09  1.40998e-11
      16.0000      411.546  3.96027e-09  1.28955e-11
      16.0000      411.889  3.92846e-09  1.21958e-11
      16.0000      412.233  3.74513e-09  1.22664e-11
      16.0000      412.577  3.74377e-09  1.17195e-11
      16.0000      412.919  3.82397e-09  1.09780e-11
      16.0000      413.264  3.64762e-09  1.13257e-11
      16.0000      413.609  3.62336e-09  1.21678e-11
      16.0000      413.954  3.73706e-09  1.13281e-11
      16.0000      414.298  3.74409e-09  1.08996e-11
      16.0000      414.644  3.63115e-09  1.10305e-11
      16.0000      414.989  3.68832e-09  1.03817e-11
      4.00000      415.336  3.63946e-09  9.53042e-12
      4.00000      415.683  3.51699e-09  9.75314e-12
      4.00000      416.029  3.41740e-09  1.00946e-11
      4.00000      416.375  3.50491e-09  9.97608e-12
      4.00000      416.722  3.43295e-09  1.03982e-11
      4.00000      417.070  3.32352e-09  1.10885e-11
      4.00000      417.418  3.40379e-09  1.09508e-11
      4.00000      417.767  3.47697e-09  1.05856e-11
      4.00000      418.114  3.37894e-09  1.07380e-11
      4.00000      418.463  3.38894e-09  1.04931e-11
      4.00000      418.811  3.43181e-09  1.00561e-11
      4.00000      419.161  3.30613e-09  1.03568e-11
      4.00000      419.511  3.20515e-09  1.09481e-11
      4.00000      419.859  3.29846e-09  1.11732e-11
      4.00000      420.210  3.26325e-09  1.14664e-11
      4.00000      420.560  3.12150e-09  1.19908e-11
      4.00000      420.911  3.16343e-09  1.18116e-11
      4.00000      421.262  3.22633e-09  1.13254e-11
      4.00000      421.614  3.10080e-09  1.14283e-11
      4.00000      421.964  3.09103e-09  1.15137e-11
      4.00000      422.317  3.16003e-09  1.13194e-11
      17.0000      422.669  3.04785e-09  1.22776e-11
      17.0000      423.021  2.94959e-09  1.34005e-11
      17.0000      423.374  3.01965e-09  1.38934e-11
      17.0000      423.727  2.99933e-09  1.49226e-11
      17.0000      424.079  2.87424e-09  1.54376e-11
      17.0000      424.434  2.91926e-09  1.31933e-11
      17.0000      424.787  2.99357e-09  1.11418e-11
      17.0000      425.141  2.87293e-09  1.06706e-11
      17.0000      425.496  2.82259e-09  1.05743e-11
      17.0000      425.851  2.88196e-09  1.02631e-11
      17.0000      426.205  2.82393e-09  1.14744e-11
      17.0000      426.561  2.72552e-09  1.28890e-11
      17.0000      426.916  2.78468e-09  1.30112e-11
      17.0000      427.272  2.83498e-09  1.23925e-11
      17.0000      427.628  2.72712e-09  1.16875e-11
      17.0000      427.985  2.73675e-09  1.03295e-11
      17.0000      428.343  2.78686e-09  9.07609e-12
      17.0000      428.699  2.68319e-09  9.09194e-12
      17.0000      429.056  2.64157e-09  9.17643e-12
      17.0000      429.415  2.72449e-09  9.10196e-12
      17.0000      429.771  2.66355e-09  9.90222e-12
      17.0000      430.130  2.56980e-09  1.08004e-11
      17.0000      430.489  2.65354e-09  1.08089e-11
      17.0000      430.847  2.67958e-09  1.10732e-11
      17.0000      431.207  2.55320e-09  1.12054e-11
      17.0000      431.566  2.56923e-09  9.94363e-12
      17.0000      431.926  2.60704e-09  8.87722e-12
      17.0000      432.287  2.51621e-09  8.85744e-12
      17.0000      432.646  2.48284e-09  8.65361e-12
      17.0000      433.007  2.51968e-09  8.16571e-12
      17.0000      433.368  2.46871e-09  8.23442e-12
      17.0000      433.730  2.42926e-09  8.28581e-12
      17.0000      434.092  2.50127e-09  7.94443e-12
      17.0000      434.452  2.45301e-09  8.07716e-12
      17.0000      434.815  2.39588e-09  8.62333e-12
      17.0000      435.178  2.41989e-09  8.61033e-12
      17.0000      435.540  2.40217e-09  9.01456e-12
      17.0000      435.905  2.32866e-09  1.00175e-11
      17.0000      436.268  2.34372e-09  1.03413e-11
      17.0000      436.630  2.39490e-09  1.02203e-11
      17.0000      436.994  2.29219e-09  1.02640e-11
      17.0000      437.359  2.28544e-09  9.85460e-12
      17.0000      437.723  2.34924e-09  8.93886e-12
      17.0000      438.089  2.26927e-09  8.75882e-12
      17.0000      438.454  2.21339e-09  8.80955e-12
      17.0000      438.820  2.28692e-09  8.36057e-12
      17.0000      439.186  2.24820e-09  8.25462e-12
      4.00000      439.551  2.12074e-09  8.41051e-12
      4.00000      439.918  2.15028e-09  8.05880e-12
      4.00000      440.284  2.17617e-09  7.74750e-12
      4.00000      440.651  2.11891e-09  7.84901e-12
      4.00000      441.018  2.11338e-09  7.70010e-12
      4.00000      441.386  2.13858e-09  7.54912e-12
      4.00000      441.755  2.10441e-09  7.91515e-12
      4.00000      442.124  2.08362e-09  8.08506e-12
      4.00000      442.492  2.08752e-09  7.93861e-12
      4.00000      442.860  2.02902e-09  8.10967e-12
      4.00000      443.229  2.00777e-09  8.11418e-12
      4.00000      443.599  2.04498e-09  7.80986e-12
      4.00000      443.969  1.99469e-09  7.90773e-12
      4.00000      444.340  1.95107e-09  8.11068e-12
      4.00000      444.709  1.98359e-09  8.06138e-12
      4.00000      445.079  1.96948e-09  8.30221e-12
      4.00000      445.452  1.89169e-09  8.71240e-12
      4.00000      445.824  1.94611e-09  8.68883e-12
      4.00000      446.194  1.96325e-09  8.62167e-12
      4.00000      446.566  1.91443e-09  8.78340e-12
      4.00000      446.939  1.93424e-09  8.69413e-12
      4.00000      447.311  1.95196e-09  8.60729e-12
      4.00000      447.684  1.89500e-09  8.97837e-12
      4.00000      448.057  1.88004e-09  9.27712e-12
      4.00000      448.431  1.89014e-09  9.40530e-12
      18.0000      448.805  1.76621e-09  1.20553e-11
      18.0000      449.180  1.76493e-09  1.04397e-11
      18.0000      449.553  1.79067e-09  8.89422e-12
      18.0000      449.928  1.76024e-09  8.35870e-12
      18.0000      450.302  1.72873e-09  8.10545e-12
      18.0000      450.678  1.75250e-09  8.10434e-12
      18.0000      451.054  1.71805e-09  9.07291e-12
      18.0000      451.431  1.67565e-09  1.00568e-11
      18.0000      451.806  1.80233e-09  1.04978e-11
      18.0000      452.184  1.71752e-09  1.01729e-11
      18.0000      452.560  1.65159e-09  9.29032e-12
      18.0000      452.938  1.71178e-09  7.91049e-12
      18.0000      453.315  1.69354e-09  7.29810e-12
      18.0000      453.694  1.63037e-09  7.29285e-12
      18.0000      454.071  1.65742e-09  7.15821e-12
      18.0000      454.450  1.62996e-09  7.68673e-12
      18.0000      454.829  1.58549e-09  8.53780e-12
      18.0000      455.208  1.61540e-09  8.61816e-12
      18.0000      455.587  1.62253e-09  8.92412e-12
      18.0000      455.967  1.56252e-09  9.51977e-12
      18.0000      456.348  1.59884e-09  8.56622e-12
      18.0000      456.727  1.60948e-09  7.63775e-12
      18.0000      457.109  1.52787e-09  7.64662e-12
      18.0000      457.490  1.53747e-09  7.58601e-12
      18.0000      457.871  1.56683e-09  7.26971e-12
      18.0000      458.253  1.49054e-09  7.43450e-12
      18.0000      458.636  1.49347e-09  7.25414e-12
      18.0000      459.017  1.54189e-09  6.71974e-12
      18.0000      459.400  1.48987e-09  6.70944e-12
      18.0000      459.783  1.47053e-09  6.57118e-12
      18.0000      460.166  1.50973e-09  6.58897e-12
      18.0000      460.549  1.44070e-09  7.41571e-12
      18.0000      460.934  1.41206e-09  8.23237e-12
      18.0000      461.318  1.47384e-09  8.51973e-12
      18.0000      461.702  1.43556e-09  9.18742e-12
      18.0000      462.088  1.40261e-09  9.68028e-12
      18.0000      462.473  1.47651e-09  8.61670e-12
      18.0000      462.858  1.43954e-09  8.10515e-12
      18.0000      463.244  1.38123e-09  7.94848e-12
      4.00000      463.631  1.36474e-09  7.48942e-12
      4.00000      464.018  1.31666e-09  7.66312e-12
      4.00000      464.403  1.30579e-09  8.19465e-12
      4.00000      464.792  1.30974e-09  7.96220e-12
      4.00000      465.179  1.32114e-09  7.68727e-12
      4.00000      465.567  1.30433e-09  7.49960e-12
      4.00000      465.955  1.36935e-09  6.89071e-12
      4.00000      466.342  1.31113e-09  6.48674e-12
      4.00000      466.731  1.27597e-09  6.64980e-12
      4.00000      467.122  1.30710e-09  6.82004e-12
      4.00000      467.510  1.29340e-09  7.19848e-12
      4.00000      467.900  1.24579e-09  7.88249e-12
      4.00000      468.290  1.26909e-09  7.93357e-12
      4.00000      468.680  1.28992e-09  7.60618e-12
      4.00000      469.072  1.23498e-09  7.44798e-12
      4.00000      469.462  1.26893e-09  7.01940e-12
      4.00000      469.854  1.25757e-09  6.99544e-12
      4.00000      470.245  1.21143e-09  7.53290e-12
      4.00000      470.637  1.22533e-09  8.02778e-12
      4.00000      471.029  1.21223e-09  8.67523e-12
      4.00000      471.422  1.16803e-09  9.30779e-12
      4.00000      471.816  1.19033e-09  9.20028e-12
      4.00000      472.208  1.21151e-09  8.85485e-12
      4.00000      472.603  1.17015e-09  8.77123e-12
      4.00000      472.997  1.19132e-09  8.50473e-12
      4.00000      473.391  1.17614e-09  8.73384e-12
      4.00000      473.785  1.11592e-09  9.88288e-12
      4.00000      474.181  1.12326e-09  1.08319e-11
      4.00000      474.577  1.12989e-09  1.14406e-11
      19.0000      474.971  1.06873e-09  1.41283e-11
      19.0000      475.367  1.09475e-09  1.12079e-11
      19.0000      475.765  1.11763e-09  9.36668e-12
      19.0000      476.161  1.05357e-09  8.93946e-12
      19.0000      476.558  1.06345e-09  8.70759e-12
      19.0000      476.954  1.06788e-09  9.24313e-12
      19.0000      477.352  1.03298e-09  1.03092e-11
      19.0000      477.751  1.05875e-09  1.06170e-11
      19.0000      478.149  1.07098e-09  1.07572e-11
      19.0000      478.547  1.03359e-09  1.10440e-11
      19.0000      478.946  1.05560e-09  9.67181e-12
      19.0000      479.345  1.05632e-09  8.48745e-12
      19.0000      479.745  1.00873e-09  8.27536e-12
      19.0000      480.146  1.02439e-09  7.97437e-12
      19.0000      480.545  1.00604e-09  7.98461e-12
      19.0000      480.945  9.66359e-10  8.10511e-12
      19.0000      481.348  1.00434e-09  7.63615e-12
      19.0000      481.749  9.94646e-10  7.31834e-12
      19.0000      482.151  1.00434e-09  7.42371e-12
      19.0000      482.551  1.03393e-09  7.31885e-12
      19.0000      482.954  1.01094e-09  7.89658e-12
      19.0000      483.356  9.68098e-10  8.84722e-12
      19.0000      483.760  9.82715e-10  9.38961e-12
      19.0000      484.163  9.68311e-10  9.52448e-12
      19.0000      484.567  9.43881e-10  8.86558e-12
      19.0000      484.971  9.74475e-10  7.84099e-12
      19.0000      485.376  9.51409e-10  7.26190e-12
      19.0000      485.779  9.60175e-10  6.79559e-12
      19.0000      486.185  9.54808e-10  6.51853e-12
      19.0000      486.590  9.05924e-10  6.74448e-12
      19.0000      486.995  9.16482e-10  6.95378e-12
      19.0000      487.401  9.31309e-10  7.05858e-12
      19.0000      487.807  9.27334e-10  7.28438e-12
      4.00000      488.215  8.32357e-10  6.87667e-12
      4.00000      488.622  8.92883e-10  6.40131e-12
      4.00000      489.029  8.58052e-10  6.46686e-12
      4.00000      489.436  8.54614e-10  6.57101e-12
      4.00000      489.845  8.44646e-10  7.16901e-12
      4.00000      490.254  7.97478e-10  7.81870e-12
      4.00000      490.663  8.83526e-10  7.92575e-12
      4.00000      491.070  7.98529e-10  8.24027e-12
      4.00000      491.480  8.19475e-10  8.07884e-12
      4.00000      491.889  8.55163e-10  7.69066e-12
      4.00000      492.300  8.33266e-10  7.94365e-12
      4.00000      492.710  8.11225e-10  8.44354e-12
      4.00000      493.121  8.31969e-10  8.82823e-12
      4.00000      493.532  7.68963e-10  9.65014e-12
      4.00000      493.944  7.70795e-10  9.96825e-12
      4.00000      494.354  8.28279e-10  9.80613e-12
      4.00000      494.768  7.61708e-10  9.93266e-12
      4.00000      495.179  7.98113e-10  9.52097e-12
      4.00000      495.592  7.94867e-10  9.38486e-12
      4.00000      496.005  7.56092e-10  1.01158e-11
      4.00000      496.418  7.77940e-10  1.05983e-11
      4.00000      496.833  8.02562e-10  1.10592e-11
      4.00000      497.248  7.55975e-10  1.17928e-11
      4.00000      497.661  7.93418e-10  1.14331e-11
      4.00000      498.077  7.94579e-10  1.09955e-11
      4.00000      498.492  7.68154e-10  1.14235e-11
      4.00000      498.907  7.81719e-10  1.07649e-11
      4.00000      499.323  7.55781e-10  1.11798e-11
      4.00000      499.740  7.23381e-10  1.21882e-11
      4.00000      500.158  7.41780e-10  1.20287e-11
      4.00000      500.573  7.47800e-10  1.23374e-11
      4.00000      500.992  7.26213e-10  1.21173e-11
      20.0000      501.409  7.64982e-10  9.14586e-12
      20.0000      501.827  7.41358e-10  8.41857e-12
      20.0000      502.245  7.23524e-10  8.09579e-12
      20.0000      502.664  7.18259e-10  7.95046e-12
      20.0000      503.081  7.05162e-10  8.18987e-12
      20.0000      503.502  7.54919e-10  8.32607e-12
      20.0000      503.921  7.34177e-10  8.26418e-12
      20.0000      504.342  7.05037e-10  8.49297e-12
      20.0000      504.762  7.09872e-10  8.60700e-12
      20.0000      505.183  7.31356e-10  8.51675e-12
      20.0000      505.605  6.89784e-10  8.05040e-12
      20.0000      506.027  7.01053e-10  7.74484e-12
      20.0000      506.447  7.05188e-10  7.38771e-12
      20.0000      506.871  6.98816e-10  6.86262e-12
      20.0000      507.292  6.85648e-10  6.36389e-12
      20.0000      507.715  7.08708e-10  6.12073e-12
      20.0000      508.138  7.22545e-10  6.06213e-12
      20.0000      508.562  6.77370e-10  6.36960e-12
      20.0000      508.986  6.57302e-10  6.72331e-12
      20.0000      509.411  6.62340e-10  7.10371e-12
      20.0000      509.835  6.47384e-10  7.34602e-12
      20.0000      510.261  6.70859e-10  7.37690e-12
      20.0000      510.686  6.76200e-10  7.55790e-12
      20.0000      511.112  6.41177e-10  7.44078e-12
      20.0000      511.538  6.37409e-10  7.41698e-12
      20.0000      511.965  6.31148e-10  7.35039e-12
      20.0000      512.392  6.28208e-10  7.36595e-12
      20.0000      512.818  6.36206e-10  7.14460e-12
      20.0000      513.244  6.36013e-10  6.79845e-12
      20.0000      513.674  6.40147e-10  6.38100e-12
      20.0000      514.102  6.27070e-10  6.24186e-12
      20.0000      514.530  6.28811e-10  6.21699e-12
      20.0000      514.960  6.18219e-10  6.59831e-12
      20.0000      515.390  5.95082e-10  7.46263e-12
      20.0000      515.818  6.01563e-10  8.05628e-12
      20.0000      516.249  6.03548e-10  8.64708e-12
      20.0000      516.678  5.88907e-10  8.93728e-12
      20.0000      517.109  6.19002e-10  9.02562e-12
      20.0000      517.539  5.95228e-10  1.03778e-11
      20.0000      517.971  5.80103e-10  1.18754e-11
      20.0000      518.403  5.64354e-10  1.39940e-11
      20.0000      518.836  5.71775e-10  1.77457e-11
      20.0000      519.267  5.62500e-10  1.96246e-11
      20.0000      519.702  5.38434e-10  2.01365e-11
      20.0000      520.134  4.90433e-10  2.27868e-11
      20.0000      520.568  5.60567e-10  2.19717e-11
      20.0000      521.002  5.35256e-10  2.45177e-11
      20.0000      521.436  4.20851e-10  3.23570e-11
      20.0000      521.872  5.58380e-10  3.60688e-11
      20.0000      522.308  5.26824e-10  4.38185e-11
      20.0000      522.742  4.67111e-10  4.85776e-11
      20.0000      523.177  6.35257e-10  4.53869e-11
      20.0000      523.615  5.73422e-10  4.85665e-11
      20.0000      524.051  4.37141e-10  5.24383e-11
      20.0000      524.488  3.98543e-10  5.24728e-11
      20.0000      524.923  3.05889e-10  6.62557e-11
      20.0000      525.362  2.81216e-10  8.37032e-11
      20.0000      525.801  1.73105e-10  8.79947e-11
      20.0000      526.238  2.44676e-10  9.57278e-11
      20.0000      526.676  2.49715e-10  8.96125e-11
