      11.0000      271.534  2.52305e-08  1.77710e-10
      11.0000      271.761  3.44961e-08  3.48978e-10
      11.0000      271.987  2.80191e-08  1.85825e-10
      11.0000      272.214  2.30566e-08  1.54211e-10
      11.0000      272.441  3.02805e-08  2.17941e-10
      11.0000      272.668  2.62997e-08  3.50902e-10
      11.0000      272.895  3.14278e-08  3.70202e-10
      11.0000      273.123  2.84126e-08  1.99186e-10
      11.0000      273.350  3.11951e-08  5.31047e-10
      11.0000      273.578  2.45756e-08  1.45265e-10
      11.0000      273.806  2.94483e-08  3.91079e-10
      11.0000      274.035  2.97387e-08  1.90493e-10
      11.0000      274.263  2.75005e-08  1.67172e-10
      11.0000      274.492  2.79359e-08  1.52781e-10
      11.0000      274.721  2.61069e-08  1.32246e-10
      11.0000      274.950  2.55871e-08  1.36576e-10
      11.0000      275.179  2.93331e-08  1.50019e-10
      11.0000      275.409  2.88560e-08  1.48505e-10
      11.0000      275.638  2.51827e-08  1.43317e-10
      11.0000      275.867  2.50269e-08  1.36672e-10
      11.0000      276.097  2.78269e-08  1.63564e-10
      11.0000      276.328  2.38032e-08  1.24973e-10
      11.0000      276.558  2.44345e-08  1.36725e-10
      11.0000      276.789  2.23333e-08  9.94216e-11
      11.0000      277.020  2.44861e-08  1.30074e-10
      11.0000      277.250  2.32695e-08  1.06080e-10
      11.0000      277.482  2.29512e-08  1.07350e-10
      11.0000      277.713  2.45474e-08  1.07577e-10
      11.0000      277.945  2.30172e-08  1.02448e-10
      11.0000      278.177  2.31945e-08  1.09668e-10
      11.0000      278.408  2.44418e-08  1.19027e-10
      11.0000      278.640  2.60569e-08  1.34895e-10
      11.0000      278.872  2.64641e-08  1.36126e-10
      11.0000      279.105  2.57302e-08  1.29235e-10
      11.0000      279.337  2.66521e-08  1.37661e-10
      11.0000      279.571  2.23531e-08  1.06038e-10
      11.0000      279.804  2.37254e-08  1.11038e-10
      11.0000      280.037  2.15912e-08  8.91787e-11
      11.0000      280.271  2.27846e-08  8.92843e-11
      11.0000      280.504  2.22742e-08  8.44122e-11
      11.0000      280.738  2.29251e-08  9.08636e-11
      11.0000      280.971  2.20539e-08  8.41834e-11
      11.0000      281.206  2.16768e-08  8.22283e-11
      11.0000      281.440  2.29494e-08  8.72438e-11
      11.0000      281.675  2.01441e-08  7.52153e-11
      11.0000      281.910  2.03352e-08  8.02251e-11
      11.0000      282.145  2.16890e-08  8.38759e-11
      11.0000      282.381  2.13487e-08  8.38746e-11
      11.0000      282.616  2.13067e-08  8.07877e-11
      11.0000      282.851  2.18943e-08  8.52331e-11
      11.0000      283.087  2.09570e-08  8.08881e-11
      11.0000      283.323  2.03593e-08  7.99789e-11
      11.0000      283.559  2.08061e-08  8.02057e-11
      11.0000      283.796  2.05550e-08  7.53785e-11
      11.0000      284.032  2.07423e-08  7.56698e-11
      11.0000      284.269  2.02389e-08  7.38546e-11
      11.0000      284.506  2.05821e-08  7.64721e-11
      11.0000      284.743  1.97196e-08  7.41162e-11
      11.0000      284.981  1.78459e-08  6.20653e-11
      11.0000      285.218  1.97290e-08  7.02375e-11
      11.0000      285.456  2.00419e-08  7.17545e-11
      11.0000      285.694  1.95435e-08  7.27853e-11
      11.0000      285.932  1.81371e-08  6.62521e-11
      11.0000      286.171  1.82455e-08  6.49663e-11
      11.0000      286.409  1.97600e-08  7.01846e-11
      11.0000      286.648  1.94728e-08  7.13288e-11
      11.0000      286.887  1.87907e-08  6.98349e-11
      11.0000      287.126  1.83175e-08  6.64400e-11
      11.0000      287.365  1.79889e-08  6.36014e-11
      11.0000      287.605  1.72714e-08  6.12929e-11
      11.0000      287.844  1.90189e-08  7.17658e-11
      11.0000      288.085  1.93200e-08  7.32971e-11
      11.0000      288.325  1.89078e-08  7.30140e-11
      11.0000      288.565  1.83380e-08  7.01088e-11
      11.0000      288.806  1.78526e-08  7.04214e-11
      11.0000      289.047  1.72687e-08  7.29314e-11
      11.0000      289.287  1.82190e-08  7.88380e-11
      11.0000      289.529  1.72646e-08  7.21338e-11
      11.0000      289.770  1.77824e-08  7.51140e-11
      11.0000      290.011  1.76447e-08  7.57034e-11
      11.0000      290.254  1.65689e-08  7.09927e-11
      11.0000      290.495  1.77018e-08  7.65097e-11
      11.0000      290.737  1.73121e-08  7.09536e-11
      11.0000      290.980  1.64709e-08  6.69789e-11
      11.0000      291.223  1.64241e-08  6.64382e-11
      11.0000      291.465  1.65311e-08  6.91095e-11
      11.0000      291.708  1.68314e-08  7.10713e-11
      11.0000      291.951  1.76786e-08  7.70495e-11
      11.0000      292.195  1.70843e-08  7.46253e-11
      11.0000      292.439  1.78035e-08  8.17517e-11
      11.0000      292.683  1.66318e-08  7.91703e-11
      11.0000      292.926  1.55717e-08  7.31988e-11
      11.0000      293.171  1.73674e-08  8.26264e-11
      12.0000      295.377  1.83732e-08  8.05016e-11
      12.0000      295.624  1.75620e-08  7.42999e-11
      12.0000      295.870  1.73475e-08  7.68803e-11
      12.0000      296.117  1.65978e-08  7.49512e-11
      12.0000      296.364  1.67306e-08  7.36722e-11
      12.0000      296.611  1.59841e-08  6.67549e-11
      12.0000      296.858  1.59801e-08  6.61989e-11
      12.0000      297.105  1.63555e-08  6.97170e-11
      12.0000      297.354  1.52690e-08  6.29247e-11
      12.0000      297.601  1.61767e-08  6.44752e-11
      12.0000      297.850  1.60461e-08  5.67768e-11
      12.0000      298.097  1.49571e-08  4.85278e-11
      12.0000      298.346  1.57111e-08  5.40933e-11
      12.0000      298.595  1.57138e-08  5.74424e-11
      12.0000      298.844  1.55620e-08  5.70615e-11
      12.0000      299.093  1.54234e-08  5.29421e-11
      12.0000      299.342  1.52866e-08  4.99763e-11
      12.0000      299.592  1.46903e-08  4.76585e-11
      12.0000      299.842  1.42883e-08  4.79861e-11
      12.0000      300.091  1.47265e-08  5.12003e-11
      12.0000      300.342  1.50141e-08  5.02795e-11
      12.0000      300.592  1.45829e-08  4.83858e-11
      12.0000      300.843  1.41837e-08  4.62425e-11
      12.0000      301.093  1.49048e-08  7.29942e-11
      12.0000      301.345  1.54114e-08  4.26629e-10
      12.0000      301.595  1.51517e-08  4.37109e-11
      12.0000      301.848  1.49923e-08  4.22619e-11
      12.0000      302.099  1.46167e-08  4.48014e-11
      12.0000      302.350  1.42804e-08  4.52895e-11
      12.0000      302.603  1.40575e-08  4.32925e-11
      12.0000      302.855  1.42025e-08  4.05968e-11
      12.0000      303.107  1.45878e-08  4.18903e-11
      12.0000      303.360  1.39114e-08  3.96750e-11
      12.0000      303.614  1.36944e-08  3.83529e-11
      12.0000      303.866  1.41083e-08  3.90658e-11
      12.0000      304.120  1.42095e-08  3.97324e-11
      12.0000      304.373  1.39127e-08  4.03597e-11
      12.0000      304.627  1.35902e-08  4.01155e-11
      12.0000      304.881  1.38721e-08  3.88223e-11
      12.0000      305.135  1.37304e-08  3.49719e-11
      12.0000      305.389  1.39158e-08  3.45079e-11
      12.0000      305.644  1.33629e-08  3.41475e-11
      12.0000      305.899  1.33755e-08  3.47661e-11
      12.0000      306.154  1.34917e-08  3.44371e-11
      12.0000      306.409  1.36633e-08  3.65338e-11
      12.0000      306.665  1.34721e-08  3.83931e-11
      12.0000      306.921  1.32431e-08  3.99826e-11
      12.0000      307.176  1.36333e-08  4.04865e-11
      12.0000      307.432  1.32717e-08  3.67951e-11
      12.0000      307.689  1.30463e-08  3.45275e-11
      12.0000      307.945  1.32041e-08  3.46566e-11
      12.0000      308.202  1.36131e-08  3.64279e-11
      12.0000      308.458  1.43370e-08  3.35960e-11
      12.0000      308.715  1.38772e-08  3.06905e-11
      12.0000      308.973  1.30561e-08  2.97025e-11
      12.0000      309.231  1.29613e-08  3.15340e-11
      12.0000      309.488  1.29423e-08  3.24306e-11
      12.0000      309.746  1.31320e-08  3.29318e-11
      12.0000      310.004  1.29262e-08  3.36192e-11
      12.0000      310.263  1.25398e-08  3.45609e-11
      12.0000      310.522  1.25993e-08  3.58503e-11
      12.0000      310.781  1.28235e-08  3.47859e-11
      12.0000      311.040  1.28587e-08  3.25038e-11
      12.0000      311.300  1.30284e-08  3.29328e-11
      12.0000      311.559  1.27217e-08  3.30520e-11
      12.0000      311.819  1.27429e-08  3.30267e-11
      12.0000      312.079  1.31085e-08  3.21374e-11
      12.0000      312.339  1.27675e-08  3.05866e-11
      12.0000      312.599  1.26680e-08  3.21879e-11
      12.0000      312.860  1.25870e-08  3.32999e-11
      12.0000      313.120  1.28592e-08  3.31770e-11
      12.0000      313.381  1.25910e-08  3.10826e-11
      12.0000      313.643  1.22709e-08  3.02563e-11
      12.0000      313.905  1.23262e-08  3.13669e-11
      12.0000      314.166  1.23609e-08  3.36241e-11
      12.0000      314.428  1.24758e-08  3.46747e-11
      12.0000      314.690  1.24897e-08  3.40716e-11
      12.0000      314.953  1.23946e-08  3.36773e-11
      12.0000      315.215  1.23698e-08  3.21781e-11
      12.0000      315.477  1.26340e-08  2.99596e-11
      12.0000      315.740  1.29333e-08  2.87615e-11
      12.0000      316.004  1.29107e-08  2.97450e-11
      12.0000      316.268  1.26823e-08  3.24209e-11
      12.0000      316.531  1.25978e-08  3.37369e-11
      12.0000      316.795  1.25893e-08  3.18906e-11
      12.0000      317.059  1.23369e-08  3.02643e-11
      12.0000      317.323  1.21888e-08  3.13215e-11
      12.0000      317.587  1.23602e-08  3.25358e-11
      12.0000      317.853  1.26183e-08  3.10732e-11
      12.0000      318.118  1.23060e-08  3.30162e-11
      12.0000      318.383  1.15429e-08  3.75943e-11
      12.0000      318.648  1.19145e-08  3.55803e-11
      12.0000      318.914  1.20813e-08  3.28983e-11
      13.0000      319.180  1.17328e-08  3.60098e-11
      13.0000      319.446  1.19231e-08  3.75269e-11
      13.0000      319.713  1.20419e-08  4.54537e-11
      13.0000      319.978  1.15329e-08  4.87366e-11
      13.0000      320.246  1.14786e-08  4.38824e-11
      13.0000      320.513  1.20444e-08  3.74381e-11
      13.0000      320.780  1.19551e-08  3.49553e-11
      13.0000      321.047  1.18493e-08  3.69584e-11
      13.0000      321.315  1.18286e-08  3.60541e-11
      13.0000      321.583  1.18459e-08  3.17837e-11
      13.0000      321.851  1.19505e-08  2.89319e-11
      13.0000      322.119  1.17148e-08  2.77757e-11
      13.0000      322.387  1.14938e-08  2.80050e-11
      13.0000      322.657  1.14429e-08  2.82742e-11
      13.0000      322.925  1.17212e-08  2.97168e-11
      13.0000      323.195  1.17182e-08  3.20782e-11
      13.0000      323.464  1.15330e-08  3.28224e-11
      13.0000      323.734  1.18241e-08  3.05020e-11
      13.0000      324.003  1.17122e-08  2.58154e-11
      13.0000      324.273  1.16171e-08  2.46848e-11
      13.0000      324.544  1.12614e-08  2.58792e-11
      13.0000      324.815  1.12645e-08  2.67139e-11
      13.0000      325.085  1.16359e-08  2.52959e-11
      13.0000      325.357  1.15549e-08  2.34592e-11
      13.0000      325.628  1.11896e-08  2.31587e-11
      13.0000      325.900  1.08471e-08  2.30420e-11
      13.0000      326.171  1.10632e-08  2.29025e-11
      13.0000      326.443  1.13548e-08  2.41200e-11
      13.0000      326.715  1.12846e-08  2.63318e-11
      13.0000      326.988  1.12056e-08  2.94420e-11
      13.0000      327.259  1.12920e-08  2.86221e-11
      13.0000      327.533  1.17100e-08  2.54692e-11
      13.0000      327.805  1.15251e-08  2.26772e-11
      13.0000      328.079  1.10734e-08  2.12697e-11
      13.0000      328.352  1.11328e-08  2.03894e-11
      13.0000      328.626  1.13676e-08  1.94630e-11
      13.0000      328.900  1.11541e-08  1.97998e-11
      13.0000      329.175  1.08958e-08  2.30007e-11
      13.0000      329.449  1.08713e-08  2.64300e-11
      13.0000      329.724  1.09561e-08  2.61430e-11
      13.0000      329.998  1.11520e-08  2.50202e-11
      13.0000      330.274  1.10016e-08  2.47050e-11
      13.0000      330.549  1.08525e-08  2.41881e-11
      13.0000      330.825  1.09710e-08  2.17343e-11
      13.0000      331.101  1.12219e-08  1.90801e-11
      13.0000      331.376  1.11568e-08  1.84157e-11
      13.0000      331.653  1.09413e-08  1.95637e-11
      13.0000      331.929  1.09827e-08  2.02752e-11
      13.0000      332.206  1.10734e-08  2.04551e-11
      13.0000      332.483  1.10161e-08  2.19938e-11
      13.0000      332.760  1.06788e-08  2.49148e-11
      13.0000      333.037  1.06547e-08  2.68179e-11
      13.0000      333.316  1.09978e-08  2.59016e-11
      13.0000      333.592  1.11829e-08  2.44765e-11
      13.0000      333.871  1.08515e-08  2.30909e-11
      13.0000      334.150  1.09104e-08  2.28321e-11
      13.0000      334.428  1.11037e-08  2.04460e-11
      13.0000      334.707  1.12601e-08  1.82135e-11
      13.0000      334.986  1.11307e-08  1.79445e-11
      13.0000      335.264  1.09673e-08  1.90860e-11
      13.0000      335.545  1.08939e-08  1.94086e-11
      13.0000      335.824  1.08616e-08  1.92625e-11
      13.0000      336.104  1.05992e-08  2.03368e-11
      13.0000      336.384  1.07541e-08  2.37110e-11
      13.0000      336.665  1.09482e-08  2.47631e-11
      13.0000      336.945  1.09647e-08  2.38008e-11
      13.0000      337.226  1.09317e-08  2.35172e-11
      13.0000      337.507  1.13951e-08  2.64868e-11
      13.0000      337.789  1.07003e-08  2.43340e-11
      13.0000      338.071  1.11434e-08  2.32499e-11
      13.0000      338.352  1.11115e-08  2.24709e-11
      13.0000      338.634  1.07308e-08  2.32571e-11
      13.0000      338.916  1.03347e-08  2.44020e-11
      13.0000      339.199  1.06182e-08  2.49942e-11
      13.0000      339.482  1.06284e-08  2.44007e-11
      13.0000      339.765  1.05360e-08  2.58244e-11
      13.0000      340.048  1.06757e-08  3.00337e-11
      13.0000      340.332  1.06763e-08  2.67557e-11
      13.0000      340.616  1.10331e-08  2.51826e-11
      13.0000      340.899  1.07061e-08  2.47087e-11
      13.0000      341.184  1.05429e-08  2.49076e-11
      13.0000      341.468  1.05863e-08  2.37179e-11
      13.0000      341.753  1.06831e-08  2.21114e-11
      13.0000      342.038  1.03389e-08  2.17663e-11
      13.0000      342.323  1.01471e-08  2.33518e-11
      13.0000      342.608  1.03680e-08  2.53840e-11
      13.0000      342.894  1.04769e-08  2.49312e-11
      4.00000      343.180  1.03040e-08  2.50594e-11
      4.00000      343.466  1.01991e-08  2.71622e-11
      4.00000      343.752  1.02981e-08  2.77269e-11
      4.00000      344.039  1.05503e-08  2.61968e-11
      4.00000      344.325  1.04560e-08  2.53709e-11
      4.00000      344.612  1.03080e-08  2.69638e-11
      14.0000      344.900  9.98892e-09  3.05587e-11
      14.0000      345.187  1.03048e-08  2.83544e-11
      14.0000      345.476  1.00496e-08  2.56704e-11
      14.0000      345.764  9.71395e-09  2.53731e-11
      14.0000      346.052  9.69667e-09  2.53690e-11
      14.0000      346.340  1.00470e-08  2.49325e-11
      14.0000      346.629  1.01927e-08  2.69713e-11
      14.0000      346.917  9.89597e-09  3.01258e-11
      14.0000      347.207  9.83444e-09  3.01659e-11
      14.0000      347.496  1.01290e-08  2.55237e-11
      14.0000      347.786  1.02025e-08  2.18563e-11
      14.0000      348.077  9.85626e-09  2.15814e-11
      14.0000      348.367  9.74469e-09  2.29003e-11
      14.0000      348.657  9.90635e-09  2.33575e-11
      14.0000      348.948  9.91195e-09  2.45233e-11
      14.0000      349.239  9.65273e-09  2.65953e-11
      14.0000      349.529  9.74961e-09  2.86007e-11
      14.0000      349.820  1.01745e-08  2.63369e-11
      14.0000      350.112  1.04513e-08  2.51284e-11
      14.0000      350.404  1.03447e-08  2.61670e-11
      14.0000      350.696  1.07179e-08  2.78280e-11
      14.0000      350.989  1.12823e-08  2.71201e-11
      14.0000      351.281  1.14890e-08  2.54588e-11
      14.0000      351.574  1.07937e-08  2.51007e-11
      14.0000      351.867  9.93837e-09  2.37121e-11
      14.0000      352.161  9.54328e-09  2.15762e-11
      14.0000      352.454  9.33491e-09  1.91907e-11
      14.0000      352.749  9.19589e-09  1.92906e-11
      14.0000      353.043  8.96327e-09  2.09781e-11
      14.0000      353.337  9.01243e-09  2.11215e-11
      14.0000      353.632  9.30937e-09  2.09240e-11
      14.0000      353.926  9.24602e-09  2.21057e-11
      14.0000      354.221  1.05639e-08  2.52578e-11
      14.0000      354.517  1.07917e-08  2.34229e-11
      14.0000      354.812  9.18766e-09  1.82919e-11
      14.0000      355.107  9.13302e-09  1.74201e-11
      14.0000      355.404  9.06568e-09  1.80282e-11
      14.0000      355.700  9.07714e-09  1.78110e-11
      14.0000      355.996  9.16240e-09  1.72099e-11
      14.0000      356.294  9.12211e-09  1.83525e-11
      14.0000      356.590  9.15592e-09  2.07195e-11
      14.0000      356.888  9.37528e-09  2.11715e-11
      14.0000      357.185  9.67582e-09  2.07525e-11
      14.0000      357.482  9.49643e-09  2.12949e-11
      14.0000      357.780  9.09845e-09  2.17901e-11
      14.0000      358.079  9.13773e-09  2.07233e-11
      14.0000      358.378  9.15180e-09  1.83526e-11
      14.0000      358.676  9.03010e-09  1.76439e-11
      14.0000      358.976  8.82801e-09  1.79853e-11
      14.0000      359.275  9.05560e-09  1.77178e-11
      14.0000      359.575  9.15236e-09  1.66436e-11
      14.0000      359.874  8.95162e-09  1.68541e-11
      14.0000      360.175  8.88252e-09  1.76205e-11
      14.0000      360.475  9.02880e-09  1.73264e-11
      14.0000      360.775  9.12248e-09  1.66114e-11
      14.0000      361.076  8.87840e-09  1.73342e-11
      14.0000      361.377  8.74322e-09  1.84368e-11
      14.0000      361.678  8.94815e-09  1.83831e-11
      14.0000      361.979  9.06095e-09  1.85430e-11
      14.0000      362.282  8.87868e-09  2.04129e-11
      14.0000      362.583  8.79718e-09  2.22666e-11
      14.0000      362.886  8.94121e-09  2.18171e-11
      14.0000      363.189  8.90282e-09  2.08754e-11
      14.0000      363.491  8.79082e-09  2.19547e-11
      14.0000      363.794  8.69995e-09  2.23847e-11
      14.0000      364.097  8.76797e-09  2.05575e-11
      14.0000      364.401  8.72156e-09  1.92982e-11
      14.0000      364.704  8.57433e-09  1.99138e-11
      14.0000      365.009  8.49672e-09  2.03956e-11
      14.0000      365.313  8.57539e-09  1.91116e-11
      14.0000      365.617  8.57111e-09  1.86112e-11
      14.0000      365.922  8.26513e-09  1.91066e-11
      14.0000      366.228  8.31470e-09  1.98252e-11
      14.0000      366.533  8.52753e-09  1.90731e-11
      14.0000      366.838  8.49231e-09  1.85075e-11
      4.00000      367.144  8.17962e-09  1.92442e-11
      4.00000      367.450  8.18693e-09  1.97245e-11
      4.00000      367.757  8.31880e-09  1.86214e-11
      4.00000      368.062  8.28030e-09  1.83942e-11
      4.00000      368.370  8.05194e-09  1.94290e-11
      4.00000      368.677  8.06907e-09  1.99817e-11
      4.00000      368.985  8.18923e-09  1.93513e-11
      4.00000      369.293  8.05599e-09  1.94238e-11
      4.00000      369.600  7.92685e-09  2.12421e-11
      4.00000      369.909  7.97215e-09  2.11867e-11
      4.00000      370.217  8.14727e-09  2.06066e-11
      4.00000      370.525  7.96944e-09  2.09986e-11
      15.0000      370.835  7.65821e-09  2.12657e-11
      15.0000      371.143  7.74221e-09  2.08531e-11
      15.0000      371.453  7.98592e-09  2.16726e-11
      15.0000      371.762  7.75344e-09  2.36078e-11
      15.0000      372.072  7.56097e-09  2.36059e-11
      15.0000      372.383  7.59696e-09  1.99110e-11
      15.0000      372.692  7.63167e-09  1.73936e-11
      15.0000      373.003  7.48686e-09  1.77013e-11
      15.0000      373.314  7.40846e-09  1.85140e-11
      15.0000      373.626  7.53555e-09  1.86391e-11
      15.0000      373.937  7.50838e-09  1.97035e-11
      15.0000      374.249  7.27249e-09  2.08492e-11
      15.0000      374.561  7.26030e-09  1.93333e-11
      15.0000      374.873  7.40029e-09  1.67036e-11
      15.0000      375.185  7.36995e-09  1.55962e-11
      15.0000      375.498  7.19193e-09  1.60605e-11
      15.0000      375.811  7.26287e-09  1.61329e-11
      15.0000      376.125  7.37827e-09  1.61561e-11
      15.0000      376.438  7.14093e-09  1.77108e-11
      15.0000      376.753  6.99018e-09  1.91194e-11
      15.0000      377.067  7.11489e-09  1.75603e-11
      15.0000      377.381  7.19653e-09  1.57645e-11
      15.0000      377.695  7.00132e-09  1.51940e-11
      15.0000      378.010  6.94695e-09  1.50749e-11
      15.0000      378.325  7.09851e-09  1.41258e-11
      15.0000      378.640  7.08581e-09  1.40661e-11
      15.0000      378.956  6.84652e-09  1.52570e-11
      15.0000      379.272  6.78611e-09  1.60520e-11
      15.0000      379.589  7.02427e-09  1.60071e-11
      15.0000      379.905  6.84835e-09  1.62828e-11
      15.0000      380.222  6.61371e-09  1.66027e-11
      15.0000      380.539  6.72044e-09  1.56185e-11
      15.0000      380.855  6.84587e-09  1.40948e-11
      15.0000      381.173  6.63124e-09  1.36041e-11
      15.0000      381.492  6.50620e-09  1.37361e-11
      15.0000      381.809  6.65431e-09  1.29512e-11
      15.0000      382.127  6.71973e-09  1.24104e-11
      15.0000      382.446  6.48243e-09  1.31212e-11
      15.0000      382.765  6.44118e-09  1.38172e-11
      15.0000      383.085  6.55773e-09  1.36550e-11
      15.0000      383.403  6.45200e-09  1.44280e-11
      15.0000      383.723  6.22367e-09  1.64375e-11
      15.0000      384.044  6.30708e-09  1.72132e-11
      15.0000      384.363  6.45290e-09  1.57263e-11
      15.0000      384.683  6.30275e-09  1.57251e-11
      15.0000      385.005  6.22669e-09  1.60923e-11
      15.0000      385.325  6.34852e-09  1.40192e-11
      15.0000      385.646  6.42729e-09  1.25026e-11
      15.0000      385.968  6.14082e-09  1.20617e-11
      15.0000      386.290  6.00735e-09  1.22390e-11
      15.0000      386.612  6.12062e-09  1.18065e-11
      15.0000      386.934  6.08489e-09  1.17218e-11
      15.0000      387.256  5.88443e-09  1.25305e-11
      15.0000      387.580  5.92676e-09  1.29364e-11
      15.0000      387.902  6.09039e-09  1.25232e-11
      15.0000      388.226  6.00160e-09  1.26649e-11
      15.0000      388.550  5.85242e-09  1.31538e-11
      15.0000      388.874  5.96122e-09  1.26599e-11
      15.0000      389.197  5.99854e-09  1.21910e-11
      15.0000      389.522  5.74968e-09  1.30870e-11
      15.0000      389.847  5.64719e-09  1.39764e-11
      15.0000      390.172  5.80557e-09  1.39745e-11
      15.0000      390.497  5.73040e-09  1.43936e-11
      15.0000      390.823  5.54694e-09  1.62184e-11
      4.00000      391.149  5.52300e-09  1.64304e-11
      4.00000      391.475  5.69271e-09  1.55773e-11
      4.00000      391.802  5.57216e-09  1.57244e-11
      4.00000      392.128  5.46218e-09  1.63954e-11
      4.00000      392.455  5.51771e-09  1.56377e-11
      4.00000      392.782  5.62287e-09  1.49855e-11
      4.00000      393.110  5.33183e-09  1.59659e-11
      4.00000      393.437  5.24652e-09  1.74560e-11
      4.00000      393.766  5.38445e-09  1.70701e-11
      4.00000      394.093  5.35855e-09  1.74695e-11
      4.00000      394.421  5.17724e-09  1.92597e-11
      4.00000      394.751  5.22378e-09  1.89532e-11
      4.00000      395.080  5.39621e-09  1.74530e-11
      4.00000      395.409  5.28417e-09  1.73832e-11
      4.00000      395.739  5.14895e-09  1.76751e-11
      4.00000      396.069  5.25313e-09  1.66775e-11
      4.00000      396.399  5.19107e-09  1.61371e-11
      16.0000      396.729  4.91992e-09  1.81356e-11
      16.0000      397.060  4.87471e-09  1.91485e-11
      16.0000      397.392  4.95640e-09  1.65147e-11
      16.0000      397.722  4.96884e-09  1.51654e-11
      16.0000      398.054  4.83935e-09  1.48723e-11
      16.0000      398.386  4.91287e-09  1.37616e-11
      16.0000      398.718  4.97292e-09  1.31620e-11
      16.0000      399.050  4.77900e-09  1.44249e-11
      16.0000      399.383  4.72235e-09  1.57529e-11
      16.0000      399.717  4.78811e-09  1.45297e-11
      16.0000      400.050  4.71610e-09  1.34378e-11
      16.0000      400.383  4.55101e-09  1.35691e-11
      16.0000      400.716  4.63729e-09  1.31186e-11
      16.0000      401.051  4.74637e-09  1.24253e-11
      16.0000      401.386  4.64560e-09  1.29223e-11
      16.0000      401.719  4.55662e-09  1.33360e-11
      16.0000      402.055  4.67428e-09  1.30715e-11
      16.0000      402.390  4.62464e-09  1.32640e-11
      16.0000      402.726  4.39964e-09  1.35999e-11
      16.0000      403.062  4.42886e-09  1.27147e-11
      16.0000      403.397  4.47634e-09  1.15938e-11
      16.0000      403.734  4.35751e-09  1.17160e-11
      16.0000      404.070  4.31729e-09  1.19016e-11
      16.0000      404.406  4.42748e-09  1.12910e-11
      16.0000      404.744  4.39303e-09  1.11110e-11
      16.0000      405.081  4.28363e-09  1.17401e-11
      16.0000      405.420  4.33872e-09  1.17534e-11
      16.0000      405.757  4.34783e-09  1.17171e-11
      16.0000      406.095  4.15256e-09  1.27340e-11
      16.0000      406.435  4.05620e-09  1.34498e-11
      16.0000      406.774  4.16996e-09  1.23019e-11
      16.0000      407.111  4.18421e-09  1.17090e-11
      16.0000      407.451  4.01278e-09  1.16748e-11
      16.0000      407.790  4.09762e-09  1.12111e-11
      16.0000      408.132  4.19287e-09  1.00393e-11
      16.0000      408.472  4.07096e-09  9.82709e-12
      16.0000      408.812  3.98956e-09  9.83240e-12
      16.0000      409.152  4.03852e-09  9.46554e-12
      16.0000      409.494  3.93483e-09  9.92276e-12
      16.0000      409.834  3.78852e-09  1.13348e-11
      16.0000      410.177  3.86203e-09  1.18575e-11
      16.0000      410.519  3.96708e-09  1.21115e-11
      16.0000      410.862  3.80308e-09  1.33457e-11
      16.0000      411.203  3.79756e-09  1.40704e-11
      16.0000      411.546  3.96159e-09  1.29065e-11
      16.0000      411.889  3.85456e-09  1.21097e-11
      16.0000      412.233  3.69782e-09  1.22134e-11
      16.0000      412.577  3.72459e-09  1.17226e-11
      16.0000      412.919  3.77251e-09  1.09311e-11
      16.0000      413.264  3.58225e-09  1.12526e-11
      16.0000      413.609  3.58922e-09  1.21197e-11
      16.0000      413.954  3.70799e-09  1.13029e-11
      16.0000      414.298  3.68451e-09  1.08355e-11
      16.0000      414.644  3.59017e-09  1.09764e-11
      16.0000      414.989  3.67754e-09  1.03690e-11
      4.00000      415.336  3.64455e-09  9.54192e-12
      4.00000      415.683  3.46580e-09  9.82510e-12
      4.00000      416.029  3.40103e-09  1.00476e-11
      4.00000      416.375  3.46760e-09  9.91637e-12
      4.00000      416.722  3.38345e-09  1.03295e-11
      4.00000      417.070  3.28705e-09  1.10305e-11
      4.00000      417.418  3.39449e-09  1.09021e-11
      4.00000      417.767  3.45849e-09  1.05584e-11
      4.00000      418.114  3.35332e-09  1.06965e-11
      4.00000      418.463  3.38426e-09  1.04492e-11
      4.00000      418.811  3.41246e-09  1.00109e-11
      4.00000      419.161  3.28126e-09  1.03178e-11
      4.00000      419.511  3.15320e-09  1.09245e-11
      4.00000      419.859  3.26022e-09  1.11208e-11
      4.00000      420.210  3.21727e-09  1.13708e-11
      4.00000      420.560  3.10291e-09  1.19329e-11
      4.00000      420.911  3.15419e-09  1.17892e-11
      4.00000      421.262  3.18663e-09  1.12909e-11
      4.00000      421.614  3.07236e-09  1.13881e-11
      4.00000      421.964  3.07216e-09  1.14812e-11
      4.00000      422.317  3.13277e-09  1.12862e-11
      17.0000      422.669  2.99394e-09  1.22006e-11
      17.0000      423.021  2.92337e-09  1.33427e-11
      17.0000      423.374  3.00983e-09  1.37974e-11
      17.0000      423.727  2.99441e-09  1.49127e-11
      17.0000      424.079  2.85685e-09  1.54116e-11
      17.0000      424.434  2.90601e-09  1.31689e-11
      17.0000      424.787  2.96825e-09  1.11131e-11
      17.0000      425.141  2.84113e-09  1.06265e-11
      17.0000      425.496  2.81184e-09  1.05622e-11
      17.0000      425.851  2.86089e-09  1.02332e-11
      17.0000      426.205  2.78435e-09  1.14126e-11
      17.0000      426.561  2.71533e-09  1.28784e-11
      17.0000      426.916  2.78153e-09  1.30005e-11
      17.0000      427.272  2.78426e-09  1.23171e-11
      17.0000      427.628  2.68278e-09  1.16096e-11
      17.0000      427.985  2.73210e-09  1.03308e-11
      17.0000      428.343  2.74970e-09  9.03643e-12
      17.0000      428.699  2.62899e-09  9.02816e-12
      17.0000      429.056  2.60690e-09  9.13331e-12
      17.0000      429.415  2.68050e-09  9.04386e-12
      17.0000      429.771  2.61817e-09  9.83797e-12
      17.0000      430.130  2.55708e-09  1.07823e-11
      17.0000      430.489  2.63705e-09  1.07720e-11
      17.0000      430.847  2.62945e-09  1.09597e-11
      17.0000      431.207  2.52657e-09  1.11510e-11
      17.0000      431.566  2.56327e-09  9.95864e-12
      17.0000      431.926  2.56859e-09  8.84291e-12
      17.0000      432.287  2.44667e-09  8.79363e-12
      17.0000      432.646  2.45979e-09  8.62664e-12
      17.0000      433.007  2.50604e-09  8.15315e-12
      17.0000      433.368  2.43262e-09  8.16687e-12
      17.0000      433.730  2.40694e-09  8.26126e-12
      17.0000      434.092  2.48600e-09  7.92166e-12
      17.0000      434.452  2.41956e-09  8.03398e-12
      17.0000      434.815  2.36606e-09  8.58578e-12
      17.0000      435.178  2.39893e-09  8.58161e-12
      17.0000      435.540  2.36071e-09  8.94952e-12
      17.0000      435.905  2.30105e-09  9.97704e-12
      17.0000      436.268  2.32292e-09  1.03001e-11
      17.0000      436.630  2.37577e-09  1.01891e-11
      17.0000      436.994  2.25393e-09  1.01993e-11
      17.0000      437.359  2.26263e-09  9.81559e-12
      17.0000      437.723  2.32887e-09  8.91505e-12
      17.0000      438.089  2.22406e-09  8.69528e-12
      17.0000      438.454  2.17875e-09  8.76897e-12
      17.0000      438.820  2.25575e-09  8.32439e-12
      17.0000      439.186  2.19854e-09  8.18059e-12
      4.00000      439.551  2.09472e-09  8.37705e-12
      4.00000      439.918  2.14412e-09  8.04204e-12
      4.00000      440.284  2.16401e-09  7.72041e-12
      4.00000      440.651  2.09657e-09  7.82246e-12
      4.00000      441.018  2.09037e-09  7.70776e-12
      4.00000      441.386  2.08671e-09  7.57819e-12
      4.00000      441.755  2.03920e-09  7.89041e-12
      4.00000      442.124  2.04254e-09  8.04966e-12
      4.00000      442.492  2.06678e-09  7.86977e-12
      4.00000      442.860  1.99716e-09  8.05497e-12
      4.00000      443.229  1.97012e-09  8.07369e-12
      4.00000      443.599  2.01404e-09  7.74691e-12
      4.00000      443.969  1.96424e-09  7.84022e-12
      4.00000      444.340  1.93241e-09  8.08572e-12
      4.00000      444.709  1.97207e-09  8.03032e-12
      4.00000      445.079  1.93797e-09  8.27489e-12
      4.00000      445.452  1.88229e-09  8.68853e-12
      4.00000      445.824  1.91719e-09  8.72072e-12
      4.00000      446.194  1.93129e-09  8.63655e-12
      4.00000      446.566  1.88599e-09  8.72164e-12
      4.00000      446.939  1.90784e-09  8.63322e-12
      4.00000      447.311  1.91500e-09  8.54102e-12
      4.00000      447.684  1.86056e-09  8.92203e-12
      4.00000      448.057  1.85806e-09  9.25318e-12
      4.00000      448.431  1.86764e-09  9.36570e-12
      18.0000      448.805  1.76605e-09  1.20061e-11
      18.0000      449.180  1.76606e-09  1.04408e-11
      18.0000      449.553  1.79161e-09  8.90217e-12
      18.0000      449.928  1.75177e-09  8.34839e-12
      18.0000      450.302  1.73699e-09  8.11651e-12
      18.0000      450.678  1.75074e-09  8.09681e-12
      18.0000      451.054  1.68202e-09  9.01594e-12
      18.0000      451.431  1.65247e-09  1.00273e-11
      18.0000      451.806  1.71151e-09  1.03406e-11
      18.0000      452.184  1.68717e-09  1.01141e-11
      18.0000      452.560  1.64086e-09  9.27824e-12
      18.0000      452.938  1.69532e-09  7.88513e-12
      18.0000      453.315  1.66052e-09  7.25811e-12
      18.0000      453.694  1.60757e-09  7.26699e-12
      18.0000      454.071  1.64622e-09  7.14599e-12
      18.0000      454.450  1.60361e-09  7.64380e-12
      18.0000      454.829  1.55844e-09  8.50202e-12
      18.0000      455.208  1.59486e-09  8.57845e-12
      18.0000      455.587  1.60392e-09  8.89809e-12
      18.0000      455.967  1.54725e-09  9.49886e-12
      18.0000      456.348  1.59210e-09  8.55646e-12
      18.0000      456.727  1.60643e-09  7.64520e-12
      18.0000      457.109  1.50107e-09  7.62797e-12
      18.0000      457.490  1.51077e-09  7.54998e-12
      18.0000      457.871  1.54318e-09  7.23545e-12
      18.0000      458.253  1.47751e-09  7.41372e-12
      18.0000      458.636  1.49369e-09  7.25562e-12
      18.0000      459.017  1.53080e-09  6.70467e-12
      18.0000      459.400  1.46889e-09  6.68026e-12
      18.0000      459.783  1.45882e-09  6.55940e-12
      18.0000      460.166  1.48261e-09  6.54780e-12
      18.0000      460.549  1.41596e-09  7.38209e-12
      18.0000      460.934  1.40826e-09  8.23744e-12
      18.0000      461.318  1.44814e-09  8.47253e-12
      18.0000      461.702  1.39916e-09  9.12087e-12
      18.0000      462.088  1.38891e-09  9.65659e-12
      18.0000      462.473  1.47109e-09  8.61057e-12
      18.0000      462.858  1.40512e-09  8.04802e-12
      18.0000      463.244  1.34668e-09  7.88827e-12
      4.00000      463.631  1.42676e-09  7.48141e-12
      4.00000      464.018  1.29410e-09  7.58107e-12
      4.00000      464.403  1.25194e-09  8.13104e-12
      4.00000      464.792  1.29065e-09  7.95072e-12
      4.00000      465.179  1.30615e-09  7.64795e-12
      4.00000      465.567  1.29912e-09  7.48705e-12
      4.00000      465.955  1.36233e-09  6.87052e-12
      4.00000      466.342  1.29225e-09  6.46931e-12
      4.00000      466.731  1.25437e-09  6.65360e-12
      4.00000      467.122  1.28670e-09  6.84852e-12
      4.00000      467.510  1.26956e-09  7.15638e-12
      4.00000      467.900  1.21441e-09  7.80383e-12
      4.00000      468.290  1.58573e-09  7.84499e-12
      4.00000      468.680  1.27111e-09  7.56513e-12
      4.00000      469.072  1.22360e-09  7.41171e-12
      4.00000      469.462  1.24584e-09  6.98054e-12
      4.00000      469.854  1.22692e-09  6.94133e-12
      4.00000      470.245  1.18929e-09  7.52162e-12
      4.00000      470.637  1.20288e-09  8.03303e-12
      4.00000      471.029  1.17950e-09  8.62717e-12
      4.00000      471.422  1.13271e-09  9.27439e-12
      4.00000      471.816  1.18206e-09  9.16915e-12
      4.00000      472.208  1.18510e-09  8.78812e-12
      4.00000      472.603  1.14080e-09  8.70455e-12
      4.00000      472.997  1.15879e-09  8.44516e-12
      4.00000      473.391  1.14485e-09  8.66650e-12
      4.00000      473.785  1.08485e-09  9.82922e-12
      4.00000      474.181  1.10831e-09  1.07994e-11
      4.00000      474.577  1.10373e-09  1.13811e-11
      19.0000      474.971  1.05517e-09  1.40879e-11
      19.0000      475.367  1.11431e-09  1.13643e-11
      19.0000      475.765  1.10531e-09  9.80157e-12
      19.0000      476.161  1.05175e-09  9.10714e-12
      19.0000      476.558  1.05108e-09  8.69147e-12
      19.0000      476.954  1.03063e-09  9.18271e-12
      19.0000      477.352  9.99363e-10  1.02470e-11
      19.0000      477.751  1.05967e-09  1.06528e-11
      19.0000      478.149  1.06963e-09  1.07602e-11
      19.0000      478.547  1.02218e-09  1.10221e-11
      19.0000      478.946  1.04868e-09  9.66156e-12
      19.0000      479.345  1.04665e-09  8.47201e-12
      19.0000      479.745  1.00096e-09  8.24948e-12
      19.0000      480.146  1.01398e-09  7.96157e-12
      19.0000      480.545  9.84195e-10  7.95061e-12
      19.0000      480.945  9.59986e-10  8.09898e-12
      19.0000      481.348  9.92184e-10  7.61780e-12
      19.0000      481.749  9.80903e-10  7.30245e-12
      19.0000      482.151  9.93148e-10  7.40696e-12
      19.0000      482.551  1.01007e-09  7.28152e-12
      19.0000      482.954  9.80014e-10  7.84976e-12
      19.0000      483.356  9.39141e-10  8.79768e-12
      19.0000      483.760  9.66059e-10  9.35670e-12
      19.0000      484.163  9.59706e-10  9.51009e-12
      19.0000      484.567  9.45888e-10  8.87421e-12
      19.0000      484.971  9.60200e-10  7.82222e-12
      19.0000      485.376  9.23151e-10  7.21247e-12
      19.0000      485.779  9.30771e-10  6.74232e-12
      19.0000      486.185  9.47441e-10  6.51892e-12
      19.0000      486.590  8.85972e-10  6.71427e-12
      19.0000      486.995  9.04767e-10  6.93673e-12
      19.0000      487.401  9.14729e-10  7.10121e-12
      19.0000      487.807  8.38211e-10  7.20243e-12
      4.00000      488.215  6.65513e-10  6.74458e-12
      4.00000      488.622  8.39692e-10  6.37291e-12
      4.00000      489.029  8.33116e-10  6.44834e-12
      4.00000      489.436  8.69073e-10  6.56671e-12
      4.00000      489.845  8.26226e-10  7.12923e-12
      4.00000      490.254  7.82785e-10  7.77871e-12
      4.00000      490.663  8.03891e-10  7.93990e-12
      4.00000      491.070  9.02457e-10  8.20043e-12
      4.00000      491.480  8.20306e-10  8.07048e-12
      4.00000      491.889  8.32119e-10  7.63871e-12
      4.00000      492.300  7.97185e-10  7.90680e-12
      4.00000      492.710  7.84908e-10  8.39699e-12
      4.00000      493.121  8.39481e-10  8.78425e-12
      4.00000      493.532  7.86946e-10  9.62069e-12
      4.00000      493.944  7.77936e-10  1.00138e-11
      4.00000      494.354  8.15666e-10  9.77167e-12
      4.00000      494.768  7.70033e-10  9.90709e-12
      4.00000      495.179  7.96918e-10  9.48508e-12
      4.00000      495.592  7.72243e-10  9.35079e-12
      4.00000      496.005  7.45668e-10  1.00711e-11
      4.00000      496.418  7.73067e-10  1.05683e-11
      4.00000      496.833  7.77606e-10  1.09616e-11
      4.00000      497.248  7.43524e-10  1.18081e-11
      4.00000      497.661  7.63617e-10  1.13400e-11
      4.00000      498.077  7.69722e-10  1.09477e-11
      4.00000      498.492  7.33955e-10  1.12815e-11
      4.00000      498.907  7.67916e-10  1.07209e-11
      4.00000      499.323  7.36687e-10  1.11648e-11
      4.00000      499.740  6.98940e-10  1.21384e-11
      4.00000      500.158  7.40098e-10  1.20345e-11
      4.00000      500.573  7.18627e-10  1.22742e-11
      4.00000      500.992  7.06038e-10  1.20505e-11
      20.0000      501.409  7.47988e-10  9.12712e-12
      20.0000      501.827  7.18690e-10  8.39983e-12
      20.0000      502.245  7.15827e-10  8.08471e-12
      20.0000      502.664  7.08895e-10  7.93124e-12
      20.0000      503.081  6.95152e-10  8.14625e-12
      20.0000      503.502  7.20533e-10  8.28746e-12
      20.0000      503.921  7.02837e-10  8.21789e-12
      20.0000      504.342  6.99532e-10  8.49039e-12
      20.0000      504.762  6.97611e-10  8.58090e-12
      20.0000      505.183  6.97454e-10  8.44671e-12
      20.0000      505.605  6.86404e-10  8.05845e-12
      20.0000      506.027  6.80697e-10  7.70016e-12
      20.0000      506.447  6.84908e-10  7.36633e-12
      20.0000      506.871  6.68589e-10  6.83131e-12
      20.0000      507.292  6.69214e-10  6.34082e-12
      20.0000      507.715  6.71685e-10  6.05655e-12
      20.0000      508.138  6.91458e-10  6.01309e-12
      20.0000      508.562  6.54192e-10  6.30039e-12
      20.0000      508.986  6.46959e-10  6.69105e-12
      20.0000      509.411  6.44025e-10  7.07069e-12
      20.0000      509.835  6.28873e-10  7.31559e-12
      20.0000      510.261  6.45469e-10  7.32391e-12
      20.0000      510.686  6.50465e-10  7.43512e-12
      20.0000      511.112  6.27624e-10  7.41681e-12
      20.0000      511.538  6.46394e-10  7.45573e-12
      20.0000      511.965  6.11629e-10  7.30761e-12
      20.0000      512.392  6.07827e-10  7.31936e-12
      20.0000      512.818  6.23357e-10  7.12318e-12
      20.0000      513.244  6.22439e-10  6.77221e-12
      20.0000      513.674  6.31110e-10  6.36484e-12
      20.0000      514.102  6.19104e-10  6.22482e-12
      20.0000      514.530  6.20269e-10  6.20582e-12
      20.0000      514.960  6.01008e-10  6.56962e-12
      20.0000      515.390  5.81212e-10  7.43159e-12
      20.0000      515.818  6.02834e-10  8.05593e-12
      20.0000      516.249  6.02469e-10  8.63196e-12
      20.0000      516.678  5.77397e-10  8.87546e-12
      20.0000      517.109  5.98620e-10  8.95113e-12
      20.0000      517.539  5.81284e-10  1.03938e-11
      20.0000      517.971  5.62252e-10  1.18562e-11
      20.0000      518.403  5.51231e-10  1.39662e-11
      20.0000      518.836  5.34771e-10  1.76657e-11
      20.0000      519.267  5.62564e-10  1.95624e-11
      20.0000      519.702  5.61873e-10  2.01356e-11
      20.0000      520.134  5.63811e-10  2.29626e-11
      20.0000      520.568  6.06937e-10  2.20507e-11
      20.0000      521.002  5.04904e-10  2.44083e-11
      20.0000      521.436  4.94651e-10  3.25124e-11
      20.0000      521.872  5.34181e-10  3.59969e-11
      20.0000      522.308  5.26863e-10  4.50984e-11
      20.0000      522.742  5.39934e-10  4.88857e-11
      20.0000      523.177  5.98113e-10  4.52926e-11
      20.0000      523.615  5.36920e-10  4.85277e-11
      20.0000      524.051  4.64028e-10  5.25314e-11
      20.0000      524.488  4.03577e-10  5.22970e-11
      20.0000      524.923  2.53607e-10  6.60420e-11
      20.0000      525.362  3.33239e-10  8.31173e-11
      20.0000      525.801  2.53153e-10  8.99935e-11
      20.0000      526.238  1.30888e-10  9.61387e-11
      20.0000      526.676  2.88563e-10  8.78269e-11
