      11.0000      271.534  2.52769e-08  1.02807e-10
      11.0000      271.761  3.44934e-08  1.97530e-10
      11.0000      271.987  2.81139e-08  1.07668e-10
      11.0000      272.214  2.30304e-08  8.86156e-11
      11.0000      272.441  2.99471e-08  1.26005e-10
      11.0000      272.668  2.61295e-08  2.03664e-10
      11.0000      272.895  3.11171e-08  2.13735e-10
      11.0000      273.123  2.83072e-08  1.14795e-10
      11.0000      273.350  3.10193e-08  3.06523e-10
      11.0000      273.578  2.42312e-08  8.38277e-11
      11.0000      273.806  2.88634e-08  2.23803e-10
      11.0000      274.035  2.96994e-08  1.09869e-10
      11.0000      274.263  2.74664e-08  9.73609e-11
      11.0000      274.492  2.81003e-08  8.85877e-11
      11.0000      274.721  2.60811e-08  7.63555e-11
      11.0000      274.950  2.66926e-08  8.03345e-11
      11.0000      275.179  3.01052e-08  8.73612e-11
      11.0000      275.409  2.87514e-08  8.55929e-11
      11.0000      275.638  2.51893e-08  8.27319e-11
      11.0000      275.867  2.50189e-08  7.88986e-11
      11.0000      276.097  2.80597e-08  9.46919e-11
      11.0000      276.328  2.39482e-08  7.22467e-11
      11.0000      276.558  2.42793e-08  7.86329e-11
      11.0000      276.789  2.22869e-08  5.73010e-11
      11.0000      277.020  2.46728e-08  7.56399e-11
      11.0000      277.250  2.35540e-08  6.24457e-11
      11.0000      277.482  2.29810e-08  6.21074e-11
      11.0000      277.713  2.25498e-08  5.97863e-11
      11.0000      277.945  2.31031e-08  5.91649e-11
      11.0000      278.177  2.34403e-08  6.34513e-11
      11.0000      278.408  2.46832e-08  6.89451e-11
      11.0000      278.640  2.61467e-08  7.79356e-11
      11.0000      278.872  2.63198e-08  7.83197e-11
      11.0000      279.105  2.57550e-08  7.46192e-11
      11.0000      279.337  2.65746e-08  7.96676e-11
      11.0000      279.571  2.22752e-08  6.13155e-11
      11.0000      279.804  2.36142e-08  6.39977e-11
      11.0000      280.037  2.16705e-08  5.15790e-11
      11.0000      280.271  2.27811e-08  5.15439e-11
      11.0000      280.504  2.22975e-08  4.87812e-11
      11.0000      280.738  2.28892e-08  5.17487e-11
      11.0000      280.971  2.18143e-08  4.80583e-11
      11.0000      281.206  2.20697e-08  4.86062e-11
      11.0000      281.440  2.29927e-08  5.04368e-11
      11.0000      281.675  2.01868e-08  4.34623e-11
      11.0000      281.910  2.04902e-08  4.64768e-11
      11.0000      282.145  2.15987e-08  4.83043e-11
      11.0000      282.381  2.11651e-08  4.82543e-11
      11.0000      282.616  2.11628e-08  4.65103e-11
      11.0000      282.851  2.17775e-08  4.90343e-11
      11.0000      283.087  2.09891e-08  4.59942e-11
      11.0000      283.323  2.03653e-08  4.61036e-11
      11.0000      283.559  2.07373e-08  4.62136e-11
      11.0000      283.796  2.04552e-08  4.35267e-11
      11.0000      284.032  2.06541e-08  4.36598e-11
      11.0000      284.269  2.02365e-08  4.26548e-11
      11.0000      284.506  2.06240e-08  4.39620e-11
      11.0000      284.743  1.97103e-08  4.21346e-11
      11.0000      284.981  1.77971e-08  3.57983e-11
      11.0000      285.218  1.98030e-08  4.06028e-11
      11.0000      285.456  2.01402e-08  4.15027e-11
      11.0000      285.694  1.95140e-08  4.19908e-11
      11.0000      285.932  1.80967e-08  3.81901e-11
      11.0000      286.171  1.82635e-08  3.73278e-11
      11.0000      286.409  1.97217e-08  4.03358e-11
      11.0000      286.648  1.95287e-08  4.12100e-11
      11.0000      286.887  1.88078e-08  4.02880e-11
      11.0000      287.126  1.83422e-08  3.83607e-11
      11.0000      287.365  1.79831e-08  3.67547e-11
      11.0000      287.605  1.73062e-08  3.55013e-11
      11.0000      287.844  1.90728e-08  4.14789e-11
      11.0000      288.085  1.93642e-08  4.23279e-11
      11.0000      288.325  1.90010e-08  4.22286e-11
      11.0000      288.565  1.83972e-08  4.05209e-11
      11.0000      288.806  1.79256e-08  4.07398e-11
      11.0000      289.047  1.73307e-08  4.21675e-11
      11.0000      289.287  1.82929e-08  4.55276e-11
      11.0000      289.529  1.72550e-08  4.16400e-11
      11.0000      289.770  1.77165e-08  4.32455e-11
      11.0000      290.011  1.75007e-08  4.30991e-11
      11.0000      290.254  1.65385e-08  4.09784e-11
      11.0000      290.495  1.77274e-08  4.42460e-11
      11.0000      290.737  1.71582e-08  4.06569e-11
      11.0000      290.980  1.65909e-08  3.82243e-11
      11.0000      291.223  1.65695e-08  3.85159e-11
      11.0000      291.465  1.66553e-08  4.00266e-11
      11.0000      291.708  1.70021e-08  4.12400e-11
      11.0000      291.951  1.77355e-08  4.45278e-11
      11.0000      292.195  1.70688e-08  4.30556e-11
      11.0000      292.439  1.77153e-08  4.72713e-11
      11.0000      292.683  1.66068e-08  4.59096e-11
      11.0000      292.926  1.55753e-08  4.22936e-11
      11.0000      293.171  1.72952e-08  4.76461e-11
      12.0000      295.377  1.84486e-08  4.66810e-11
      12.0000      295.624  1.74818e-08  4.26036e-11
      12.0000      295.870  1.73517e-08  4.49440e-11
      12.0000      296.117  1.66110e-08  4.43777e-11
      12.0000      296.364  1.66241e-08  4.24120e-11
      12.0000      296.611  1.60220e-08  3.85786e-11
      12.0000      296.858  1.60785e-08  3.83718e-11
      12.0000      297.105  1.66055e-08  4.05654e-11
      12.0000      297.354  1.51971e-08  3.62807e-11
      12.0000      297.601  1.61174e-08  3.71927e-11
      12.0000      297.850  1.60043e-08  3.27563e-11
      12.0000      298.097  1.49236e-08  2.80010e-11
      12.0000      298.346  1.56643e-08  3.12034e-11
      12.0000      298.595  1.57477e-08  3.32016e-11
      12.0000      298.844  1.55422e-08  3.29371e-11
      12.0000      299.093  1.52818e-08  3.02518e-11
      12.0000      299.342  1.53563e-08  2.89035e-11
      12.0000      299.592  1.48644e-08  2.77086e-11
      12.0000      299.842  1.43236e-08  2.77090e-11
      12.0000      300.091  1.46823e-08  2.95129e-11
      12.0000      300.342  1.48278e-08  2.87598e-11
      12.0000      300.592  1.45535e-08  2.79285e-11
      12.0000      300.843  1.41725e-08  2.67060e-11
      12.0000      301.093  1.47483e-08  3.97413e-11
      12.0000      301.345  1.52874e-08  2.20277e-10
      12.0000      301.595  1.51048e-08  2.52264e-11
      12.0000      301.848  1.49954e-08  2.43947e-11
      12.0000      302.099  1.45894e-08  2.57388e-11
      12.0000      302.350  1.42990e-08  2.61700e-11
      12.0000      302.603  1.40995e-08  2.50196e-11
      12.0000      302.855  1.43243e-08  2.35234e-11
      12.0000      303.107  1.45837e-08  2.38363e-11
      12.0000      303.360  1.38728e-08  2.28672e-11
      12.0000      303.614  1.36508e-08  2.20263e-11
      12.0000      303.866  1.40442e-08  2.24919e-11
      12.0000      304.120  1.41980e-08  2.29207e-11
      12.0000      304.373  1.38898e-08  2.32848e-11
      12.0000      304.627  1.35897e-08  2.31631e-11
      12.0000      304.881  1.38324e-08  2.23810e-11
      12.0000      305.135  1.36575e-08  2.01384e-11
      12.0000      305.389  1.37512e-08  1.97850e-11
      12.0000      305.644  1.34151e-08  1.97563e-11
      12.0000      305.899  1.33496e-08  2.00407e-11
      12.0000      306.154  1.34687e-08  1.98302e-11
      12.0000      306.409  1.37088e-08  2.10239e-11
      12.0000      306.665  1.35307e-08  2.21051e-11
      12.0000      306.921  1.32512e-08  2.31168e-11
      12.0000      307.176  1.35128e-08  2.32914e-11
      12.0000      307.432  1.32295e-08  2.12165e-11
      12.0000      307.689  1.30386e-08  1.99027e-11
      12.0000      307.945  1.31743e-08  1.99952e-11
      12.0000      308.202  1.35944e-08  2.10757e-11
      12.0000      308.458  1.43017e-08  1.94470e-11
      12.0000      308.715  1.38101e-08  1.76014e-11
      12.0000      308.973  1.31099e-08  1.71570e-11
      12.0000      309.231  1.29733e-08  1.81524e-11
      12.0000      309.488  1.29449e-08  1.88521e-11
      12.0000      309.746  1.30971e-08  1.89914e-11
      12.0000      310.004  1.29786e-08  1.94640e-11
      12.0000      310.263  1.25733e-08  1.99967e-11
      12.0000      310.522  1.25897e-08  2.06898e-11
      12.0000      310.781  1.27969e-08  2.00651e-11
      12.0000      311.040  1.28265e-08  1.88028e-11
      12.0000      311.300  1.30456e-08  1.90307e-11
      12.0000      311.559  1.27309e-08  1.90970e-11
      12.0000      311.819  1.27617e-08  1.90845e-11
      12.0000      312.079  1.30938e-08  1.85297e-11
      12.0000      312.339  1.28197e-08  1.76813e-11
      12.0000      312.599  1.27191e-08  1.85991e-11
      12.0000      312.860  1.26040e-08  1.92462e-11
      12.0000      313.120  1.28327e-08  1.91215e-11
      12.0000      313.381  1.25907e-08  1.77885e-11
      12.0000      313.643  1.23118e-08  1.73790e-11
      12.0000      313.905  1.23448e-08  1.81065e-11
      12.0000      314.166  1.23685e-08  1.94071e-11
      12.0000      314.428  1.24477e-08  1.99854e-11
      12.0000      314.690  1.24919e-08  1.96536e-11
      12.0000      314.953  1.24135e-08  1.94037e-11
      12.0000      315.215  1.23186e-08  1.85602e-11
      12.0000      315.477  1.25642e-08  1.73003e-11
      12.0000      315.740  1.29154e-08  1.65900e-11
      12.0000      316.004  1.29316e-08  1.71799e-11
      12.0000      316.268  1.27192e-08  1.87420e-11
      12.0000      316.531  1.26059e-08  1.94738e-11
      12.0000      316.795  1.25561e-08  1.83631e-11
      12.0000      317.059  1.22957e-08  1.74469e-11
      12.0000      317.323  1.21633e-08  1.80485e-11
      12.0000      317.587  1.23387e-08  1.87584e-11
      12.0000      317.853  1.25703e-08  1.79104e-11
      12.0000      318.118  1.24933e-08  1.92067e-11
      12.0000      318.383  1.16123e-08  2.17336e-11
      12.0000      318.648  1.18420e-08  2.04771e-11
      12.0000      318.914  1.20979e-08  1.90066e-11
      13.0000      319.180  1.17485e-08  2.08502e-11
      13.0000      319.446  1.19154e-08  2.16354e-11
      13.0000      319.713  1.21392e-08  2.63174e-11
      13.0000      319.978  1.16109e-08  2.82204e-11
      13.0000      320.246  1.14962e-08  2.53587e-11
      13.0000      320.513  1.20443e-08  2.17112e-11
      13.0000      320.780  1.19941e-08  2.02450e-11
      13.0000      321.047  1.18030e-08  2.13144e-11
      13.0000      321.315  1.17635e-08  2.09572e-11
      13.0000      321.583  1.17702e-08  1.82897e-11
      13.0000      321.851  1.19513e-08  1.66721e-11
      13.0000      322.119  1.17444e-08  1.59567e-11
      13.0000      322.387  1.14891e-08  1.61590e-11
      13.0000      322.657  1.15143e-08  1.63324e-11
      13.0000      322.925  1.17970e-08  1.71879e-11
      13.0000      323.195  1.17877e-08  1.85679e-11
      13.0000      323.464  1.16075e-08  1.89995e-11
      13.0000      323.734  1.17601e-08  1.75629e-11
      13.0000      324.003  1.16374e-08  1.48596e-11
      13.0000      324.273  1.15863e-08  1.42322e-11
      13.0000      324.544  1.12759e-08  1.49502e-11
      13.0000      324.815  1.12197e-08  1.54135e-11
      13.0000      325.085  1.15981e-08  1.45826e-11
      13.0000      325.357  1.15991e-08  1.35606e-11
      13.0000      325.628  1.12436e-08  1.33860e-11
      13.0000      325.900  1.08698e-08  1.33068e-11
      13.0000      326.171  1.10397e-08  1.32105e-11
      13.0000      326.443  1.13874e-08  1.36736e-11
      13.0000      326.715  1.13697e-08  1.52588e-11
      13.0000      326.988  1.12155e-08  1.71424e-11
      13.0000      327.259  1.12246e-08  1.64889e-11
      13.0000      327.533  1.16862e-08  1.47602e-11
      13.0000      327.805  1.15478e-08  1.30895e-11
      13.0000      328.079  1.11473e-08  1.22965e-11
      13.0000      328.352  1.11041e-08  1.17769e-11
      13.0000      328.626  1.12612e-08  1.11706e-11
      13.0000      328.900  1.11711e-08  1.14499e-11
      13.0000      329.175  1.09768e-08  1.33593e-11
      13.0000      329.449  1.08632e-08  1.52233e-11
      13.0000      329.724  1.09226e-08  1.50733e-11
      13.0000      329.998  1.11432e-08  1.44298e-11
      13.0000      330.274  1.10140e-08  1.42601e-11
      13.0000      330.549  1.08595e-08  1.40150e-11
      13.0000      330.825  1.09219e-08  1.25093e-11
      13.0000      331.101  1.11806e-08  1.10247e-11
      13.0000      331.376  1.11931e-08  1.06431e-11
      13.0000      331.653  1.09860e-08  1.12711e-11
      13.0000      331.929  1.09362e-08  1.16761e-11
      13.0000      332.206  1.10595e-08  1.18113e-11
      13.0000      332.483  1.10934e-08  1.27499e-11
      13.0000      332.760  1.07595e-08  1.44386e-11
      13.0000      333.037  1.06773e-08  1.55020e-11
      13.0000      333.316  1.09853e-08  1.49375e-11
      13.0000      333.592  1.12182e-08  1.41476e-11
      13.0000      333.871  1.09086e-08  1.33757e-11
      13.0000      334.150  1.08868e-08  1.31645e-11
      13.0000      334.428  1.10689e-08  1.17828e-11
      13.0000      334.707  1.12560e-08  1.05025e-11
      13.0000      334.986  1.12254e-08  1.04138e-11
      13.0000      335.264  1.10091e-08  1.10186e-11
      13.0000      335.545  1.08651e-08  1.11935e-11
      13.0000      335.824  1.08689e-08  1.11519e-11
      13.0000      336.104  1.07330e-08  1.18684e-11
      13.0000      336.384  1.05549e-08  1.33795e-11
      13.0000      336.665  1.07395e-08  1.41734e-11
      13.0000      336.945  1.09336e-08  1.37542e-11
      13.0000      337.226  1.09930e-08  1.36248e-11
      13.0000      337.507  1.14488e-08  1.53382e-11
      13.0000      337.789  1.06953e-08  1.40555e-11
      13.0000      338.071  1.10994e-08  1.34314e-11
      13.0000      338.352  1.11700e-08  1.29400e-11
      13.0000      338.634  1.07680e-08  1.35112e-11
      13.0000      338.916  1.03915e-08  1.41196e-11
      13.0000      339.199  1.06333e-08  1.44342e-11
      13.0000      339.482  1.06617e-08  1.40999e-11
      13.0000      339.765  1.06328e-08  1.49624e-11
      13.0000      340.048  1.05757e-08  1.72182e-11
      13.0000      340.332  1.06647e-08  1.54845e-11
      13.0000      340.616  1.09820e-08  1.45903e-11
      13.0000      340.899  1.07188e-08  1.42540e-11
      13.0000      341.184  1.05741e-08  1.43764e-11
      13.0000      341.468  1.05794e-08  1.36797e-11
      13.0000      341.753  1.06775e-08  1.27372e-11
      13.0000      342.038  1.04680e-08  1.26317e-11
      13.0000      342.323  1.02292e-08  1.34900e-11
      13.0000      342.608  1.03855e-08  1.44580e-11
      13.0000      342.894  1.05030e-08  1.42141e-11
      4.00000      343.180  1.03551e-08  1.45025e-11
      4.00000      343.466  1.02493e-08  1.57124e-11
      4.00000      343.752  1.02696e-08  1.59942e-11
      4.00000      344.039  1.05028e-08  1.50850e-11
      4.00000      344.325  1.05371e-08  1.47691e-11
      4.00000      344.612  1.03693e-08  1.56124e-11
      14.0000      344.900  9.94716e-09  1.77052e-11
      14.0000      345.187  1.02118e-08  1.63063e-11
      14.0000      345.476  1.00681e-08  1.48193e-11
      14.0000      345.764  9.78874e-09  1.46805e-11
      14.0000      346.052  9.69247e-09  1.46593e-11
      14.0000      346.340  1.00334e-08  1.44039e-11
      14.0000      346.629  1.01308e-08  1.55049e-11
      14.0000      346.917  9.96433e-09  1.74464e-11
      14.0000      347.207  9.82678e-09  1.74139e-11
      14.0000      347.496  1.00318e-08  1.46658e-11
      14.0000      347.786  1.01915e-08  1.25977e-11
      14.0000      348.077  9.91529e-09  1.25093e-11
      14.0000      348.367  9.74615e-09  1.32219e-11
      14.0000      348.657  9.86993e-09  1.34677e-11
      14.0000      348.948  9.96945e-09  1.42006e-11
      14.0000      349.239  9.71041e-09  1.53734e-11
      14.0000      349.529  9.75885e-09  1.64661e-11
      14.0000      349.820  1.01125e-08  1.51365e-11
      14.0000      350.112  1.04573e-08  1.41402e-11
      14.0000      350.404  1.04267e-08  1.46955e-11
      14.0000      350.696  1.08106e-08  1.58181e-11
      14.0000      350.989  1.12835e-08  1.55962e-11
      14.0000      351.281  1.14049e-08  1.46433e-11
      14.0000      351.574  1.06932e-08  1.41493e-11
      14.0000      351.867  9.81767e-09  1.35921e-11
      14.0000      352.161  9.44549e-09  1.24052e-11
      14.0000      352.454  9.31120e-09  1.10534e-11
      14.0000      352.749  9.26928e-09  1.11735e-11
      14.0000      353.043  8.97048e-09  1.20952e-11
      14.0000      353.337  8.92763e-09  1.21356e-11
      14.0000      353.632  9.30365e-09  1.20870e-11
      14.0000      353.926  9.35842e-09  1.28309e-11
      14.0000      354.221  1.10463e-08  1.49008e-11
      14.0000      354.517  1.02578e-08  1.31846e-11
      14.0000      354.812  9.11638e-09  1.04989e-11
      14.0000      355.107  9.24831e-09  1.01055e-11
      14.0000      355.404  9.11619e-09  1.04297e-11
      14.0000      355.700  8.96263e-09  1.01970e-11
      14.0000      355.996  9.15651e-09  9.93716e-12
      14.0000      356.294  9.23808e-09  1.06677e-11
      14.0000      356.590  9.20094e-09  1.19885e-11
      14.0000      356.888  9.32981e-09  1.22095e-11
      14.0000      357.185  9.63978e-09  1.19721e-11
      14.0000      357.482  9.50700e-09  1.23044e-11
      14.0000      357.780  9.11684e-09  1.26116e-11
      14.0000      358.079  9.10804e-09  1.19351e-11
      14.0000      358.378  9.13385e-09  1.05808e-11
      14.0000      358.676  9.10678e-09  1.02116e-11
      14.0000      358.976  8.86811e-09  1.03767e-11
      14.0000      359.275  9.03914e-09  1.02193e-11
      14.0000      359.575  9.13912e-09  9.59660e-12
      14.0000      359.874  9.00947e-09  9.75522e-12
      14.0000      360.175  8.91126e-09  1.01827e-11
      14.0000      360.475  8.99588e-09  9.91649e-12
      14.0000      360.775  9.13068e-09  9.53907e-12
      14.0000      361.076  8.94685e-09  1.00505e-11
      14.0000      361.377  8.76083e-09  1.06528e-11
      14.0000      361.678  8.93718e-09  1.06126e-11
      14.0000      361.979  9.08343e-09  1.07244e-11
      14.0000      362.282  9.00267e-09  1.18589e-11
      14.0000      362.583  8.82280e-09  1.28717e-11
      14.0000      362.886  8.89600e-09  1.25642e-11
      14.0000      363.189  8.96663e-09  1.20875e-11
      14.0000      363.491  8.85203e-09  1.27054e-11
      14.0000      363.794  8.68608e-09  1.29028e-11
      14.0000      364.097  8.72404e-09  1.18778e-11
      14.0000      364.401  8.75287e-09  1.11351e-11
      14.0000      364.704  8.65191e-09  1.15256e-11
      14.0000      365.009  8.50476e-09  1.17674e-11
      14.0000      365.313  8.53931e-09  1.09956e-11
      14.0000      365.617  8.62070e-09  1.07521e-11
      14.0000      365.922  8.33923e-09  1.10621e-11
      14.0000      366.228  8.29957e-09  1.14325e-11
      14.0000      366.533  8.50216e-09  1.09790e-11
      14.0000      366.838  8.57965e-09  1.07189e-11
      4.00000      367.144  8.24972e-09  1.11548e-11
      4.00000      367.450  8.17236e-09  1.14001e-11
      4.00000      367.757  8.30043e-09  1.07661e-11
      4.00000      368.062  8.32643e-09  1.06496e-11
      4.00000      368.370  8.08441e-09  1.12514e-11
      4.00000      368.677  8.05480e-09  1.15161e-11
      4.00000      368.985  8.17116e-09  1.12000e-11
      4.00000      369.293  8.10495e-09  1.12387e-11
      4.00000      369.600  7.92947e-09  1.22923e-11
      4.00000      369.909  7.90993e-09  1.21976e-11
      4.00000      370.217  8.09153e-09  1.17991e-11
      4.00000      370.525  8.00327e-09  1.21409e-11
      15.0000      370.835  7.65333e-09  1.22692e-11
      15.0000      371.143  7.70393e-09  1.19748e-11
      15.0000      371.453  7.97666e-09  1.25159e-11
      15.0000      371.762  7.77055e-09  1.36476e-11
      15.0000      372.072  7.55738e-09  1.36261e-11
      15.0000      372.383  7.53662e-09  1.14448e-11
      15.0000      372.692  7.64356e-09  1.00470e-11
      15.0000      373.003  7.52803e-09  1.02494e-11
      15.0000      373.314  7.41837e-09  1.06962e-11
      15.0000      373.626  7.52551e-09  1.07622e-11
      15.0000      373.937  7.54829e-09  1.14089e-11
      15.0000      374.249  7.31809e-09  1.20696e-11
      15.0000      374.561  7.23150e-09  1.11329e-11
      15.0000      374.873  7.39813e-09  9.63797e-12
      15.0000      375.185  7.41296e-09  9.01074e-12
      15.0000      375.498  7.22362e-09  9.28412e-12
      15.0000      375.811  7.23130e-09  9.29844e-12
      15.0000      376.125  7.36332e-09  9.32886e-12
      15.0000      376.438  7.21908e-09  1.02926e-11
      15.0000      376.753  7.01158e-09  1.10515e-11
      15.0000      377.067  7.09920e-09  1.01196e-11
      15.0000      377.381  7.22587e-09  9.03638e-12
      15.0000      377.695  7.05908e-09  8.80108e-12
      15.0000      378.010  6.92015e-09  8.68755e-12
      15.0000      378.325  7.04541e-09  8.13177e-12
      15.0000      378.640  7.10057e-09  8.13775e-12
      15.0000      378.956  6.89217e-09  8.84486e-12
      15.0000      379.272  6.76298e-09  9.25516e-12
      15.0000      379.589  7.01059e-09  9.23770e-12
      15.0000      379.905  6.89816e-09  9.40637e-12
      15.0000      380.222  6.64088e-09  9.60153e-12
      15.0000      380.539  6.67989e-09  8.99161e-12
      15.0000      380.855  6.86029e-09  8.13406e-12
      15.0000      381.173  6.71857e-09  7.91700e-12
      15.0000      381.492  6.52699e-09  7.93912e-12
      15.0000      381.809  6.62664e-09  7.46476e-12
      15.0000      382.127  6.72233e-09  7.16855e-12
      15.0000      382.446  6.53810e-09  7.61772e-12
      15.0000      382.765  6.43137e-09  7.97108e-12
      15.0000      383.085  6.53956e-09  7.88060e-12
      15.0000      383.403  6.51222e-09  8.40000e-12
      15.0000      383.723  6.28249e-09  9.53133e-12
      15.0000      384.044  6.29081e-09  9.88901e-12
      15.0000      384.363  6.43316e-09  9.05466e-12
      15.0000      384.683  6.39112e-09  8.83058e-12
      15.0000      385.005  6.21319e-09  8.79363e-12
      15.0000      385.325  6.30233e-09  8.06220e-12
      15.0000      385.646  6.42499e-09  7.20324e-12
      15.0000      385.968  6.20820e-09  7.00610e-12
      15.0000      386.290  6.01494e-09  7.06911e-12
      15.0000      386.612  6.10716e-09  6.81712e-12
      15.0000      386.934  6.12706e-09  6.78311e-12
      15.0000      387.256  5.94026e-09  7.25665e-12
      15.0000      387.580  5.90207e-09  7.45106e-12
      15.0000      387.902  6.04910e-09  7.21064e-12
      15.0000      388.226  6.01259e-09  7.32581e-12
      15.0000      388.550  5.86062e-09  7.60836e-12
      15.0000      388.874  5.92500e-09  7.28873e-12
      15.0000      389.197  6.00657e-09  7.04727e-12
      15.0000      389.522  5.81846e-09  7.53630e-12
      15.0000      389.847  5.67895e-09  8.05513e-12
      15.0000      390.172  5.78981e-09  8.05479e-12
      15.0000      390.497  5.77042e-09  8.33844e-12
      15.0000      390.823  5.62745e-09  9.39730e-12
      4.00000      391.149  5.50560e-09  9.47814e-12
      4.00000      391.475  5.65794e-09  8.99535e-12
      4.00000      391.802  5.60687e-09  9.10802e-12
      4.00000      392.128  5.43988e-09  9.46116e-12
      4.00000      392.455  5.46544e-09  9.01138e-12
      4.00000      392.782  5.61059e-09  8.74989e-12
      4.00000      393.110  5.37973e-09  9.27610e-12
      4.00000      393.437  5.26019e-09  1.00993e-11
      4.00000      393.766  5.37880e-09  9.87387e-12
      4.00000      394.093  5.40783e-09  1.01389e-11
      4.00000      394.421  5.21689e-09  1.12353e-11
      4.00000      394.751  5.19102e-09  1.10147e-11
      4.00000      395.080  5.38278e-09  1.01129e-11
      4.00000      395.409  5.32784e-09  1.01028e-11
      4.00000      395.739  5.13824e-09  1.02113e-11
      4.00000      396.069  5.22547e-09  9.62485e-12
      4.00000      396.399  5.23730e-09  9.36710e-12
      16.0000      396.729  4.95406e-09  1.04978e-11
      16.0000      397.060  4.84207e-09  1.10232e-11
      16.0000      397.392  4.95010e-09  9.52600e-12
      16.0000      397.722  4.98549e-09  8.75936e-12
      16.0000      398.054  4.82908e-09  8.57671e-12
      16.0000      398.386  4.87071e-09  7.89227e-12
      16.0000      398.718  4.99047e-09  7.59731e-12
      16.0000      399.050  4.82494e-09  8.36089e-12
      16.0000      399.383  4.70563e-09  9.07676e-12
      16.0000      399.717  4.78658e-09  8.37830e-12
      16.0000      400.050  4.76668e-09  7.78414e-12
      16.0000      400.383  4.59833e-09  7.87614e-12
      16.0000      400.716  4.62905e-09  7.56632e-12
      16.0000      401.051  4.73116e-09  7.16526e-12
      16.0000      401.386  4.63663e-09  7.46349e-12
      16.0000      401.719  4.52482e-09  7.68546e-12
      16.0000      402.055  4.63061e-09  7.52102e-12
      16.0000      402.390  4.66348e-09  7.68976e-12
      16.0000      402.726  4.42187e-09  7.86301e-12
      16.0000      403.062  4.41366e-09  7.32191e-12
      16.0000      403.397  4.49174e-09  6.67369e-12
      16.0000      403.734  4.40343e-09  6.71199e-12
      16.0000      404.070  4.32934e-09  6.87308e-12
      16.0000      404.406  4.41285e-09  6.50335e-12
      16.0000      404.744  4.41532e-09  6.42978e-12
      16.0000      405.081  4.28498e-09  6.77337e-12
      16.0000      405.420  4.28797e-09  6.75605e-12
      16.0000      405.757  4.35753e-09  6.77603e-12
      16.0000      406.095  4.21636e-09  7.39751e-12
      16.0000      406.435  4.06793e-09  7.67617e-12
      16.0000      406.774  4.17593e-09  7.14428e-12
      16.0000      407.111  4.20934e-09  6.80177e-12
      16.0000      407.451  4.03857e-09  6.79001e-12
      16.0000      407.790  4.07641e-09  6.48188e-12
      16.0000      408.132  4.17711e-09  5.78376e-12
      16.0000      408.472  4.05597e-09  5.66398e-12
      16.0000      408.812  3.96612e-09  5.66332e-12
      16.0000      409.152  4.04140e-09  5.46781e-12
      16.0000      409.494  3.99340e-09  5.76866e-12
      16.0000      409.834  3.83583e-09  6.57157e-12
      16.0000      410.177  3.84139e-09  6.82811e-12
      16.0000      410.519  3.98301e-09  7.01126e-12
      16.0000      410.862  3.84194e-09  7.73782e-12
      16.0000      411.203  3.78781e-09  8.11342e-12
      16.0000      411.546  3.93189e-09  7.42382e-12
      16.0000      411.889  3.91431e-09  7.07460e-12
      16.0000      412.233  3.72307e-09  7.06565e-12
      16.0000      412.577  3.71299e-09  6.74603e-12
      16.0000      412.919  3.80283e-09  6.32325e-12
      16.0000      413.264  3.63863e-09  6.53670e-12
      16.0000      413.609  3.59202e-09  7.00651e-12
      16.0000      413.954  3.70713e-09  6.52294e-12
      16.0000      414.298  3.72291e-09  6.27922e-12
      16.0000      414.644  3.60502e-09  6.35608e-12
      16.0000      414.989  3.65768e-09  5.97640e-12
      4.00000      415.336  3.62057e-09  5.51311e-12
      4.00000      415.683  3.49217e-09  5.65460e-12
      4.00000      416.029  3.39208e-09  5.81707e-12
      4.00000      416.375  3.47828e-09  5.74890e-12
      4.00000      416.722  3.42420e-09  5.99919e-12
      4.00000      417.070  3.30613e-09  6.38891e-12
      4.00000      417.418  3.37237e-09  6.29550e-12
      4.00000      417.767  3.45362e-09  6.09178e-12
      4.00000      418.114  3.35255e-09  6.18174e-12
      4.00000      418.463  3.34744e-09  6.03111e-12
      4.00000      418.811  3.40709e-09  5.78798e-12
      4.00000      419.161  3.30096e-09  5.97619e-12
      4.00000      419.511  3.19273e-09  6.31371e-12
      4.00000      419.859  3.27714e-09  6.43122e-12
      4.00000      420.210  3.24736e-09  6.60310e-12
      4.00000      420.560  3.11061e-09  6.90500e-12
      4.00000      420.911  3.13675e-09  6.80342e-12
      4.00000      421.262  3.21312e-09  6.53130e-12
      4.00000      421.614  3.08626e-09  6.59021e-12
      4.00000      421.964  3.06631e-09  6.63104e-12
      4.00000      422.317  3.14146e-09  6.52065e-12
      17.0000      422.669  3.03092e-09  7.07651e-12
      17.0000      423.021  2.93284e-09  7.71604e-12
      17.0000      423.374  2.98937e-09  7.96471e-12
      17.0000      423.727  2.98705e-09  8.60694e-12
      17.0000      424.079  2.87196e-09  8.94369e-12
      17.0000      424.434  2.90183e-09  7.60862e-12
      17.0000      424.787  2.97050e-09  6.41371e-12
      17.0000      425.141  2.85701e-09  6.14986e-12
      17.0000      425.496  2.79593e-09  6.08990e-12
      17.0000      425.851  2.86722e-09  5.91777e-12
      17.0000      426.205  2.81151e-09  6.61399e-12
      17.0000      426.561  2.71481e-09  7.43120e-12
      17.0000      426.916  2.75580e-09  7.48669e-12
      17.0000      427.272  2.81664e-09  7.13914e-12
      17.0000      427.628  2.70223e-09  6.72625e-12
      17.0000      427.985  2.71185e-09  5.94477e-12
      17.0000      428.343  2.76744e-09  5.22596e-12
      17.0000      428.699  2.66811e-09  5.23838e-12
      17.0000      429.056  2.62014e-09  5.28231e-12
      17.0000      429.415  2.69643e-09  5.23972e-12
      17.0000      429.771  2.64820e-09  5.70758e-12
      17.0000      430.130  2.55009e-09  6.21743e-12
      17.0000      430.489  2.63684e-09  6.22754e-12
      17.0000      430.847  2.66041e-09  6.36728e-12
      17.0000      431.207  2.53475e-09  6.45961e-12
      17.0000      431.566  2.55200e-09  5.72761e-12
      17.0000      431.926  2.58680e-09  5.13021e-12
      17.0000      432.287  2.48185e-09  5.10311e-12
      17.0000      432.646  2.46983e-09  4.98788e-12
      17.0000      433.007  2.50209e-09  4.69209e-12
      17.0000      433.368  2.45569e-09  4.73247e-12
      17.0000      433.730  2.41400e-09  4.77384e-12
      17.0000      434.092  2.48199e-09  4.57302e-12
      17.0000      434.452  2.44134e-09  4.65547e-12
      17.0000      434.815  2.37445e-09  4.95968e-12
      17.0000      435.178  2.40309e-09  4.95980e-12
      17.0000      435.540  2.39127e-09  5.19584e-12
      17.0000      435.905  2.31812e-09  5.77255e-12
      17.0000      436.268  2.31851e-09  5.94586e-12
      17.0000      436.630  2.38794e-09  5.89380e-12
      17.0000      436.994  2.28008e-09  5.91502e-12
      17.0000      437.359  2.26458e-09  5.66799e-12
      17.0000      437.723  2.33694e-09  5.15137e-12
      17.0000      438.089  2.25921e-09  5.04823e-12
      17.0000      438.454  2.20166e-09  5.07741e-12
      17.0000      438.820  2.26334e-09  4.80759e-12
      17.0000      439.186  2.23498e-09  4.75490e-12
      4.00000      439.551  2.10565e-09  4.84996e-12
      4.00000      439.918  2.15088e-09  4.64609e-12
      4.00000      440.284  2.16983e-09  4.47301e-12
      4.00000      440.651  2.09254e-09  4.52698e-12
      4.00000      441.018  2.08518e-09  4.42725e-12
      4.00000      441.386  2.12126e-09  4.35204e-12
      4.00000      441.755  2.08376e-09  4.56551e-12
      4.00000      442.124  2.05940e-09  4.65799e-12
      4.00000      442.492  2.07700e-09  4.57736e-12
      4.00000      442.860  2.02232e-09  4.67593e-12
      4.00000      443.229  1.98698e-09  4.67348e-12
      4.00000      443.599  2.02859e-09  4.49475e-12
      4.00000      443.969  1.98983e-09  4.55390e-12
      4.00000      444.340  1.94028e-09  4.67289e-12
      4.00000      444.709  1.97087e-09  4.67497e-12
      4.00000      445.079  1.95860e-09  4.81020e-12
      4.00000      445.452  1.88446e-09  5.03598e-12
      4.00000      445.824  1.92910e-09  5.00997e-12
      4.00000      446.194  1.94981e-09  4.96272e-12
      4.00000      446.566  1.89713e-09  5.05432e-12
      4.00000      446.939  1.91714e-09  5.00378e-12
      4.00000      447.311  1.94244e-09  4.95979e-12
      4.00000      447.684  1.88667e-09  5.17687e-12
      4.00000      448.057  1.86483e-09  5.34977e-12
      4.00000      448.431  1.88004e-09  5.43758e-12
      18.0000      448.805  1.76220e-09  6.95374e-12
      18.0000      449.180  1.75747e-09  6.02239e-12
      18.0000      449.553  1.78545e-09  5.13086e-12
      18.0000      449.928  1.76103e-09  4.82766e-12
      18.0000      450.302  1.72551e-09  4.67925e-12
      18.0000      450.678  1.74927e-09  4.67845e-12
      18.0000      451.054  1.71152e-09  5.22948e-12
      18.0000      451.431  1.65664e-09  5.78757e-12
      18.0000      451.806  1.74624e-09  6.01754e-12
      18.0000      452.184  1.70594e-09  5.89685e-12
      18.0000      452.560  1.63966e-09  5.35884e-12
      18.0000      452.938  1.69326e-09  4.54734e-12
      18.0000      453.315  1.68101e-09  4.20442e-12
      18.0000      453.694  1.61982e-09  4.20290e-12
      18.0000      454.071  1.65098e-09  4.12849e-12
      18.0000      454.450  1.62506e-09  4.43436e-12
      18.0000      454.829  1.57232e-09  4.91727e-12
      18.0000      455.208  1.60454e-09  4.96804e-12
      18.0000      455.587  1.61470e-09  5.14719e-12
      18.0000      455.967  1.54681e-09  5.48122e-12
      18.0000      456.348  1.58288e-09  4.93043e-12
      18.0000      456.727  1.60548e-09  4.40674e-12
      18.0000      457.109  1.52006e-09  4.41047e-12
      18.0000      457.490  1.52366e-09  4.37029e-12
      18.0000      457.871  1.55940e-09  4.19387e-12
      18.0000      458.253  1.48695e-09  4.29041e-12
      18.0000      458.636  1.48445e-09  4.18110e-12
      18.0000      459.017  1.53378e-09  3.87365e-12
      18.0000      459.400  1.48582e-09  3.87128e-12
      18.0000      459.783  1.46415e-09  3.78903e-12
      18.0000      460.166  1.49935e-09  3.79598e-12
      18.0000      460.549  1.43328e-09  4.27624e-12
      18.0000      460.934  1.40327e-09  4.74687e-12
      18.0000      461.318  1.45757e-09  4.90304e-12
      18.0000      461.702  1.42913e-09  5.29874e-12
      18.0000      462.088  1.37829e-09  5.56250e-12
      18.0000      462.473  1.46497e-09  4.96312e-12
      18.0000      462.858  1.43113e-09  4.67155e-12
      18.0000      463.244  1.37542e-09  4.58389e-12
      4.00000      463.631  1.37417e-09  4.33670e-12
      4.00000      464.018  1.31952e-09  4.40399e-12
      4.00000      464.403  1.28582e-09  4.72021e-12
      4.00000      464.792  1.30686e-09  4.59375e-12
      4.00000      465.179  1.31612e-09  4.43580e-12
      4.00000      465.567  1.29353e-09  4.31774e-12
      4.00000      465.955  1.34291e-09  3.96688e-12
      4.00000      466.342  1.30234e-09  3.73754e-12
      4.00000      466.731  1.27412e-09  3.83750e-12
      4.00000      467.122  1.29866e-09  3.93725e-12
      4.00000      467.510  1.28609e-09  4.15400e-12
      4.00000      467.900  1.23499e-09  4.53512e-12
      4.00000      468.290  1.26116e-09  4.55099e-12
      4.00000      468.680  1.27383e-09  4.38295e-12
      4.00000      469.072  1.22929e-09  4.29166e-12
      4.00000      469.462  1.25997e-09  4.04328e-12
      4.00000      469.854  1.25275e-09  4.03391e-12
      4.00000      470.245  1.20192e-09  4.34333e-12
      4.00000      470.637  1.21259e-09  4.62792e-12
      4.00000      471.029  1.19842e-09  5.00022e-12
      4.00000      471.422  1.15526e-09  5.36995e-12
      4.00000      471.816  1.18588e-09  5.30640e-12
      4.00000      472.208  1.20098e-09  5.09662e-12
      4.00000      472.603  1.15831e-09  5.05322e-12
      4.00000      472.997  1.17811e-09  4.90449e-12
      4.00000      473.391  1.17126e-09  5.03783e-12
      4.00000      473.785  1.11227e-09  5.70528e-12
      4.00000      474.181  1.11599e-09  6.25349e-12
      4.00000      474.577  1.12295e-09  6.59494e-12
      19.0000      474.971  1.05751e-09  8.14337e-12
      19.0000      475.367  1.09586e-09  6.47615e-12
      19.0000      475.765  1.11869e-09  5.40957e-12
      19.0000      476.161  1.05807e-09  5.16828e-12
      19.0000      476.558  1.05721e-09  5.02280e-12
      19.0000      476.954  1.06192e-09  5.33975e-12
      19.0000      477.352  1.03467e-09  6.00743e-12
      19.0000      477.751  1.05611e-09  6.13281e-12
      19.0000      478.149  1.07045e-09  6.21439e-12
      19.0000      478.547  1.02489e-09  6.37524e-12
      19.0000      478.946  1.04941e-09  5.58058e-12
      19.0000      479.345  1.05410e-09  4.94968e-12
      19.0000      479.745  1.00730e-09  4.77962e-12
      19.0000      480.146  1.02136e-09  4.60330e-12
      19.0000      480.545  1.00113e-09  4.60640e-12
      19.0000      480.945  9.63755e-10  4.68072e-12
      19.0000      481.348  1.00056e-09  4.40999e-12
      19.0000      481.749  9.91943e-10  4.22476e-12
      19.0000      482.151  1.00141e-09  4.28527e-12
      19.0000      482.551  1.02956e-09  4.22251e-12
      19.0000      482.954  9.97144e-10  4.54679e-12
      19.0000      483.356  9.57494e-10  5.09883e-12
      19.0000      483.760  9.75671e-10  5.41503e-12
      19.0000      484.163  9.68095e-10  5.50198e-12
      19.0000      484.567  9.40562e-10  5.11790e-12
      19.0000      484.971  9.66651e-10  4.51900e-12
      19.0000      485.376  9.47190e-10  4.19085e-12
      19.0000      485.779  9.51656e-10  3.91525e-12
      19.0000      486.185  9.54353e-10  3.76517e-12
      19.0000      486.590  9.05414e-10  3.89405e-12
      19.0000      486.995  9.10044e-10  4.01104e-12
      19.0000      487.401  9.16419e-10  4.06204e-12
      19.0000      487.807  9.00621e-10  4.18436e-12
      4.00000      488.215  8.07674e-10  3.95393e-12
      4.00000      488.622  8.64553e-10  3.69012e-12
      4.00000      489.029  8.57575e-10  3.73051e-12
      4.00000      489.436  8.41570e-10  3.79291e-12
      4.00000      489.845  8.33623e-10  4.13888e-12
      4.00000      490.254  7.90111e-10  4.52785e-12
      4.00000      490.663  8.52227e-10  4.58053e-12
      4.00000      491.070  8.10602e-10  4.75794e-12
      4.00000      491.480  8.14038e-10  4.66760e-12
      4.00000      491.889  8.44854e-10  4.44720e-12
      4.00000      492.300  8.23818e-10  4.58507e-12
      4.00000      492.710  8.03660e-10  4.86785e-12
      4.00000      493.121  8.31031e-10  5.08295e-12
      4.00000      493.532  7.86552e-10  5.57414e-12
      4.00000      493.944  7.81499e-10  5.75878e-12
      4.00000      494.354  8.20785e-10  5.65574e-12
      4.00000      494.768  7.69141e-10  5.74214e-12
      4.00000      495.179  7.99965e-10  5.49150e-12
      4.00000      495.592  7.96272e-10  5.43040e-12
      4.00000      496.005  7.60261e-10  5.84436e-12
      4.00000      496.418  7.75759e-10  6.13257e-12
      4.00000      496.833  7.88358e-10  6.36150e-12
      4.00000      497.248  7.45701e-10  6.80854e-12
      4.00000      497.661  7.84421e-10  6.60114e-12
      4.00000      498.077  7.86008e-10  6.34175e-12
      4.00000      498.492  7.56905e-10  6.55492e-12
      4.00000      498.907  7.72587e-10  6.20715e-12
      4.00000      499.323  7.52281e-10  6.45936e-12
      4.00000      499.740  7.21463e-10  7.03619e-12
      4.00000      500.158  7.45279e-10  6.95420e-12
      4.00000      500.573  7.40102e-10  7.11913e-12
      4.00000      500.992  7.24080e-10  6.99542e-12
      20.0000      501.409  7.58283e-10  5.27682e-12
      20.0000      501.827  7.34458e-10  4.85422e-12
      20.0000      502.245  7.26601e-10  4.68392e-12
      20.0000      502.664  7.18412e-10  4.59250e-12
      20.0000      503.081  7.05245e-10  4.72210e-12
      20.0000      503.502  7.40885e-10  4.79268e-12
      20.0000      503.921  7.21143e-10  4.79008e-12
      20.0000      504.342  7.07528e-10  4.98043e-12
      20.0000      504.762  7.09802e-10  5.09631e-12
      20.0000      505.183  7.24735e-10  4.91021e-12
      20.0000      505.605  6.87729e-10  4.64317e-12
      20.0000      506.027  6.98977e-10  4.49359e-12
      20.0000      506.447  7.01582e-10  4.26465e-12
      20.0000      506.871  6.92713e-10  3.95857e-12
      20.0000      507.292  6.86770e-10  3.68682e-12
      20.0000      507.715  7.05375e-10  3.55040e-12
      20.0000      508.138  7.12344e-10  3.50183e-12
      20.0000      508.562  6.71009e-10  3.66231e-12
      20.0000      508.986  6.53940e-10  3.87203e-12
      20.0000      509.411  6.55990e-10  4.09497e-12
      20.0000      509.835  6.43074e-10  4.23926e-12
      20.0000      510.261  6.63028e-10  4.25211e-12
      20.0000      510.686  6.70884e-10  4.33134e-12
      20.0000      511.112  6.43416e-10  4.30148e-12
      20.0000      511.538  6.36401e-10  4.28472e-12
      20.0000      511.965  6.28538e-10  4.24254e-12
      20.0000      512.392  6.24210e-10  4.24961e-12
      20.0000      512.818  6.31991e-10  4.12191e-12
      20.0000      513.244  6.30963e-10  3.92166e-12
      20.0000      513.674  6.35760e-10  3.68130e-12
      20.0000      514.102  6.23978e-10  3.60165e-12
      20.0000      514.530  6.27174e-10  3.58952e-12
      20.0000      514.960  6.14349e-10  3.80839e-12
      20.0000      515.390  5.86607e-10  4.30216e-12
      20.0000      515.818  6.01846e-10  4.65993e-12
      20.0000      516.249  6.04314e-10  5.00553e-12
      20.0000      516.678  5.88331e-10  5.16497e-12
      20.0000      517.109  6.24092e-10  5.22102e-12
      20.0000      517.539  6.02206e-10  6.00476e-12
      20.0000      517.971  5.74854e-10  6.85235e-12
      20.0000      518.403  5.75527e-10  8.10003e-12
      20.0000      518.836  5.61590e-10  1.02231e-11
      20.0000      519.267  5.51273e-10  1.13287e-11
      20.0000      519.702  5.49739e-10  1.16423e-11
      20.0000      520.134  4.77074e-10  1.31383e-11
      20.0000      520.568  5.66356e-10  1.27001e-11
      20.0000      521.002  5.44334e-10  1.41530e-11
      20.0000      521.436  4.46753e-10  1.88471e-11
      20.0000      521.872  5.40222e-10  2.10137e-11
      20.0000      522.308  5.32776e-10  2.53777e-11
      20.0000      522.742  5.02378e-10  2.81030e-11
      20.0000      523.177  6.62289e-10  2.64490e-11
      20.0000      523.615  6.22007e-10  2.81419e-11
      20.0000      524.051  4.37334e-10  3.02820e-11
      20.0000      524.488  3.81314e-10  3.02294e-11
      20.0000      524.923  3.24948e-10  3.82574e-11
      20.0000      525.362  3.21201e-10  4.81404e-11
      20.0000      525.801  2.78768e-10  5.09115e-11
      20.0000      526.238  3.18309e-10  5.53703e-11
      20.0000      526.676  3.09760e-10  5.10613e-11
