      11.0000      514.419  5.46287e-10  2.17271e-12
      11.0000      514.815  5.72777e-10  2.19114e-12
      11.0000      515.211  5.63097e-10  2.37313e-12
      11.0000      515.607  5.44196e-10  2.28130e-12
      11.0000      516.004  5.60626e-10  2.95797e-12
      11.0000      516.401  5.62846e-10  2.62156e-12
      11.0000      516.799  5.55790e-10  2.36060e-12
      11.0000      517.196  5.62255e-10  2.27888e-12
      11.0000      517.594  5.61275e-10  2.37500e-12
      11.0000      517.992  5.38359e-10  2.39388e-12
      11.0000      518.391  5.88957e-10  3.08350e-12
      11.0000      518.790  5.59030e-10  2.23687e-12
      11.0000      519.189  5.60054e-10  2.58610e-12
      11.0000      519.589  5.52718e-10  2.30783e-12
      11.0000      519.989  5.20229e-10  1.82717e-12
      11.0000      520.389  5.44702e-10  2.17337e-12
      11.0000      520.789  5.43270e-10  2.41749e-12
      11.0000      521.190  5.29184e-10  2.38265e-12
      11.0000      521.591  5.40834e-10  2.33981e-12
      11.0000      521.992  5.43264e-10  2.20572e-12
      11.0000      522.394  5.31374e-10  1.84846e-12
      11.0000      522.796  5.53996e-10  2.05966e-12
      11.0000      523.198  5.42327e-10  3.38389e-12
      11.0000      523.601  5.30742e-10  1.88996e-12
      11.0000      524.004  5.36594e-10          NaN
      11.0000      524.407  5.34332e-10          NaN
      11.0000      524.811  5.19464e-10  1.50349e-12
      11.0000      525.214  5.11828e-10  1.23983e-12
      11.0000      525.619  5.19187e-10  1.20465e-12
      11.0000      526.023  5.58811e-10  1.26410e-12
      11.0000      526.428  6.02792e-10  1.46572e-12
      11.0000      526.833  5.53963e-10  1.39618e-12
      11.0000      527.238  5.19079e-10  1.35311e-12
      11.0000      527.644  5.42537e-10  1.35789e-12
      11.0000      528.050  5.30861e-10  1.29971e-12
      11.0000      528.457  5.02555e-10  1.21278e-12
      11.0000      528.863  5.08522e-10  1.30339e-12
      11.0000      529.270  5.29572e-10  1.37466e-12
      11.0000      529.678  5.26722e-10  1.45423e-12
      11.0000      530.085  5.08050e-10  1.36793e-12
      11.0000      530.493  4.98822e-10  1.23004e-12
      11.0000      530.901  5.02894e-10  1.32830e-12
      11.0000      531.310  4.96348e-10  1.29720e-12
      11.0000      531.719  4.91241e-10  1.19899e-12
      11.0000      532.128  4.81210e-10  1.23660e-12
      11.0000      532.537  4.82775e-10  1.31523e-12
      11.0000      532.947  4.98051e-10  1.32835e-12
      11.0000      533.357  4.84478e-10  1.15458e-12
      11.0000      533.768  4.79700e-10  1.06093e-12
      11.0000      534.179  4.86374e-10  1.08498e-12
      11.0000      534.590  4.87116e-10  1.19856e-12
      11.0000      535.001  4.64365e-10  1.18958e-12
      11.0000      535.413  4.77076e-10  1.17916e-12
      11.0000      535.825  4.77850e-10  1.16246e-12
      11.0000      536.237  4.77596e-10  1.13010e-12
      11.0000      536.650  4.76588e-10  1.04846e-12
      11.0000      537.063  4.83570e-10  1.10025e-12
      11.0000      537.476  4.65897e-10  1.10241e-12
      11.0000      537.889  4.74451e-10          NaN
      11.0000      538.304  4.76941e-10          NaN
      11.0000      538.718  4.73000e-10  1.07460e-12
      11.0000      539.132  5.00719e-10  1.05382e-12
      11.0000      539.547  4.81022e-10  9.96154e-13
      11.0000      539.962  4.57032e-10          NaN
      11.0000      540.378  4.66332e-10          NaN
      11.0000      540.794  4.67050e-10  1.08841e-12
      11.0000      541.210  4.56996e-10  1.08373e-12
      11.0000      541.626  4.63199e-10  1.04654e-12
      11.0000      542.043  4.62406e-10  9.38383e-13
      11.0000      542.460  4.60742e-10  9.36140e-13
      11.0000      542.878  4.56376e-10  9.36785e-13
      11.0000      543.295  4.52536e-10  9.72083e-13
      11.0000      543.713  4.51028e-10  1.00957e-12
      11.0000      544.132  4.66495e-10  1.02169e-12
      11.0000      544.550  4.66487e-10  9.30415e-13
      11.0000      544.970  4.65536e-10  8.95722e-13
      11.0000      545.389  4.61596e-10  8.53904e-13
      11.0000      545.809  4.56472e-10  8.54953e-13
      11.0000      546.229  4.50580e-10  8.86952e-13
      11.0000      546.649  4.54550e-10  9.31414e-13
      11.0000      547.070  4.63343e-10  9.01106e-13
      11.0000      547.491  4.74375e-10  8.54747e-13
      11.0000      547.912  4.79028e-10  8.20630e-13
      11.0000      548.334  4.77316e-10  8.23459e-13
      11.0000      548.756  4.65203e-10  8.13259e-13
      11.0000      549.178  4.60685e-10  8.77828e-13
      11.0000      549.600  4.60757e-10  9.13434e-13
      11.0000      550.024  4.60434e-10  9.16966e-13
      11.0000      550.447  4.61287e-10  9.02558e-13
      11.0000      550.870  4.55495e-10  8.49509e-13
      11.0000      551.294  4.56874e-10  9.04896e-13
      11.0000      551.718  4.57804e-10  9.86322e-13
      11.0000      552.143  4.65868e-10  1.08694e-12
      11.0000      552.568  4.54384e-10  1.11251e-12
      11.0000      552.993  4.50425e-10  1.08997e-12
      11.0000      553.418  4.53033e-10  1.06103e-12
      11.0000      553.844  4.54378e-10  1.07752e-12
      11.0000      554.271  4.61508e-10  1.12980e-12
      11.0000      554.697  4.55100e-10  1.14440e-12
      11.0000      555.124  4.60886e-10  1.21161e-12
      11.0000      555.551  4.50651e-10  1.16270e-12
      11.0000      555.979  4.62149e-10  1.11381e-12
      11.0000      556.407  4.51709e-10  1.08967e-12
      11.0000      556.835  4.48146e-10  1.02928e-12
      11.0000      557.263  4.57409e-10  1.03286e-12
      11.0000      557.692  4.56253e-10  1.03975e-12
      11.0000      558.121  4.55104e-10  1.03598e-12
      11.0000      558.551  4.52607e-10  9.92971e-13
      11.0000      558.981  4.55301e-10  9.56231e-13
      11.0000      559.411  4.62436e-10  9.62631e-13
      4.00000      559.841  4.57690e-10  9.81151e-13
      4.00000      560.272  4.55310e-10  1.09784e-12
      4.00000      560.703  4.67280e-10  1.10255e-12
      12.0000      561.135  4.73591e-10  2.41371e-12
      12.0000      561.567  4.45489e-10  2.24673e-12
      12.0000      561.999  4.73517e-10  2.28637e-12
      12.0000      562.431  4.72966e-10  2.66601e-12
      12.0000      562.864  4.69489e-10  2.05161e-12
      12.0000      563.297  4.67551e-10  2.43483e-12
      12.0000      563.731  4.60887e-10  2.07784e-12
      12.0000      564.164  4.71567e-10  1.93647e-12
      12.0000      564.599  4.67502e-10  1.80357e-12
      12.0000      565.033  4.70684e-10  1.97673e-12
      12.0000      565.468  4.85753e-10  1.88598e-12
      12.0000      565.903  4.75625e-10  2.34880e-12
      12.0000      566.338  4.60368e-10  1.61250e-12
      12.0000      566.774  4.86121e-10  1.68176e-12
      12.0000      567.210  5.35451e-10  8.43584e-12
      12.0000      567.647  5.52303e-10  1.46317e-11
      12.0000      568.084  5.24744e-10  1.38677e-12
      12.0000      568.521  4.92437e-10  1.41347e-12
      12.0000      568.958  4.78183e-10  1.45886e-12
      12.0000      569.396  4.75581e-10  1.38274e-12
      12.0000      569.834  4.78572e-10          NaN
      12.0000      570.273  4.79532e-10          NaN
      12.0000      570.711  4.82766e-10  1.45427e-12
      12.0000      571.151  4.67162e-10  1.31594e-12
      12.0000      571.590  4.61506e-10  1.19069e-12
      12.0000      572.030  4.68416e-10  1.22136e-12
      12.0000      572.470  4.63545e-10  1.17445e-12
      12.0000      572.911  4.63747e-10  1.20531e-12
      12.0000      573.352  4.70996e-10  1.14925e-12
      12.0000      573.793  4.75166e-10  1.16221e-12
      12.0000      574.234  4.62893e-10  1.09757e-12
      12.0000      574.676  4.62899e-10  1.17526e-12
      12.0000      575.119  4.81539e-10  1.19214e-12
      12.0000      575.561  4.74885e-10  1.23630e-12
      12.0000      576.004  4.69773e-10  1.15362e-12
      12.0000      576.447  4.70333e-10  1.12588e-12
      12.0000      576.891  4.71835e-10  1.07846e-12
      12.0000      577.335  4.61268e-10  1.04458e-12
      12.0000      577.779  4.67627e-10  1.22440e-12
      12.0000      578.224  4.66274e-10  1.15310e-12
      12.0000      578.669  4.66094e-10  1.04007e-12
      12.0000      579.114  4.61402e-10          NaN
      12.0000      579.560  4.59445e-10          NaN
      12.0000      580.006  4.54128e-10  1.10334e-12
      12.0000      580.452  4.49209e-10  9.99917e-13
      12.0000      580.899  4.58997e-10  1.05380e-12
      12.0000      581.346  4.50586e-10  1.08639e-12
      12.0000      581.793  4.52268e-10  1.00502e-12
      12.0000      582.241  4.55879e-10          NaN
      12.0000      582.689  4.56925e-10          NaN
      12.0000      583.137  4.62436e-10  9.06027e-13
      12.0000      583.586  4.74359e-10  9.85517e-13
      12.0000      584.035  4.85987e-10  9.64193e-13
      12.0000      584.484  4.83240e-10  9.15395e-13
      12.0000      584.934  4.52116e-10  8.34967e-13
      12.0000      585.384  4.35685e-10  8.75982e-13
      12.0000      585.835  4.38661e-10  8.48997e-13
      12.0000      586.286  5.58357e-10  9.31990e-13
      12.0000      586.737  1.22035e-09  1.23197e-12
      12.0000      587.188  1.26855e-09  1.21218e-12
      12.0000      587.640  5.31725e-10  8.73706e-13
      12.0000      588.092  4.57428e-10  8.19004e-13
      12.0000      588.545  4.45452e-10  8.52470e-13
      12.0000      588.998  4.38237e-10  8.68442e-13
      12.0000      589.451  4.55384e-10  9.04742e-13
      12.0000      589.905  4.51374e-10  8.71161e-13
      12.0000      590.359  4.41553e-10  8.35301e-13
      12.0000      590.813  4.38325e-10  7.99191e-13
      12.0000      591.267  4.18284e-10  7.98815e-13
      12.0000      591.723  4.16037e-10  8.22054e-13
      12.0000      592.178  4.27747e-10  8.67086e-13
      12.0000      592.634  4.22456e-10  8.64074e-13
      12.0000      593.090  4.17843e-10  7.78569e-13
      12.0000      593.546  4.22724e-10  7.28536e-13
      12.0000      594.003  4.21909e-10  7.47450e-13
      12.0000      594.460  4.13566e-10  7.93190e-13
      12.0000      594.917  4.23740e-10  7.87001e-13
      12.0000      595.375  4.19488e-10  7.41722e-13
      12.0000      595.833  4.20807e-10  6.93125e-13
      12.0000      596.292  4.28372e-10  6.65986e-13
      12.0000      596.751  4.23232e-10  6.69395e-13
      12.0000      597.210  4.18977e-10  6.80338e-13
      12.0000      597.669  4.18240e-10  7.06400e-13
      12.0000      598.129  4.12145e-10  7.10700e-13
      12.0000      598.589  4.11835e-10  6.90501e-13
      12.0000      599.050  4.09115e-10  6.57587e-13
      12.0000      599.511  4.07069e-10  6.63133e-13
      12.0000      599.972  4.10157e-10  6.87964e-13
      12.0000      600.434  4.14794e-10  7.37905e-13
      12.0000      600.896  4.06924e-10  7.91649e-13
      12.0000      601.359  4.00206e-10  7.64758e-13
      12.0000      601.822  4.12215e-10  7.60912e-13
      12.0000      602.284  4.56255e-10  8.21820e-13
      12.0000      602.748  4.98235e-10  8.57845e-13
      12.0000      603.212  4.82422e-10  9.67246e-13
      12.0000      603.676  4.73243e-10  1.00587e-12
      12.0000      604.141  4.25029e-10  9.68747e-13
      12.0000      604.606  4.02277e-10  9.43888e-13
      4.00000      605.071  4.00223e-10  9.26561e-13
      4.00000      605.537  4.84091e-10          NaN
      4.00000      606.002  7.42940e-10          NaN
      4.00000      606.469  6.87771e-10          NaN
      4.00000      606.935  5.63768e-10  1.01049e-12
      4.00000      607.402  4.85632e-10  9.16953e-13
      4.00000      607.870  4.25502e-10  8.48831e-13
      4.00000      608.338  4.07269e-10  8.55500e-13
      4.00000      608.806  4.09444e-10  8.64099e-13
      4.00000      609.274  3.94334e-10  8.74241e-13
      4.00000      609.743  3.84335e-10  8.61981e-13
      13.0000      610.212  3.90138e-10  2.21918e-12
      13.0000      610.682  3.63366e-10  2.34384e-12
      13.0000      611.152  3.52513e-10  1.91865e-12
      13.0000      611.622  3.63066e-10  2.00567e-12
      13.0000      612.093  3.45235e-10  2.26038e-12
      13.0000      612.564  3.55138e-10  2.15351e-12
      13.0000      613.035  3.59486e-10  1.95811e-12
      13.0000      613.507  3.56604e-10  2.18479e-12
      13.0000      613.979  3.49179e-10  1.69322e-12
      13.0000      614.451  3.54748e-10  1.63542e-12
      13.0000      614.924  3.40129e-10  1.42185e-12
      13.0000      615.397  3.51354e-10  1.54398e-12
      13.0000      615.871  3.46140e-10  1.43369e-12
      13.0000      616.345  3.53222e-10  1.70994e-12
      13.0000      616.819  3.43957e-10  1.33760e-12
      13.0000      617.294  3.42922e-10  1.30511e-12
      13.0000      617.769  3.36040e-10  1.09063e-12
      13.0000      618.245  3.33520e-10  1.39356e-12
      13.0000      618.720  3.25842e-10  1.60786e-12
      13.0000      619.196  3.20211e-10  1.17711e-12
      13.0000      619.673  3.23684e-10  1.16624e-12
      13.0000      620.150  3.25071e-10  1.24355e-12
      13.0000      620.627  3.26569e-10          NaN
      13.0000      621.105  3.21534e-10          NaN
      13.0000      621.582  3.19771e-10  1.01772e-12
      13.0000      622.061  3.11266e-10  9.97569e-13
      13.0000      622.539  3.13998e-10  8.94727e-13
      13.0000      623.018  3.14601e-10  8.07152e-13
      13.0000      623.498  3.10537e-10  8.16707e-13
      13.0000      623.978  3.17505e-10  8.02325e-13
      13.0000      624.458  3.36168e-10  8.00705e-13
      13.0000      624.938  3.44963e-10  7.57322e-13
      13.0000      625.419  3.23040e-10  7.27403e-13
      13.0000      625.901  3.00924e-10  7.25181e-13
      13.0000      626.382  2.93997e-10  7.36280e-13
      13.0000      626.864  2.91757e-10  7.29551e-13
      13.0000      627.347  3.03834e-10  7.22949e-13
      13.0000      627.830  3.23473e-10  6.92605e-13
      13.0000      628.312  3.05302e-10  6.52412e-13
      13.0000      628.796  2.94619e-10  6.68520e-13
      13.0000      629.280  2.92247e-10  6.70618e-13
      13.0000      629.764  2.92981e-10  6.63124e-13
      13.0000      630.249  3.01052e-10  6.37075e-13
      13.0000      630.734  3.16190e-10  6.11287e-13
      13.0000      631.219  3.39298e-10  6.17310e-13
      13.0000      631.705  3.39787e-10  6.17933e-13
      13.0000      632.191  3.43035e-10  6.41394e-13
      13.0000      632.678  3.77008e-10  6.35505e-13
      13.0000      633.164  3.93016e-10  6.08194e-13
      13.0000      633.652  3.84122e-10  5.98751e-13
      13.0000      634.139  3.67670e-10  5.88493e-13
      13.0000      634.627  3.50825e-10  5.84636e-13
      13.0000      635.115  3.16784e-10  5.88508e-13
      13.0000      635.604  2.91258e-10  5.76396e-13
      13.0000      636.094  2.79637e-10  5.52093e-13
      13.0000      636.583  2.67921e-10  5.27120e-13
      13.0000      637.073  2.53386e-10  5.28263e-13
      13.0000      637.563  2.46903e-10  5.50057e-13
      13.0000      638.054  2.46372e-10  5.46621e-13
      13.0000      638.545  2.36874e-10  5.41036e-13
      13.0000      639.036  2.34658e-10  5.14915e-13
      13.0000      639.528  2.35467e-10  5.03817e-13
      13.0000      640.020  2.30907e-10  5.30518e-13
      13.0000      640.512  2.31624e-10  5.33998e-13
      13.0000      641.005  2.26308e-10  5.44579e-13
      13.0000      641.499  2.22518e-10  5.23515e-13
      13.0000      641.992  2.25322e-10  4.98173e-13
      13.0000      642.486  2.26729e-10  5.14292e-13
      13.0000      642.981  2.43774e-10  5.71733e-13
      13.0000      643.475  2.38770e-10  6.08047e-13
      13.0000      643.971  2.13381e-10  5.99093e-13
      13.0000      644.466  2.14332e-10  5.86071e-13
      13.0000      644.962  2.04900e-10  5.87281e-13
      13.0000      645.459  2.05208e-10  6.22998e-13
      13.0000      645.955  2.08928e-10  6.80567e-13
      13.0000      646.452  2.01336e-10  7.48840e-13
      13.0000      646.950  2.07125e-10  7.04117e-13
      13.0000      647.447  2.02124e-10  6.68973e-13
      13.0000      647.946  1.91357e-10  6.57017e-13
      13.0000      648.445  2.01028e-10  7.09439e-13
      13.0000      648.943  2.03045e-10  7.80484e-13
      13.0000      649.443  1.85623e-10  7.10906e-13
      13.0000      649.942  1.91209e-10  6.76478e-13
      4.00000      650.442  1.90957e-10  6.23418e-13
      4.00000      650.943  1.86337e-10  6.01405e-13
      4.00000      651.444  1.90178e-10  6.34954e-13
      4.00000      651.945  1.96507e-10  6.17774e-13
      4.00000      652.447  1.84616e-10  5.84516e-13
      4.00000      652.949  1.91173e-10  5.55874e-13
      4.00000      653.452  1.98147e-10  5.41939e-13
      4.00000      653.955  1.80786e-10          NaN
      4.00000      654.458  1.84604e-10          NaN
      4.00000      654.961  1.96281e-10  6.10874e-13
      4.00000      655.465  1.81835e-10  6.19468e-13
      4.00000      655.970  1.86807e-10  5.92188e-13
      4.00000      656.475  1.98105e-10  6.17722e-13
      4.00000      656.980  1.77840e-10  6.82533e-13
      4.00000      657.485  1.74708e-10  7.32146e-13
      4.00000      657.991  1.95708e-10  8.17119e-13
      4.00000      658.497  1.82556e-10  7.86628e-13
      4.00000      659.004  1.76912e-10  7.56647e-13
      4.00000      659.511  2.41352e-10  8.21456e-13
      14.0000      660.019  3.16285e-10  1.33334e-12
      14.0000      660.527  2.60686e-10  1.36628e-12
      14.0000      661.035  2.47653e-10  1.31993e-12
      14.0000      661.544  2.26672e-10  1.29163e-12
      14.0000      662.053  1.84236e-10  1.23921e-12
      14.0000      662.562  1.97824e-10  1.09913e-12
      14.0000      663.072  1.79811e-10  1.05815e-12
      14.0000      663.582  1.67973e-10  1.01611e-12
      14.0000      664.093  1.69255e-10  1.02235e-12
      14.0000      664.604  1.79412e-10  1.00973e-12
      14.0000      665.116  1.82174e-10  8.94666e-13
      14.0000      665.627  2.05703e-10  8.98478e-13
      14.0000      666.140  1.75151e-10  8.46876e-13
      14.0000      666.652  2.57698e-10  8.70164e-13
      14.0000      667.165  6.45908e-10  1.00258e-12
      14.0000      667.678  8.65345e-10  1.05656e-12
      14.0000      668.192  4.43406e-10  8.58749e-13
      14.0000      668.707  2.14452e-10  7.25047e-13
      14.0000      669.221  1.75069e-10  7.08163e-13
      14.0000      669.736  2.27443e-10  7.26176e-13
      14.0000      670.252  2.86082e-10  7.03945e-13
      14.0000      670.767  2.30399e-10  6.43496e-13
      14.0000      671.283  1.73891e-10  6.00164e-13
      14.0000      671.800  1.59101e-10  6.02930e-13
      14.0000      672.317  2.17675e-10  6.23098e-13
      14.0000      672.834  2.69150e-10  6.44581e-13
      14.0000      673.352  2.63408e-10  6.27897e-13
      14.0000      673.870  3.08740e-10  5.99205e-13
      14.0000      674.389  3.79344e-10  6.27912e-13
      14.0000      674.908  4.57922e-10  6.54708e-13
      14.0000      675.427  3.34314e-10  6.18994e-13
      14.0000      675.947  2.07189e-10  5.62964e-13
      14.0000      676.467  2.24595e-10  5.39406e-13
      14.0000      676.988  3.26024e-10  5.72028e-13
      14.0000      677.509  3.74917e-10  6.04060e-13
      14.0000      678.030  2.55340e-10  5.73005e-13
      14.0000      678.552  2.11152e-10  5.52541e-13
      14.0000      679.074  4.41226e-10  5.75791e-13
      14.0000      679.597  7.53962e-10  6.81294e-13
      14.0000      680.119  5.55614e-10  6.41849e-13
      14.0000      680.643  2.36548e-10  5.51146e-13
      14.0000      681.166  2.35068e-10  5.34307e-13
      14.0000      681.691  4.35499e-10  5.75290e-13
      14.0000      682.215  5.46064e-10  6.22450e-13
      14.0000      682.740  2.75345e-10  5.41980e-13
      14.0000      683.266  2.09407e-10          NaN
      14.0000      683.792  6.03945e-10          NaN
      14.0000      684.318  1.14910e-09  8.01590e-13
      14.0000      684.844  7.25780e-10          NaN
      14.0000      685.371  2.68750e-10          NaN
      14.0000      685.899  2.98860e-10  5.54887e-13
      14.0000      686.427  6.65082e-10          NaN
      14.0000      686.955  7.77931e-10          NaN
      14.0000      687.484  2.48476e-10  5.53808e-13
      14.0000      688.012  2.71705e-10  5.41215e-13
      14.0000      688.542  8.55448e-10  7.39568e-13
      14.0000      689.072  1.98309e-09          NaN
      14.0000      689.602  7.67143e-10          NaN
      14.0000      690.133  2.08653e-10          NaN
      14.0000      690.664  3.10003e-10          NaN
      14.0000      691.195  1.15682e-09  9.46667e-13
      14.0000      691.727  9.93124e-10  9.30863e-13
      14.0000      692.260  2.95996e-10  6.62424e-13
      14.0000      692.792  2.64863e-10  5.90523e-13
      14.0000      693.326  1.17149e-09  9.52345e-13
      14.0000      693.859  2.34575e-09  1.25767e-12
      14.0000      694.393  6.98125e-10  7.43000e-13
      14.0000      694.927  2.50734e-10  5.82088e-13
      14.0000      695.462  5.97696e-10  6.93155e-13
      4.00000      695.997  1.43421e-09  9.72803e-13
      4.00000      696.533  8.61037e-10  6.96891e-13
      4.00000      697.069  3.37413e-10  5.57870e-13
      4.00000      697.605  4.89049e-10  6.40753e-13
      4.00000      698.142  1.87390e-09  1.03882e-12
      4.00000      698.679  1.94494e-09  9.16891e-13
      4.00000      699.217  6.74359e-10  6.02344e-13
      4.00000      699.755  3.52819e-10  5.35698e-13
      4.00000      700.293  1.12251e-09  7.91977e-13
      4.00000      700.832  1.65186e-09  9.48681e-13
      4.00000      701.371  8.98814e-10  7.77010e-13
      4.00000      701.911  2.89557e-10  5.09798e-13
      4.00000      702.451  9.78887e-10  7.14759e-13
      4.00000      702.992  3.14783e-09  1.30426e-12
      4.00000      703.533  2.37097e-09  1.41796e-12
      4.00000      704.074  4.59022e-10  7.12010e-13
      4.00000      704.616  4.25450e-10  6.86876e-13
      4.00000      705.158  1.71797e-09  1.22038e-12
      4.00000      705.701  2.29595e-09  1.54647e-12
      4.00000      706.244  5.15492e-10  9.18555e-13
      4.00000      706.788  3.08721e-10  7.52742e-13
      4.00000      707.332  1.50339e-09  1.23934e-12
      4.00000      707.876  3.53368e-09          NaN
      4.00000      708.421  1.30589e-09          NaN
      4.00000      708.965  4.03408e-10  7.36445e-13
      15.0000      709.511  7.92042e-10  1.51732e-12
      15.0000      710.057  1.92412e-09          NaN
      15.0000      710.604  1.47719e-09          NaN
      15.0000      711.151  4.80585e-10  1.18109e-12
      15.0000      711.698  1.20525e-09  1.32495e-12
      15.0000      712.245  3.08864e-09  1.76596e-12
      15.0000      712.793  3.32734e-09  1.97377e-12
      15.0000      713.342  9.46547e-10  1.23590e-12
      15.0000      713.891  5.72896e-10  1.00275e-12
      15.0000      714.440  1.33083e-09  1.11421e-12
      15.0000      714.990  2.00291e-09  1.34275e-12
      15.0000      715.540  1.09734e-09  1.11921e-12
      15.0000      716.091  8.33111e-10  9.63583e-13
      15.0000      716.642  1.68279e-09  1.11294e-12
      15.0000      717.193  2.87331e-09  1.33604e-12
      15.0000      717.745  2.11124e-09  1.25253e-12
      15.0000      718.297  4.74461e-10  8.05454e-13
      15.0000      718.850  7.29258e-10  8.36130e-13
      15.0000      719.403  1.92411e-09  1.06209e-12
      15.0000      719.957  1.94565e-09  1.08846e-12
      15.0000      720.511  6.27559e-10  7.74575e-13
      15.0000      721.066  5.95596e-10          NaN
      15.0000      721.620  1.90160e-09          NaN
      15.0000      722.175  2.37721e-09  1.09651e-12
      15.0000      722.731  1.02174e-09  8.43834e-13
      15.0000      723.288  6.12885e-10  7.42887e-13
      15.0000      723.844  9.23913e-10  8.03594e-13
      15.0000      724.401  1.06159e-09  8.12848e-13
      15.0000      724.959  5.91726e-10  6.48900e-13
      15.0000      725.517  2.35898e-10  5.45086e-13
      15.0000      726.075  2.39740e-10  6.14897e-13
      15.0000      726.634  2.47073e-10  5.77989e-13
      15.0000      727.193  3.95800e-10  5.74972e-13
      15.0000      727.752  2.03227e-09  8.97962e-13
      15.0000      728.312  7.49185e-09  1.59339e-12
      15.0000      728.873  2.28271e-08  3.75117e-12
      15.0000      729.434  3.41175e-08  5.41702e-12
      15.0000      729.995  2.32982e-08  4.12129e-12
      15.0000      730.557  1.18942e-08  2.04661e-12
      15.0000      731.119  7.17180e-09          NaN
      15.0000      731.681  4.08677e-09          NaN
      15.0000      732.245  1.46736e-09  8.81265e-13
      15.0000      732.808  9.70515e-10  7.09875e-13
      15.0000      733.372  1.91186e-09  8.49614e-13
      15.0000      733.936  2.85920e-09  1.12860e-12
      15.0000      734.501  1.04223e-09  7.83507e-13
      15.0000      735.067  7.99776e-10  7.25912e-13
      15.0000      735.632  1.71327e-09  9.39885e-13
      15.0000      736.198  2.74991e-09  1.20157e-12
      15.0000      736.764  1.18548e-09  8.90629e-13
      15.0000      737.332  6.91055e-10  7.46581e-13
      15.0000      737.899  1.48418e-09  9.01419e-13
      15.0000      738.467  3.71072e-09  1.45449e-12
      15.0000      739.035  1.50499e-09  9.95037e-13
      15.0000      739.604  5.93223e-10  7.34060e-13
      15.0000      740.173  7.57070e-10  8.09526e-13
      15.0000      740.742  2.45106e-09  1.33177e-12
      15.0000      741.312  1.20491e-09  9.53657e-13
      4.00000      741.883  5.98313e-10  7.29003e-13
      4.00000      742.454  7.71349e-10  7.99732e-13
      4.00000      743.025  3.13576e-09  1.49228e-12
      4.00000      743.597  1.69727e-09  1.02316e-12
      4.00000      744.169  6.94625e-10  6.98633e-13
      4.00000      744.742  6.32958e-10  6.56517e-13
      4.00000      745.315  2.01291e-09          NaN
      4.00000      745.888  1.54094e-09          NaN
      4.00000      746.463  6.94470e-10  6.41161e-13
      4.00000      747.037  8.77944e-10  6.65447e-13
      4.00000      747.612  2.68181e-09  1.11230e-12
      4.00000      748.187  2.56155e-09  9.94998e-13
      4.00000      748.763  8.62818e-10  6.94706e-13
      4.00000      749.339  7.10995e-10  6.25819e-13
      4.00000      749.916  1.76474e-09  8.70035e-13
      4.00000      750.493  1.96881e-09  9.85278e-13
      4.00000      751.070  7.43566e-10  7.06804e-13
      4.00000      751.649  7.11378e-10  6.74411e-13
      4.00000      752.227  2.22917e-09  1.06766e-12
      4.00000      752.806  2.74883e-09  1.41384e-12
      4.00000      753.385  8.60038e-10  8.46702e-13
      4.00000      753.965  4.22326e-10  6.87867e-13
      4.00000      754.545  1.31429e-09  1.13175e-12
      4.00000      755.126  1.74388e-09  1.39858e-12
      4.00000      755.707  6.55818e-10  8.73409e-13
      4.00000      756.288  3.78624e-10  7.38213e-13
      4.00000      756.870  1.77527e-09  1.34891e-12
      4.00000      757.452  2.12633e-09  1.41576e-12
      4.00000      758.035  8.01260e-10  8.19790e-13
      4.00000      758.619  3.33021e-10  6.69523e-13
      16.0000      759.202  1.08462e-09          NaN
      16.0000      759.787  1.43762e-09          NaN
      16.0000      760.371  5.99292e-10  1.16309e-12
      16.0000      760.956  3.35330e-10  1.08109e-12
      16.0000      761.542  1.58898e-09  1.57731e-12
      16.0000      762.128  2.09857e-09  1.66968e-12
      16.0000      762.715  6.18251e-10  1.05146e-12
      16.0000      763.302  3.13328e-10  9.79537e-13
      16.0000      763.889  9.56926e-10  1.26626e-12
      16.0000      764.477  1.35793e-09  1.37254e-12
      16.0000      765.065  4.72892e-10  9.31980e-13
      16.0000      765.654  3.29969e-10  8.62798e-13
      16.0000      766.243  1.33494e-09  1.29996e-12
      16.0000      766.832  1.95728e-09  1.46848e-12
      16.0000      767.423  5.01377e-10  9.05719e-13
      16.0000      768.013  3.61538e-10  7.95660e-13
      16.0000      768.604  8.39269e-10  1.00788e-12
      16.0000      769.196  1.11048e-09  1.10316e-12
      16.0000      769.787  4.25461e-10  8.28359e-13
      16.0000      770.380  4.30054e-10  7.76753e-13
      16.0000      770.973  1.23615e-09  1.06854e-12
      16.0000      771.566  1.51261e-09  1.16773e-12
      16.0000      772.160  5.28261e-10  8.25041e-13
      16.0000      772.754  4.63022e-10  7.70294e-13
      16.0000      773.349  8.30467e-10  8.72842e-13
      16.0000      773.944  8.93036e-10  8.86601e-13
      16.0000      774.539  5.49487e-10  7.73783e-13
      16.0000      775.135  5.97913e-10  7.82986e-13
      16.0000      775.732  1.32319e-09  1.00509e-12
      16.0000      776.329  1.17695e-09  9.31654e-13
      16.0000      776.927  6.69204e-10  7.64041e-13
      16.0000      777.524  6.69564e-10  7.82018e-13
      16.0000      778.122  9.83292e-10  8.61212e-13
      16.0000      778.721  8.57481e-10  7.82310e-13
      16.0000      779.321  8.18995e-10  7.52448e-13
      16.0000      779.920  8.32464e-10  7.81584e-13
      16.0000      780.520  1.31959e-09  9.13732e-13
      16.0000      781.121  1.01716e-09  7.67340e-13
      16.0000      781.722  9.78655e-10          NaN
      16.0000      782.324  9.76122e-10          NaN
      16.0000      782.926  1.17367e-09  8.04369e-13
      16.0000      783.528  1.09288e-09  7.52586e-13
      16.0000      784.131  1.10900e-09  7.25828e-13
      16.0000      784.735  1.16139e-09  7.34250e-13
      16.0000      785.339  1.38261e-09          NaN
      16.0000      785.943  1.29369e-09          NaN
      16.0000      786.548  1.35502e-09  7.56419e-13
      16.0000      787.153  1.41431e-09  7.41642e-13
      16.0000      787.758  1.43545e-09  7.43951e-13
      16.0000      788.365  1.32087e-09  7.23077e-13
      16.0000      788.971  1.43507e-09  7.51679e-13
      16.0000      789.579  1.53177e-09  7.53351e-13
      4.00000      790.186  1.67785e-09  7.65716e-13
      4.00000      790.794  1.73898e-09  8.07662e-13
      4.00000      791.403  1.77841e-09  8.38080e-13
      4.00000      792.011  1.69005e-09          NaN
      4.00000      792.621  1.63258e-09          NaN
      4.00000      793.231  1.89337e-09  8.71723e-13
      4.00000      793.842  1.97286e-09  9.35315e-13
      4.00000      794.452  2.09672e-09  1.01711e-12
      4.00000      795.064  1.92052e-09  1.01039e-12
      4.00000      795.675  2.10425e-09  1.05375e-12
      4.00000      796.288  2.13300e-09          NaN
      4.00000      796.900  2.26439e-09          NaN
      4.00000      797.514  1.96645e-09  1.25579e-12
      4.00000      798.128  2.30535e-09  1.32108e-12
      4.00000      798.742  2.91700e-09  1.51817e-12
      4.00000      799.357  2.47937e-09  1.42455e-12
      4.00000      799.972  1.99036e-09  1.28298e-12
      4.00000      800.587  2.12441e-09  1.28253e-12
      4.00000      801.203  3.06289e-09  1.39116e-12
      4.00000      801.820  2.58964e-09  1.24709e-12
      4.00000      802.437  2.46399e-09  1.22156e-12
      4.00000      803.054  2.27062e-09  1.19854e-12
      4.00000      803.672  3.23140e-09  1.32108e-12
      4.00000      804.291  2.84473e-09  1.19924e-12
      4.00000      804.910  2.43967e-09  1.14553e-12
      4.00000      805.529  2.45885e-09  1.23452e-12
      4.00000      806.149  3.73166e-09  1.45674e-12
      4.00000      806.769  3.91660e-09  1.59696e-12
      4.00000      807.390  2.35740e-09  1.27775e-12
      4.00000      808.012  2.37078e-09  1.42040e-12
      4.00000      808.633  3.35333e-09  1.74427e-12
      17.0000      809.255  4.17205e-09  2.24482e-12
      17.0000      809.878  2.37496e-09  1.71682e-12
      17.0000      810.501  2.48734e-09  1.67446e-12
      17.0000      811.125  3.41351e-09          NaN
      17.0000      811.750  4.37706e-09          NaN
      17.0000      812.374  2.50834e-09          NaN
      17.0000      812.999  2.26510e-09          NaN
      17.0000      813.625  4.10190e-09  1.63588e-12
      17.0000      814.251  5.98718e-09  2.01887e-12
      17.0000      814.878  3.57871e-09  1.64208e-12
      17.0000      815.504  1.91192e-09  1.22945e-12
      17.0000      816.132  3.48737e-09  1.41417e-12
      17.0000      816.760  5.52908e-09  1.75658e-12
      17.0000      817.389  3.93042e-09  1.58462e-12
      17.0000      818.017  1.72623e-09  1.10089e-12
      17.0000      818.647  3.07941e-09  1.26732e-12
      17.0000      819.277  5.55576e-09  1.61891e-12
      17.0000      819.907  4.76516e-09  1.60022e-12
      17.0000      820.538  1.58130e-09  1.02019e-12
      17.0000      821.170  2.09653e-09  1.04860e-12
      17.0000      821.802  5.73248e-09          NaN
      17.0000      822.434  7.41703e-09          NaN
      17.0000      823.067  2.81877e-09  1.23746e-12
      17.0000      823.700  2.63178e-09  1.09722e-12
      17.0000      824.334  5.57004e-09  1.44288e-12
      17.0000      824.969  6.76321e-09  1.73735e-12
      17.0000      825.604  2.67824e-09  1.17332e-12
      17.0000      826.239  2.19870e-09  1.02800e-12
      17.0000      826.875  4.57247e-09  1.29676e-12
      17.0000      827.511  6.87972e-09  1.73720e-12
      17.0000      828.148  3.22854e-09  1.26284e-12
      17.0000      828.785  2.27251e-09  1.07389e-12
      17.0000      829.423  4.04276e-09  1.25052e-12
      17.0000      830.061  7.16901e-09  1.80286e-12
      17.0000      830.700  3.93239e-09  1.41196e-12
      17.0000      831.339  2.27506e-09  1.12504e-12
      17.0000      831.979  2.95213e-09  1.17734e-12
      17.0000      832.619  5.86431e-09  1.72838e-12
      17.0000      833.260  3.82891e-09  1.46564e-12
      17.0000      833.901  2.13867e-09  1.17718e-12
      17.0000      834.543  2.23421e-09  1.18192e-12
      17.0000      835.185  5.03326e-09  1.70901e-12
      17.0000      835.828  3.71737e-09  1.53064e-12
      17.0000      836.471  2.28411e-09  1.26695e-12
      17.0000      837.114  2.06233e-09  1.22184e-12
      17.0000      837.759  4.15110e-09  1.58748e-12
      17.0000      838.404  3.36447e-09  1.35814e-12
      17.0000      839.049  2.33600e-09          NaN
      4.00000      839.694  2.18172e-09          NaN
      4.00000      840.340  3.00747e-09  1.29175e-12
      4.00000      840.987  2.95686e-09  1.13804e-12
      4.00000      841.634  2.27720e-09  1.01372e-12
      4.00000      842.282  1.90985e-09  9.38355e-13
      4.00000      842.930  2.52427e-09  1.08441e-12
      4.00000      843.579  2.70142e-09  1.03548e-12
      4.00000      844.228  2.33889e-09  9.57752e-13
      4.00000      844.877  1.98879e-09  9.10216e-13
      4.00000      845.528  2.07850e-09  9.58680e-13
      4.00000      846.178  2.23949e-09  9.72807e-13
      4.00000      846.830  2.06014e-09          NaN
      4.00000      847.481  2.03215e-09          NaN
      4.00000      848.133  1.92096e-09  1.00626e-12
      4.00000      848.786  2.08352e-09  1.08582e-12
      4.00000      849.439  1.80291e-09  1.01856e-12
      4.00000      850.093  1.78427e-09  1.09734e-12
      4.00000      850.747  1.51050e-09          NaN
      4.00000      851.401  1.96699e-09          NaN
      4.00000      852.057  1.64277e-09  1.23935e-12
      4.00000      852.713  1.76181e-09  1.34152e-12
      4.00000      853.368  1.38192e-09  1.27111e-12
      4.00000      854.026  1.62933e-09  1.35828e-12
      4.00000      854.683  1.30773e-09  1.15824e-12
      4.00000      855.341  1.50219e-09  1.16575e-12
      4.00000      855.999  1.30241e-09  1.10212e-12
      4.00000      856.657  1.33885e-09  1.10919e-12
      4.00000      857.316  1.19688e-09  1.03101e-12
      4.00000      857.976  1.17512e-09  9.76924e-13
      18.0000      858.637  1.02055e-09  1.71489e-12
      18.0000      859.297  1.11914e-09  1.61620e-12
      18.0000      859.958  1.06681e-09  1.54304e-12
      18.0000      860.620  9.95081e-10  1.50022e-12
      18.0000      861.283  9.18934e-10  1.41682e-12
      18.0000      861.945  8.99599e-10  1.30481e-12
      18.0000      862.608  8.06904e-10  1.26358e-12
      18.0000      863.272  7.68636e-10  1.26452e-12
      18.0000      863.937  7.85463e-10  1.23457e-12
      18.0000      864.602  7.14074e-10  1.10474e-12
      18.0000      865.267  6.82659e-10  1.07376e-12
      18.0000      865.933  6.00767e-10  1.08968e-12
      18.0000      866.599  5.80300e-10  1.04895e-12
      18.0000      867.266  5.39759e-10  9.57475e-13
      18.0000      867.934  5.73734e-10  9.41840e-13
      18.0000      868.601  4.90344e-10  9.34895e-13
      18.0000      869.270  4.82268e-10  9.12873e-13
      18.0000      869.938  4.39985e-10  8.51187e-13
      18.0000      870.608  4.23815e-10  8.16904e-13
      18.0000      871.277  3.52572e-10  8.21977e-13
      18.0000      871.948  3.89980e-10  8.18776e-13
      18.0000      872.619  3.60076e-10  7.76705e-13
      18.0000      873.291  3.42338e-10  7.30273e-13
      18.0000      873.962  2.83526e-10  7.44965e-13
      18.0000      874.635  2.72519e-10  7.43438e-13
      18.0000      875.308  2.42630e-10  6.72709e-13
      18.0000      875.982  2.44637e-10  6.44066e-13
      18.0000      876.656  2.18432e-10  6.52559e-13
      18.0000      877.331  1.93259e-10  6.39331e-13
      18.0000      878.005  1.87957e-10  5.83976e-13
      18.0000      878.681  1.78254e-10  5.58658e-13
      18.0000      879.357  1.55310e-10  5.50507e-13
      18.0000      880.035  1.47164e-10  5.55325e-13
      18.0000      880.711  1.45282e-10  5.01888e-13
      18.0000      881.389  1.33259e-10  4.79961e-13
      18.0000      882.068  1.18711e-10  4.83844e-13
      18.0000      882.747  1.09314e-10  4.74097e-13
      18.0000      883.426  1.02213e-10  4.33103e-13
      18.0000      884.105  9.97045e-11  4.13263e-13
      18.0000      884.786  9.40623e-11  4.16200e-13
      18.0000      885.467  8.41371e-11  4.55837e-13
      18.0000      886.148  7.98752e-11  4.03622e-13
      18.0000      886.830  7.77465e-11  3.66226e-13
      18.0000      887.512  6.78503e-11  3.72667e-13
      18.0000      888.195  6.35728e-11  3.79503e-13
      4.00000      888.879  6.07769e-11  3.67618e-13
      4.00000      889.563  6.37622e-11  3.54999e-13
      4.00000      890.248  5.53265e-11  3.68422e-13
      4.00000      890.932  4.91159e-11  3.89914e-13
      4.00000      891.618  4.32318e-11  3.82246e-13
      4.00000      892.304  4.09691e-11  3.65374e-13
      4.00000      892.991  4.69186e-11  3.85885e-13
      4.00000      893.678  4.46054e-11  4.22343e-13
      4.00000      894.366  4.36102e-11  4.32630e-13
      4.00000      895.054  4.34473e-11  4.19160e-13
      4.00000      895.743  3.84787e-11  4.53797e-13
      4.00000      896.432  4.56167e-11  5.23821e-13
      4.00000      897.122  4.21745e-11  5.31779e-13
      4.00000      897.812  3.90420e-11  5.23869e-13
      4.00000      898.503  3.89625e-11  5.44589e-13
      4.00000      899.194  3.50949e-11  5.86170e-13
      4.00000      899.887  3.39061e-11  5.47516e-13
      4.00000      900.579  3.72175e-11  4.93013e-13
      4.00000      901.272  3.18051e-11  4.88752e-13
      4.00000      901.965  3.77192e-11  5.30156e-13
      4.00000      902.660  3.84647e-11  5.03714e-13
      4.00000      903.354  3.27421e-11  4.62999e-13
      4.00000      904.050  3.48102e-11  4.76374e-13
      4.00000      904.745  3.09568e-11  5.13570e-13
      4.00000      905.441  3.61974e-11  5.20273e-13
      4.00000      906.138  3.53720e-11  5.02941e-13
      4.00000      906.835  3.27569e-11  5.29717e-13
      4.00000      907.533  3.53136e-11  6.14598e-13
      4.00000      908.231  4.59019e-11  6.94570e-13
      19.0000      908.931  5.82062e-11  1.21642e-12
      19.0000      909.630  4.59408e-11  1.06958e-12
      19.0000      910.330  3.82838e-11  9.46875e-13
      19.0000      911.031  4.57777e-11  9.85409e-13
      19.0000      911.732  4.02668e-11  9.23960e-13
      19.0000      912.433  3.72167e-11  8.48691e-13
      19.0000      913.135  3.72940e-11  7.71768e-13
      19.0000      913.838  3.45236e-11  7.26655e-13
      19.0000      914.541  4.52448e-11  7.64007e-13
      19.0000      915.245  6.03697e-11  7.10319e-13
      19.0000      915.949  3.75118e-11  6.12784e-13
      19.0000      916.654  2.73820e-11  6.31468e-13
      19.0000      917.360  3.08854e-11  6.27792e-13
      19.0000      918.065  2.83617e-11  5.66282e-13
      19.0000      918.771  2.71342e-11  5.20118e-13
      19.0000      919.479  3.11877e-11  5.42203e-13
      19.0000      920.187  4.18572e-11  5.41393e-13
      19.0000      920.894  4.16416e-11  4.81797e-13
      19.0000      921.603  4.94140e-11  4.59805e-13
      19.0000      922.313  6.37721e-11  4.83749e-13
      19.0000      923.022  5.02342e-11  4.73954e-13
      19.0000      923.732  3.35696e-11  4.28038e-13
      19.0000      924.443  2.68786e-11  4.10591e-13
      19.0000      925.155  2.04097e-11  4.27429e-13
      19.0000      925.867  1.96743e-11  4.18843e-13
      19.0000      926.579  2.52887e-11  3.87055e-13
      19.0000      927.292  2.48681e-11  3.76244e-13
      19.0000      928.005  2.28227e-11  3.88329e-13
      19.0000      928.720  3.13792e-11  3.87411e-13
      19.0000      929.435  3.96481e-11  3.61804e-13
      19.0000      930.149  3.50753e-11  3.58283e-13
      19.0000      930.866  2.76582e-11  3.80995e-13
      19.0000      931.582  2.69772e-11  3.93843e-13
      19.0000      932.298  2.63554e-11  3.66063e-13
      19.0000      933.016  2.14826e-11  3.68911e-13
      19.0000      933.734  2.19105e-11  4.06594e-13
      19.0000      934.453  2.08196e-11  4.05171e-13
      19.0000      935.172  1.96596e-11  3.77791e-13
      19.0000      935.891  2.02143e-11  3.97141e-13
      19.0000      936.611  2.23009e-11  4.50512e-13
      19.0000      937.332  2.08637e-11  4.42330e-13
      4.00000      938.054  1.80529e-11  4.20008e-13
      4.00000      938.775  2.03419e-11  4.71360e-13
      4.00000      939.498  3.06868e-11  5.13234e-13
      4.00000      940.221  3.29972e-11  4.70365e-13
      4.00000      940.944  2.76177e-11  4.36083e-13
      4.00000      941.668  2.49334e-11  4.65164e-13
      4.00000      942.393  2.55728e-11  4.57494e-13
      4.00000      943.118  2.89516e-11  4.04875e-13
      4.00000      943.844  2.49288e-11  3.91065e-13
      4.00000      944.570  3.29174e-11  4.23954e-13
      4.00000      945.298  3.75752e-11  4.16846e-13
      4.00000      946.025  4.67298e-11          NaN
      4.00000      946.753  4.94505e-11          NaN
      4.00000      947.481  5.45357e-11  4.08911e-13
      4.00000      948.211  7.42924e-11  4.12725e-13
      4.00000      948.939  1.28831e-10  4.14365e-13
      4.00000      949.670  1.32054e-10  4.30169e-13
      4.00000      950.401  9.22157e-11  4.50791e-13
      4.00000      951.133  6.70712e-11          NaN
      4.00000      951.864  4.99564e-11          NaN
      4.00000      952.597  3.82582e-11  4.58572e-13
      4.00000      953.330  2.49267e-11  5.51334e-13
      4.00000      954.064  2.17000e-11  5.70250e-13
      4.00000      954.798  2.35522e-11  5.50741e-13
      4.00000      955.532  2.48967e-11  6.48188e-13
      4.00000      956.268  2.23567e-11  7.52796e-13
      4.00000      957.004  2.19697e-11  7.05938e-13
      4.00000      957.740  2.18106e-11  6.44236e-13
      20.0000      958.477  3.35553e-11  7.25859e-13
      20.0000      959.214  2.59986e-11  7.14954e-13
      20.0000      959.953  2.10356e-11  7.79288e-13
      20.0000      960.691  1.94346e-11  7.31206e-13
      20.0000      961.430  2.16931e-11  5.74155e-13
      20.0000      962.170  2.27013e-11  6.04710e-13
      20.0000      962.911  2.09613e-11  6.25111e-13
      20.0000      963.652  2.10676e-11  5.39331e-13
      20.0000      964.394  2.05052e-11  5.59220e-13
      20.0000      965.135  2.20718e-11  6.08389e-13
      20.0000      965.878  1.78841e-11  6.03778e-13
      20.0000      966.622  1.81118e-11  5.26463e-13
      20.0000      967.365  3.03528e-11  6.03138e-13
      20.0000      968.110  4.13300e-11  5.72086e-13
      20.0000      968.855  4.00762e-11  5.29714e-13
      20.0000      969.600  4.39465e-11  4.79197e-13
      20.0000      970.346  3.33797e-11  4.88570e-13
      20.0000      971.093  2.38146e-11  5.03525e-13
      20.0000      971.840  1.45240e-11  4.64231e-13
      20.0000      972.589  1.26885e-11  4.34442e-13
      20.0000      973.336  1.30237e-11  4.42927e-13
      20.0000      974.085  1.24587e-11  4.37933e-13
      20.0000      974.836  1.44939e-11  3.94722e-13
      20.0000      975.585  1.52262e-11  3.79450e-13
      20.0000      976.337  1.61412e-11  4.04875e-13
      20.0000      977.087  2.03922e-11  4.06017e-13
      20.0000      977.839  2.89236e-11  3.79404e-13
      20.0000      978.592  3.35597e-11  3.78150e-13
      20.0000      979.345  2.48665e-11  4.00841e-13
      20.0000      980.098  1.69779e-11  3.90523e-13
      20.0000      980.853  1.60103e-11          NaN
      20.0000      981.608  1.21348e-11          NaN
      20.0000      982.363  1.05417e-11  4.09381e-13
      20.0000      983.119  1.12448e-11  4.02478e-13
      20.0000      983.875  1.02204e-11  3.83306e-13
      20.0000      984.633  1.06605e-11  4.26157e-13
      20.0000      985.391  1.52803e-11  4.55438e-13
      20.0000      986.149  2.35355e-11  4.26421e-13
      20.0000      986.908  2.72392e-11  4.26019e-13
      20.0000      987.667  3.41808e-11  4.87986e-13
      20.0000      988.427  2.53862e-11  5.04091e-13
      20.0000      989.187  1.24148e-11  4.58683e-13
      20.0000      989.949  1.20232e-11  5.05119e-13
      20.0000      990.710  7.73207e-12  5.82283e-13
      20.0000      991.473  1.21825e-11  5.09042e-13
      20.0000      992.236  1.24343e-11  4.60727e-13
      20.0000      992.999  1.19466e-11  5.07679e-13
      20.0000      993.763  1.05343e-11  4.98255e-13
      20.0000      994.528  1.17949e-11  4.29004e-13
      20.0000      995.293  9.14305e-12  4.41877e-13
      20.0000      996.060  1.28269e-11  4.83126e-13
      20.0000      996.826  2.41391e-11  4.44720e-13
      20.0000      997.593  1.54848e-11  4.06401e-13
      20.0000      998.361  1.02783e-11  4.35020e-13
      20.0000      999.129  1.31126e-11  4.56265e-13
      20.0000      999.898  1.29781e-11  4.34805e-13
      20.0000      1000.67  1.32813e-11  4.22182e-13
      20.0000      1001.44  1.26507e-11  4.75301e-13
      20.0000      1002.21  8.93821e-12  5.40550e-13
      20.0000      1002.98  9.39648e-12  5.27696e-13
      20.0000      1003.75  8.69276e-12  5.43438e-13
      20.0000      1004.52  1.05710e-11  6.77916e-13
      20.0000      1005.30  8.13865e-12  7.60914e-13
      20.0000      1006.07  1.92299e-11  7.35242e-13
      20.0000      1006.84  1.22822e-11  8.66234e-13
      20.0000      1007.62  1.12446e-11  1.02087e-12
