      11.0000      514.419  5.42170e-10  3.75909e-12
      11.0000      514.815  5.77227e-10  3.84308e-12
      11.0000      515.211  5.65401e-10  4.21111e-12
      11.0000      515.607  5.38618e-10  3.99644e-12
      11.0000      516.004  5.57248e-10  5.32166e-12
      11.0000      516.401  5.58315e-10  4.69372e-12
      11.0000      516.799  5.67110e-10  4.10569e-12
      11.0000      517.196  5.64863e-10  3.94881e-12
      11.0000      517.594  5.61165e-10  4.11473e-12
      11.0000      517.992  5.37107e-10  4.12578e-12
      11.0000      518.391  5.98075e-10  5.34897e-12
      11.0000      518.790  5.54555e-10  3.86633e-12
      11.0000      519.189  5.56374e-10  4.47940e-12
      11.0000      519.589  5.48670e-10  3.99736e-12
      11.0000      519.989  5.25488e-10  3.16643e-12
      11.0000      520.389  5.39723e-10  3.76117e-12
      11.0000      520.789  5.29530e-10  4.16887e-12
      11.0000      521.190  5.20865e-10  4.12597e-12
      11.0000      521.591  5.34063e-10  4.04966e-12
      11.0000      521.992  5.36941e-10  3.81194e-12
      11.0000      522.394  5.25617e-10  3.18834e-12
      11.0000      522.796  5.55318e-10  3.55646e-12
      11.0000      523.198  5.38591e-10  5.83671e-12
      11.0000      523.601  5.26101e-10  3.27244e-12
      11.0000      524.004  5.34335e-10          NaN
      11.0000      524.407  5.33496e-10          NaN
      11.0000      524.811  5.23632e-10  2.60217e-12
      11.0000      525.214  5.11122e-10  2.14840e-12
      11.0000      525.619  5.16998e-10  2.08816e-12
      11.0000      526.023  5.52333e-10  2.18522e-12
      11.0000      526.428  5.97125e-10  2.53705e-12
      11.0000      526.833  5.47404e-10  2.41646e-12
      11.0000      527.238  5.16854e-10  2.34464e-12
      11.0000      527.644  5.39579e-10  2.35422e-12
      11.0000      528.050  5.26062e-10  2.24688e-12
      11.0000      528.457  4.97099e-10  2.09571e-12
      11.0000      528.863  5.07834e-10  2.25973e-12
      11.0000      529.270  5.28987e-10  2.38336e-12
      11.0000      529.678  5.24917e-10  2.52069e-12
      11.0000      530.085  5.08262e-10  2.37074e-12
      11.0000      530.493  5.00890e-10  2.13173e-12
      11.0000      530.901  5.04596e-10  2.30864e-12
      11.0000      531.310  4.97601e-10  2.26512e-12
      11.0000      531.719  4.85337e-10  2.07285e-12
      11.0000      532.128  4.77190e-10  2.13958e-12
      11.0000      532.537  4.77091e-10  2.27264e-12
      11.0000      532.947  4.94084e-10  2.30358e-12
      11.0000      533.357  4.78972e-10  1.99745e-12
      11.0000      533.768  4.79317e-10  1.83934e-12
      11.0000      534.179  4.85254e-10  1.88120e-12
      11.0000      534.590  4.85283e-10  2.07864e-12
      11.0000      535.001  4.56190e-10  2.06096e-12
      11.0000      535.413  4.74602e-10  2.04224e-12
      11.0000      535.825  4.75265e-10  2.01325e-12
      11.0000      536.237  4.72158e-10  1.95212e-12
      11.0000      536.650  4.73819e-10  1.81760e-12
      11.0000      537.063  4.81986e-10  1.90757e-12
      11.0000      537.476  4.64264e-10  1.90763e-12
      11.0000      537.889  4.62643e-10          NaN
      11.0000      538.304  4.75443e-10          NaN
      11.0000      538.718  4.73246e-10  1.85620e-12
      11.0000      539.132  5.21087e-10  1.82832e-12
      11.0000      539.547  4.82820e-10  1.72270e-12
      11.0000      539.962  4.56444e-10          NaN
      11.0000      540.378  4.64499e-10          NaN
      11.0000      540.794  4.63006e-10  1.88048e-12
      11.0000      541.210  4.50383e-10  1.86908e-12
      11.0000      541.626  4.62686e-10  1.80916e-12
      11.0000      542.043  4.63425e-10  1.62408e-12
      11.0000      542.460  4.61198e-10  1.62184e-12
      11.0000      542.878  4.53889e-10  1.61890e-12
      11.0000      543.295  4.51592e-10  1.68018e-12
      11.0000      543.713  4.48093e-10  1.74687e-12
      11.0000      544.132  4.68151e-10  1.76929e-12
      11.0000      544.550  4.63659e-10  1.60659e-12
      11.0000      544.970  4.63118e-10  1.55025e-12
      11.0000      545.389  4.61406e-10  1.48080e-12
      11.0000      545.809  4.60328e-10  1.48321e-12
      11.0000      546.229  4.50022e-10  1.53560e-12
      11.0000      546.649  4.55658e-10  1.61204e-12
      11.0000      547.070  4.80656e-10  1.57419e-12
      11.0000      547.491  4.79218e-10  1.48120e-12
      11.0000      547.912  4.71866e-10  1.41584e-12
      11.0000      548.334  4.72793e-10  1.42378e-12
      11.0000      548.756  4.62687e-10  1.40876e-12
      11.0000      549.178  4.59922e-10  1.52332e-12
      11.0000      549.600  4.59608e-10  1.58295e-12
      11.0000      550.024  4.60007e-10  1.58674e-12
      11.0000      550.447  4.61401e-10  1.56333e-12
      11.0000      550.870  4.54575e-10  1.47037e-12
      11.0000      551.294  4.54335e-10  1.56652e-12
      11.0000      551.718  4.54747e-10  1.70923e-12
      11.0000      552.143  4.64399e-10  1.88010e-12
      11.0000      552.568  4.49417e-10  1.92163e-12
      11.0000      552.993  4.47890e-10  1.88465e-12
      11.0000      553.418  4.49291e-10  1.83581e-12
      11.0000      553.844  4.54053e-10  1.86853e-12
      11.0000      554.271  4.57868e-10  1.95575e-12
      11.0000      554.697  4.50238e-10  1.97644e-12
      11.0000      555.124  4.61458e-10  2.09763e-12
      11.0000      555.551  4.54280e-10  2.01467e-12
      11.0000      555.979  4.62526e-10  1.92589e-12
      11.0000      556.407  4.49774e-10  1.88466e-12
      11.0000      556.835  4.48174e-10  1.78579e-12
      11.0000      557.263  4.51444e-10  1.78629e-12
      11.0000      557.692  4.55344e-10  1.80564e-12
      11.0000      558.121  4.56662e-10  1.79979e-12
      11.0000      558.551  4.50815e-10  1.72154e-12
      11.0000      558.981  4.53494e-10  1.65621e-12
      11.0000      559.411  4.59225e-10  1.66555e-12
      4.00000      559.841  4.51475e-10  1.69720e-12
      4.00000      560.272  4.52820e-10  1.90311e-12
      4.00000      560.703  4.68190e-10  1.91454e-12
      12.0000      561.135  4.60151e-10  4.16806e-12
      12.0000      561.567  4.15835e-10  3.89605e-12
      12.0000      561.999  4.78139e-10  3.96582e-12
      12.0000      562.431  4.74630e-10  4.61737e-12
      12.0000      562.864  4.73591e-10  3.56507e-12
      12.0000      563.297  4.68907e-10  4.21037e-12
      12.0000      563.731  4.58725e-10  3.59328e-12
      12.0000      564.164  4.69496e-10  3.35886e-12
      12.0000      564.599  4.65715e-10  3.13849e-12
      12.0000      565.033  4.63049e-10  3.42252e-12
      12.0000      565.468  4.78809e-10  3.26285e-12
      12.0000      565.903  4.77470e-10  4.06345e-12
      12.0000      566.338  4.62808e-10  2.78601e-12
      12.0000      566.774  4.82455e-10  2.91065e-12
      12.0000      567.210  5.30805e-10  1.45813e-11
      12.0000      567.647  5.46231e-10  2.52897e-11
      12.0000      568.084  5.20586e-10  2.40261e-12
      12.0000      568.521  4.90114e-10  2.44374e-12
      12.0000      568.958  4.72813e-10  2.52022e-12
      12.0000      569.396  4.71048e-10  2.39511e-12
      12.0000      569.834  4.73992e-10          NaN
      12.0000      570.273  4.77295e-10          NaN
      12.0000      570.711  4.83349e-10  2.58801e-12
      12.0000      571.151  4.68949e-10  2.36513e-12
      12.0000      571.590  4.65218e-10  2.07974e-12
      12.0000      572.030  4.69552e-10  2.11825e-12
      12.0000      572.470  4.59735e-10  2.02565e-12
      12.0000      572.911  4.60599e-10  2.08157e-12
      12.0000      573.352  4.70268e-10  1.99107e-12
      12.0000      573.793  4.73095e-10  2.00920e-12
      12.0000      574.234  4.61647e-10  1.90136e-12
      12.0000      574.676  4.58676e-10  2.03784e-12
      12.0000      575.119  4.72742e-10  2.06278e-12
      12.0000      575.561  4.74878e-10  2.15295e-12
      12.0000      576.004  4.66919e-10  2.00600e-12
      12.0000      576.447  4.71664e-10  1.95599e-12
      12.0000      576.891  4.67323e-10  1.86089e-12
      12.0000      577.335  4.60397e-10  1.81104e-12
      12.0000      577.779  4.62263e-10  2.11614e-12
      12.0000      578.224  4.63255e-10  2.00129e-12
      12.0000      578.669  4.67325e-10  1.79519e-12
      12.0000      579.114  4.56988e-10          NaN
      12.0000      579.560  4.59736e-10          NaN
      12.0000      580.006  4.53481e-10  1.90799e-12
      12.0000      580.452  4.48255e-10  1.72894e-12
      12.0000      580.899  4.60790e-10  1.81862e-12
      12.0000      581.346  4.47382e-10  1.87993e-12
      12.0000      581.793  4.51655e-10  1.74502e-12
      12.0000      582.241  4.51769e-10          NaN
      12.0000      582.689  4.57165e-10          NaN
      12.0000      583.137  4.61960e-10  1.56268e-12
      12.0000      583.586  4.71382e-10  1.70134e-12
      12.0000      584.035  4.83175e-10  1.66401e-12
      12.0000      584.484  4.78869e-10  1.58183e-12
      12.0000      584.934  4.46190e-10  1.44094e-12
      12.0000      585.384  4.30185e-10  1.51223e-12
      12.0000      585.835  4.32582e-10  1.47288e-12
      12.0000      586.286  5.52237e-10  1.60334e-12
      12.0000      586.737  1.21307e-09  2.13101e-12
      12.0000      587.188  1.25630e-09  2.08941e-12
      12.0000      587.640  5.31057e-10  1.51529e-12
      12.0000      588.092  4.54213e-10  1.41506e-12
      12.0000      588.545  4.40524e-10  1.47796e-12
      12.0000      588.998  4.33944e-10  1.49874e-12
      12.0000      589.451  4.53780e-10  1.55774e-12
      12.0000      589.905  4.47086e-10  1.50253e-12
      12.0000      590.359  4.39377e-10  1.44346e-12
      12.0000      590.813  4.36683e-10  1.38088e-12
      12.0000      591.267  4.10646e-10  1.37614e-12
      12.0000      591.723  4.11901e-10  1.42047e-12
      12.0000      592.178  4.24618e-10  1.49814e-12
      12.0000      592.634  4.21767e-10  1.49461e-12
      12.0000      593.090  4.17739e-10  1.34849e-12
      12.0000      593.546  4.20752e-10  1.26142e-12
      12.0000      594.003  4.20435e-10  1.29505e-12
      12.0000      594.460  4.12534e-10  1.37577e-12
      12.0000      594.917  4.22449e-10  1.36795e-12
      12.0000      595.375  4.18229e-10  1.28413e-12
      12.0000      595.833  4.19978e-10  1.19768e-12
      12.0000      596.292  4.26320e-10  1.15146e-12
      12.0000      596.751  4.21104e-10  1.15507e-12
      12.0000      597.210  4.16285e-10  1.17666e-12
      12.0000      597.669  4.16922e-10  1.22106e-12
      12.0000      598.129  4.09669e-10  1.23225e-12
      12.0000      598.589  4.07239e-10  1.19716e-12
      12.0000      599.050  4.07628e-10  1.13602e-12
      12.0000      599.511  4.05890e-10  1.14940e-12
      12.0000      599.972  4.07054e-10  1.19032e-12
      12.0000      600.434  4.13002e-10  1.28045e-12
      12.0000      600.896  4.02654e-10  1.37678e-12
      12.0000      601.359  3.99767e-10  1.32797e-12
      12.0000      601.822  4.09340e-10  1.32070e-12
      12.0000      602.284  4.51111e-10  1.41964e-12
      12.0000      602.748  4.94121e-10  1.48383e-12
      12.0000      603.212  4.75886e-10  1.67634e-12
      12.0000      603.676  4.72172e-10  1.74174e-12
      12.0000      604.141  4.21376e-10  1.68052e-12
      12.0000      604.606  4.00279e-10  1.63550e-12
      4.00000      605.071  4.01802e-10  1.60562e-12
      4.00000      605.537  4.83247e-10          NaN
      4.00000      606.002  7.34951e-10          NaN
      4.00000      606.469  6.67763e-10          NaN
      4.00000      606.935  5.46581e-10  1.74756e-12
      4.00000      607.402  4.79965e-10  1.58840e-12
      4.00000      607.870  4.25304e-10  1.46919e-12
      4.00000      608.338  4.04368e-10  1.48156e-12
      4.00000      608.806  4.05044e-10  1.49635e-12
      4.00000      609.274  3.92743e-10  1.51371e-12
      4.00000      609.743  3.84487e-10  1.49452e-12
      13.0000      610.212  3.87954e-10  3.84050e-12
      13.0000      610.682  3.63282e-10  4.04133e-12
      13.0000      611.152  3.49605e-10  3.31795e-12
      13.0000      611.622  3.58836e-10  3.46785e-12
      13.0000      612.093  3.35555e-10  3.90909e-12
      13.0000      612.564  3.55344e-10  3.70358e-12
      13.0000      613.035  3.53396e-10  3.38506e-12
      13.0000      613.507  3.54190e-10  3.77441e-12
      13.0000      613.979  3.47530e-10  2.92373e-12
      13.0000      614.451  3.51618e-10  2.82920e-12
      13.0000      614.924  3.41255e-10  2.46114e-12
      13.0000      615.397  3.50250e-10  2.67173e-12
      13.0000      615.871  3.45156e-10  2.48883e-12
      13.0000      616.345  3.52454e-10  2.96088e-12
      13.0000      616.819  3.43141e-10  2.31838e-12
      13.0000      617.294  3.41254e-10  2.26072e-12
      13.0000      617.769  3.33652e-10  1.88569e-12
      13.0000      618.245  3.31552e-10  2.41438e-12
      13.0000      618.720  3.25068e-10  2.78042e-12
      13.0000      619.196  3.19670e-10  2.03271e-12
      13.0000      619.673  3.18981e-10  2.01687e-12
      13.0000      620.150  3.22732e-10  2.14747e-12
      13.0000      620.627  3.22794e-10          NaN
      13.0000      621.105  3.18177e-10          NaN
      13.0000      621.582  3.17915e-10  1.76092e-12
      13.0000      622.061  3.06498e-10  1.72119e-12
      13.0000      622.539  3.10256e-10  1.54621e-12
      13.0000      623.018  3.13793e-10  1.40257e-12
      13.0000      623.498  3.11031e-10  1.41525e-12
      13.0000      623.978  3.17705e-10  1.38742e-12
      13.0000      624.458  3.33757e-10  1.38066e-12
      13.0000      624.938  3.42157e-10  1.30482e-12
      13.0000      625.419  3.20979e-10  1.25939e-12
      13.0000      625.901  2.99194e-10  1.25577e-12
      13.0000      626.382  2.92499e-10  1.27363e-12
      13.0000      626.864  2.88484e-10  1.26206e-12
      13.0000      627.347  3.00501e-10  1.24996e-12
      13.0000      627.830  3.22163e-10  1.19927e-12
      13.0000      628.312  3.02331e-10  1.12868e-12
      13.0000      628.796  2.90654e-10  1.15527e-12
      13.0000      629.280  2.89891e-10  1.16384e-12
      13.0000      629.764  2.90414e-10  1.15039e-12
      13.0000      630.249  2.96545e-10  1.10062e-12
      13.0000      630.734  3.12725e-10  1.05611e-12
      13.0000      631.219  3.37309e-10  1.06545e-12
      13.0000      631.705  3.36273e-10  1.06756e-12
      13.0000      632.191  3.40085e-10  1.10961e-12
      13.0000      632.678  3.74876e-10  1.09949e-12
      13.0000      633.164  3.89168e-10  1.05161e-12
      13.0000      633.652  3.86414e-10  1.03601e-12
      13.0000      634.139  3.71465e-10  1.01709e-12
      13.0000      634.627  3.48438e-10  1.00952e-12
      13.0000      635.115  3.12224e-10  1.01579e-12
      13.0000      635.604  2.85429e-10  9.94574e-13
      13.0000      636.094  2.76149e-10  9.52864e-13
      13.0000      636.583  2.66821e-10  9.10229e-13
      13.0000      637.073  2.50042e-10  9.12441e-13
      13.0000      637.563  2.43925e-10  9.52060e-13
      13.0000      638.054  2.44278e-10  9.46106e-13
      13.0000      638.545  2.35423e-10  9.35858e-13
      13.0000      639.036  2.32355e-10  8.90886e-13
      13.0000      639.528  2.33480e-10  8.72481e-13
      13.0000      640.020  2.28501e-10  9.19194e-13
      13.0000      640.512  2.28092e-10  9.24790e-13
      13.0000      641.005  2.26300e-10  9.42849e-13
      13.0000      641.499  2.21135e-10  9.06993e-13
      13.0000      641.992  2.20683e-10  8.60745e-13
      13.0000      642.486  2.25719e-10  8.89044e-13
      13.0000      642.981  2.45493e-10  9.92854e-13
      13.0000      643.475  2.37312e-10  1.05272e-12
      13.0000      643.971  2.11190e-10  1.03710e-12
      13.0000      644.466  2.13692e-10  1.01534e-12
      13.0000      644.962  2.03507e-10  1.01645e-12
      13.0000      645.459  2.03729e-10  1.07969e-12
      13.0000      645.955  2.04883e-10  1.17497e-12
      13.0000      646.452  1.99708e-10  1.29372e-12
      13.0000      646.950  2.07785e-10  1.22030e-12
      13.0000      647.447  1.97868e-10  1.15361e-12
      13.0000      647.946  1.89331e-10  1.13460e-12
      13.0000      648.445  2.01351e-10  1.23002e-12
      13.0000      648.943  2.02521e-10  1.35230e-12
      13.0000      649.443  1.85061e-10  1.23394e-12
      13.0000      649.942  1.89493e-10  1.17578e-12
      4.00000      650.442  1.93657e-10  1.08082e-12
      4.00000      650.943  1.86573e-10  1.04783e-12
      4.00000      651.444  1.86154e-10  1.10095e-12
      4.00000      651.945  1.98122e-10  1.07187e-12
      4.00000      652.447  1.87127e-10  1.01584e-12
      4.00000      652.949  1.92380e-10  9.65369e-13
      4.00000      653.452  2.01628e-10  9.43660e-13
      4.00000      653.955  1.84014e-10          NaN
      4.00000      654.458  1.85371e-10          NaN
      4.00000      654.961  1.93720e-10  1.05853e-12
      4.00000      655.465  1.80851e-10  1.06750e-12
      4.00000      655.970  1.87757e-10  1.02441e-12
      4.00000      656.475  1.98502e-10  1.06837e-12
      4.00000      656.980  1.76195e-10  1.18425e-12
      4.00000      657.485  1.73092e-10  1.26857e-12
      4.00000      657.991  1.91234e-10  1.40966e-12
      4.00000      658.497  1.80907e-10  1.39068e-12
      4.00000      659.004  1.75157e-10  1.30952e-12
      4.00000      659.511  2.40296e-10  1.42368e-12
      14.0000      660.019  3.13930e-10  2.30626e-12
      14.0000      660.527  2.58390e-10  2.36406e-12
      14.0000      661.035  2.49941e-10  2.28646e-12
      14.0000      661.544  2.26143e-10  2.23822e-12
      14.0000      662.053  1.83214e-10  2.15667e-12
      14.0000      662.562  1.98146e-10  1.90692e-12
      14.0000      663.072  1.81154e-10  1.83456e-12
      14.0000      663.582  1.66598e-10  1.75605e-12
      14.0000      664.093  1.68716e-10  1.77042e-12
      14.0000      664.604  1.80396e-10  1.75923e-12
      14.0000      665.116  1.81477e-10  1.55147e-12
      14.0000      665.627  2.01362e-10  1.55239e-12
      14.0000      666.140  1.72666e-10  1.46349e-12
      14.0000      666.652  2.55209e-10  1.49753e-12
      14.0000      667.165  6.43640e-10  1.72853e-12
      14.0000      667.678  8.54159e-10  1.82186e-12
      14.0000      668.192  4.34634e-10  1.47982e-12
      14.0000      668.707  2.11798e-10  1.25251e-12
      14.0000      669.221  1.70646e-10  1.22455e-12
      14.0000      669.736  2.22029e-10  1.26395e-12
      14.0000      670.252  2.79787e-10  1.21751e-12
      14.0000      670.767  2.26169e-10  1.11282e-12
      14.0000      671.283  1.72991e-10  1.04060e-12
      14.0000      671.800  1.56827e-10  1.04781e-12
      14.0000      672.317  2.15337e-10  1.07938e-12
      14.0000      672.834  2.67908e-10  1.12063e-12
      14.0000      673.352  2.62111e-10  1.08778e-12
      14.0000      673.870  3.06642e-10  1.04053e-12
      14.0000      674.389  3.75298e-10  1.08443e-12
      14.0000      674.908  4.52991e-10  1.13011e-12
      14.0000      675.427  3.31442e-10  1.06843e-12
      14.0000      675.947  2.07954e-10  9.75119e-13
      14.0000      676.467  2.24003e-10  9.28986e-13
      14.0000      676.988  3.24658e-10  9.87469e-13
      14.0000      677.509  3.71479e-10  1.04436e-12
      14.0000      678.030  2.50646e-10  9.91424e-13
      14.0000      678.552  2.08044e-10  9.59744e-13
      14.0000      679.074  4.37305e-10  9.95062e-13
      14.0000      679.597  7.43629e-10  1.17422e-12
      14.0000      680.119  5.44099e-10  1.10503e-12
      14.0000      680.643  2.33932e-10  9.51582e-13
      14.0000      681.166  2.33704e-10  9.23775e-13
      14.0000      681.691  4.30733e-10  9.94092e-13
      14.0000      682.215  5.34686e-10  1.07347e-12
      14.0000      682.740  2.67507e-10  9.33176e-13
      14.0000      683.266  2.05629e-10          NaN
      14.0000      683.792  5.97487e-10          NaN
      14.0000      684.318  1.13777e-09  1.37880e-12
      14.0000      684.844  7.11703e-10          NaN
      14.0000      685.371  2.64824e-10          NaN
      14.0000      685.899  2.94748e-10  9.59088e-13
      14.0000      686.427  6.61484e-10          NaN
      14.0000      686.955  7.63842e-10          NaN
      14.0000      687.484  2.45081e-10  9.60903e-13
      14.0000      688.012  2.69686e-10  9.35137e-13
      14.0000      688.542  8.49217e-10  1.27890e-12
      14.0000      689.072  1.97318e-09          NaN
      14.0000      689.602  7.50896e-10          NaN
      14.0000      690.133  2.04325e-10          NaN
      14.0000      690.664  3.06807e-10          NaN
      14.0000      691.195  1.15855e-09  1.63906e-12
      14.0000      691.727  9.69299e-10  1.59656e-12
      14.0000      692.260  2.96816e-10  1.14218e-12
      14.0000      692.792  2.63675e-10  1.01997e-12
      14.0000      693.326  1.17164e-09  1.65212e-12
      14.0000      693.859  2.31630e-09  2.16777e-12
      14.0000      694.393  6.80873e-10  1.27696e-12
      14.0000      694.927  2.45431e-10  1.00668e-12
      14.0000      695.462  6.02600e-10  1.20425e-12
      4.00000      695.997  1.42082e-09  1.67963e-12
      4.00000      696.533  8.50045e-10  1.19926e-12
      4.00000      697.069  3.30194e-10  9.62407e-13
      4.00000      697.605  4.95713e-10  1.11046e-12
      4.00000      698.142  1.88256e-09  1.79823e-12
      4.00000      698.679  1.93526e-09  1.58000e-12
      4.00000      699.217  6.68556e-10  1.03504e-12
      4.00000      699.755  3.51290e-10  9.26244e-13
      4.00000      700.293  1.12680e-09  1.37178e-12
      4.00000      700.832  1.64387e-09  1.63876e-12
      4.00000      701.371  8.94692e-10  1.33942e-12
      4.00000      701.911  2.88886e-10  8.83829e-13
      4.00000      702.451  9.85618e-10  1.23928e-12
      4.00000      702.992  3.14216e-09  2.25559e-12
      4.00000      703.533  2.32994e-09  2.43659e-12
      4.00000      704.074  4.48264e-10  1.22764e-12
      4.00000      704.616  4.24090e-10  1.18139e-12
      4.00000      705.158  1.72958e-09  2.11195e-12
      4.00000      705.701  2.28348e-09  2.66370e-12
      4.00000      706.244  5.05848e-10  1.58629e-12
      4.00000      706.788  3.06725e-10  1.30076e-12
      4.00000      707.332  1.51032e-09  2.15569e-12
      4.00000      707.876  3.51154e-09          NaN
      4.00000      708.421  1.28710e-09          NaN
      4.00000      708.965  3.96490e-10  1.27341e-12
      15.0000      709.511  7.91245e-10  2.61862e-12
      15.0000      710.057  1.92028e-09          NaN
      15.0000      710.604  1.44888e-09          NaN
      15.0000      711.151  4.82152e-10  2.04344e-12
      15.0000      711.698  1.20626e-09  2.29506e-12
      15.0000      712.245  3.07557e-09  3.05668e-12
      15.0000      712.793  3.29364e-09  3.40505e-12
      15.0000      713.342  9.34053e-10  2.13574e-12
      15.0000      713.891  5.71434e-10  1.73700e-12
      15.0000      714.440  1.32574e-09  1.92918e-12
      15.0000      714.990  1.97109e-09  2.31734e-12
      15.0000      715.540  1.07888e-09  1.93017e-12
      15.0000      716.091  8.27416e-10  1.66837e-12
      15.0000      716.642  1.67782e-09  1.92647e-12
      15.0000      717.193  2.85534e-09  2.31242e-12
      15.0000      717.745  2.07361e-09  2.16273e-12
      15.0000      718.297  4.70750e-10  1.39610e-12
      15.0000      718.850  7.32425e-10  1.44969e-12
      15.0000      719.403  1.91498e-09  1.83560e-12
      15.0000      719.957  1.92531e-09  1.87622e-12
      15.0000      720.511  6.23247e-10  1.33481e-12
      15.0000      721.066  5.94645e-10          NaN
      15.0000      721.620  1.89509e-09          NaN
      15.0000      722.175  2.35226e-09  1.89264e-12
      15.0000      722.731  1.00579e-09  1.45496e-12
      15.0000      723.288  6.09415e-10  1.28515e-12
      15.0000      723.844  9.16128e-10  1.39057e-12
      15.0000      724.401  1.03553e-09  1.40268e-12
      15.0000      724.959  5.70096e-10  1.11820e-12
      15.0000      725.517  2.31877e-10  9.42951e-13
      15.0000      726.075  2.38783e-10  1.06532e-12
      15.0000      726.634  2.42862e-10  1.00238e-12
      15.0000      727.193  3.90536e-10  9.97646e-13
      15.0000      727.752  2.02338e-09  1.55574e-12
      15.0000      728.312  7.44881e-09  2.75300e-12
      15.0000      728.873  2.26294e-08  6.37519e-12
      15.0000      729.434  3.36565e-08  9.17688e-12
      15.0000      729.995  2.28464e-08  7.00965e-12
      15.0000      730.557  1.16434e-08  3.49092e-12
      15.0000      731.119  7.02483e-09          NaN
      15.0000      731.681  3.99827e-09          NaN
      15.0000      732.245  1.43480e-09  1.51733e-12
      15.0000      732.808  9.62521e-10  1.22493e-12
      15.0000      733.372  1.90943e-09  1.47110e-12
      15.0000      733.936  2.83814e-09  1.94802e-12
      15.0000      734.501  1.03469e-09  1.35412e-12
      15.0000      735.067  8.02715e-10  1.25639e-12
      15.0000      735.632  1.70338e-09  1.62367e-12
      15.0000      736.198  2.72088e-09  2.06745e-12
      15.0000      736.764  1.16025e-09  1.52527e-12
      15.0000      737.332  6.81055e-10  1.28404e-12
      15.0000      737.899  1.48754e-09  1.56311e-12
      15.0000      738.467  3.68770e-09  2.51154e-12
      15.0000      739.035  1.47053e-09  1.70949e-12
      15.0000      739.604  5.85073e-10  1.26322e-12
      15.0000      740.173  7.54142e-10  1.39830e-12
      15.0000      740.742  2.44237e-09  2.30190e-12
      15.0000      741.312  1.18545e-09  1.64542e-12
      4.00000      741.883  5.95431e-10  1.25377e-12
      4.00000      742.454  7.79429e-10  1.38802e-12
      4.00000      743.025  3.14369e-09  2.58225e-12
      4.00000      743.597  1.77446e-09  1.76063e-12
      4.00000      744.169  7.24658e-10  1.20601e-12
      4.00000      744.742  6.43010e-10  1.13610e-12
      4.00000      745.315  2.05213e-09          NaN
      4.00000      745.888  1.54155e-09          NaN
      4.00000      746.463  6.90801e-10  1.10774e-12
      4.00000      747.037  8.79131e-10  1.15463e-12
      4.00000      747.612  2.68486e-09  1.92229e-12
      4.00000      748.187  2.54599e-09  1.71457e-12
      4.00000      748.763  8.51160e-10  1.19566e-12
      4.00000      749.339  7.08707e-10  1.08121e-12
      4.00000      749.916  1.75899e-09  1.50312e-12
      4.00000      750.493  1.95526e-09  1.69698e-12
      4.00000      751.070  7.31477e-10  1.21825e-12
      4.00000      751.649  7.12086e-10  1.17079e-12
      4.00000      752.227  2.24438e-09  1.86192e-12
      4.00000      752.806  2.72716e-09  2.44154e-12
      4.00000      753.385  8.42870e-10  1.45800e-12
      4.00000      753.965  4.19094e-10  1.18687e-12
      4.00000      754.545  1.31371e-09  1.96218e-12
      4.00000      755.126  1.72655e-09  2.40505e-12
      4.00000      755.707  6.49582e-10  1.50623e-12
      4.00000      756.288  3.77961e-10  1.28025e-12
      4.00000      756.870  1.79377e-09  2.33884e-12
      4.00000      757.452  2.11782e-09  2.44025e-12
      4.00000      758.035  7.91057e-10  1.41654e-12
      4.00000      758.619  3.32695e-10  1.18332e-12
      16.0000      759.202  1.07914e-09          NaN
      16.0000      759.787  1.41629e-09          NaN
      16.0000      760.371  5.85731e-10  2.00659e-12
      16.0000      760.956  3.31411e-10  1.86764e-12
      16.0000      761.542  1.60107e-09  2.73860e-12
      16.0000      762.128  2.07703e-09  2.88527e-12
      16.0000      762.715  6.08647e-10  1.81392e-12
      16.0000      763.302  3.12422e-10  1.69875e-12
      16.0000      763.889  9.52946e-10  2.19541e-12
      16.0000      764.477  1.33964e-09  2.36829e-12
      16.0000      765.065  4.64470e-10  1.60811e-12
      16.0000      765.654  3.24271e-10  1.48935e-12
      16.0000      766.243  1.33984e-09  2.25484e-12
      16.0000      766.832  1.92537e-09  2.53250e-12
      16.0000      767.423  4.92590e-10  1.57388e-12
      16.0000      768.013  3.58983e-10  1.37231e-12
      16.0000      768.604  8.26278e-10  1.74628e-12
      16.0000      769.196  1.09101e-09  1.89632e-12
      16.0000      769.787  4.17283e-10  1.43289e-12
      16.0000      770.380  4.26643e-10  1.35073e-12
      16.0000      770.973  1.24229e-09  1.86685e-12
      16.0000      771.566  1.50954e-09  2.03125e-12
      16.0000      772.160  5.06277e-10  1.41996e-12
      16.0000      772.754  4.60667e-10  1.32668e-12
      16.0000      773.349  8.40687e-10  1.51067e-12
      16.0000      773.944  8.71187e-10  1.52880e-12
      16.0000      774.539  5.39944e-10  1.33562e-12
      16.0000      775.135  5.93416e-10  1.35267e-12
      16.0000      775.732  1.31082e-09  1.73435e-12
      16.0000      776.329  1.15145e-09  1.60528e-12
      16.0000      776.927  6.58048e-10  1.31606e-12
      16.0000      777.524  6.60226e-10  1.35384e-12
      16.0000      778.122  9.73293e-10  1.48388e-12
      16.0000      778.721  8.45574e-10  1.34892e-12
      16.0000      779.321  8.05889e-10  1.29814e-12
      16.0000      779.920  8.23952e-10  1.34668e-12
      16.0000      780.520  1.30052e-09  1.57281e-12
      16.0000      781.121  9.98970e-10  1.32417e-12
      16.0000      781.722  9.64529e-10          NaN
      16.0000      782.324  9.66182e-10          NaN
      16.0000      782.926  1.15948e-09  1.38876e-12
      16.0000      783.528  1.07688e-09  1.30668e-12
      16.0000      784.131  1.09543e-09  1.25150e-12
      16.0000      784.735  1.14877e-09  1.26428e-12
      16.0000      785.339  1.36084e-09          NaN
      16.0000      785.943  1.27293e-09          NaN
      16.0000      786.548  1.33742e-09  1.30552e-12
      16.0000      787.153  1.39619e-09  1.27885e-12
      16.0000      787.758  1.41527e-09  1.28140e-12
      16.0000      788.365  1.30225e-09  1.24530e-12
      16.0000      788.971  1.41752e-09  1.29528e-12
      16.0000      789.579  1.51341e-09  1.29764e-12
      4.00000      790.186  1.66810e-09  1.31874e-12
      4.00000      790.794  1.72061e-09  1.38967e-12
      4.00000      791.403  1.75541e-09  1.44222e-12
      4.00000      792.011  1.66447e-09          NaN
      4.00000      792.621  1.61039e-09          NaN
      4.00000      793.231  1.87232e-09  1.50153e-12
      4.00000      793.842  1.95089e-09  1.60619e-12
      4.00000      794.452  2.07101e-09  1.75069e-12
      4.00000      795.064  1.89487e-09  1.74056e-12
      4.00000      795.675  2.08754e-09  1.81595e-12
      4.00000      796.288  2.10942e-09          NaN
      4.00000      796.900  2.23908e-09          NaN
      4.00000      797.514  1.93567e-09  2.15699e-12
      4.00000      798.128  2.29037e-09  2.27667e-12
      4.00000      798.742  2.88247e-09  2.61979e-12
      4.00000      799.357  2.45278e-09  2.45365e-12
      4.00000      799.972  1.95238e-09  2.20893e-12
      4.00000      800.587  2.10963e-09  2.21580e-12
      4.00000      801.203  3.02211e-09  2.38926e-12
      4.00000      801.820  2.55817e-09  2.14490e-12
      4.00000      802.437  2.42983e-09  2.09517e-12
      4.00000      803.054  2.24997e-09  2.06943e-12
      4.00000      803.672  3.19468e-09  2.27597e-12
      4.00000      804.291  2.80749e-09  2.06670e-12
      4.00000      804.910  2.40948e-09  1.97248e-12
      4.00000      805.529  2.43284e-09  2.13187e-12
      4.00000      806.149  3.69781e-09  2.51681e-12
      4.00000      806.769  3.84661e-09  2.74257e-12
      4.00000      807.390  2.33548e-09  2.20493e-12
      4.00000      808.012  2.34563e-09  2.43902e-12
      4.00000      808.633  3.32750e-09  3.00979e-12
      17.0000      809.255  4.10344e-09  3.85983e-12
      17.0000      809.878  2.34484e-09  2.96085e-12
      17.0000      810.501  2.46629e-09  2.88519e-12
      17.0000      811.125  3.38430e-09          NaN
      17.0000      811.750  4.31633e-09          NaN
      17.0000      812.374  2.46331e-09          NaN
      17.0000      812.999  2.24240e-09          NaN
      17.0000      813.625  4.07012e-09  2.83405e-12
      17.0000      814.251  5.88800e-09  3.48135e-12
      17.0000      814.878  3.47065e-09  2.81977e-12
      17.0000      815.504  1.89405e-09  2.12620e-12
      17.0000      816.132  3.47956e-09  2.44197e-12
      17.0000      816.760  5.49285e-09  3.02305e-12
      17.0000      817.389  3.83559e-09  2.71121e-12
      17.0000      818.017  1.71037e-09  1.89626e-12
      17.0000      818.647  3.06133e-09  2.18833e-12
      17.0000      819.277  5.46765e-09  2.79094e-12
      17.0000      819.907  4.63654e-09  2.74403e-12
      17.0000      820.538  1.55539e-09  1.75432e-12
      17.0000      821.170  2.09789e-09  1.81128e-12
      17.0000      821.802  5.66961e-09          NaN
      17.0000      822.434  7.24420e-09          NaN
      17.0000      823.067  2.74746e-09  2.11582e-12
      17.0000      823.700  2.61624e-09  1.89207e-12
      17.0000      824.334  5.50084e-09  2.48454e-12
      17.0000      824.969  6.61562e-09  2.97221e-12
      17.0000      825.604  2.60958e-09  2.00606e-12
      17.0000      826.239  2.18840e-09  1.77447e-12
      17.0000      826.875  4.52579e-09  2.23741e-12
      17.0000      827.511  6.74063e-09  2.98347e-12
      17.0000      828.148  3.13862e-09  2.15942e-12
      17.0000      828.785  2.25069e-09  1.84905e-12
      17.0000      829.423  3.99714e-09  2.15475e-12
      17.0000      830.061  7.03979e-09  3.09404e-12
      17.0000      830.700  3.80209e-09  2.41024e-12
      17.0000      831.339  2.24386e-09  1.93866e-12
      17.0000      831.979  2.91155e-09  2.02825e-12
      17.0000      832.619  5.78016e-09  2.97781e-12
      17.0000      833.260  3.70299e-09  2.50546e-12
      17.0000      833.901  2.11574e-09  2.03127e-12
      17.0000      834.543  2.20623e-09  2.03714e-12
      17.0000      835.185  4.97589e-09  2.94344e-12
      17.0000      835.828  3.59798e-09  2.61353e-12
      17.0000      836.471  2.25812e-09  2.17996e-12
      17.0000      837.114  2.02914e-09  2.09854e-12
      17.0000      837.759  4.10996e-09  2.73324e-12
      17.0000      838.404  3.27795e-09  2.31910e-12
      17.0000      839.049  2.30557e-09          NaN
      4.00000      839.694  2.14617e-09          NaN
      4.00000      840.340  2.99013e-09  2.22660e-12
      4.00000      840.987  2.92633e-09  1.95193e-12
      4.00000      841.634  2.24945e-09  1.75080e-12
      4.00000      842.282  1.88590e-09  1.61473e-12
      4.00000      842.930  2.49831e-09  1.87020e-12
      4.00000      843.579  2.66404e-09  1.77786e-12
      4.00000      844.228  2.30206e-09  1.64691e-12
      4.00000      844.877  1.95426e-09  1.56647e-12
      4.00000      845.528  2.05142e-09  1.65146e-12
      4.00000      846.178  2.20584e-09  1.67335e-12
      4.00000      846.830  2.03379e-09          NaN
      4.00000      847.481  2.00371e-09          NaN
      4.00000      848.133  1.89609e-09  1.73053e-12
      4.00000      848.786  2.05382e-09  1.86754e-12
      4.00000      849.439  1.77884e-09  1.75159e-12
      4.00000      850.093  1.76379e-09  1.88951e-12
      4.00000      850.747  1.49575e-09          NaN
      4.00000      851.401  1.94382e-09          NaN
      4.00000      852.057  1.62378e-09  2.13203e-12
      4.00000      852.713  1.74318e-09  2.31085e-12
      4.00000      853.368  1.36805e-09  2.19156e-12
      4.00000      854.026  1.60573e-09  2.33911e-12
      4.00000      854.683  1.29707e-09  2.00170e-12
      4.00000      855.341  1.48387e-09  2.01081e-12
      4.00000      855.999  1.28369e-09  1.89835e-12
      4.00000      856.657  1.32268e-09  1.91093e-12
      4.00000      857.316  1.18902e-09  1.79378e-12
      4.00000      857.976  1.15976e-09  1.69028e-12
      18.0000      858.637  1.00955e-09  2.96215e-12
      18.0000      859.297  1.10769e-09  2.79342e-12
      18.0000      859.958  1.05313e-09  2.65598e-12
      18.0000      860.620  9.84548e-10  2.59536e-12
      18.0000      861.283  9.08498e-10  2.45621e-12
      18.0000      861.945  8.90784e-10  2.25960e-12
      18.0000      862.608  7.96051e-10  2.18134e-12
      18.0000      863.272  7.60835e-10  2.19059e-12
      18.0000      863.937  7.77324e-10  2.12890e-12
      18.0000      864.602  7.06913e-10  1.90848e-12
      18.0000      865.267  6.72428e-10  1.86783e-12
      18.0000      865.933  5.93920e-10  1.88004e-12
      18.0000      866.599  5.75839e-10  1.81594e-12
      18.0000      867.266  5.31374e-10  1.65099e-12
      18.0000      867.934  5.64762e-10  1.62270e-12
      18.0000      868.601  4.83073e-10  1.61087e-12
      18.0000      869.270  4.77473e-10  1.57802e-12
      18.0000      869.938  4.35602e-10  1.47087e-12
      18.0000      870.608  4.18510e-10  1.40925e-12
      18.0000      871.277  3.49590e-10  1.42485e-12
      18.0000      871.948  3.85968e-10  1.42259e-12
      18.0000      872.619  3.55221e-10  1.34725e-12
      18.0000      873.291  3.36407e-10  1.26086e-12
      18.0000      873.962  2.76390e-10  1.28368e-12
      18.0000      874.635  2.68500e-10  1.28571e-12
      18.0000      875.308  2.38560e-10  1.15909e-12
      18.0000      875.982  2.39995e-10  1.11388e-12
      18.0000      876.656  2.16151e-10  1.12901e-12
      18.0000      877.331  1.89606e-10  1.10537e-12
      18.0000      878.005  1.85709e-10  1.01113e-12
      18.0000      878.681  1.75913e-10  9.66959e-13
      18.0000      879.357  1.52921e-10  9.52636e-13
      18.0000      880.035  1.45211e-10  9.62651e-13
      18.0000      880.711  1.42529e-10  8.68165e-13
      18.0000      881.389  1.31455e-10  8.30771e-13
      18.0000      882.068  1.17018e-10  8.42616e-13
      18.0000      882.747  1.08578e-10  8.22654e-13
      18.0000      883.426  1.00045e-10  7.48758e-13
      18.0000      884.105  9.80433e-11  7.14271e-13
      18.0000      884.786  9.07601e-11  7.20114e-13
      18.0000      885.467  8.08972e-11  7.88164e-13
      18.0000      886.148  7.82038e-11  6.97675e-13
      18.0000      886.830  7.75357e-11  6.32846e-13
      18.0000      887.512  6.81816e-11  6.45325e-13
      18.0000      888.195  6.38268e-11  6.58502e-13
      4.00000      888.879  5.65318e-11  6.36595e-13
      4.00000      889.563  5.74776e-11  6.13996e-13
      4.00000      890.248  5.91746e-11  6.35921e-13
      4.00000      890.932  5.08798e-11  6.72394e-13
      4.00000      891.618  4.65493e-11  6.61388e-13
      4.00000      892.304  4.24134e-11  6.34117e-13
      4.00000      892.991  4.66399e-11  6.68371e-13
      4.00000      893.678  4.07008e-11  7.29307e-13
      4.00000      894.366  4.14457e-11  7.51605e-13
      4.00000      895.054  3.98499e-11  7.26518e-13
      4.00000      895.743  3.71351e-11  7.86508e-13
      4.00000      896.432  4.20557e-11  9.07320e-13
      4.00000      897.122  3.85334e-11  9.21308e-13
      4.00000      897.812  3.61126e-11  9.03707e-13
      4.00000      898.503  3.82906e-11  9.42400e-13
      4.00000      899.194  3.70724e-11  1.01287e-12
      4.00000      899.887  3.42429e-11  9.48319e-13
      4.00000      900.579  3.30834e-11  8.51634e-13
      4.00000      901.272  2.97963e-11  8.46497e-13
      4.00000      901.965  3.85737e-11  9.15590e-13
      4.00000      902.660  3.79053e-11  8.74484e-13
      4.00000      903.354  3.34411e-11  8.01306e-13
      4.00000      904.050  3.51057e-11  8.24014e-13
      4.00000      904.745  3.08437e-11  8.89488e-13
      4.00000      905.441  3.41707e-11  9.01367e-13
      4.00000      906.138  3.05533e-11  8.70498e-13
      4.00000      906.835  3.00302e-11  9.15817e-13
      4.00000      907.533  3.61176e-11  1.06634e-12
      4.00000      908.231  4.61420e-11  1.20183e-12
      19.0000      908.931  5.51232e-11  2.10215e-12
      19.0000      909.630  4.28463e-11  1.84959e-12
      19.0000      910.330  3.57211e-11  1.63599e-12
      19.0000      911.031  4.40406e-11  1.70319e-12
      19.0000      911.732  3.55889e-11  1.59700e-12
      19.0000      912.433  3.51428e-11  1.46850e-12
      19.0000      913.135  3.62250e-11  1.33383e-12
      19.0000      913.838  3.51962e-11  1.25600e-12
      19.0000      914.541  4.60975e-11  1.32206e-12
      19.0000      915.245  5.85820e-11  1.22848e-12
      19.0000      915.949  3.73312e-11  1.06038e-12
      19.0000      916.654  2.85277e-11  1.08998e-12
      19.0000      917.360  3.14119e-11  1.08515e-12
      19.0000      918.065  2.79889e-11  9.77445e-13
      19.0000      918.771  2.81064e-11  8.96941e-13
      19.0000      919.479  3.11172e-11  9.36902e-13
      19.0000      920.187  3.84990e-11  9.38186e-13
      19.0000      920.894  3.89503e-11  8.35313e-13
      19.0000      921.603  4.89625e-11  7.95825e-13
      19.0000      922.313  6.31908e-11  8.37296e-13
      19.0000      923.022  4.96264e-11  8.18770e-13
      19.0000      923.732  3.24132e-11  7.39782e-13
      19.0000      924.443  2.58338e-11  7.11708e-13
      19.0000      925.155  1.94538e-11  7.38966e-13
      19.0000      925.867  1.98372e-11  7.23826e-13
      19.0000      926.579  2.44515e-11  6.69082e-13
      19.0000      927.292  2.34266e-11  6.49733e-13
      19.0000      928.005  2.32811e-11  6.70001e-13
      19.0000      928.720  3.20191e-11  6.69423e-13
      19.0000      929.435  3.85525e-11  6.27131e-13
      19.0000      930.149  3.32269e-11  6.20835e-13
      19.0000      930.866  2.59928e-11  6.58931e-13
      19.0000      931.582  2.50827e-11  6.80952e-13
      19.0000      932.298  2.55717e-11  6.33534e-13
      19.0000      933.016  2.04072e-11  6.37028e-13
      19.0000      933.734  2.04263e-11  6.98662e-13
      19.0000      934.453  1.99036e-11  7.00290e-13
      19.0000      935.172  1.98414e-11  6.55091e-13
      19.0000      935.891  2.13350e-11  6.86658e-13
      19.0000      936.611  2.31505e-11  7.83707e-13
      19.0000      937.332  2.16864e-11  7.70943e-13
      4.00000      938.054  1.64254e-11  7.28367e-13
      4.00000      938.775  2.01926e-11  8.15052e-13
      4.00000      939.498  3.18334e-11  8.87042e-13
      4.00000      940.221  3.63047e-11  8.15747e-13
      4.00000      940.944  2.64639e-11  7.54112e-13
      4.00000      941.668  2.05369e-11  8.06771e-13
      4.00000      942.393  2.32746e-11  7.92909e-13
      4.00000      943.118  2.85845e-11  7.00645e-13
      4.00000      943.844  2.43479e-11  6.78044e-13
      4.00000      944.570  3.19183e-11  7.32910e-13
      4.00000      945.298  3.63128e-11  7.21960e-13
      4.00000      946.025  4.71994e-11          NaN
      4.00000      946.753  5.11865e-11          NaN
      4.00000      947.481  5.49223e-11  7.07516e-13
      4.00000      948.211  7.82838e-11  7.15910e-13
      4.00000      948.939  1.30610e-10  7.17784e-13
      4.00000      949.670  1.31272e-10  7.43761e-13
      4.00000      950.401  9.36056e-11  7.80094e-13
      4.00000      951.133  6.63252e-11          NaN
      4.00000      951.864  4.65755e-11          NaN
      4.00000      952.597  3.49480e-11  7.92907e-13
      4.00000      953.330  2.40037e-11  9.53104e-13
      4.00000      954.064  2.04372e-11  9.85718e-13
      4.00000      954.798  2.17512e-11  9.53445e-13
      4.00000      955.532  2.51479e-11  1.13246e-12
      4.00000      956.268  2.21964e-11  1.30132e-12
      4.00000      957.004  2.16736e-11  1.21965e-12
      4.00000      957.740  2.12309e-11  1.11445e-12
      20.0000      958.477  3.18122e-11  1.25356e-12
      20.0000      959.214  2.44374e-11  1.23526e-12
      20.0000      959.953  2.51408e-11  1.34621e-12
      20.0000      960.691  1.90886e-11  1.26579e-12
      20.0000      961.430  2.08751e-11  9.94697e-13
      20.0000      962.170  2.25693e-11  1.04887e-12
      20.0000      962.911  1.68587e-11  1.08218e-12
      20.0000      963.652  2.02412e-11  9.33645e-13
      20.0000      964.394  2.02387e-11  9.65561e-13
      20.0000      965.135  2.00579e-11  1.04979e-12
      20.0000      965.878  1.84855e-11  1.04071e-12
      20.0000      966.622  1.72024e-11  9.08014e-13
      20.0000      967.365  2.89369e-11  1.04513e-12
      20.0000      968.110  3.98350e-11  9.91890e-13
      20.0000      968.855  3.86487e-11  9.19781e-13
      20.0000      969.600  4.36976e-11  8.29953e-13
      20.0000      970.346  3.40097e-11  8.46731e-13
      20.0000      971.093  2.30538e-11  8.72708e-13
      20.0000      971.840  1.49669e-11  8.05380e-13
      20.0000      972.589  1.42785e-11  7.50678e-13
      20.0000      973.336  1.36135e-11  7.66113e-13
      20.0000      974.085  1.18550e-11  7.58340e-13
      20.0000      974.836  1.52993e-11  6.82011e-13
      20.0000      975.585  1.72064e-11  6.55328e-13
      20.0000      976.337  1.79670e-11  6.99830e-13
      20.0000      977.087  2.13685e-11  7.02037e-13
      20.0000      977.839  2.91641e-11  6.56369e-13
      20.0000      978.592  3.34867e-11  6.52875e-13
      20.0000      979.345  2.51714e-11  6.91435e-13
      20.0000      980.098  1.64952e-11  6.75940e-13
      20.0000      980.853  1.47506e-11          NaN
      20.0000      981.608  1.13675e-11          NaN
      20.0000      982.363  9.21552e-12  7.09261e-13
      20.0000      983.119  1.10708e-11  6.99609e-13
      20.0000      983.875  1.12988e-11  6.62076e-13
      20.0000      984.633  1.14271e-11  7.35240e-13
      20.0000      985.391  1.62120e-11  7.87910e-13
      20.0000      986.149  2.33443e-11  7.37219e-13
      20.0000      986.908  2.96758e-11  7.35358e-13
      20.0000      987.667  3.62783e-11  8.44399e-13
      20.0000      988.427  2.40819e-11  8.72841e-13
      20.0000      989.187  1.25469e-11  7.94895e-13
      20.0000      989.949  1.30242e-11  8.72362e-13
      20.0000      990.710  6.01580e-12  1.00449e-12
      20.0000      991.473  1.31345e-11  8.81691e-13
      20.0000      992.236  1.04292e-11  8.00846e-13
      20.0000      992.999  9.44307e-12  8.78540e-13
      20.0000      993.763  1.11857e-11  8.62342e-13
      20.0000      994.528  1.12861e-11  7.45869e-13
      20.0000      995.293  8.11371e-12  7.70422e-13
      20.0000      996.060  1.25497e-11  8.40453e-13
      20.0000      996.826  2.33208e-11  7.73118e-13
      20.0000      997.593  1.38544e-11  7.04724e-13
      20.0000      998.361  7.06511e-12  7.54383e-13
      20.0000      999.129  1.10924e-11  7.89651e-13
      20.0000      999.898  1.06168e-11  7.51201e-13
      20.0000      1000.67  1.00169e-11  7.29412e-13
      20.0000      1001.44  1.19342e-11  8.19470e-13
      20.0000      1002.21  8.45513e-12  9.31082e-13
      20.0000      1002.98  9.44863e-12  9.10459e-13
      20.0000      1003.75  9.45606e-12  9.37147e-13
      20.0000      1004.52  9.47474e-12  1.17060e-12
      20.0000      1005.30  7.26891e-12  1.31553e-12
      20.0000      1006.07  1.96089e-11  1.27033e-12
      20.0000      1006.84  1.13267e-11  1.49660e-12
      20.0000      1007.62  9.80171e-12  1.76616e-12
