      11.0000      514.419  5.51199e-10  3.75248e-12
      11.0000      514.815  5.69410e-10  3.71297e-12
      11.0000      515.211  5.61755e-10  3.92217e-12
      11.0000      515.607  5.41147e-10  3.83926e-12
      11.0000      516.004  5.53766e-10  4.68360e-12
      11.0000      516.401  5.60364e-10  4.21093e-12
      11.0000      516.799  5.37430e-10  4.06302e-12
      11.0000      517.196  5.56819e-10  3.94214e-12
      11.0000      517.594  5.59643e-10  4.10478e-12
      11.0000      517.992  5.38324e-10  4.18088e-12
      11.0000      518.391  5.74540e-10  5.32574e-12
      11.0000      518.790  5.52593e-10  3.86214e-12
      11.0000      519.189  5.62437e-10  4.47411e-12
      11.0000      519.589  5.53701e-10  3.99168e-12
      11.0000      519.989  5.11183e-10  3.15333e-12
      11.0000      520.389  5.44967e-10  3.76243e-12
      11.0000      520.789  5.50850e-10  4.19441e-12
      11.0000      521.190  5.30555e-10  4.12663e-12
      11.0000      521.591  5.40307e-10  4.05405e-12
      11.0000      521.992  5.39567e-10  3.82602e-12
      11.0000      522.394  5.31528e-10  3.22250e-12
      11.0000      522.796  5.48225e-10  3.57753e-12
      11.0000      523.198  5.41305e-10  5.83286e-12
      11.0000      523.601  5.30223e-10  3.26964e-12
      11.0000      524.004  5.34715e-10          NaN
      11.0000      524.407  5.31923e-10          NaN
      11.0000      524.811  5.12760e-10  2.60684e-12
      11.0000      525.214  5.05286e-10  2.14152e-12
      11.0000      525.619  5.16183e-10  2.08129e-12
      11.0000      526.023  5.62940e-10  2.19127e-12
      11.0000      526.428  6.07381e-10  2.54222e-12
      11.0000      526.833  5.58120e-10  2.41763e-12
      11.0000      527.238  5.17020e-10  2.33906e-12
      11.0000      527.644  5.41685e-10  2.34669e-12
      11.0000      528.050  5.34570e-10  2.25934e-12
      11.0000      528.457  5.04718e-10  2.10383e-12
      11.0000      528.863  5.07976e-10  2.25282e-12
      11.0000      529.270  5.28417e-10  2.37562e-12
      11.0000      529.678  5.24501e-10  2.51388e-12
      11.0000      530.085  5.03704e-10  2.36561e-12
      11.0000      530.493  4.95859e-10  2.13152e-12
      11.0000      530.901  4.99699e-10  2.29634e-12
      11.0000      531.310  4.92273e-10  2.23072e-12
      11.0000      531.719  4.91527e-10  2.07129e-12
      11.0000      532.128  4.79467e-10  2.13249e-12
      11.0000      532.537  4.79118e-10  2.26799e-12
      11.0000      532.947  4.95318e-10  2.29447e-12
      11.0000      533.357  4.84939e-10  1.99838e-12
      11.0000      533.768  4.78191e-10  1.83464e-12
      11.0000      534.179  4.83453e-10  1.87200e-12
      11.0000      534.590  4.85171e-10  2.06966e-12
      11.0000      535.001  4.67309e-10  2.05558e-12
      11.0000      535.413  4.73611e-10  2.03784e-12
      11.0000      535.825  4.76812e-10  2.01259e-12
      11.0000      536.237  4.76547e-10  1.95157e-12
      11.0000      536.650  4.74623e-10  1.80729e-12
      11.0000      537.063  4.82291e-10  1.90157e-12
      11.0000      537.476  4.62809e-10  1.90841e-12
      11.0000      537.889  4.69258e-10          NaN
      11.0000      538.304  4.74650e-10          NaN
      11.0000      538.718  4.71465e-10  1.86627e-12
      11.0000      539.132  4.93232e-10  1.82389e-12
      11.0000      539.547  4.80944e-10  1.72983e-12
      11.0000      539.962  4.55808e-10          NaN
      11.0000      540.378  4.57376e-10          NaN
      11.0000      540.794  4.68681e-10  1.88815e-12
      11.0000      541.210  4.58063e-10  1.87574e-12
      11.0000      541.626  4.63821e-10  1.81091e-12
      11.0000      542.043  4.59735e-10  1.62590e-12
      11.0000      542.460  4.56892e-10  1.61665e-12
      11.0000      542.878  4.56714e-10  1.62321e-12
      11.0000      543.295  4.50270e-10  1.68435e-12
      11.0000      543.713  4.50396e-10  1.75080e-12
      11.0000      544.132  4.63372e-10  1.76271e-12
      11.0000      544.550  4.64832e-10  1.61163e-12
      11.0000      544.970  4.65176e-10  1.55040e-12
      11.0000      545.389  4.59624e-10  1.47463e-12
      11.0000      545.809  4.59147e-10  1.47901e-12
      11.0000      546.229  4.51578e-10  1.53294e-12
      11.0000      546.649  4.53937e-10  1.60876e-12
      11.0000      547.070  4.75783e-10  1.56936e-12
      11.0000      547.491  4.80696e-10  1.48842e-12
      11.0000      547.912  4.76674e-10  1.41806e-12
      11.0000      548.334  4.78828e-10  1.42295e-12
      11.0000      548.756  4.69901e-10  1.40770e-12
      11.0000      549.178  4.61920e-10  1.51747e-12
      11.0000      549.600  4.60767e-10  1.57675e-12
      11.0000      550.024  4.63404e-10  1.58466e-12
      11.0000      550.447  4.60847e-10  1.55678e-12
      11.0000      550.870  4.55935e-10  1.46788e-12
      11.0000      551.294  4.55066e-10  1.56120e-12
      11.0000      551.718  4.57865e-10  1.70085e-12
      11.0000      552.143  4.66091e-10  1.88016e-12
      11.0000      552.568  4.52766e-10  1.91928e-12
      11.0000      552.993  4.45938e-10  1.87891e-12
      11.0000      553.418  4.53901e-10  1.83354e-12
      11.0000      553.844  4.53574e-10  1.86029e-12
      11.0000      554.271  4.59153e-10  1.94967e-12
      11.0000      554.697  4.59124e-10  1.98134e-12
      11.0000      555.124  4.62393e-10  2.09883e-12
      11.0000      555.551  4.44802e-10  2.01433e-12
      11.0000      555.979  4.61119e-10  1.93101e-12
      11.0000      556.407  4.50444e-10  1.89008e-12
      11.0000      556.835  4.45106e-10  1.78204e-12
      11.0000      557.263  4.59468e-10  1.78867e-12
      11.0000      557.692  4.58570e-10  1.79598e-12
      11.0000      558.121  4.56767e-10  1.79138e-12
      11.0000      558.551  4.51906e-10  1.71526e-12
      11.0000      558.981  4.55216e-10  1.65292e-12
      11.0000      559.411  4.64554e-10  1.66318e-12
      4.00000      559.841  4.63299e-10  1.70003e-12
      4.00000      560.272  4.58534e-10  1.90018e-12
      4.00000      560.703  4.64418e-10  1.90115e-12
      12.0000      561.135  4.73462e-10  4.18149e-12
      12.0000      561.567  4.53735e-10  3.87658e-12
      12.0000      561.999  4.70270e-10  3.94713e-12
      12.0000      562.431  4.70908e-10  4.61053e-12
      12.0000      562.864  4.68135e-10  3.54013e-12
      12.0000      563.297  4.69084e-10  4.20814e-12
      12.0000      563.731  4.64844e-10  3.61076e-12
      12.0000      564.164  4.69271e-10  3.34956e-12
      12.0000      564.599  4.64806e-10  3.11536e-12
      12.0000      565.033  4.69322e-10  3.41942e-12
      12.0000      565.468  4.84672e-10  3.26168e-12
      12.0000      565.903  4.74282e-10  4.06710e-12
      12.0000      566.338  4.61033e-10  2.80835e-12
      12.0000      566.774  4.85448e-10  2.91346e-12
      12.0000      567.210  5.37598e-10  1.46121e-11
      12.0000      567.647  5.53250e-10  2.53436e-11
      12.0000      568.084  5.24637e-10  2.39911e-12
      12.0000      568.521  4.92199e-10  2.44899e-12
      12.0000      568.958  4.79335e-10  2.54198e-12
      12.0000      569.396  4.75948e-10  2.40928e-12
      12.0000      569.834  4.77670e-10          NaN
      12.0000      570.273  4.75376e-10          NaN
      12.0000      570.711  4.79911e-10  2.57680e-12
      12.0000      571.151  4.64810e-10  2.35670e-12
      12.0000      571.590  4.55448e-10  2.07936e-12
      12.0000      572.030  4.66414e-10  2.11254e-12
      12.0000      572.470  4.63829e-10  2.03250e-12
      12.0000      572.911  4.64575e-10  2.09656e-12
      12.0000      573.352  4.68700e-10  1.98673e-12
      12.0000      573.793  4.75447e-10  2.01409e-12
      12.0000      574.234  4.62637e-10  1.89812e-12
      12.0000      574.676  4.63299e-10  2.02922e-12
      12.0000      575.119  4.82809e-10  2.06141e-12
      12.0000      575.561  4.74851e-10  2.13448e-12
      12.0000      576.004  4.67149e-10  1.98646e-12
      12.0000      576.447  4.65715e-10  1.93754e-12
      12.0000      576.891  4.70778e-10  1.86193e-12
      12.0000      577.335  4.61793e-10  1.80660e-12
      12.0000      577.779  4.66172e-10  2.11110e-12
      12.0000      578.224  4.65085e-10  1.99037e-12
      12.0000      578.669  4.66735e-10  1.80469e-12
      12.0000      579.114  4.61948e-10          NaN
      12.0000      579.560  4.56823e-10          NaN
      12.0000      580.006  4.53039e-10  1.90977e-12
      12.0000      580.452  4.47195e-10  1.73127e-12
      12.0000      580.899  4.55107e-10  1.83163e-12
      12.0000      581.346  4.48982e-10  1.87658e-12
      12.0000      581.793  4.50556e-10  1.73235e-12
      12.0000      582.241  4.56152e-10          NaN
      12.0000      582.689  4.54053e-10          NaN
      12.0000      583.137  4.60944e-10  1.57253e-12
      12.0000      583.586  4.72814e-10  1.70789e-12
      12.0000      584.035  4.84545e-10  1.67129e-12
      12.0000      584.484  4.83854e-10  1.58166e-12
      12.0000      584.934  4.53124e-10  1.44793e-12
      12.0000      585.384  4.33497e-10  1.51077e-12
      12.0000      585.835  4.43144e-10  1.46689e-12
      12.0000      586.286  5.62500e-10  1.62494e-12
      12.0000      586.737  1.20150e-09  2.11063e-12
      12.0000      587.188  1.28123e-09  2.10701e-12
      12.0000      587.640  5.32289e-10  1.50846e-12
      12.0000      588.092  4.58324e-10  1.41593e-12
      12.0000      588.545  4.46054e-10  1.47129e-12
      12.0000      588.998  4.38124e-10  1.49951e-12
      12.0000      589.451  4.53028e-10  1.55425e-12
      12.0000      589.905  4.51649e-10  1.51357e-12
      12.0000      590.359  4.38817e-10  1.44538e-12
      12.0000      590.813  4.36374e-10  1.38612e-12
      12.0000      591.267  4.20878e-10  1.38654e-12
      12.0000      591.723  4.15740e-10  1.42085e-12
      12.0000      592.178  4.28688e-10  1.50169e-12
      12.0000      592.634  4.21899e-10  1.49417e-12
      12.0000      593.090  4.15109e-10  1.34619e-12
      12.0000      593.546  4.21258e-10  1.25988e-12
      12.0000      594.003  4.20666e-10  1.29432e-12
      12.0000      594.460  4.10653e-10  1.37237e-12
      12.0000      594.917  4.21306e-10  1.35840e-12
      12.0000      595.375  4.16195e-10  1.28164e-12
      12.0000      595.833  4.18386e-10  1.20588e-12
      12.0000      596.292  4.27158e-10  1.15502e-12
      12.0000      596.751  4.24353e-10  1.16688e-12
      12.0000      597.210  4.20099e-10  1.17844e-12
      12.0000      597.669  4.19379e-10  1.22784e-12
      12.0000      598.129  4.13190e-10  1.23119e-12
      12.0000      598.589  4.12170e-10  1.19263e-12
      12.0000      599.050  4.07862e-10  1.13498e-12
      12.0000      599.511  4.07365e-10  1.14580e-12
      12.0000      599.972  4.10876e-10  1.18844e-12
      12.0000      600.434  4.14526e-10  1.27293e-12
      12.0000      600.896  4.07309e-10  1.36288e-12
      12.0000      601.359  3.99895e-10  1.32036e-12
      12.0000      601.822  4.12960e-10  1.31490e-12
      12.0000      602.284  4.55584e-10  1.42053e-12
      12.0000      602.748  4.99459e-10  1.47881e-12
      12.0000      603.212  4.85138e-10  1.66981e-12
      12.0000      603.676  4.72867e-10  1.73799e-12
      12.0000      604.141  4.27022e-10  1.67365e-12
      12.0000      604.606  4.02387e-10  1.62931e-12
      4.00000      605.071  4.00229e-10  1.60144e-12
      4.00000      605.537  4.82569e-10          NaN
      4.00000      606.002  7.46554e-10          NaN
      4.00000      606.469  7.06879e-10          NaN
      4.00000      606.935  5.79471e-10  1.75330e-12
      4.00000      607.402  4.91300e-10  1.58862e-12
      4.00000      607.870  4.26479e-10  1.46521e-12
      4.00000      608.338  4.07418e-10  1.47234e-12
      4.00000      608.806  4.12621e-10  1.49122e-12
      4.00000      609.274  3.97036e-10  1.51266e-12
      4.00000      609.743  3.85322e-10  1.49127e-12
      13.0000      610.212  3.89928e-10  3.84695e-12
      13.0000      610.682  3.59417e-10  4.05178e-12
      13.0000      611.152  3.51101e-10  3.31651e-12
      13.0000      611.622  3.64750e-10  3.46828e-12
      13.0000      612.093  3.49987e-10  3.92404e-12
      13.0000      612.564  3.49134e-10  3.76817e-12
      13.0000      613.035  3.61063e-10  3.39450e-12
      13.0000      613.507  3.58278e-10  3.78419e-12
      13.0000      613.979  3.48678e-10  2.93595e-12
      13.0000      614.451  3.55961e-10  2.83018e-12
      13.0000      614.924  3.39004e-10  2.46028e-12
      13.0000      615.397  3.53401e-10  2.67906e-12
      13.0000      615.871  3.46194e-10  2.49021e-12
      13.0000      616.345  3.51140e-10  2.96321e-12
      13.0000      616.819  3.43597e-10  2.31488e-12
      13.0000      617.294  3.43056e-10  2.25850e-12
      13.0000      617.769  3.37109e-10  1.89035e-12
      13.0000      618.245  3.32234e-10  2.41413e-12
      13.0000      618.720  3.23395e-10  2.78380e-12
      13.0000      619.196  3.18405e-10  2.04077e-12
      13.0000      619.673  3.25463e-10  2.02234e-12
      13.0000      620.150  3.25879e-10  2.15877e-12
      13.0000      620.627  3.27915e-10          NaN
      13.0000      621.105  3.23126e-10          NaN
      13.0000      621.582  3.20655e-10  1.76126e-12
      13.0000      622.061  3.11723e-10  1.72922e-12
      13.0000      622.539  3.12193e-10  1.54726e-12
      13.0000      623.018  3.13477e-10  1.39279e-12
      13.0000      623.498  3.08735e-10  1.40863e-12
      13.0000      623.978  3.14631e-10  1.38078e-12
      13.0000      624.458  3.35368e-10  1.38443e-12
      13.0000      624.938  3.44678e-10  1.31525e-12
      13.0000      625.419  3.21750e-10  1.25673e-12
      13.0000      625.901  3.00488e-10  1.25300e-12
      13.0000      626.382  2.92822e-10  1.27464e-12
      13.0000      626.864  2.91859e-10  1.26172e-12
      13.0000      627.347  3.02876e-10  1.24870e-12
      13.0000      627.830  3.22335e-10  1.19649e-12
      13.0000      628.312  3.06448e-10  1.12766e-12
      13.0000      628.796  2.95983e-10  1.15493e-12
      13.0000      629.280  2.92957e-10  1.15797e-12
      13.0000      629.764  2.92376e-10  1.14448e-12
      13.0000      630.249  3.00672e-10  1.09903e-12
      13.0000      630.734  3.16548e-10  1.05796e-12
      13.0000      631.219  3.38005e-10  1.06512e-12
      13.0000      631.705  3.38957e-10  1.06807e-12
      13.0000      632.191  3.42296e-10  1.10892e-12
      13.0000      632.678  3.75286e-10  1.09915e-12
      13.0000      633.164  3.91386e-10  1.05033e-12
      13.0000      633.652  3.81401e-10  1.03517e-12
      13.0000      634.139  3.66746e-10  1.01721e-12
      13.0000      634.627  3.51984e-10  1.01150e-12
      13.0000      635.115  3.17132e-10  1.01952e-12
      13.0000      635.604  2.93605e-10  9.99361e-13
      13.0000      636.094  2.78116e-10  9.55674e-13
      13.0000      636.583  2.64549e-10  9.11186e-13
      13.0000      637.073  2.54343e-10  9.16320e-13
      13.0000      637.563  2.46869e-10  9.52547e-13
      13.0000      638.054  2.45701e-10  9.46136e-13
      13.0000      638.545  2.36760e-10  9.36565e-13
      13.0000      639.036  2.34172e-10  8.91118e-13
      13.0000      639.528  2.37864e-10  8.71896e-13
      13.0000      640.020  2.33741e-10  9.18147e-13
      13.0000      640.512  2.31679e-10  9.22924e-13
      13.0000      641.005  2.27455e-10  9.41796e-13
      13.0000      641.499  2.24793e-10  9.05218e-13
      13.0000      641.992  2.25100e-10  8.61071e-13
      13.0000      642.486  2.25338e-10  8.88126e-13
      13.0000      642.981  2.38863e-10  9.83758e-13
      13.0000      643.475  2.38913e-10  1.05247e-12
      13.0000      643.971  2.14167e-10  1.03481e-12
      13.0000      644.466  2.13288e-10  1.01039e-12
      13.0000      644.962  2.05574e-10  1.01503e-12
      13.0000      645.459  2.04809e-10  1.07527e-12
      13.0000      645.955  2.11249e-10  1.17892e-12
      13.0000      646.452  2.00988e-10  1.29035e-12
      13.0000      646.950  2.04961e-10  1.21423e-12
      13.0000      647.447  2.04415e-10  1.15698e-12
      13.0000      647.946  1.92532e-10  1.13811e-12
      13.0000      648.445  2.00456e-10  1.22864e-12
      13.0000      648.943  2.05648e-10  1.35446e-12
      13.0000      649.443  1.84996e-10  1.22650e-12
      13.0000      649.942  1.91946e-10  1.16953e-12
      4.00000      650.442  1.92240e-10  1.07625e-12
      4.00000      650.943  1.86626e-10  1.03860e-12
      4.00000      651.444  1.91484e-10  1.09717e-12
      4.00000      651.945  1.96271e-10  1.06874e-12
      4.00000      652.447  1.85707e-10  1.00954e-12
      4.00000      652.949  1.88840e-10  9.59195e-13
      4.00000      653.452  1.94880e-10  9.34246e-13
      4.00000      653.955  1.79049e-10          NaN
      4.00000      654.458  1.82709e-10          NaN
      4.00000      654.961  1.99199e-10  1.05748e-12
      4.00000      655.465  1.81466e-10  1.07661e-12
      4.00000      655.970  1.82313e-10  1.02463e-12
      4.00000      656.475  1.97587e-10  1.07033e-12
      4.00000      656.980  1.77915e-10  1.17995e-12
      4.00000      657.485  1.73937e-10  1.26329e-12
      4.00000      657.991  1.97103e-10  1.40998e-12
      4.00000      658.497  1.83251e-10  1.34738e-12
      4.00000      659.004  1.77397e-10  1.30672e-12
      4.00000      659.511  2.42074e-10  1.41860e-12
      14.0000      660.019  3.17765e-10  2.30999e-12
      14.0000      660.527  2.63966e-10  2.37002e-12
      14.0000      661.035  2.45927e-10  2.28506e-12
      14.0000      661.544  2.25172e-10  2.23507e-12
      14.0000      662.053  1.85899e-10  2.14141e-12
      14.0000      662.562  1.95801e-10  1.89694e-12
      14.0000      663.072  1.81490e-10  1.83140e-12
      14.0000      663.582  1.67651e-10  1.76012e-12
      14.0000      664.093  1.69549e-10  1.76758e-12
      14.0000      664.604  1.79624e-10  1.74078e-12
      14.0000      665.116  1.81657e-10  1.54636e-12
      14.0000      665.627  2.07406e-10  1.55564e-12
      14.0000      666.140  1.77455e-10  1.46593e-12
      14.0000      666.652  2.53199e-10  1.51303e-12
      14.0000      667.165  6.29319e-10  1.72922e-12
      14.0000      667.678  8.67671e-10  1.83262e-12
      14.0000      668.192  4.53019e-10  1.49438e-12
      14.0000      668.707  2.13980e-10  1.25696e-12
      14.0000      669.221  1.72309e-10  1.22677e-12
      14.0000      669.736  2.23093e-10  1.25239e-12
      14.0000      670.252  2.83944e-10  1.21643e-12
      14.0000      670.767  2.34218e-10  1.11643e-12
      14.0000      671.283  1.73530e-10  1.03885e-12
      14.0000      671.800  1.57777e-10  1.04153e-12
      14.0000      672.317  2.14859e-10  1.07379e-12
      14.0000      672.834  2.66771e-10  1.10921e-12
      14.0000      673.352  2.62468e-10  1.08451e-12
      14.0000      673.870  3.07754e-10  1.03260e-12
      14.0000      674.389  3.77520e-10  1.08580e-12
      14.0000      674.908  4.57770e-10  1.13276e-12
      14.0000      675.427  3.39087e-10  1.07578e-12
      14.0000      675.947  2.05935e-10  9.73962e-13
      14.0000      676.467  2.22683e-10  9.33883e-13
      14.0000      676.988  3.21964e-10  9.86415e-13
      14.0000      677.509  3.75860e-10  1.04538e-12
      14.0000      678.030  2.61568e-10  9.93988e-13
      14.0000      678.552  2.10183e-10  9.52399e-13
      14.0000      679.074  4.32499e-10  9.90032e-13
      14.0000      679.597  7.55303e-10  1.17391e-12
      14.0000      680.119  5.74013e-10  1.11469e-12
      14.0000      680.643  2.39731e-10  9.55075e-13
      14.0000      681.166  2.34440e-10  9.23295e-13
      14.0000      681.691  4.31295e-10  9.91713e-13
      14.0000      682.215  5.51839e-10  1.07653e-12
      14.0000      682.740  2.85778e-10  9.43195e-13
      14.0000      683.266  2.06707e-10          NaN
      14.0000      683.792  5.91317e-10          NaN
      14.0000      684.318  1.14609e-09  1.38374e-12
      14.0000      684.844  7.52815e-10          NaN
      14.0000      685.371  2.69864e-10          NaN
      14.0000      685.899  2.94641e-10  9.58050e-13
      14.0000      686.427  6.54161e-10          NaN
      14.0000      686.955  7.89551e-10          NaN
      14.0000      687.484  2.54348e-10  9.60042e-13
      14.0000      688.012  2.67954e-10  9.33816e-13
      14.0000      688.542  8.36803e-10  1.26265e-12
      14.0000      689.072  1.98336e-09          NaN
      14.0000      689.602  8.09444e-10          NaN
      14.0000      690.133  2.11626e-10          NaN
      14.0000      690.664  3.03027e-10          NaN
      14.0000      691.195  1.12586e-09  1.62115e-12
      14.0000      691.727  1.03558e-09  1.63487e-12
      14.0000      692.260  3.01296e-10  1.14719e-12
      14.0000      692.792  2.61335e-10  1.02183e-12
      14.0000      693.326  1.12616e-09  1.62007e-12
      14.0000      693.859  2.40244e-09  2.19954e-12
      14.0000      694.393  7.21112e-10  1.30354e-12
      14.0000      694.927  2.54330e-10  1.00821e-12
      14.0000      695.462  5.77384e-10  1.18224e-12
      4.00000      695.997  1.43075e-09  1.68939e-12
      4.00000      696.533  8.83559e-10  1.21642e-12
      4.00000      697.069  3.49585e-10  9.71449e-13
      4.00000      697.605  4.72449e-10  1.09304e-12
      4.00000      698.142  1.85258e-09  1.79171e-12
      4.00000      698.679  1.98348e-09  1.60186e-12
      4.00000      699.217  7.01709e-10  1.05726e-12
      4.00000      699.755  3.44064e-10  9.22033e-13
      4.00000      700.293  1.09423e-09  1.35954e-12
      4.00000      700.832  1.66914e-09  1.64005e-12
      4.00000      701.371  9.30277e-10  1.36204e-12
      4.00000      701.911  2.92817e-10  8.80417e-13
      4.00000      702.451  9.44946e-10  1.22331e-12
      4.00000      702.992  3.13227e-09  2.23322e-12
      4.00000      703.533  2.46287e-09  2.49364e-12
      4.00000      704.074  4.72033e-10  1.24621e-12
      4.00000      704.616  4.15661e-10  1.18810e-12
      4.00000      705.158  1.67324e-09  2.07960e-12
      4.00000      705.701  2.36023e-09  2.70338e-12
      4.00000      706.244  5.31461e-10  1.61017e-12
      4.00000      706.788  3.04742e-10  1.30283e-12
      4.00000      707.332  1.45509e-09  2.10931e-12
      4.00000      707.876  3.58140e-09          NaN
      4.00000      708.421  1.36790e-09          NaN
      4.00000      708.965  4.11566e-10  1.27812e-12
      15.0000      709.511  7.78366e-10  2.60566e-12
      15.0000      710.057  1.90828e-09          NaN
      15.0000      710.604  1.54754e-09          NaN
      15.0000      711.151  4.72679e-10  2.04965e-12
      15.0000      711.698  1.17306e-09  2.27656e-12
      15.0000      712.245  3.06980e-09  3.03594e-12
      15.0000      712.793  3.39061e-09  3.43577e-12
      15.0000      713.342  9.78544e-10  2.15095e-12
      15.0000      713.891  5.69636e-10  1.72895e-12
      15.0000      714.440  1.33242e-09  1.91996e-12
      15.0000      714.990  2.04595e-09  2.32507e-12
      15.0000      715.540  1.13260e-09  1.95316e-12
      15.0000      716.091  8.22463e-10  1.65960e-12
      15.0000      716.642  1.66296e-09  1.91615e-12
      15.0000      717.193  2.88182e-09  2.30784e-12
      15.0000      717.745  2.17759e-09  2.18894e-12
      15.0000      718.297  4.81405e-10  1.39178e-12
      15.0000      718.850  7.06867e-10  1.43386e-12
      15.0000      719.403  1.91294e-09  1.83546e-12
      15.0000      719.957  1.96619e-09  1.89182e-12
      15.0000      720.511  6.35173e-10  1.34914e-12
      15.0000      721.066  5.81080e-10          NaN
      15.0000      721.620  1.88491e-09          NaN
      15.0000      722.175  2.40985e-09  1.90312e-12
      15.0000      722.731  1.06503e-09  1.47646e-12
      15.0000      723.288  6.17089e-10  1.28868e-12
      15.0000      723.844  9.19468e-10  1.38578e-12
      15.0000      724.401  1.07892e-09  1.40675e-12
      15.0000      724.959  6.18483e-10  1.12992e-12
      15.0000      725.517  2.39346e-10  9.42994e-13
      15.0000      726.075  2.39569e-10  1.06188e-12
      15.0000      726.634  2.48463e-10  9.97802e-13
      15.0000      727.193  3.85136e-10  9.87716e-13
      15.0000      727.752  1.96895e-09  1.53291e-12
      15.0000      728.312  7.32739e-09  2.72486e-12
      15.0000      728.873  2.27496e-08  6.66542e-12
      15.0000      729.434  3.45525e-08  9.67960e-12
      15.0000      729.995  2.40259e-08  7.30538e-12
      15.0000      730.557  1.22575e-08  3.59160e-12
      15.0000      731.119  7.35934e-09          NaN
      15.0000      731.681  4.21889e-09          NaN
      15.0000      732.245  1.51363e-09  1.53887e-12
      15.0000      732.808  9.67749e-10  1.22850e-12
      15.0000      733.372  1.89709e-09  1.45777e-12
      15.0000      733.936  2.89895e-09  1.95797e-12
      15.0000      734.501  1.08378e-09  1.37425e-12
      15.0000      735.067  7.82416e-10  1.24690e-12
      15.0000      735.632  1.69509e-09  1.60960e-12
      15.0000      736.198  2.76162e-09  2.07776e-12
      15.0000      736.764  1.24476e-09  1.55900e-12
      15.0000      737.332  6.98255e-10  1.28933e-12
      15.0000      737.899  1.45672e-09  1.53899e-12
      15.0000      738.467  3.72911e-09  2.51377e-12
      15.0000      739.035  1.60003e-09  1.76028e-12
      15.0000      739.604  6.01628e-10  1.27470e-12
      15.0000      740.173  7.42274e-10  1.37777e-12
      15.0000      740.742  2.44333e-09  2.30117e-12
      15.0000      741.312  1.25846e-09  1.67822e-12
      4.00000      741.883  5.94443e-10  1.26887e-12
      4.00000      742.454  7.31984e-10  1.36728e-12
      4.00000      743.025  3.11731e-09  2.58132e-12
      4.00000      743.597  1.76870e-09  1.80800e-12
      4.00000      744.169  6.88618e-10  1.21471e-12
      4.00000      744.742  6.17249e-10  1.12361e-12
      4.00000      745.315  1.98993e-09          NaN
      4.00000      745.888  1.58380e-09          NaN
      4.00000      746.463  7.05668e-10  1.11663e-12
      4.00000      747.037  8.54071e-10  1.13551e-12
      4.00000      747.612  2.66692e-09  1.92916e-12
      4.00000      748.187  2.61909e-09  1.74103e-12
      4.00000      748.763  8.92256e-10  1.22051e-12
      4.00000      749.339  6.95103e-10  1.07463e-12
      4.00000      749.916  1.75179e-09  1.49861e-12
      4.00000      750.493  2.00257e-09  1.71486e-12
      4.00000      751.070  7.69162e-10  1.23607e-12
      4.00000      751.649  6.98407e-10  1.16242e-12
      4.00000      752.227  2.20258e-09  1.81498e-12
      4.00000      752.806  2.80723e-09  2.46382e-12
      4.00000      753.385  8.99655e-10  1.48341e-12
      4.00000      753.965  4.23615e-10  1.19930e-12
      4.00000      754.545  1.28212e-09  1.92611e-12
      4.00000      755.126  1.78956e-09  2.44620e-12
      4.00000      755.707  6.78033e-10  1.52269e-12
      4.00000      756.288  3.74130e-10  1.27258e-12
      4.00000      756.870  1.73306e-09  2.30660e-12
      4.00000      757.452  2.18581e-09  2.48696e-12
      4.00000      758.035  8.32075e-10  1.43023e-12
      4.00000      758.619  3.33051e-10  1.14084e-12
      16.0000      759.202  1.05537e-09          NaN
      16.0000      759.787  1.47263e-09          NaN
      16.0000      760.371  6.16577e-10  2.01996e-12
      16.0000      760.956  3.29340e-10  1.87241e-12
      16.0000      761.542  1.53916e-09  2.69583e-12
      16.0000      762.128  2.15810e-09  2.91985e-12
      16.0000      762.715  6.33882e-10  1.82801e-12
      16.0000      763.302  3.12887e-10  1.69156e-12
      16.0000      763.889  9.41312e-10  2.17026e-12
      16.0000      764.477  1.39014e-09  2.39376e-12
      16.0000      765.065  4.82823e-10  1.62203e-12
      16.0000      765.654  3.28153e-10  1.49010e-12
      16.0000      766.243  1.29531e-09  2.22357e-12
      16.0000      766.832  2.00943e-09  2.57297e-12
      16.0000      767.423  5.19606e-10  1.56800e-12
      16.0000      768.013  3.57548e-10  1.38054e-12
      16.0000      768.604  8.17208e-10  1.72528e-12
      16.0000      769.196  1.12792e-09  1.93395e-12
      16.0000      769.787  4.27460e-10  1.43945e-12
      16.0000      770.380  4.23466e-10  1.33663e-12
      16.0000      770.973  1.20777e-09  1.81812e-12
      16.0000      771.566  1.56255e-09  2.03038e-12
      16.0000      772.160  5.48233e-10  1.42964e-12
      16.0000      772.754  4.55562e-10  1.33220e-12
      16.0000      773.349  8.07769e-10  1.49660e-12
      16.0000      773.944  9.14811e-10  1.54243e-12
      16.0000      774.539  5.51700e-10  1.33745e-12
      16.0000      775.135  5.88785e-10  1.34750e-12
      16.0000      775.732  1.30941e-09  1.73080e-12
      16.0000      776.329  1.20299e-09  1.62568e-12
      16.0000      776.927  6.75537e-10  1.32550e-12
      16.0000      777.524  6.62681e-10  1.34467e-12
      16.0000      778.122  9.74962e-10  1.49029e-12
      16.0000      778.721  8.58968e-10  1.35746e-12
      16.0000      779.321  8.18339e-10  1.30159e-12
      16.0000      779.920  8.26244e-10  1.35145e-12
      16.0000      780.520  1.32322e-09  1.58209e-12
      16.0000      781.121  1.02460e-09  1.32943e-12
      16.0000      781.722  9.77741e-10          NaN
      16.0000      782.324  9.73200e-10          NaN
      16.0000      782.926  1.17123e-09  1.38976e-12
      16.0000      783.528  1.09406e-09  1.29909e-12
      16.0000      784.131  1.10751e-09  1.25662e-12
      16.0000      784.735  1.15475e-09  1.26998e-12
      16.0000      785.339  1.38255e-09          NaN
      16.0000      785.943  1.29417e-09          NaN
      16.0000      786.548  1.35015e-09  1.30482e-12
      16.0000      787.153  1.41345e-09  1.28152e-12
      16.0000      787.758  1.43866e-09  1.28699e-12
      16.0000      788.365  1.32188e-09  1.24961e-12
      16.0000      788.971  1.43043e-09  1.29807e-12
      16.0000      789.579  1.52856e-09  1.30185e-12
      4.00000      790.186  1.66543e-09  1.32223e-12
      4.00000      790.794  1.73857e-09  1.39735e-12
      4.00000      791.403  1.77752e-09  1.45035e-12
      4.00000      792.011  1.68893e-09          NaN
      4.00000      792.621  1.62829e-09          NaN
      4.00000      793.231  1.88862e-09  1.50011e-12
      4.00000      793.842  1.96995e-09  1.62019e-12
      4.00000      794.452  2.09851e-09  1.75153e-12
      4.00000      795.064  1.92814e-09  1.75092e-12
      4.00000      795.675  2.08570e-09  1.81471e-12
      4.00000      796.288  2.13650e-09          NaN
      4.00000      796.900  2.25611e-09          NaN
      4.00000      797.514  1.98867e-09  2.17742e-12
      4.00000      798.128  2.26099e-09  2.26152e-12
      4.00000      798.742  2.92919e-09  2.62796e-12
      4.00000      799.357  2.47692e-09  2.46498e-12
      4.00000      799.972  2.02642e-09  2.23578e-12
      4.00000      800.587  2.08361e-09  2.19586e-12
      4.00000      801.203  3.07298e-09  2.41379e-12
      4.00000      801.820  2.58999e-09  2.15936e-12
      4.00000      802.437  2.48556e-09  2.12398e-12
      4.00000      803.054  2.25011e-09  2.05561e-12
      4.00000      803.672  3.23319e-09  2.28782e-12
      4.00000      804.291  2.86316e-09  2.07521e-12
      4.00000      804.910  2.44596e-09  1.98739e-12
      4.00000      805.529  2.44663e-09  2.12482e-12
      4.00000      806.149  3.68982e-09  2.49885e-12
      4.00000      806.769  3.96431e-09  2.77262e-12
      4.00000      807.390  2.34974e-09  2.21003e-12
      4.00000      808.012  2.36343e-09  2.47015e-12
      4.00000      808.633  3.29121e-09  2.96464e-12
      17.0000      809.255  4.21370e-09  3.89183e-12
      17.0000      809.878  2.39107e-09  2.97209e-12
      17.0000      810.501  2.47500e-09  2.89699e-12
      17.0000      811.125  3.38323e-09          NaN
      17.0000      811.750  4.39925e-09          NaN
      17.0000      812.374  2.56719e-09          NaN
      17.0000      812.999  2.24128e-09          NaN
      17.0000      813.625  4.04298e-09  2.80964e-12
      17.0000      814.251  6.03918e-09  3.48715e-12
      17.0000      814.878  3.74619e-09  2.87859e-12
      17.0000      815.504  1.89550e-09  2.11063e-12
      17.0000      816.132  3.41731e-09  2.42137e-12
      17.0000      816.760  5.50973e-09  3.02763e-12
      17.0000      817.389  4.05418e-09  2.77052e-12
      17.0000      818.017  1.70648e-09  1.90339e-12
      17.0000      818.647  2.99797e-09  2.17853e-12
      17.0000      819.277  5.56649e-09  2.78821e-12
      17.0000      819.907  4.92604e-09  2.79514e-12
      17.0000      820.538  1.60303e-09  1.77010e-12
      17.0000      821.170  2.01061e-09  1.79661e-12
      17.0000      821.802  5.61986e-09          NaN
      17.0000      822.434  7.49032e-09          NaN
      17.0000      823.067  2.93040e-09  2.17802e-12
      17.0000      823.700  2.56356e-09  1.88434e-12
      17.0000      824.334  5.50554e-09  2.47684e-12
      17.0000      824.969  6.86423e-09  3.01494e-12
      17.0000      825.604  2.78552e-09  2.06270e-12
      17.0000      826.239  2.14485e-09  1.76432e-12
      17.0000      826.875  4.50104e-09  2.22389e-12
      17.0000      827.511  6.93882e-09  3.00444e-12
      17.0000      828.148  3.37345e-09  2.22763e-12
      17.0000      828.785  2.23760e-09  1.84467e-12
      17.0000      829.423  3.98987e-09  2.15000e-12
      17.0000      830.061  7.17310e-09  3.10971e-12
      17.0000      830.700  4.14601e-09  2.49488e-12
      17.0000      831.339  2.25463e-09  1.93614e-12
      17.0000      831.979  2.93582e-09  2.03385e-12
      17.0000      832.619  5.80584e-09  2.96110e-12
      17.0000      833.260  4.03322e-09  2.58530e-12
      17.0000      833.901  2.11321e-09  2.02017e-12
      17.0000      834.543  2.23279e-09  2.04087e-12
      17.0000      835.185  4.95629e-09  2.93400e-12
      17.0000      835.828  3.90420e-09  2.69871e-12
      17.0000      836.471  2.25882e-09  2.17872e-12
      17.0000      837.114  2.08125e-09  2.12360e-12
      17.0000      837.759  4.06357e-09  2.71755e-12
      17.0000      838.404  3.46758e-09  2.38205e-12
      17.0000      839.049  2.32463e-09          NaN
      4.00000      839.694  2.17398e-09          NaN
      4.00000      840.340  2.96426e-09  2.22014e-12
      4.00000      840.987  2.96672e-09  1.98835e-12
      4.00000      841.634  2.27734e-09  1.74842e-12
      4.00000      842.282  1.90580e-09  1.62799e-12
      4.00000      842.930  2.49845e-09  1.86444e-12
      4.00000      843.579  2.70947e-09  1.80284e-12
      4.00000      844.228  2.35725e-09  1.66053e-12
      4.00000      844.877  2.01476e-09  1.57727e-12
      4.00000      845.528  2.07673e-09  1.65351e-12
      4.00000      846.178  2.24732e-09  1.67805e-12
      4.00000      846.830  2.06001e-09          NaN
      4.00000      847.481  2.03771e-09          NaN
      4.00000      848.133  1.92006e-09  1.74413e-12
      4.00000      848.786  2.08723e-09  1.86828e-12
      4.00000      849.439  1.81024e-09  1.76767e-12
      4.00000      850.093  1.78759e-09  1.89284e-12
      4.00000      850.747  1.51010e-09          NaN
      4.00000      851.401  1.96145e-09          NaN
      4.00000      852.057  1.64932e-09  2.14754e-12
      4.00000      852.713  1.76053e-09  2.31825e-12
      4.00000      853.368  1.37842e-09  2.20086e-12
      4.00000      854.026  1.63535e-09  2.35146e-12
      4.00000      854.683  1.30666e-09  1.99719e-12
      4.00000      855.341  1.50480e-09  2.01733e-12
      4.00000      855.999  1.30575e-09  1.90970e-12
      4.00000      856.657  1.33907e-09  1.91628e-12
      4.00000      857.316  1.18746e-09  1.76683e-12
      4.00000      857.976  1.17523e-09  1.68630e-12
      18.0000      858.637  1.01742e-09  2.96110e-12
      18.0000      859.297  1.11597e-09  2.79183e-12
      18.0000      859.958  1.07413e-09  2.66239e-12
      18.0000      860.620  9.93607e-10  2.59404e-12
      18.0000      861.283  9.16573e-10  2.44380e-12
      18.0000      861.945  8.94602e-10  2.24736e-12
      18.0000      862.608  8.08980e-10  2.18701e-12
      18.0000      863.272  7.68211e-10  2.18172e-12
      18.0000      863.937  7.81981e-10  2.12958e-12
      18.0000      864.602  7.10748e-10  1.90688e-12
      18.0000      865.267  6.85557e-10  1.85263e-12
      18.0000      865.933  6.02374e-10  1.88890e-12
      18.0000      866.599  5.80521e-10  1.82152e-12
      18.0000      867.266  5.38441e-10  1.65821e-12
      18.0000      867.934  5.72608e-10  1.63077e-12
      18.0000      868.601  4.91946e-10  1.62143e-12
      18.0000      869.270  4.77559e-10  1.57410e-12
      18.0000      869.938  4.37799e-10  1.47167e-12
      18.0000      870.608  4.24458e-10  1.41565e-12
      18.0000      871.277  3.53251e-10  1.42118e-12
      18.0000      871.948  3.87362e-10  1.40945e-12
      18.0000      872.619  3.60253e-10  1.34089e-12
      18.0000      873.291  3.44255e-10  1.26429e-12
      18.0000      873.962  2.86287e-10  1.29137e-12
      18.0000      874.635  2.72801e-10  1.28607e-12
      18.0000      875.308  2.41332e-10  1.16728e-12
      18.0000      875.982  2.43289e-10  1.11142e-12
      18.0000      876.656  2.17459e-10  1.12692e-12
      18.0000      877.331  1.93979e-10  1.10583e-12
      18.0000      878.005  1.87436e-10  1.00914e-12
      18.0000      878.681  1.78832e-10  9.65445e-13
      18.0000      879.357  1.54590e-10  9.53006e-13
      18.0000      880.035  1.45602e-10  9.57644e-13
      18.0000      880.711  1.45122e-10  8.67698e-13
      18.0000      881.389  1.32324e-10  8.28559e-13
      18.0000      882.068  1.19574e-10  8.34150e-13
      18.0000      882.747  1.08549e-10  8.18422e-13
      18.0000      883.426  1.02341e-10  7.50036e-13
      18.0000      884.105  9.90234e-11  7.12521e-13
      18.0000      884.786  9.50673e-11  7.20677e-13
      18.0000      885.467  8.51273e-11  7.88925e-13
      18.0000      886.148  7.93970e-11  6.96881e-13
      18.0000      886.830  7.62811e-11  6.32838e-13
      18.0000      887.512  6.62339e-11  6.43441e-13
      18.0000      888.195  6.27131e-11  6.55204e-13
      4.00000      888.879  6.89278e-11  6.35637e-13
      4.00000      889.563  6.60694e-11  6.14325e-13
      4.00000      890.248  5.62788e-11  6.38684e-13
      4.00000      890.932  5.07969e-11  6.76091e-13
      4.00000      891.618  4.42340e-11  6.59865e-13
      4.00000      892.304  3.93758e-11  6.27361e-13
      4.00000      892.991  4.70487e-11  6.68949e-13
      4.00000      893.678  4.50049e-11  7.31746e-13
      4.00000      894.366  4.64642e-11  7.49258e-13
      4.00000      895.054  4.83906e-11  7.24292e-13
      4.00000      895.743  4.46119e-11  7.86385e-13
      4.00000      896.432  5.08912e-11  9.08494e-13
      4.00000      897.122  4.74819e-11  9.20356e-13
      4.00000      897.812  4.43976e-11  9.13603e-13
      4.00000      898.503  4.07202e-11  9.49838e-13
      4.00000      899.194  3.37167e-11  1.01962e-12
      4.00000      899.887  3.22763e-11  9.47621e-13
      4.00000      900.579  3.80172e-11  8.55118e-13
      4.00000      901.272  3.19708e-11  8.46626e-13
      4.00000      901.965  3.75096e-11  9.22370e-13
      4.00000      902.660  3.86314e-11  8.72387e-13
      4.00000      903.354  3.16508e-11  7.98166e-13
      4.00000      904.050  3.42741e-11  8.23433e-13
      4.00000      904.745  2.91136e-11  8.87746e-13
      4.00000      905.441  3.67342e-11  8.99166e-13
      4.00000      906.138  3.89720e-11  8.69916e-13
      4.00000      906.835  3.51072e-11  9.15005e-13
      4.00000      907.533  3.31642e-11  1.06262e-12
      4.00000      908.231  4.57414e-11  1.20369e-12
      19.0000      908.931  6.10730e-11  2.11568e-12
      19.0000      909.630  4.65227e-11  1.85691e-12
      19.0000      910.330  4.12274e-11  1.63965e-12
      19.0000      911.031  4.58854e-11  1.70920e-12
      19.0000      911.732  4.15182e-11  1.60248e-12
      19.0000      912.433  3.81650e-11  1.47129e-12
      19.0000      913.135  3.86997e-11  1.33802e-12
      19.0000      913.838  3.51960e-11  1.25985e-12
      19.0000      914.541  4.24890e-11  1.32438e-12
      19.0000      915.245  5.88571e-11  1.23199e-12
      19.0000      915.949  3.76929e-11  1.06028e-12
      19.0000      916.654  2.68554e-11  1.09594e-12
      19.0000      917.360  3.03449e-11  1.08809e-12
      19.0000      918.065  2.80859e-11  9.83045e-13
      19.0000      918.771  2.65813e-11  9.02189e-13
      19.0000      919.479  3.10420e-11  9.38649e-13
      19.0000      920.187  4.26809e-11  9.37019e-13
      19.0000      920.894  4.35008e-11  8.32983e-13
      19.0000      921.603  5.05530e-11  7.95472e-13
      19.0000      922.313  6.33283e-11  8.37061e-13
      19.0000      923.022  4.97243e-11  8.24606e-13
      19.0000      923.732  3.32392e-11  7.44688e-13
      19.0000      924.443  2.62970e-11  7.12173e-13
      19.0000      925.155  2.05447e-11  7.41886e-13
      19.0000      925.867  1.95259e-11  7.27086e-13
      19.0000      926.579  2.58540e-11  6.71051e-13
      19.0000      927.292  2.53128e-11  6.52639e-13
      19.0000      928.005  2.19330e-11  6.73379e-13
      19.0000      928.720  3.00559e-11  6.70232e-13
      19.0000      929.435  3.88388e-11  6.25495e-13
      19.0000      930.149  3.54407e-11  6.21069e-13
      19.0000      930.866  2.82853e-11  6.61260e-13
      19.0000      931.582  2.79865e-11  6.83280e-13
      19.0000      932.298  2.65823e-11  6.34932e-13
      19.0000      933.016  2.15396e-11  6.38659e-13
      19.0000      933.734  2.10486e-11  7.01113e-13
      19.0000      934.453  2.13882e-11  7.00639e-13
      19.0000      935.172  1.96823e-11  6.53805e-13
      19.0000      935.891  1.93275e-11  6.87357e-13
      19.0000      936.611  2.06706e-11  7.82213e-13
      19.0000      937.332  2.02233e-11  7.64015e-13
      4.00000      938.054  1.51063e-11  7.26969e-13
      4.00000      938.775  2.02360e-11  8.17399e-13
      4.00000      939.498  3.13310e-11  8.87738e-13
      4.00000      940.221  3.32799e-11  8.13877e-13
      4.00000      940.944  3.30279e-11  7.55862e-13
      4.00000      941.668  2.97649e-11  8.04914e-13
      4.00000      942.393  2.67675e-11  7.92441e-13
      4.00000      943.118  2.96574e-11  7.00754e-13
      4.00000      943.844  2.64366e-11  6.75707e-13
      4.00000      944.570  3.53661e-11  7.34662e-13
      4.00000      945.298  3.88993e-11  7.22193e-13
      4.00000      946.025  4.52767e-11          NaN
      4.00000      946.753  4.73819e-11          NaN
      4.00000      947.481  5.17738e-11  7.07163e-13
      4.00000      948.211  7.02483e-11  7.12288e-13
      4.00000      948.939  1.24742e-10  7.14739e-13
      4.00000      949.670  1.32842e-10  7.44333e-13
      4.00000      950.401  9.18621e-11  7.82538e-13
      4.00000      951.133  6.66500e-11          NaN
      4.00000      951.864  5.10524e-11          NaN
      4.00000      952.597  4.07389e-11  7.95365e-13
      4.00000      953.330  2.71557e-11  9.55223e-13
      4.00000      954.064  2.33588e-11  9.88985e-13
      4.00000      954.798  2.43600e-11  9.55542e-13
      4.00000      955.532  2.45971e-11  1.12086e-12
      4.00000      956.268  2.37301e-11  1.30586e-12
      4.00000      957.004  2.32494e-11  1.22256e-12
      4.00000      957.740  2.33974e-11  1.11585e-12
      20.0000      958.477  3.55764e-11  1.26337e-12
      20.0000      959.214  2.65700e-11  1.24202e-12
      20.0000      959.953  1.79981e-11  1.35050e-12
      20.0000      960.691  2.03662e-11  1.26625e-12
      20.0000      961.430  2.20408e-11  9.92953e-13
      20.0000      962.170  2.11127e-11  1.04828e-12
      20.0000      962.911  2.11779e-11  1.08288e-12
      20.0000      963.652  2.08109e-11  9.35624e-13
      20.0000      964.394  1.87711e-11  9.67893e-13
      20.0000      965.135  2.02601e-11  1.05352e-12
      20.0000      965.878  1.65785e-11  1.04444e-12
      20.0000      966.622  1.86881e-11  9.12904e-13
      20.0000      967.365  3.12086e-11  1.04315e-12
      20.0000      968.110  4.31764e-11  9.89678e-13
      20.0000      968.855  4.16395e-11  9.15353e-13
      20.0000      969.600  4.41827e-11  8.28557e-13
      20.0000      970.346  3.02583e-11  8.46732e-13
      20.0000      971.093  2.20957e-11  8.71315e-13
      20.0000      971.840  1.49664e-11  8.02823e-13
      20.0000      972.589  1.04932e-11  7.58314e-13
      20.0000      973.336  1.21735e-11  7.70308e-13
      20.0000      974.085  1.28453e-11  7.58669e-13
      20.0000      974.836  1.36315e-11  6.85504e-13
      20.0000      975.585  1.41398e-11  6.58932e-13
      20.0000      976.337  1.46645e-11  7.02036e-13
      20.0000      977.087  1.88356e-11  7.03667e-13
      20.0000      977.839  2.78800e-11  6.56135e-13
      20.0000      978.592  3.38201e-11  6.53571e-13
      20.0000      979.345  2.53078e-11  6.94699e-13
      20.0000      980.098  1.62104e-11  6.77687e-13
      20.0000      980.853  1.56405e-11          NaN
      20.0000      981.608  1.22959e-11          NaN
      20.0000      982.363  1.08837e-11  7.09728e-13
      20.0000      983.119  1.11152e-11  6.95745e-13
      20.0000      983.875  9.04216e-12  6.65573e-13
      20.0000      984.633  8.78538e-12  7.40599e-13
      20.0000      985.391  1.35209e-11  7.88832e-13
      20.0000      986.149  2.27451e-11  7.36637e-13
      20.0000      986.908  2.60551e-11  7.36987e-13
      20.0000      987.667  3.30717e-11  8.45216e-13
      20.0000      988.427  2.63620e-11  8.72606e-13
      20.0000      989.187  1.42797e-11  7.93024e-13
      20.0000      989.949  1.35239e-11  8.77501e-13
      20.0000      990.710  5.93307e-12  1.01834e-12
      20.0000      991.473  1.02589e-11  8.83545e-13
      20.0000      992.236  1.31515e-11  7.95350e-13
      20.0000      992.999  1.35716e-11  8.74808e-13
      20.0000      993.763  1.08867e-11  8.63155e-13
      20.0000      994.528  1.33012e-11  7.41531e-13
      20.0000      995.293  1.00018e-11  7.62043e-13
      20.0000      996.060  1.24354e-11  8.35196e-13
      20.0000      996.826  2.32080e-11  7.67399e-13
      20.0000      997.593  1.82741e-11  7.04141e-13
      20.0000      998.361  1.27020e-11  7.54606e-13
      20.0000      999.129  1.26868e-11  7.91985e-13
      20.0000      999.898  1.23711e-11  7.54929e-13
      20.0000      1000.67  1.37482e-11  7.31511e-13
      20.0000      1001.44  1.39600e-11  8.22737e-13
      20.0000      1002.21  1.06642e-11  9.35392e-13
      20.0000      1002.98  9.46898e-12  9.13837e-13
      20.0000      1003.75  7.67840e-12  9.43667e-13
      20.0000      1004.52  1.18072e-11  1.17610e-12
      20.0000      1005.30  9.20574e-12  1.32078e-12
      20.0000      1006.07  1.95250e-11  1.27615e-12
      20.0000      1006.84  1.36434e-11  1.50264e-12
      20.0000      1007.62  1.22943e-11  1.77015e-12
