      1.00000      705.774  1.25533e-09  1.19067e-12
      1.00000      708.800  1.33082e-09  1.19944e-12
      1.00000      711.852  1.48529e-09  1.24548e-12
      1.00000      714.930  1.48321e-09  1.22098e-12
      1.00000      718.035  1.33265e-09  1.14404e-12
      1.00000      721.167  1.20545e-09  1.07026e-12
      1.00000      724.326  1.91458e-09  1.28045e-12
      1.00000      727.513  6.41310e-09  3.30050e-12
      1.00000      730.729  7.72570e-09  4.31549e-12
      1.00000      733.973  3.37333e-09  1.76053e-12
      1.00000      737.246  1.74375e-09  1.24361e-12
      1.00000      740.548  1.53106e-09  1.17667e-12
      1.00000      743.880  1.46088e-09  1.13986e-12
      1.00000      747.242  1.44237e-09  1.11328e-12
      1.00000      750.635  1.31464e-09  1.03278e-12
      1.00000      754.058  1.13023e-09  9.35938e-13
      1.00000      757.513  1.07595e-09  8.96631e-13
      1.00000      761.000  9.61343e-10  8.25650e-13
      1.00000      764.518  8.19340e-10  7.49546e-13
      1.00000      768.070  7.67622e-10  7.08282e-13
      1.00000      771.655  7.52194e-10  6.87653e-13
      1.00000      775.273  7.55506e-10  6.75255e-13
      1.00000      778.925  8.30106e-10  6.93969e-13
      1.00000      782.613  9.84446e-10  7.42926e-13
      1.00000      786.335  1.17712e-09  8.03212e-13
      1.00000      790.092  1.41374e-09  8.76096e-13
      1.00000      793.886  1.68788e-09  9.59744e-13
      1.00000      797.717  2.00445e-09  1.04939e-12
      1.00000      801.585  2.35637e-09  1.14500e-12
      1.00000      805.490  2.68878e-09  1.24138e-12
      1.00000      809.433  2.97365e-09  1.31939e-12
      1.00000      813.415  3.31150e-09  1.41894e-12
      1.00000      817.437  3.55107e-09  1.59097e-12
      1.00000      821.498  3.68436e-09  1.63820e-12
      1.00000      825.601  3.62819e-09  1.64424e-12
      1.00000      829.744  3.27783e-09  1.57265e-12
      1.00000      833.929  2.87103e-09  1.37733e-12
      1.00000      838.157  2.56219e-09  1.31650e-12
      1.00000      842.427  2.29849e-09  1.25008e-12
      1.00000      846.742  1.98796e-09  1.17393e-12
      1.00000      851.101  1.64898e-09  1.06866e-12
      1.00000      855.504  1.31462e-09  9.53662e-13
      1.00000      859.955  9.88245e-10  8.22939e-13
      1.00000      864.451  7.17633e-10  7.04299e-13
      1.00000      868.994  4.94462e-10  5.83721e-13
      1.00000      873.586  3.22083e-10  4.77080e-13
      1.00000      878.226  2.03670e-10  3.88283e-13
      1.00000      882.916  1.28968e-10  3.23506e-13
      1.00000      887.656  8.56209e-11  2.82867e-13
      1.00000      892.448  6.05723e-11  2.58982e-13
      1.00000      897.292  4.51666e-11  2.31739e-13
      1.00000      902.188  3.77684e-11  2.21007e-13
      1.00000      907.137  3.61166e-11  2.14975e-13
      1.00000      912.142  3.34283e-11  2.05424e-13
      1.00000      917.202  3.13654e-11  1.96789e-13
      1.00000      922.319  3.09442e-11  1.91565e-13
      1.00000      927.493  2.86845e-11  1.82550e-13
      1.00000      932.725  2.61912e-11  1.72831e-13
      1.00000      938.017  2.68975e-11  1.70429e-13
      1.00000      943.370  3.61415e-11  1.80635e-13
      1.00000      948.783  4.90082e-11  1.93566e-13
      1.00000      954.259  3.88185e-11  1.76623e-13
      1.00000      959.799  2.52575e-11  1.55762e-13
      1.00000      965.403  2.04094e-11  1.48306e-13
      1.00000      971.074  1.70965e-11  1.40025e-13
      1.00000      976.810  1.89878e-11  1.45468e-13
      1.00000      982.616  1.80801e-11  1.42868e-13
      1.00000      988.491  1.86188e-11  1.43679e-13
      1.00000      994.436  1.55922e-11  1.42785e-13
      1.00000      1000.45  1.45798e-11  1.42608e-13
      1.00000      1006.54  1.27735e-11  1.41635e-13
      1.00000      1012.71  1.15812e-11  1.42406e-13
      1.00000      1018.95  1.02775e-11          NaN
      1.00000      1025.27  1.02503e-11          NaN
      1.00000      1031.67  9.69336e-12  1.44373e-13
      1.00000      1038.15  9.95606e-12  1.48693e-13
      1.00000      1044.71  9.49461e-12  1.53187e-13
      1.00000      1051.35  1.03832e-11  1.58248e-13
      1.00000      1058.08  1.16639e-11  1.63046e-13
      1.00000      1064.89  1.36705e-11  1.66107e-13
      1.00000      1071.79  1.57391e-11  1.66836e-13
      1.00000      1078.79  1.89537e-11  1.71986e-13
      1.00000      1085.87  2.30055e-11  1.76749e-13
      1.00000      1093.05  2.98830e-11  1.88888e-13
      1.00000      1100.33  3.92681e-11  2.05402e-13
      1.00000      1107.70  5.14776e-11  2.25311e-13
      1.00000      1115.17  6.74863e-11  2.46420e-13
      1.00000      1122.74  8.36866e-11  2.71630e-13
      1.00000      1130.42  9.18801e-11  2.82257e-13
      1.00000      1138.20  1.06261e-10  2.89154e-13
      1.00000      1146.09  1.30153e-10  3.15720e-13
      1.00000      1154.09  1.87512e-10  3.75655e-13
      1.00000      1162.20  1.97448e-10  3.78764e-13
      1.00000      1170.43  1.78700e-10  3.56444e-13
      1.00000      1178.78  1.73144e-10  3.43781e-13
      1.00000      1187.24  2.01641e-10  3.73436e-13
      1.00000      1195.83  2.51334e-10  4.11468e-13
      1.00000      1204.54  3.22337e-10  4.70631e-13
      1.00000      1213.38  4.47553e-10  5.51590e-13
      1.00000      1222.35  6.06254e-10  6.35279e-13
      1.00000      1231.46  7.89146e-10  7.19401e-13
      1.00000      1240.70  1.01344e-09  8.24004e-13
      1.00000      1250.08  1.18484e-09  9.10458e-13
      1.00000      1259.60  1.33263e-09  9.94834e-13
      1.00000      1269.27  1.36695e-09  1.02302e-12
      1.00000      1279.09  1.34847e-09  1.01460e-12
      1.00000      1289.06  1.85625e-09  1.20284e-12
      1.00000      1299.19  2.80451e-09  1.62671e-12
      1.00000      1309.48  2.15222e-09  1.52577e-12
      1.00000      1319.94  9.95281e-10  1.03034e-12
