      2.00000      1330.56  1.41035e-09  1.30688e-12
      2.00000      1335.93  1.53865e-09  1.31125e-12
      2.00000      1341.35  1.57777e-09  1.29994e-12
      2.00000      1346.82  1.44829e-09  1.22148e-12
      2.00000      1352.33  1.26237e-09  1.13321e-12
      2.00000      1357.88  1.08703e-09  1.07037e-12
      2.00000      1363.48  9.17290e-10  9.77187e-13
      2.00000      1369.12  7.69078e-10  8.99136e-13
      2.00000      1374.82  6.15977e-10  8.12868e-13
      2.00000      1380.56  4.75575e-10  7.17937e-13
      2.00000      1386.34  3.72988e-10  6.28142e-13
      2.00000      1392.18  3.32644e-10  5.81567e-13
      2.00000      1398.07  3.01289e-10  5.67883e-13
      2.00000      1404.00  2.21418e-10  5.23080e-13
      2.00000      1409.99  1.72696e-10  4.92998e-13
      2.00000      1416.03  1.49617e-10  4.88895e-13
      2.00000      1422.12  1.53589e-10  5.03926e-13
      2.00000      1428.26  1.66082e-10  5.10305e-13
      2.00000      1434.46  1.76276e-10  5.09293e-13
      2.00000      1440.71  1.94627e-10  5.15016e-13
      2.00000      1447.01  2.08485e-10  5.07033e-13
      2.00000      1453.37  2.10290e-10  5.09937e-13
      2.00000      1459.79  2.03186e-10  4.90635e-13
      2.00000      1466.26  2.01352e-10  4.84844e-13
      2.00000      1472.79  1.96787e-10  4.66638e-13
      2.00000      1479.38  1.65214e-10  4.18729e-13
      2.00000      1486.03  1.37729e-10  3.79342e-13
      2.00000      1492.74  1.18461e-10  3.62785e-13
      2.00000      1499.51  1.00744e-10  3.47752e-13
      2.00000      1506.34  8.19969e-11  3.51798e-13
      2.00000      1513.23  6.30286e-11  3.30272e-13
      2.00000      1520.19  5.08724e-11  3.03695e-13
      2.00000      1527.21  7.33103e-11  3.15897e-13
      2.00000      1534.30  2.03806e-10  4.41226e-13
      2.00000      1541.45  2.03148e-10  4.33642e-13
      2.00000      1548.67  9.86001e-11  3.16978e-13
      2.00000      1555.95  4.32517e-11  2.52090e-13
      2.00000      1563.31  2.66250e-11  2.41040e-13
      2.00000      1570.74  2.65282e-11  2.39262e-13
      2.00000      1578.23  2.94592e-11  2.35771e-13
      2.00000      1585.80  3.39545e-11  2.31046e-13
      2.00000      1593.44  3.56132e-11  2.25820e-13
      2.00000      1601.16  3.75219e-11  2.20401e-13
      2.00000      1608.95  4.14547e-11  2.30020e-13
      2.00000      1616.82  4.17143e-11  2.28431e-13
      2.00000      1624.76  4.03195e-11  2.25860e-13
      2.00000      1632.78  3.99730e-11  2.21968e-13
      2.00000      1640.89  3.97252e-11  2.25668e-13
      2.00000      1649.07  3.94225e-11  2.18634e-13
      2.00000      1657.34  3.77093e-11  2.19439e-13
      2.00000      1665.68  3.65368e-11  2.17071e-13
      2.00000      1674.12  3.65236e-11  2.15769e-13
      2.00000      1682.64  3.70069e-11  2.14400e-13
      2.00000      1691.24  3.34400e-11  2.06247e-13
      2.00000      1699.94  2.68115e-11  1.98304e-13
      2.00000      1708.72  2.12788e-11  1.89141e-13
      2.00000      1717.60  1.97939e-11  1.86080e-13
      2.00000      1726.57  2.38566e-11  1.91613e-13
      2.00000      1735.63  3.00288e-11  2.14096e-13
      2.00000      1744.79  2.33007e-11  1.88561e-13
      2.00000      1754.04  1.00512e-11  1.64293e-13
      2.00000      1763.39  1.07369e-11  1.73038e-13
      2.00000      1772.85  1.31934e-11  1.77122e-13
      2.00000      1782.41  1.52997e-11  1.83623e-13
      2.00000      1792.07  1.59814e-11  1.82285e-13
      2.00000      1801.83  1.36556e-11  1.74939e-13
      2.00000      1811.70  1.03261e-11  1.66697e-13
      2.00000      1821.69  7.59986e-12  1.65802e-13
      2.00000      1831.78  7.21632e-12  1.72452e-13
      2.00000      1841.98  6.00913e-12  1.84898e-13
      2.00000      1852.30  5.05278e-12  1.86645e-13
      2.00000      1862.73  5.47353e-12  1.84651e-13
      2.00000      1873.29  4.84940e-12  1.82744e-13
      2.00000      1883.96  4.77212e-12  1.96172e-13
      2.00000      1894.75  5.73285e-12  2.12375e-13
      2.00000      1905.67  4.40537e-12  2.10337e-13
      2.00000      1916.72  4.60766e-12  2.11161e-13
      2.00000      1927.90  5.30645e-12  3.41010e-13
