      2.00000      1330.56  1.39296e-09  1.29885e-12
      2.00000      1335.93  1.51372e-09  1.29943e-12
      2.00000      1341.35  1.54231e-09  1.27838e-12
      2.00000      1346.82  1.39915e-09  1.19401e-12
      2.00000      1352.33  1.21749e-09  1.10665e-12
      2.00000      1357.88  1.04895e-09  1.03415e-12
      2.00000      1363.48  8.95835e-10  9.62579e-13
      2.00000      1369.12  7.53226e-10  8.98986e-13
      2.00000      1374.82  6.04940e-10  8.02826e-13
      2.00000      1380.56  4.64003e-10  7.00271e-13
      2.00000      1386.34  3.67331e-10  6.20620e-13
      2.00000      1392.18  3.30570e-10  5.84485e-13
      2.00000      1398.07  2.98615e-10  5.65203e-13
      2.00000      1404.00  2.19727e-10  5.18748e-13
      2.00000      1409.99  1.71077e-10  4.97205e-13
      2.00000      1416.03  1.45541e-10  4.86003e-13
      2.00000      1422.12  1.51988e-10  4.95091e-13
      2.00000      1428.26  1.61487e-10  5.08394e-13
      2.00000      1434.46  1.72516e-10  5.10769e-13
      2.00000      1440.71  1.92343e-10  5.28347e-13
      2.00000      1447.01  2.06219e-10  5.11445e-13
      2.00000      1453.37  2.06104e-10  5.01431e-13
      2.00000      1459.79  1.98711e-10  4.87654e-13
      2.00000      1466.26  1.97599e-10  4.76614e-13
      2.00000      1472.79  1.91861e-10  4.67932e-13
      2.00000      1479.38  1.61440e-10  4.17702e-13
      2.00000      1486.03  1.33702e-10  3.77000e-13
      2.00000      1492.74  1.14678e-10  3.59577e-13
      2.00000      1499.51  9.82037e-11  3.43775e-13
      2.00000      1506.34  7.94833e-11  3.39224e-13
      2.00000      1513.23  6.13301e-11  3.25326e-13
      2.00000      1520.19  4.97462e-11  3.04741e-13
      2.00000      1527.21  7.68405e-11  3.19814e-13
      2.00000      1534.30  2.05020e-10  4.41036e-13
      2.00000      1541.45  1.95215e-10  4.24385e-13
      2.00000      1548.67  9.07770e-11  3.19727e-13
      2.00000      1555.95  4.03564e-11  2.73372e-13
      2.00000      1563.31  2.64063e-11  2.52850e-13
      2.00000      1570.74  2.66443e-11  2.38673e-13
      2.00000      1578.23  2.96327e-11  2.36034e-13
      2.00000      1585.80  3.34296e-11  2.31397e-13
      2.00000      1593.44  3.57882e-11  2.25145e-13
      2.00000      1601.16  3.78033e-11  2.20803e-13
      2.00000      1608.95  4.14360e-11  2.31714e-13
      2.00000      1616.82  4.21452e-11  2.26197e-13
      2.00000      1624.76  4.08305e-11  2.24435e-13
      2.00000      1632.78  3.97078e-11  2.20689e-13
      2.00000      1640.89  4.04905e-11  2.22066e-13
      2.00000      1649.07  3.98079e-11  2.20247e-13
      2.00000      1657.34  3.83190e-11  2.20958e-13
      2.00000      1665.68  3.66746e-11  2.18183e-13
      2.00000      1674.12  3.72741e-11  2.15250e-13
      2.00000      1682.64  3.74358e-11  2.16859e-13
      2.00000      1691.24  3.49545e-11  2.10041e-13
      2.00000      1699.94  2.73866e-11  2.05191e-13
      2.00000      1708.72  2.12813e-11  1.99987e-13
      2.00000      1717.60  2.06525e-11  1.89571e-13
      2.00000      1726.57  2.48490e-11  1.95406e-13
      2.00000      1735.63  3.09660e-11  2.07664e-13
      2.00000      1744.79  2.24425e-11  1.84103e-13
      2.00000      1754.04  1.08892e-11  1.63407e-13
      2.00000      1763.39  1.17897e-11  1.75373e-13
      2.00000      1772.85  1.40559e-11  1.79026e-13
      2.00000      1782.41  1.64700e-11  1.85442e-13
      2.00000      1792.07  1.66235e-11  1.83853e-13
      2.00000      1801.83  1.40544e-11  1.79056e-13
      2.00000      1811.70  1.14521e-11  1.71982e-13
      2.00000      1821.69  8.90060e-12  1.66676e-13
      2.00000      1831.78  8.51640e-12  1.74202e-13
      2.00000      1841.98  7.74824e-12  1.84655e-13
      2.00000      1852.30  6.56376e-12  1.89050e-13
      2.00000      1862.73  6.23802e-12  1.85471e-13
      2.00000      1873.29  5.34207e-12  1.83339e-13
      2.00000      1883.96  5.58425e-12  1.96537e-13
      2.00000      1894.75  6.26907e-12  2.12983e-13
      2.00000      1905.67  5.55459e-12  2.13544e-13
      2.00000      1916.72  5.98042e-12  2.20482e-13
      2.00000      1927.90  6.61740e-12  3.36806e-13
