      2.00000      1330.56  1.40502e-09  1.29836e-12
      2.00000      1335.93  1.52558e-09  1.30771e-12
      2.00000      1341.35  1.55301e-09  1.28367e-12
      2.00000      1346.82  1.40545e-09  1.19664e-12
      2.00000      1352.33  1.21541e-09  1.10839e-12
      2.00000      1357.88  1.03045e-09  1.03068e-12
      2.00000      1363.48  8.66671e-10  9.60403e-13
      2.00000      1369.12  7.29712e-10  8.87251e-13
      2.00000      1374.82  5.89355e-10  8.08345e-13
      2.00000      1380.56  4.56838e-10  6.98628e-13
      2.00000      1386.34  3.63433e-10  6.27293e-13
      2.00000      1392.18  3.27471e-10  5.80155e-13
      2.00000      1398.07  2.96547e-10  5.66729e-13
      2.00000      1404.00  2.18584e-10  5.17813e-13
      2.00000      1409.99  1.70683e-10  4.95328e-13
      2.00000      1416.03  1.46545e-10  4.84155e-13
      2.00000      1422.12  1.53369e-10  4.98774e-13
      2.00000      1428.26  1.63592e-10  5.05651e-13
      2.00000      1434.46  1.74524e-10  5.05694e-13
      2.00000      1440.71  1.93353e-10  5.15247e-13
      2.00000      1447.01  2.04535e-10  5.09248e-13
      2.00000      1453.37  2.04463e-10  5.01667e-13
      2.00000      1459.79  1.98160e-10  4.90122e-13
      2.00000      1466.26  1.96840e-10  4.77224e-13
      2.00000      1472.79  1.92048e-10  4.61578e-13
      2.00000      1479.38  1.61458e-10  4.15128e-13
      2.00000      1486.03  1.34701e-10  3.79446e-13
      2.00000      1492.74  1.16165e-10  3.59917e-13
      2.00000      1499.51  9.89224e-11  3.45504e-13
      2.00000      1506.34  8.01167e-11  3.38162e-13
      2.00000      1513.23  6.26006e-11  3.21987e-13
      2.00000      1520.19  5.06407e-11  3.07333e-13
      2.00000      1527.21  7.75398e-11  3.23191e-13
      2.00000      1534.30  2.02980e-10  4.39478e-13
      2.00000      1541.45  1.88985e-10  4.16068e-13
      2.00000      1548.67  8.89773e-11  3.11835e-13
      2.00000      1555.95  4.04290e-11  2.53207e-13
      2.00000      1563.31  2.61716e-11  2.44433e-13
      2.00000      1570.74  2.67049e-11  2.41900e-13
      2.00000      1578.23  2.92815e-11  2.37877e-13
      2.00000      1585.80  3.33368e-11  2.33258e-13
      2.00000      1593.44  3.53329e-11  2.28629e-13
      2.00000      1601.16  3.71171e-11  2.23482e-13
      2.00000      1608.95  4.05554e-11  2.29767e-13
      2.00000      1616.82  4.10205e-11  2.23848e-13
      2.00000      1624.76  4.01022e-11  2.24393e-13
      2.00000      1632.78  3.95430e-11  2.21154e-13
      2.00000      1640.89  4.00773e-11  2.21703e-13
      2.00000      1649.07  3.92293e-11  2.21149e-13
      2.00000      1657.34  3.76378e-11  2.24846e-13
      2.00000      1665.68  3.67670e-11  2.20593e-13
      2.00000      1674.12  3.68440e-11  2.17810e-13
      2.00000      1682.64  3.73414e-11  2.16637e-13
      2.00000      1691.24  3.41118e-11  2.07303e-13
      2.00000      1699.94  2.72526e-11  1.99688e-13
      2.00000      1708.72  2.16739e-11  1.91547e-13
      2.00000      1717.60  2.04905e-11  1.89744e-13
      2.00000      1726.57  2.45762e-11  1.94686e-13
      2.00000      1735.63  3.06893e-11  2.04675e-13
      2.00000      1744.79  2.18761e-11  1.85793e-13
      2.00000      1754.04  1.06181e-11  1.64068e-13
      2.00000      1763.39  1.12341e-11  1.70385e-13
      2.00000      1772.85  1.40800e-11  1.84766e-13
      2.00000      1782.41  1.64836e-11  2.01277e-13
      2.00000      1792.07  1.63343e-11  1.84016e-13
      2.00000      1801.83  1.38417e-11  1.74877e-13
      2.00000      1811.70  1.10626e-11  1.67320e-13
      2.00000      1821.69  8.63846e-12  1.67871e-13
      2.00000      1831.78  7.80396e-12  1.74656e-13
      2.00000      1841.98  7.36782e-12  1.85237e-13
      2.00000      1852.30  6.17930e-12  1.91569e-13
      2.00000      1862.73  6.20945e-12  1.87014e-13
      2.00000      1873.29  6.13511e-12  1.84549e-13
      2.00000      1883.96  5.53958e-12  1.99388e-13
      2.00000      1894.75  7.15803e-12  2.12273e-13
      2.00000      1905.67  6.06918e-12  2.13326e-13
      2.00000      1916.72  6.23028e-12  2.14983e-13
      2.00000      1927.90  7.05765e-12  3.35581e-13
