      3.00000      1178.78  1.97052e-10  3.51715e-13
      3.00000      1187.24  2.21838e-10  3.36909e-13
      3.00000      1195.83  2.63570e-10  3.61625e-13
      3.00000      1204.54  3.39070e-10  4.11632e-13
      3.00000      1213.38  4.87670e-10  4.95374e-13
      3.00000      1222.35  6.82396e-10  5.84631e-13
      3.00000      1231.46  8.82120e-10  6.69350e-13
      3.00000      1240.70  1.12870e-09  7.74024e-13
      3.00000      1250.08  1.29677e-09  8.62948e-13
      3.00000      1259.60  1.46193e-09  9.40378e-13
      3.00000      1269.27  1.54919e-09  9.82263e-13
      3.00000      1279.09  1.49862e-09  9.53576e-13
      3.00000      1289.06  1.97820e-09  1.11008e-12
      3.00000      1299.19  3.21175e-09  1.63592e-12
      3.00000      1309.48  2.43622e-09  1.27514e-12
      3.00000      1319.94  1.19704e-09  8.35376e-13
      3.00000      1330.56  1.29655e-09  9.05424e-13
      3.00000      1341.35  1.43086e-09  9.52513e-13
