      3.00000      1178.78  1.76989e-10  3.36828e-13
      3.00000      1187.24  1.95208e-10  3.11070e-13
      3.00000      1195.83  2.28113e-10  3.33934e-13
      3.00000      1204.54  2.86895e-10  3.82250e-13
      3.00000      1213.38  3.94807e-10  4.45406e-13
      3.00000      1222.35  5.58853e-10  5.30932e-13
      3.00000      1231.46  7.24162e-10  6.03101e-13
      3.00000      1240.70  9.41677e-10  7.02862e-13
      3.00000      1250.08  1.11706e-09  8.00662e-13
      3.00000      1259.60  1.27886e-09  8.84748e-13
      3.00000      1269.27  1.37431e-09  9.28634e-13
      3.00000      1279.09  1.34431e-09  9.05409e-13
      3.00000      1289.06  1.67234e-09  1.00455e-12
      3.00000      1299.19  2.72796e-09  1.39268e-12
      3.00000      1309.48  2.29196e-09  1.24359e-12
      3.00000      1319.94  1.08805e-09  7.97321e-13
      3.00000      1330.56  1.14041e-09  8.50895e-13
      3.00000      1341.35  1.29644e-09  9.13468e-13
