      1.00000      705.774  1.32365e-09  1.21915e-12
      1.00000      708.800  1.39279e-09  1.22360e-12
      1.00000      711.852  1.58220e-09  1.28171e-12
      1.00000      714.930  1.56188e-09  1.25080e-12
      1.00000      718.035  1.40593e-09  1.17433e-12
      1.00000      721.167  1.26905e-09  1.09213e-12
      1.00000      724.326  2.23226e-09  1.38549e-12
      1.00000      727.513  7.33220e-09  3.62603e-12
      1.00000      730.729  7.82016e-09  4.33152e-12
      1.00000      733.973  3.24115e-09  1.71750e-12
      1.00000      737.246  1.79397e-09  1.26118e-12
      1.00000      740.548  1.61895e-09  1.20793e-12
      1.00000      743.880  1.56081e-09  1.17358e-12
      1.00000      747.242  1.52728e-09  1.13793e-12
      1.00000      750.635  1.36489e-09  1.04881e-12
      1.00000      754.058  1.20695e-09  9.64597e-13
      1.00000      757.513  1.15706e-09  9.26638e-13
      1.00000      761.000  1.00025e-09  8.36964e-13
      1.00000      764.518  8.65641e-10  7.66024e-13
      1.00000      768.070  8.31663e-10  7.36949e-13
      1.00000      771.655  7.99476e-10  7.07075e-13
      1.00000      775.273  8.06586e-10  6.97618e-13
      1.00000      778.925  8.98074e-10  7.20547e-13
      1.00000      782.613  1.05440e-09  7.69151e-13
      1.00000      786.335  1.25347e-09  8.29892e-13
      1.00000      790.092  1.50053e-09  9.04294e-13
      1.00000      793.886  1.78505e-09  9.86287e-13
      1.00000      797.717  2.11592e-09  1.08034e-12
      1.00000      801.585  2.48294e-09  1.17818e-12
      1.00000      805.490  2.83296e-09  1.27503e-12
      1.00000      809.433  3.16227e-09  1.36926e-12
      1.00000      813.415  3.55394e-09  1.57543e-12
      1.00000      817.437  3.82479e-09  1.65442e-12
      1.00000      821.498  3.95345e-09  1.70563e-12
      1.00000      825.601  3.80510e-09  1.69653e-12
      1.00000      829.744  3.38862e-09  1.60015e-12
      1.00000      833.929  3.00849e-09  1.41567e-12
      1.00000      838.157  2.66642e-09  1.34942e-12
      1.00000      842.427  2.33714e-09  1.26192e-12
      1.00000      846.742  2.02398e-09  1.18542e-12
      1.00000      851.101  1.65861e-09  1.07028e-12
      1.00000      855.504  1.32583e-09  9.56636e-13
      1.00000      859.955  1.01277e-09  8.30101e-13
      1.00000      864.451  7.39865e-10  7.08585e-13
      1.00000      868.994  5.13058e-10  5.90632e-13
      1.00000      873.586  3.33164e-10  4.78609e-13
      1.00000      878.226  2.11507e-10  3.92687e-13
      1.00000      882.916  1.35433e-10  3.30427e-13
      1.00000      887.656  9.11144e-11  2.90177e-13
      1.00000      892.448  6.50700e-11  2.64206e-13
      1.00000      897.292  4.94173e-11  2.38098e-13
      1.00000      902.188  4.13760e-11  2.25986e-13
      1.00000      907.137  3.93801e-11  2.19503e-13
      1.00000      912.142  3.70428e-11  2.09239e-13
      1.00000      917.202  3.41800e-11  1.99827e-13
      1.00000      922.319  3.34218e-11  1.93397e-13
      1.00000      927.493  3.09744e-11  1.85363e-13
      1.00000      932.725  2.85800e-11  1.77572e-13
      1.00000      938.017  2.93297e-11  1.76338e-13
      1.00000      943.370  4.17306e-11  1.88285e-13
      1.00000      948.783  5.48925e-11  2.00216e-13
      1.00000      954.259  4.02750e-11  1.79531e-13
      1.00000      959.799  2.40994e-11  1.58210e-13
      1.00000      965.403  2.18918e-11  1.55184e-13
      1.00000      971.074  2.20887e-11  1.51581e-13
      1.00000      976.810  2.10338e-11  1.47197e-13
      1.00000      982.616  2.02406e-11  1.46674e-13
      1.00000      988.491  1.99288e-11  1.47196e-13
      1.00000      994.436  1.73425e-11  1.47291e-13
      1.00000      1000.45  1.56372e-11  1.45831e-13
      1.00000      1006.54  1.39639e-11  1.45021e-13
      1.00000      1012.71  1.24413e-11  1.44748e-13
      1.00000      1018.95  1.16958e-11          NaN
      1.00000      1025.27  1.09976e-11          NaN
      1.00000      1031.67  1.05840e-11  1.46999e-13
      1.00000      1038.15  1.02941e-11  1.50063e-13
      1.00000      1044.71  9.95773e-12  1.54287e-13
      1.00000      1051.35  1.12377e-11  1.60974e-13
      1.00000      1058.08  1.29456e-11  1.66096e-13
      1.00000      1064.89  1.49544e-11  1.69485e-13
      1.00000      1071.79  1.68908e-11  1.68326e-13
      1.00000      1078.79  1.99958e-11  1.73564e-13
      1.00000      1085.87  2.57200e-11  1.82325e-13
      1.00000      1093.05  3.23875e-11  1.92409e-13
      1.00000      1100.33  4.27426e-11  2.14585e-13
      1.00000      1107.70  5.70761e-11  2.36695e-13
      1.00000      1115.17  7.51157e-11  2.56733e-13
      1.00000      1122.74  9.09839e-11  2.74467e-13
      1.00000      1130.42  1.00393e-10  2.82578e-13
      1.00000      1138.20  1.14647e-10  2.98379e-13
      1.00000      1146.09  1.43713e-10  3.30571e-13
      1.00000      1154.09  2.04687e-10  3.92860e-13
      1.00000      1162.20  2.10756e-10  3.91342e-13
      1.00000      1170.43  1.91770e-10  3.68020e-13
      4.00000      1178.78  1.94740e-10  3.61227e-13
      4.00000      1187.24  2.24873e-10  4.40296e-13
      4.00000      1195.83  2.77770e-10  6.08028e-13
      4.00000      1204.54  3.59630e-10  7.88269e-13
      4.00000      1213.38  5.15818e-10  9.73257e-13
      4.00000      1222.35  7.09922e-10  1.07525e-12
      4.00000      1231.46  9.14379e-10  1.31715e-12
      4.00000      1240.70  1.15593e-09  1.56071e-12
      4.00000      1250.08  1.32427e-09  3.51715e-13
      4.00000      1259.60  1.47856e-09  3.61625e-13
      4.00000      1269.27  1.52811e-09  4.95374e-13
      4.00000      1279.09  1.50794e-09  6.69350e-13
      4.00000      1289.06  2.09594e-09  8.62948e-13
      4.00000      1299.19  3.21948e-09  9.82263e-13
      4.00000      1309.48  2.35048e-09  1.11008e-12
      4.00000      1319.94  1.13894e-09  1.27514e-12
      4.00000      1330.56  1.34475e-09  9.05424e-13
      2.00000      1335.93  1.51372e-09  1.29885e-12
      4.00000      1341.35  1.48658e-09  1.29943e-12
      2.00000      1346.82  1.39915e-09  1.19401e-12
      2.00000      1352.33  1.21749e-09  1.10665e-12
      2.00000      1357.88  1.04895e-09  1.03415e-12
      2.00000      1363.48  8.95835e-10  9.62579e-13
      2.00000      1369.12  7.53226e-10  8.98986e-13
      2.00000      1374.82  6.04940e-10  8.02826e-13
      2.00000      1380.56  4.64003e-10  7.00271e-13
      2.00000      1386.34  3.67331e-10  6.20620e-13
      2.00000      1392.18  3.30570e-10  5.84485e-13
      2.00000      1398.07  2.98615e-10  5.65203e-13
      2.00000      1404.00  2.19727e-10  5.18748e-13
      2.00000      1409.99  1.71077e-10  4.97205e-13
      2.00000      1416.03  1.45541e-10  4.86003e-13
      2.00000      1422.12  1.51988e-10  4.95091e-13
      2.00000      1428.26  1.61487e-10  5.08394e-13
      2.00000      1434.46  1.72516e-10  5.10769e-13
      2.00000      1440.71  1.92343e-10  5.28347e-13
      2.00000      1447.01  2.06219e-10  5.11445e-13
      2.00000      1453.37  2.06104e-10  5.01431e-13
      2.00000      1459.79  1.98711e-10  4.87654e-13
      2.00000      1466.26  1.97599e-10  4.76614e-13
      2.00000      1472.79  1.91861e-10  4.67932e-13
      2.00000      1479.38  1.61440e-10  4.17702e-13
      2.00000      1486.03  1.33702e-10  3.77000e-13
      2.00000      1492.74  1.14678e-10  3.59577e-13
      2.00000      1499.51  9.82037e-11  3.43775e-13
      2.00000      1506.34  7.94833e-11  3.39224e-13
      2.00000      1513.23  6.13301e-11  3.25326e-13
      2.00000      1520.19  4.97462e-11  3.04741e-13
      2.00000      1527.21  7.68405e-11  3.19814e-13
      2.00000      1534.30  2.05020e-10  4.41036e-13
      2.00000      1541.45  1.95215e-10  4.24385e-13
      2.00000      1548.67  9.07770e-11  3.19727e-13
      2.00000      1555.95  4.03564e-11  2.73372e-13
      2.00000      1563.31  2.64063e-11  2.52850e-13
      2.00000      1570.74  2.66443e-11  2.38673e-13
      2.00000      1578.23  2.96327e-11  2.36034e-13
      2.00000      1585.80  3.34296e-11  2.31397e-13
      2.00000      1593.44  3.57882e-11  2.25145e-13
      2.00000      1601.16  3.78033e-11  2.20803e-13
      2.00000      1608.95  4.14360e-11  2.31714e-13
      2.00000      1616.82  4.21452e-11  2.26197e-13
      2.00000      1624.76  4.08305e-11  2.24435e-13
      2.00000      1632.78  3.97078e-11  2.20689e-13
      2.00000      1640.89  4.04905e-11  2.22066e-13
      2.00000      1649.07  3.98079e-11  2.20247e-13
      2.00000      1657.34  3.83190e-11  2.20958e-13
      2.00000      1665.68  3.66746e-11  2.18183e-13
      2.00000      1674.12  3.72741e-11  2.15250e-13
      2.00000      1682.64  3.74358e-11  2.16859e-13
      2.00000      1691.24  3.49545e-11  2.10041e-13
      2.00000      1699.94  2.73866e-11  2.05191e-13
      2.00000      1708.72  2.12813e-11  1.99987e-13
      2.00000      1717.60  2.06525e-11  1.89571e-13
      2.00000      1726.57  2.48490e-11  1.95406e-13
      2.00000      1735.63  3.09660e-11  2.07664e-13
      2.00000      1744.79  2.24425e-11  1.84103e-13
      2.00000      1754.04  1.08892e-11  1.63407e-13
      2.00000      1763.39  1.17897e-11  1.75373e-13
      2.00000      1772.85  1.40559e-11  1.79026e-13
      2.00000      1782.41  1.64700e-11  1.85442e-13
      2.00000      1792.07  1.66235e-11  1.83853e-13
      2.00000      1801.83  1.40544e-11  1.79056e-13
      2.00000      1811.70  1.14521e-11  1.71982e-13
      2.00000      1821.69  8.90060e-12  1.66676e-13
      2.00000      1831.78  8.51640e-12  1.74202e-13
      2.00000      1841.98  7.74824e-12  1.84655e-13
      2.00000      1852.30  6.56376e-12  1.89050e-13
      2.00000      1862.73  6.23802e-12  1.85471e-13
      2.00000      1873.29  5.34207e-12  1.83339e-13
      2.00000      1883.96  5.58425e-12  1.96537e-13
      2.00000      1894.75  6.26907e-12  2.12983e-13
      2.00000      1905.67  5.55459e-12  2.13544e-13
      2.00000      1916.72  5.98042e-12  2.20482e-13
      2.00000      1927.90  6.61740e-12  3.36806e-13
