      1.00000      705.774  1.31162e-09  6.99316e-13
      1.00000      708.800  1.38266e-09  7.03933e-13
      1.00000      711.852  1.56948e-09  7.36790e-13
      1.00000      714.930  1.54707e-09  7.20284e-13
      1.00000      718.035  1.38990e-09  6.73877e-13
      1.00000      721.167  1.26066e-09  6.28515e-13
      1.00000      724.326  2.26661e-09  8.10687e-13
      1.00000      727.513  7.36289e-09  2.20498e-12
      1.00000      730.729  7.69545e-09  2.47844e-12
      1.00000      733.973  3.16008e-09  9.80182e-13
      1.00000      737.246  1.76513e-09  7.23498e-13
      1.00000      740.548  1.59923e-09  6.94864e-13
      1.00000      743.880  1.54254e-09  6.75136e-13
      1.00000      747.242  1.50762e-09  6.54244e-13
      1.00000      750.635  1.34570e-09  6.02775e-13
      1.00000      754.058  1.19158e-09  5.54782e-13
      1.00000      757.513  1.14251e-09  5.33101e-13
      1.00000      761.000  9.86047e-10  4.80717e-13
      1.00000      764.518  8.56672e-10  4.40791e-13
      1.00000      768.070  8.25580e-10  4.24206e-13
      1.00000      771.655  7.94314e-10  4.07207e-13
      1.00000      775.273  8.04244e-10  4.02435e-13
      1.00000      778.925  8.97825e-10  4.16357e-13
      1.00000      782.613  1.05517e-09  4.44037e-13
      1.00000      786.335  1.25424e-09  4.78894e-13
      1.00000      790.092  1.50108e-09  5.21463e-13
      1.00000      793.886  1.78574e-09  5.69315e-13
      1.00000      797.717  2.11615e-09  6.23763e-13
      1.00000      801.585  2.48281e-09  6.79736e-13
      1.00000      805.490  2.83220e-09  7.35372e-13
      1.00000      809.433  3.16187e-09  7.88042e-13
      1.00000      813.415  3.55614e-09  8.89575e-13
      1.00000      817.437  3.82066e-09  9.52502e-13
      1.00000      821.498  3.94621e-09  9.81908e-13
      1.00000      825.601  3.78828e-09  9.74513e-13
      1.00000      829.744  3.37451e-09  9.18616e-13
      1.00000      833.929  2.99394e-09  8.13889e-13
      1.00000      838.157  2.65219e-09  7.76580e-13
      1.00000      842.427  2.32327e-09  7.25477e-13
      1.00000      846.742  2.00753e-09  6.81238e-13
      1.00000      851.101  1.64313e-09  6.15112e-13
      1.00000      855.504  1.31321e-09  5.49933e-13
      1.00000      859.955  1.00169e-09  4.77205e-13
      1.00000      864.451  7.30922e-10  4.07453e-13
      1.00000      868.994  5.05664e-10  3.39189e-13
      1.00000      873.586  3.28223e-10  2.74913e-13
      1.00000      878.226  2.08642e-10  2.25493e-13
      1.00000      882.916  1.33884e-10  1.90079e-13
      1.00000      887.656  8.99850e-11  1.66063e-13
      1.00000      892.448  6.41540e-11  1.50184e-13
      1.00000      897.292  4.85788e-11  1.36601e-13
      1.00000      902.188  4.13120e-11  1.30391e-13
      1.00000      907.137  3.93896e-11  1.27131e-13
      1.00000      912.142  3.69310e-11  1.21560e-13
      1.00000      917.202  3.40901e-11  1.15792e-13
      1.00000      922.319  3.31435e-11  1.11599e-13
      1.00000      927.493  3.05063e-11  1.06276e-13
      1.00000      932.725  2.82529e-11  1.01773e-13
      1.00000      938.017  2.91503e-11  1.00953e-13
      1.00000      943.370  4.19996e-11  1.08984e-13
      1.00000      948.783  5.46450e-11  1.15819e-13
      1.00000      954.259  3.94833e-11  1.03411e-13
      1.00000      959.799  2.38781e-11  9.14584e-14
      1.00000      965.403  2.17399e-11  8.90376e-14
      1.00000      971.074  2.18414e-11  8.76342e-14
      1.00000      976.810  2.07503e-11  8.52346e-14
      1.00000      982.616  1.99152e-11  8.45002e-14
      1.00000      988.491  1.93575e-11  8.43141e-14
      1.00000      994.436  1.70785e-11  8.45265e-14
      1.00000      1000.45  1.55007e-11  8.40317e-14
      1.00000      1006.54  1.37181e-11  8.34076e-14
      1.00000      1012.71  1.21450e-11  8.32516e-14
      1.00000      1018.95  1.11362e-11          NaN
      1.00000      1025.27  1.07079e-11          NaN
      1.00000      1031.67  1.02440e-11  8.45556e-14
      1.00000      1038.15  1.00990e-11  8.69370e-14
      1.00000      1044.71  1.04576e-11  8.99409e-14
      1.00000      1051.35  1.11724e-11  9.32949e-14
      1.00000      1058.08  1.27349e-11  9.57719e-14
      1.00000      1064.89  1.45297e-11  9.85578e-14
      1.00000      1071.79  1.66918e-11  9.73727e-14
      1.00000      1078.79  2.00475e-11  1.01257e-13
      1.00000      1085.87  2.53804e-11  1.05569e-13
      1.00000      1093.05  3.24000e-11  1.11904e-13
      1.00000      1100.33  4.33576e-11  1.23704e-13
      1.00000      1107.70  5.71805e-11  1.35964e-13
      1.00000      1115.17  7.53364e-11  1.48712e-13
      1.00000      1122.74  9.07651e-11  1.58355e-13
      1.00000      1130.42  1.00408e-10  1.63271e-13
      1.00000      1138.20  1.14663e-10  1.72433e-13
      1.00000      1146.09  1.44846e-10  1.92077e-13
      1.00000      1154.09  2.05193e-10  2.27067e-13
      1.00000      1162.20  2.10071e-10  2.25689e-13
      1.00000      1170.43  1.90840e-10  2.12484e-13
      4.00000      1178.78  1.96423e-10  2.09144e-13
      4.00000      1187.24  2.26966e-10  2.54799e-13
      4.00000      1195.83  2.78605e-10  3.49408e-13
      4.00000      1204.54  3.62178e-10  4.51040e-13
      4.00000      1213.38  5.14582e-10  5.58440e-13
      4.00000      1222.35  7.04173e-10  6.18098e-13
      4.00000      1231.46  9.02110e-10  7.60892e-13
      4.00000      1240.70  1.14360e-09  8.80273e-13
      4.00000      1250.08  1.31918e-09  2.04699e-13
      4.00000      1259.60  1.48201e-09  2.07231e-13
      4.00000      1269.27  1.53434e-09  2.85668e-13
      4.00000      1279.09  1.51681e-09  3.84099e-13
      4.00000      1289.06  2.09959e-09  4.97878e-13
      4.00000      1299.19  3.21437e-09  5.70040e-13
      4.00000      1309.48  2.33177e-09  6.36183e-13
      4.00000      1319.94  1.15336e-09  7.49110e-13
      4.00000      1330.56  1.35446e-09  5.24434e-13
      2.00000      1335.93  1.52599e-09  7.51345e-13
      4.00000      1341.35  1.50332e-09  7.54099e-13
      2.00000      1346.82  1.41763e-09  6.95190e-13
      2.00000      1352.33  1.23176e-09  6.44410e-13
      2.00000      1357.88  1.05548e-09  6.03460e-13
      2.00000      1363.48  8.93265e-10  5.58154e-13
      2.00000      1369.12  7.50672e-10  5.16810e-13
      2.00000      1374.82  6.03424e-10  4.66512e-13
      2.00000      1380.56  4.65472e-10  4.07417e-13
      2.00000      1386.34  3.67917e-10  3.61052e-13
      2.00000      1392.18  3.30229e-10  3.36059e-13
      2.00000      1398.07  2.98817e-10  3.27130e-13
      2.00000      1404.00  2.19910e-10  3.00156e-13
      2.00000      1409.99  1.71485e-10  2.85892e-13
      2.00000      1416.03  1.47235e-10  2.80797e-13
      2.00000      1422.12  1.52982e-10  2.88258e-13
      2.00000      1428.26  1.63720e-10  2.93364e-13
      2.00000      1434.46  1.74439e-10  2.93634e-13
      2.00000      1440.71  1.93441e-10  2.99976e-13
      2.00000      1447.01  2.06413e-10  2.94013e-13
      2.00000      1453.37  2.06952e-10  2.91193e-13
      2.00000      1459.79  2.00019e-10  2.82597e-13
      2.00000      1466.26  1.98597e-10  2.76883e-13
      2.00000      1472.79  1.93565e-10  2.68693e-13
      2.00000      1479.38  1.62704e-10  2.40864e-13
      2.00000      1486.03  1.35378e-10  2.18583e-13
      2.00000      1492.74  1.16435e-10  2.08287e-13
      2.00000      1499.51  9.92900e-11  1.99579e-13
      2.00000      1506.34  8.05323e-11  1.98099e-13
      2.00000      1513.23  6.23198e-11  1.88146e-13
      2.00000      1520.19  5.04198e-11  1.76242e-13
      2.00000      1527.21  7.58969e-11  1.84549e-13
      2.00000      1534.30  2.03935e-10  2.54369e-13
      2.00000      1541.45  1.95783e-10  2.45235e-13
      2.00000      1548.67  9.27848e-11  1.82556e-13
      2.00000      1555.95  4.13457e-11  1.49961e-13
      2.00000      1563.31  2.64010e-11  1.42119e-13
      2.00000      1570.74  2.66258e-11  1.38535e-13
      2.00000      1578.23  2.94578e-11  1.36579e-13
      2.00000      1585.80  3.35736e-11  1.33889e-13
      2.00000      1593.44  3.55781e-11  1.30791e-13
      2.00000      1601.16  3.74808e-11  1.27921e-13
      2.00000      1608.95  4.11487e-11  1.33080e-13
      2.00000      1616.82  4.16266e-11  1.30577e-13
      2.00000      1624.76  4.04174e-11  1.29844e-13
      2.00000      1632.78  3.97413e-11  1.27751e-13
      2.00000      1640.89  4.00976e-11  1.28837e-13
      2.00000      1649.07  3.94866e-11  1.27024e-13
      2.00000      1657.34  3.78887e-11  1.28033e-13
      2.00000      1665.68  3.66595e-11  1.26221e-13
      2.00000      1674.12  3.68806e-11  1.24869e-13
      2.00000      1682.64  3.72614e-11  1.24689e-13
      2.00000      1691.24  3.41688e-11  1.20014e-13
      2.00000      1699.94  2.71502e-11  1.16095e-13
      2.00000      1708.72  2.14113e-11  1.11783e-13
      2.00000      1717.60  2.03123e-11  1.08815e-13
      2.00000      1726.57  2.44273e-11  1.11953e-13
      2.00000      1735.63  3.05614e-11  1.20579e-13
      2.00000      1744.79  2.25398e-11  1.07480e-13
      2.00000      1754.04  1.05195e-11  9.46410e-14
      2.00000      1763.39  1.12536e-11  9.98492e-14
      2.00000      1772.85  1.37764e-11  1.04116e-13
      2.00000      1782.41  1.60844e-11  1.09858e-13
      2.00000      1792.07  1.63131e-11  1.05878e-13
      2.00000      1801.83  1.38506e-11  1.01788e-13
      2.00000      1811.70  1.09469e-11  9.73893e-14
      2.00000      1821.69  8.37964e-12  9.62934e-14
      2.00000      1831.78  7.84556e-12  1.00328e-13
      2.00000      1841.98  7.04173e-12  1.06769e-13
      2.00000      1852.30  5.93195e-12  1.09176e-13
      2.00000      1862.73  5.97367e-12  1.07222e-13
      2.00000      1873.29  5.44219e-12  1.05970e-13
      2.00000      1883.96  5.29865e-12  1.13952e-13
      2.00000      1894.75  6.38665e-12  1.22712e-13
      2.00000      1905.67  5.34305e-12  1.22634e-13
      2.00000      1916.72  5.60612e-12  1.24463e-13
      2.00000      1927.90  6.32717e-12  1.95033e-13
