      1.00000      705.774  1.28689e-09  1.19863e-12
      1.00000      708.800  1.35888e-09  1.20728e-12
      1.00000      711.852  1.54450e-09  1.26629e-12
      1.00000      714.930  1.51942e-09  1.24267e-12
      1.00000      718.035  1.36266e-09  1.15549e-12
      1.00000      721.167  1.24152e-09  1.08063e-12
      1.00000      724.326  2.27171e-09  1.41317e-12
      1.00000      727.513  7.27484e-09  3.87624e-12
      1.00000      730.729  7.46241e-09  4.22494e-12
      1.00000      733.973  3.04642e-09  1.66821e-12
      1.00000      737.246  1.71957e-09  1.24000e-12
      1.00000      740.548  1.56428e-09  1.19378e-12
      1.00000      743.880  1.50932e-09  1.15846e-12
      1.00000      747.242  1.47259e-09  1.12170e-12
      1.00000      750.635  1.31322e-09  1.03306e-12
      1.00000      754.058  1.16454e-09  9.51560e-13
      1.00000      757.513  1.11668e-09  9.14468e-13
      1.00000      761.000  9.62920e-10  8.24080e-13
      1.00000      764.518  8.39830e-10  7.57300e-13
      1.00000      768.070  8.12539e-10  7.29494e-13
      1.00000      771.655  7.83745e-10  7.00947e-13
      1.00000      775.273  7.97763e-10  6.94640e-13
      1.00000      778.925  8.93771e-10  7.20026e-13
      1.00000      782.613  1.05197e-09  7.67748e-13
      1.00000      786.335  1.25069e-09  8.27990e-13
      1.00000      790.092  1.49571e-09  9.01021e-13
      1.00000      793.886  1.77885e-09  9.83858e-13
      1.00000      797.717  2.10786e-09  1.07685e-12
      1.00000      801.585  2.47105e-09  1.17299e-12
      1.00000      805.490  2.81669e-09  1.26885e-12
      1.00000      809.433  3.14533e-09  1.35636e-12
      1.00000      813.415  3.53916e-09  1.46887e-12
      1.00000      817.437  3.79127e-09  1.64051e-12
      1.00000      821.498  3.91185e-09  1.68966e-12
      1.00000      825.601  3.74633e-09  1.67316e-12
      1.00000      829.744  3.33869e-09  1.57266e-12
      1.00000      833.929  2.96227e-09  1.39952e-12
      1.00000      838.157  2.62433e-09  1.33449e-12
      1.00000      842.427  2.29757e-09  1.24831e-12
      1.00000      846.742  1.98259e-09  1.17176e-12
      1.00000      851.101  1.62180e-09  1.05820e-12
      1.00000      855.504  1.29692e-09  9.47115e-13
      1.00000      859.955  9.88859e-10  8.22215e-13
      1.00000      864.451  7.21638e-10  7.02331e-13
      1.00000      868.994  4.98802e-10  5.84323e-13
      1.00000      873.586  3.23622e-10  4.73885e-13
      1.00000      878.226  2.06409e-10  3.89066e-13
      1.00000      882.916  1.32521e-10  3.28052e-13
      1.00000      887.656  8.89406e-11  2.85663e-13
      1.00000      892.448  6.36470e-11  2.59666e-13
      1.00000      897.292  4.81402e-11  2.35908e-13
      1.00000      902.188  4.13870e-11  2.25902e-13
      1.00000      907.137  3.95492e-11  2.21191e-13
      1.00000      912.142  3.69647e-11  2.11753e-13
      1.00000      917.202  3.42587e-11  2.01113e-13
      1.00000      922.319  3.29887e-11  1.93141e-13
      1.00000      927.493  3.05050e-11  1.83891e-13
      1.00000      932.725  2.82517e-11  1.76366e-13
      1.00000      938.017  2.90644e-11  1.74164e-13
      1.00000      943.370  4.24818e-11  1.89631e-13
      1.00000      948.783  5.44935e-11  2.00817e-13
      1.00000      954.259  3.87513e-11  1.79086e-13
      1.00000      959.799  2.36032e-11  1.58459e-13
      1.00000      965.403  2.17522e-11  1.54838e-13
      1.00000      971.074  2.15699e-11  1.51343e-13
      1.00000      976.810  2.06308e-11  1.47180e-13
      1.00000      982.616  1.99626e-11  1.45622e-13
      1.00000      988.491  1.91094e-11  1.44718e-13
      1.00000      994.436  1.70729e-11  1.45698e-13
      1.00000      1000.45  1.55633e-11  1.45201e-13
      1.00000      1006.54  1.35761e-11  1.43640e-13
      1.00000      1012.71  1.22830e-11  1.44432e-13
      1.00000      1018.95  1.10955e-11          NaN
      1.00000      1025.27  1.05877e-11          NaN
      1.00000      1031.67  9.90658e-12  1.45920e-13
      1.00000      1038.15  9.99016e-12  1.51018e-13
      1.00000      1044.71  1.11064e-11  1.57884e-13
      1.00000      1051.35  1.14995e-11  1.62517e-13
      1.00000      1058.08  1.28489e-11  1.66048e-13
      1.00000      1064.89  1.44400e-11  1.68930e-13
      1.00000      1071.79  1.68660e-11  1.69478e-13
      1.00000      1078.79  2.04280e-11  1.77437e-13
      1.00000      1085.87  2.57359e-11  1.85613e-13
      1.00000      1093.05  3.29808e-11  1.94618e-13
      1.00000      1100.33  4.39177e-11  2.14276e-13
      1.00000      1107.70  5.74533e-11  2.34548e-13
      1.00000      1115.17  7.58368e-11  2.58922e-13
      1.00000      1122.74  9.08038e-11  2.74525e-13
      1.00000      1130.42  1.00508e-10  2.83325e-13
      1.00000      1138.20  1.14830e-10  2.99068e-13
      1.00000      1146.09  1.45979e-10  3.33559e-13
      1.00000      1154.09  2.04896e-10  3.93937e-13
      1.00000      1162.20  2.08640e-10  3.90607e-13
      1.00000      1170.43  1.89077e-10  3.67829e-13
      4.00000      1178.78  1.97167e-10  3.62115e-13
      4.00000      1187.24  2.27038e-10  4.38567e-13
      4.00000      1195.83  2.76650e-10  5.99038e-13
      4.00000      1204.54  3.61642e-10  7.67030e-13
      4.00000      1213.38  5.07539e-10  9.54636e-13
      4.00000      1222.35  6.83998e-10  1.06277e-12
      4.00000      1231.46  8.74307e-10  1.30965e-12
      4.00000      1240.70  1.10937e-09  1.48839e-12
      4.00000      1250.08  1.29055e-09  3.58983e-13
      4.00000      1259.60  1.46622e-09  3.57535e-13
      4.00000      1269.27  1.52227e-09  4.92572e-13
      4.00000      1279.09  1.50696e-09  6.57365e-13
      4.00000      1289.06  2.08359e-09  8.52193e-13
      4.00000      1299.19  3.17244e-09  9.82607e-13
      4.00000      1309.48  2.26063e-09  1.09552e-12
      4.00000      1319.94  1.14013e-09  1.27585e-12
      4.00000      1330.56  1.35694e-09  9.07446e-13
      2.00000      1335.93  1.52558e-09  1.29836e-12
      4.00000      1341.35  1.49584e-09  1.30771e-12
      2.00000      1346.82  1.40545e-09  1.19664e-12
      2.00000      1352.33  1.21541e-09  1.10839e-12
      2.00000      1357.88  1.03045e-09  1.03068e-12
      2.00000      1363.48  8.66671e-10  9.60403e-13
      2.00000      1369.12  7.29712e-10  8.87251e-13
      2.00000      1374.82  5.89355e-10  8.08345e-13
      2.00000      1380.56  4.56838e-10  6.98628e-13
      2.00000      1386.34  3.63433e-10  6.27293e-13
      2.00000      1392.18  3.27471e-10  5.80155e-13
      2.00000      1398.07  2.96547e-10  5.66729e-13
      2.00000      1404.00  2.18584e-10  5.17813e-13
      2.00000      1409.99  1.70683e-10  4.95328e-13
      2.00000      1416.03  1.46545e-10  4.84155e-13
      2.00000      1422.12  1.53369e-10  4.98774e-13
      2.00000      1428.26  1.63592e-10  5.05651e-13
      2.00000      1434.46  1.74524e-10  5.05694e-13
      2.00000      1440.71  1.93353e-10  5.15247e-13
      2.00000      1447.01  2.04535e-10  5.09248e-13
      2.00000      1453.37  2.04463e-10  5.01667e-13
      2.00000      1459.79  1.98160e-10  4.90122e-13
      2.00000      1466.26  1.96840e-10  4.77224e-13
      2.00000      1472.79  1.92048e-10  4.61578e-13
      2.00000      1479.38  1.61458e-10  4.15128e-13
      2.00000      1486.03  1.34701e-10  3.79446e-13
      2.00000      1492.74  1.16165e-10  3.59917e-13
      2.00000      1499.51  9.89224e-11  3.45504e-13
      2.00000      1506.34  8.01167e-11  3.38162e-13
      2.00000      1513.23  6.26006e-11  3.21987e-13
      2.00000      1520.19  5.06407e-11  3.07333e-13
      2.00000      1527.21  7.75398e-11  3.23191e-13
      2.00000      1534.30  2.02980e-10  4.39478e-13
      2.00000      1541.45  1.88985e-10  4.16068e-13
      2.00000      1548.67  8.89773e-11  3.11835e-13
      2.00000      1555.95  4.04290e-11  2.53207e-13
      2.00000      1563.31  2.61716e-11  2.44433e-13
      2.00000      1570.74  2.67049e-11  2.41900e-13
      2.00000      1578.23  2.92815e-11  2.37877e-13
      2.00000      1585.80  3.33368e-11  2.33258e-13
      2.00000      1593.44  3.53329e-11  2.28629e-13
      2.00000      1601.16  3.71171e-11  2.23482e-13
      2.00000      1608.95  4.05554e-11  2.29767e-13
      2.00000      1616.82  4.10205e-11  2.23848e-13
      2.00000      1624.76  4.01022e-11  2.24393e-13
      2.00000      1632.78  3.95430e-11  2.21154e-13
      2.00000      1640.89  4.00773e-11  2.21703e-13
      2.00000      1649.07  3.92293e-11  2.21149e-13
      2.00000      1657.34  3.76378e-11  2.24846e-13
      2.00000      1665.68  3.67670e-11  2.20593e-13
      2.00000      1674.12  3.68440e-11  2.17810e-13
      2.00000      1682.64  3.73414e-11  2.16637e-13
      2.00000      1691.24  3.41118e-11  2.07303e-13
      2.00000      1699.94  2.72526e-11  1.99688e-13
      2.00000      1708.72  2.16739e-11  1.91547e-13
      2.00000      1717.60  2.04905e-11  1.89744e-13
      2.00000      1726.57  2.45762e-11  1.94686e-13
      2.00000      1735.63  3.06893e-11  2.04675e-13
      2.00000      1744.79  2.18761e-11  1.85793e-13
      2.00000      1754.04  1.06181e-11  1.64068e-13
      2.00000      1763.39  1.12341e-11  1.70385e-13
      2.00000      1772.85  1.40800e-11  1.84766e-13
      2.00000      1782.41  1.64836e-11  2.01277e-13
      2.00000      1792.07  1.63343e-11  1.84016e-13
      2.00000      1801.83  1.38417e-11  1.74877e-13
      2.00000      1811.70  1.10626e-11  1.67320e-13
      2.00000      1821.69  8.63846e-12  1.67871e-13
      2.00000      1831.78  7.80396e-12  1.74656e-13
      2.00000      1841.98  7.36782e-12  1.85237e-13
      2.00000      1852.30  6.17930e-12  1.91569e-13
      2.00000      1862.73  6.20945e-12  1.87014e-13
      2.00000      1873.29  6.13511e-12  1.84549e-13
      2.00000      1883.96  5.53958e-12  1.99388e-13
      2.00000      1894.75  7.15803e-12  2.12273e-13
      2.00000      1905.67  6.06918e-12  2.13326e-13
      2.00000      1916.72  6.23028e-12  2.14983e-13
      2.00000      1927.90  7.05765e-12  3.35581e-13
