      11.0000      271.534  2.78700e-08  5.88801e-11
      11.0000      271.761  2.81562e-08  7.01380e-11
      11.0000      271.987  2.98801e-08  5.80307e-11
      11.0000      272.214  3.13114e-08  5.80872e-11
      11.0000      272.441  3.09534e-08  6.03307e-11
      11.0000      272.668  3.31092e-08          NaN
      11.0000      272.895  3.21252e-08          NaN
      11.0000      273.123  3.32499e-08  1.29496e-10
      11.0000      273.350  3.07362e-08  1.11735e-10
      11.0000      273.578  2.97116e-08  5.66212e-11
      11.0000      273.806  2.77754e-08  8.25713e-11
      11.0000      274.035  2.46474e-08  4.89836e-11
      11.0000      274.263  2.41749e-08  4.43072e-11
      11.0000      274.492  2.51047e-08  4.13753e-11
      11.0000      274.721  2.73217e-08  4.15415e-11
      11.0000      274.950  2.63133e-08          NaN
      11.0000      275.179  2.55433e-08          NaN
      11.0000      275.409  2.60724e-08  4.28899e-11
      11.0000      275.638  2.55780e-08  4.24043e-11
      11.0000      275.867  2.64398e-08  4.37751e-11
      11.0000      276.097  2.65792e-08  4.59345e-11
      11.0000      276.328  2.49889e-08  3.95152e-11
      11.0000      276.558  2.42340e-08  3.85089e-11
      11.0000      276.789  2.33357e-08  3.24802e-11
      11.0000      277.020  2.44102e-08  3.71277e-11
      11.0000      277.250  2.37147e-08  3.42193e-11
      11.0000      277.482  2.42859e-08  3.50380e-11
      11.0000      277.713  2.35155e-08  3.40138e-11
      11.0000      277.945  1.97216e-08  2.81904e-11
      11.0000      278.177  1.99412e-08  2.90145e-11
      11.0000      278.408  2.05072e-08          NaN
      11.0000      278.640  2.33748e-08          NaN
      11.0000      278.872  2.43850e-08          NaN
      11.0000      279.105  2.36653e-08  3.77442e-11
      11.0000      279.337  2.35831e-08  3.80722e-11
      11.0000      279.571  2.31610e-08  3.42972e-11
      11.0000      279.804  2.20183e-08  3.25161e-11
      11.0000      280.037  2.19615e-08  2.90169e-11
      11.0000      280.271  2.17587e-08  2.71032e-11
      11.0000      280.504  2.10055e-08  2.57152e-11
      11.0000      280.738  2.19585e-08  2.77730e-11
      11.0000      280.971  2.20157e-08  2.72620e-11
      11.0000      281.206  2.21982e-08  2.73557e-11
      11.0000      281.440  2.28207e-08  2.79654e-11
      11.0000      281.675  2.27565e-08  2.75920e-11
      11.0000      281.910  2.15634e-08  2.68241e-11
      11.0000      282.145  2.18192e-08  2.73312e-11
      11.0000      282.381  2.12924e-08  2.66164e-11
      11.0000      282.616  2.06475e-08  2.54086e-11
      11.0000      282.851  2.04473e-08  2.54200e-11
      11.0000      283.087  1.99974e-08  2.49140e-11
      11.0000      283.323  1.95412e-08          NaN
      11.0000      283.559  1.95728e-08          NaN
      11.0000      283.796  2.03868e-08  2.46730e-11
      11.0000      284.032  2.01349e-08  2.39228e-11
      11.0000      284.269  2.02726e-08  2.43349e-11
      11.0000      284.506  2.01321e-08  2.45848e-11
      11.0000      284.743  1.93163e-08  2.34476e-11
      11.0000      284.981  1.96338e-08  2.24158e-11
      11.0000      285.218  1.99164e-08  2.33560e-11
      11.0000      285.456  1.97889e-08  2.36074e-11
      11.0000      285.694  1.93208e-08  2.38615e-11
      11.0000      285.932  1.86946e-08  2.23144e-11
      11.0000      286.171  1.85109e-08  2.16589e-11
      11.0000      286.409  1.83328e-08  2.16766e-11
      11.0000      286.648  1.78150e-08  2.16758e-11
      11.0000      286.887  1.84046e-08  2.29072e-11
      11.0000      287.126  1.88858e-08  2.27664e-11
      11.0000      287.365  1.86885e-08  2.19528e-11
      11.0000      287.605  1.86318e-08  2.20724e-11
      11.0000      287.844  1.84892e-08  2.31328e-11
      11.0000      288.085  1.83784e-08  2.33241e-11
      11.0000      288.325  1.85148e-08          NaN
      11.0000      288.565  1.84224e-08          NaN
      11.0000      288.806  1.85124e-08  2.47453e-11
      11.0000      289.047  1.81055e-08  2.58012e-11
      11.0000      289.287  1.85382e-08  2.66921e-11
      11.0000      289.529  1.83061e-08  2.55666e-11
      11.0000      289.770  1.89771e-08  2.68786e-11
      11.0000      290.011  1.74877e-08  2.51824e-11
      11.0000      290.254  1.71602e-08  2.47981e-11
      11.0000      290.495  1.73481e-08  2.52308e-11
      11.0000      290.737  1.72557e-08  2.40201e-11
      11.0000      290.980  1.70433e-08  2.30414e-11
      11.0000      291.223  1.72683e-08  2.34635e-11
      11.0000      291.465  1.71343e-08  2.40764e-11
      11.0000      291.708  1.67110e-08  2.37689e-11
      11.0000      291.951  1.66498e-08  2.43566e-11
      11.0000      292.195  1.62313e-08  2.40330e-11
      11.0000      292.439  1.60587e-08  2.51002e-11
      11.0000      292.683  1.58818e-08  2.54885e-11
      11.0000      292.926  1.58391e-08  2.52912e-11
      11.0000      293.171  1.55778e-08  2.56146e-11
      12.0000      295.377  1.66628e-08  2.40434e-11
      12.0000      295.624  1.66922e-08  2.41926e-11
      12.0000      295.870  1.62711e-08  2.47817e-11
      12.0000      296.117  1.50628e-08  2.36268e-11
      12.0000      296.364  1.52116e-08  2.27564e-11
      12.0000      296.611  1.53082e-08  2.13559e-11
      12.0000      296.858  1.58536e-08  2.17764e-11
      12.0000      297.105  1.57713e-08  2.21848e-11
      12.0000      297.354  1.62880e-08  2.32063e-11
      12.0000      297.601  1.54705e-08  2.12299e-11
      12.0000      297.850  1.55473e-08  1.87291e-11
      12.0000      298.097  1.55022e-08  1.73557e-11
      12.0000      298.346  1.56531e-08  1.81099e-11
      12.0000      298.595  1.61881e-08  2.01881e-11
      12.0000      298.844  1.56600e-08  1.96734e-11
      12.0000      299.093  1.55091e-08  1.84013e-11
      12.0000      299.342  1.54057e-08  1.73331e-11
      12.0000      299.592  1.50945e-08  1.66431e-11
      12.0000      299.842  1.49484e-08          NaN
      12.0000      300.091  1.66691e-08          NaN
      12.0000      300.342  1.59661e-08  1.84413e-11
      12.0000      300.592  1.55726e-08  1.79835e-11
      12.0000      300.843  1.48680e-08  1.67243e-11
      12.0000      301.093  1.45790e-08  1.91055e-11
      12.0000      301.345  1.45883e-08  8.35928e-11
      12.0000      301.595  1.46779e-08  1.40772e-11
      12.0000      301.848  1.45033e-08  1.41527e-11
      12.0000      302.099  1.43762e-08  1.54267e-11
      12.0000      302.350  1.42061e-08  1.57327e-11
      12.0000      302.603  1.42278e-08  1.52427e-11
      12.0000      302.855  1.48834e-08  1.48895e-11
      12.0000      303.107  1.54291e-08  1.54110e-11
      12.0000      303.360  1.46676e-08  1.46786e-11
      12.0000      303.614  1.40571e-08  1.38421e-11
      12.0000      303.866  1.40979e-08  1.37800e-11
      12.0000      304.120  1.40171e-08  1.37692e-11
      12.0000      304.373  1.41868e-08  1.45566e-11
      12.0000      304.627  1.38845e-08  1.43639e-11
      12.0000      304.881  1.41765e-08  1.40069e-11
      12.0000      305.135  1.40272e-08  1.27655e-11
      12.0000      305.389  1.36130e-08  1.20207e-11
      12.0000      305.644  1.35490e-08  1.21732e-11
      12.0000      305.899  1.35509e-08  1.23930e-11
      12.0000      306.154  1.34936e-08          NaN
      12.0000      306.409  1.33814e-08          NaN
      12.0000      306.665  1.33061e-08  1.33933e-11
      12.0000      306.921  1.32370e-08  1.43750e-11
      12.0000      307.176  1.30197e-08  1.38512e-11
      12.0000      307.432  1.39206e-08  1.38004e-11
      12.0000      307.689  1.35507e-08  1.27821e-11
      12.0000      307.945  1.35222e-08  1.27187e-11
      12.0000      308.202  1.33125e-08  1.21459e-11
      12.0000      308.458  1.31221e-08  1.11563e-11
      12.0000      308.715  1.30548e-08          NaN
      12.0000      308.973  1.28604e-08          NaN
      12.0000      309.231  1.26583e-08  1.10594e-11
      12.0000      309.488  1.27468e-08  1.14092e-11
      12.0000      309.746  1.28466e-08  1.15093e-11
      12.0000      310.004  1.27888e-08  1.18324e-11
      12.0000      310.263  1.26691e-08  1.25314e-11
      12.0000      310.522  1.27258e-08  1.29660e-11
      12.0000      310.781  1.25236e-08  1.21750e-11
      12.0000      311.040  1.27470e-08  1.16444e-11
      12.0000      311.300  1.29356e-08  1.18908e-11
      12.0000      311.559  1.26679e-08  1.19336e-11
      12.0000      311.819  1.25107e-08          NaN
      12.0000      312.079  1.25538e-08          NaN
      12.0000      312.339  1.26031e-08  1.09759e-11
      12.0000      312.599  1.24331e-08  1.13851e-11
      12.0000      312.860  1.22936e-08  1.18630e-11
      12.0000      313.120  1.22790e-08  1.14243e-11
      12.0000      313.381  1.23290e-08  1.08531e-11
      12.0000      313.643  1.23463e-08          NaN
      12.0000      313.905  1.22625e-08          NaN
      12.0000      314.166  1.24123e-08          NaN
      12.0000      314.428  1.24712e-08          NaN
      12.0000      314.690  1.25187e-08  1.22218e-11
      12.0000      314.953  1.23734e-08  1.19472e-11
      12.0000      315.215  1.25598e-08  1.17103e-11
      12.0000      315.477  1.26478e-08  1.09181e-11
      12.0000      315.740  1.22291e-08  9.93463e-12
      12.0000      316.004  1.22354e-08  1.03781e-11
      12.0000      316.268  1.20487e-08  1.12318e-11
      12.0000      316.531  1.19709e-08  1.16874e-11
      12.0000      316.795  1.21633e-08  1.13011e-11
      12.0000      317.059  1.23901e-08  1.11128e-11
      12.0000      317.323  1.22515e-08  1.14456e-11
      12.0000      317.587  1.17089e-08  1.11969e-11
      12.0000      317.853  1.15263e-08  1.04064e-11
      12.0000      318.118  1.14677e-08  1.12064e-11
      12.0000      318.383  1.12614e-08  1.30432e-11
      12.0000      318.648  1.15965e-08  1.24194e-11
      12.0000      318.914  1.17970e-08  1.16607e-11
      13.0000      319.180  1.18755e-08          NaN
      13.0000      319.446  1.21472e-08          NaN
      13.0000      319.713  1.19578e-08  1.59533e-11
      13.0000      319.978  1.17474e-08  1.74567e-11
      13.0000      320.246  1.18721e-08  1.60930e-11
      13.0000      320.513  1.19174e-08  1.33354e-11
      13.0000      320.780  1.17481e-08  1.23337e-11
      13.0000      321.047  1.16642e-08  1.31282e-11
      13.0000      321.315  1.16081e-08          NaN
      13.0000      321.583  1.16514e-08          NaN
      13.0000      321.851  1.16650e-08          NaN
      13.0000      322.119  1.15633e-08  9.84771e-12
      13.0000      322.387  1.15939e-08          NaN
      13.0000      322.657  1.15787e-08          NaN
      13.0000      322.925  1.16659e-08  1.06397e-11
      13.0000      323.195  1.16873e-08  1.15420e-11
      13.0000      323.464  1.16764e-08  1.19997e-11
      13.0000      323.734  1.17972e-08  1.09785e-11
      13.0000      324.003  1.16912e-08  9.32853e-12
      13.0000      324.273  1.16522e-08  9.00438e-12
      13.0000      324.544  1.15627e-08  9.63370e-12
      13.0000      324.815  1.16149e-08  1.00124e-11
      13.0000      325.085  1.15373e-08  9.20429e-12
      13.0000      325.357  1.14438e-08  8.50193e-12
      13.0000      325.628  1.14184e-08  8.59396e-12
      13.0000      325.900  1.13173e-08  8.70665e-12
      13.0000      326.171  1.13782e-08  8.53164e-12
      13.0000      326.443  1.14288e-08  8.63489e-12
      13.0000      326.715  1.13887e-08  9.65305e-12
      13.0000      326.988  1.13268e-08  1.07766e-11
      13.0000      327.259  1.14944e-08  1.06186e-11
      13.0000      327.533  1.15139e-08  9.16351e-12
      13.0000      327.805  1.14024e-08  8.21704e-12
      13.0000      328.079  1.11630e-08  7.80039e-12
      13.0000      328.352  1.11079e-08          NaN
      13.0000      328.626  1.10896e-08          NaN
      13.0000      328.900  1.09935e-08  7.18621e-12
      13.0000      329.175  1.10373e-08  8.52276e-12
      13.0000      329.449  1.09297e-08  9.62526e-12
      13.0000      329.724  1.09675e-08  9.58325e-12
      13.0000      329.998  1.09828e-08  9.02943e-12
      13.0000      330.274  1.09112e-08  8.99651e-12
      13.0000      330.549  1.07941e-08  8.77027e-12
      13.0000      330.825  1.09391e-08          NaN
      13.0000      331.101  1.10335e-08          NaN
      13.0000      331.376  1.10352e-08          NaN
      13.0000      331.653  1.09783e-08          NaN
      13.0000      331.929  1.07793e-08  7.29521e-12
      13.0000      332.206  1.08464e-08  7.39321e-12
      13.0000      332.483  1.08465e-08  7.96151e-12
      13.0000      332.760  1.07768e-08  9.21995e-12
      13.0000      333.037  1.08227e-08  9.90715e-12
      13.0000      333.316  1.10124e-08  9.48605e-12
      13.0000      333.592  1.09166e-08  8.68430e-12
      13.0000      333.871  1.08372e-08  8.45758e-12
      13.0000      334.150  1.08549e-08  8.36985e-12
      13.0000      334.428  1.07955e-08  7.32046e-12
      13.0000      334.707  1.09027e-08  6.52429e-12
      13.0000      334.986  1.08210e-08  6.45252e-12
      13.0000      335.264  1.06678e-08  6.83196e-12
      13.0000      335.545  1.05792e-08  6.94834e-12
      13.0000      335.824  1.06117e-08  6.93518e-12
      13.0000      336.104  1.05406e-08  7.41238e-12
      13.0000      336.384  1.03050e-08  8.25390e-12
      13.0000      336.665  1.03385e-08  8.63608e-12
      13.0000      336.945  1.14822e-08          NaN
      13.0000      337.226  1.09062e-08          NaN
      13.0000      337.507  1.03601e-08  8.77675e-12
      13.0000      337.789  1.04266e-08  8.73448e-12
      13.0000      338.071  1.06609e-08  8.22948e-12
      13.0000      338.352  1.06016e-08  7.89745e-12
      13.0000      338.634  1.05450e-08  8.49824e-12
      13.0000      338.916  1.04243e-08  9.07485e-12
      13.0000      339.199  1.04524e-08  9.03076e-12
      13.0000      339.482  1.06064e-08  9.02747e-12
      13.0000      339.765  1.08044e-08  9.68174e-12
      13.0000      340.048  1.01484e-08  1.01418e-11
      13.0000      340.332  1.08153e-08  1.00049e-11
      13.0000      340.616  1.06333e-08  8.93146e-12
      13.0000      340.899  1.04957e-08  8.89775e-12
      13.0000      341.184  1.03882e-08  9.01067e-12
      13.0000      341.468  1.02975e-08          NaN
      13.0000      341.753  1.02631e-08          NaN
      13.0000      342.038  1.03606e-08  7.97025e-12
      13.0000      342.323  1.05040e-08  8.88938e-12
      13.0000      342.608  1.04549e-08  9.31755e-12
      13.0000      342.894  1.03511e-08  8.92725e-12
      4.00000      343.180  1.03368e-08  9.12966e-12
      4.00000      343.466  1.03261e-08  9.98997e-12
      4.00000      343.752  1.01657e-08  9.92588e-12
      4.00000      344.039  1.03208e-08          NaN
      4.00000      344.325  1.03736e-08          NaN
      4.00000      344.612  1.05342e-08  1.00446e-11
      14.0000      344.900  1.01933e-08  1.11670e-11
      14.0000      345.187  1.03949e-08  1.03890e-11
      14.0000      345.476  1.02378e-08  9.48588e-12
      14.0000      345.764  1.01859e-08  9.59073e-12
      14.0000      346.052  9.97044e-09  9.37112e-12
      14.0000      346.340  1.00571e-08  9.02180e-12
      14.0000      346.629  9.98287e-09  9.57247e-12
      14.0000      346.917  9.91899e-09  1.08946e-11
      14.0000      347.207  9.84890e-09  1.09278e-11
      14.0000      347.496  9.98884e-09  9.14056e-12
      14.0000      347.786  1.01029e-08  7.93266e-12
      14.0000      348.077  9.90434e-09  7.93888e-12
      14.0000      348.367  9.82281e-09  8.34772e-12
      14.0000      348.657  9.95580e-09  8.58162e-12
      14.0000      348.948  1.00224e-08  8.99905e-12
      14.0000      349.239  9.82612e-09  9.79569e-12
      14.0000      349.529  9.85484e-09  1.00943e-11
      14.0000      349.820  1.01682e-08  9.39830e-12
      14.0000      350.112  1.02339e-08  8.58110e-12
      14.0000      350.404  1.03623e-08  9.14574e-12
      14.0000      350.696  1.06503e-08  9.80741e-12
      14.0000      350.989  1.10897e-08  9.68789e-12
      14.0000      351.281  1.14433e-08          NaN
      14.0000      351.574  1.10017e-08          NaN
      14.0000      351.867  1.00951e-08          NaN
      14.0000      352.161  9.76962e-09          NaN
      14.0000      352.454  9.37074e-09  7.05837e-12
      14.0000      352.749  9.25436e-09  7.09418e-12
      14.0000      353.043  9.21621e-09          NaN
      14.0000      353.337  9.17373e-09          NaN
      14.0000      353.632  9.28442e-09  7.64576e-12
      14.0000      353.926  9.18664e-09          NaN
      14.0000      354.221  1.04008e-08          NaN
      14.0000      354.517  1.06702e-08  8.55530e-12
      14.0000      354.812  9.30709e-09  6.78861e-12
      14.0000      355.107  9.57177e-09  6.79939e-12
      14.0000      355.404  9.03955e-09  6.60747e-12
      14.0000      355.700  8.98735e-09          NaN
      14.0000      355.996  9.26817e-09          NaN
      14.0000      356.294  9.35039e-09  6.90420e-12
      14.0000      356.590  9.34364e-09  7.72342e-12
      14.0000      356.888  9.36428e-09  7.74669e-12
      14.0000      357.185  9.47079e-09  7.50347e-12
      14.0000      357.482  9.25504e-09  7.69446e-12
      14.0000      357.780  9.00522e-09  7.88980e-12
      14.0000      358.079  8.95573e-09          NaN
      14.0000      358.378  8.55115e-09          NaN
      14.0000      358.676  8.52694e-09  6.16118e-12
      14.0000      358.976  8.38859e-09  6.22977e-12
      14.0000      359.275  9.18297e-09  6.57834e-12
      14.0000      359.575  8.97791e-09  6.04648e-12
      14.0000      359.874  8.65589e-09          NaN
      14.0000      360.175  8.56752e-09          NaN
      14.0000      360.475  8.66541e-09          NaN
      14.0000      360.775  9.02484e-09          NaN
      14.0000      361.076  8.99603e-09  6.51825e-12
      14.0000      361.377  8.93289e-09  6.96428e-12
      14.0000      361.678  9.09904e-09          NaN
      14.0000      361.979  9.11912e-09          NaN
      14.0000      362.282  9.03811e-09  7.63536e-12
      14.0000      362.583  8.87986e-09  8.28790e-12
      14.0000      362.886  9.01311e-09  8.13529e-12
      14.0000      363.189  9.06557e-09  7.86706e-12
      14.0000      363.491  9.10752e-09          NaN
      14.0000      363.794  8.77093e-09          NaN
      14.0000      364.097  8.97500e-09  7.76830e-12
      14.0000      364.401  8.95180e-09  7.38163e-12
      14.0000      364.704  8.40723e-09  7.24424e-12
      14.0000      365.009  8.55418e-09  7.46494e-12
      14.0000      365.313  9.03208e-09          NaN
      14.0000      365.617  8.28853e-09          NaN
      14.0000      365.922  8.31899e-09          NaN
      14.0000      366.228  8.45877e-09          NaN
      14.0000      366.533  8.79704e-09  7.28948e-12
      14.0000      366.838  8.57001e-09  6.94079e-12
      4.00000      367.144  8.25407e-09  7.09635e-12
      4.00000      367.450  8.19144e-09  7.22424e-12
      4.00000      367.757  8.27887e-09  6.81696e-12
      4.00000      368.062  8.22409e-09          NaN
      4.00000      368.370  8.17923e-09          NaN
      4.00000      368.677  8.16289e-09  7.48121e-12
      4.00000      368.985  8.27405e-09  7.16367e-12
      4.00000      369.293  8.06586e-09  7.05472e-12
      4.00000      369.600  8.03134e-09  7.77099e-12
      4.00000      369.909  8.03358e-09  7.81599e-12
      4.00000      370.217  8.10276e-09  7.42729e-12
      4.00000      370.525  7.95718e-09          NaN
      15.0000      370.835  7.86964e-09  7.95683e-12
      15.0000      371.143  7.87835e-09  7.73402e-12
      15.0000      371.453  7.96207e-09  7.93275e-12
      15.0000      371.762  7.84690e-09  8.81441e-12
      15.0000      372.072  7.74127e-09          NaN
      15.0000      372.383  7.75012e-09          NaN
      15.0000      372.692  7.62361e-09  6.42104e-12
      15.0000      373.003  7.46620e-09  6.48792e-12
      15.0000      373.314  7.49274e-09          NaN
      15.0000      373.626  7.48173e-09          NaN
      15.0000      373.937  7.60143e-09  7.36498e-12
      15.0000      374.249  7.45734e-09  7.86808e-12
      15.0000      374.561  7.39826e-09  7.27242e-12
      15.0000      374.873  7.46787e-09  6.21486e-12
      15.0000      375.185  7.40641e-09  5.80365e-12
      15.0000      375.498  7.22246e-09  5.98593e-12
      15.0000      375.811  7.24238e-09  5.95465e-12
      15.0000      376.125  7.38291e-09  6.02077e-12
      15.0000      376.438  7.24832e-09  6.64945e-12
      15.0000      376.753  7.05769e-09  7.14643e-12
      15.0000      377.067  7.09900e-09  6.50250e-12
      15.0000      377.381  7.19922e-09          NaN
      15.0000      377.695  7.05875e-09          NaN
      15.0000      378.010  7.00451e-09  5.64026e-12
      15.0000      378.325  7.12960e-09  5.27836e-12
      15.0000      378.640  7.10757e-09  5.25636e-12
      15.0000      378.956  6.97857e-09  5.78935e-12
      15.0000      379.272  6.92279e-09          NaN
      15.0000      379.589  7.01153e-09          NaN
      15.0000      379.905  6.88062e-09  6.08841e-12
      15.0000      380.222  6.72728e-09  6.28287e-12
      15.0000      380.539  6.70181e-09  5.86390e-12
      15.0000      380.855  6.61080e-09          NaN
      15.0000      381.173  6.50836e-09          NaN
      15.0000      381.492  6.37347e-09  4.99329e-12
      15.0000      381.809  6.55420e-09  4.76034e-12
      15.0000      382.127  6.72933e-09  4.65740e-12
      15.0000      382.446  6.62925e-09  5.02508e-12
      15.0000      382.765  6.52958e-09  5.22909e-12
      15.0000      383.085  6.72196e-09  5.25983e-12
      15.0000      383.403  6.57721e-09  5.47223e-12
      15.0000      383.723  6.42405e-09  6.28933e-12
      15.0000      384.044  6.42592e-09  6.46680e-12
      15.0000      384.363  6.60588e-09  5.96327e-12
      15.0000      384.683  6.74331e-09  6.06805e-12
      15.0000      385.005  6.39150e-09  5.83333e-12
      15.0000      385.325  6.45021e-09  5.31889e-12
      15.0000      385.646  6.51314e-09  4.72808e-12
      15.0000      385.968  6.36668e-09  4.66806e-12
      15.0000      386.290  6.21260e-09  4.71459e-12
      15.0000      386.612  6.24870e-09  4.49049e-12
      15.0000      386.934  6.24234e-09  4.47229e-12
      15.0000      387.256  6.14352e-09  4.84871e-12
      15.0000      387.580  6.16085e-09  4.97407e-12
      15.0000      387.902  6.19604e-09  4.73526e-12
      15.0000      388.226  6.09276e-09  4.79739e-12
      15.0000      388.550  5.96426e-09  5.01205e-12
      15.0000      388.874  6.09245e-09  4.83128e-12
      15.0000      389.197  6.15824e-09  4.67524e-12
      15.0000      389.522  5.95697e-09  5.00659e-12
      15.0000      389.847  5.85369e-09  5.35098e-12
      15.0000      390.172  5.94500e-09  5.32745e-12
      15.0000      390.497  5.93745e-09  5.56958e-12
      15.0000      390.823  5.75963e-09  6.16640e-12
      4.00000      391.149  5.70361e-09  6.26488e-12
      4.00000      391.475  5.82399e-09  5.91918e-12
      4.00000      391.802  5.82500e-09  5.99419e-12
      4.00000      392.128  5.64666e-09  6.19520e-12
      4.00000      392.455  5.63454e-09  5.91481e-12
      4.00000      392.782  5.68596e-09  5.66604e-12
      4.00000      393.110  5.44832e-09  6.06914e-12
      4.00000      393.437  5.34486e-09  6.53636e-12
      4.00000      393.766  5.37490e-09  6.27568e-12
      4.00000      394.093  5.41806e-09  6.48037e-12
      4.00000      394.421  5.35464e-09  7.32935e-12
      4.00000      394.751  5.30103e-09  6.95102e-12
      4.00000      395.080  5.42826e-09  6.42226e-12
      4.00000      395.409  5.36552e-09  6.45498e-12
      4.00000      395.739  5.32439e-09  6.59105e-12
      4.00000      396.069  5.28196e-09  6.15504e-12
      4.00000      396.399  5.28286e-09  6.12182e-12
      16.0000      396.729  5.07739e-09          NaN
      16.0000      397.060  4.97289e-09          NaN
      16.0000      397.392  5.08435e-09          NaN
      16.0000      397.722  5.05966e-09          NaN
      16.0000      398.054  4.92072e-09  5.54947e-12
      16.0000      398.386  4.98891e-09  5.12098e-12
      16.0000      398.718  5.13888e-09  5.07519e-12
      16.0000      399.050  4.94101e-09  5.48100e-12
      16.0000      399.383  4.85854e-09  5.95927e-12
      16.0000      399.717  4.90752e-09  5.49279e-12
      16.0000      400.050  4.88475e-09  5.12546e-12
      16.0000      400.383  4.71965e-09  5.16197e-12
      16.0000      400.716  4.76227e-09  4.94411e-12
      16.0000      401.051  4.80905e-09  4.65334e-12
      16.0000      401.386  4.70897e-09  4.84246e-12
      16.0000      401.719  4.65769e-09  5.05171e-12
      16.0000      402.055  4.73695e-09  4.91523e-12
      16.0000      402.390  4.77590e-09  5.08928e-12
      16.0000      402.726  4.58129e-09          NaN
      16.0000      403.062  4.64440e-09          NaN
      16.0000      403.397  4.61043e-09          NaN
      16.0000      403.734  4.53688e-09  4.44429e-12
      16.0000      404.070  4.46085e-09          NaN
      16.0000      404.406  4.50267e-09          NaN
      16.0000      404.744  4.49261e-09  4.19701e-12
      16.0000      405.081  4.39113e-09  4.45234e-12
      16.0000      405.420  4.39974e-09  4.42877e-12
      16.0000      405.757  4.44790e-09  4.45958e-12
      16.0000      406.095  4.32980e-09  4.90055e-12
      16.0000      406.435  4.27492e-09  5.14862e-12
      16.0000      406.774  4.33892e-09          NaN
      16.0000      407.111  4.34391e-09          NaN
      16.0000      407.451  4.24898e-09  4.52290e-12
      16.0000      407.790  4.30334e-09  4.32611e-12
      16.0000      408.132  4.30797e-09  3.81949e-12
      16.0000      408.472  4.19726e-09  3.75576e-12
      16.0000      408.812  4.13517e-09  3.76021e-12
      16.0000      409.152  4.19225e-09  3.62130e-12
      16.0000      409.494  4.10953e-09  3.81946e-12
      16.0000      409.834  3.97147e-09          NaN
      16.0000      410.177  4.03547e-09          NaN
      16.0000      410.519  4.21176e-09  4.71446e-12
      16.0000      410.862  3.83647e-09  4.92315e-12
      16.0000      411.203  3.83174e-09  5.21168e-12
      16.0000      411.546  3.97463e-09  4.78635e-12
      16.0000      411.889  3.96306e-09  4.59347e-12
      16.0000      412.233  3.81485e-09  4.62825e-12
      16.0000      412.577  3.79898e-09  4.40164e-12
      16.0000      412.919  3.83903e-09  4.10133e-12
      16.0000      413.264  3.72620e-09  4.31274e-12
      16.0000      413.609  3.68895e-09  4.56751e-12
      16.0000      413.954  3.76907e-09  4.22316e-12
      16.0000      414.298  3.76806e-09          NaN
      16.0000      414.644  3.66762e-09          NaN
      16.0000      414.989  3.70751e-09  3.86556e-12
      4.00000      415.336  3.67214e-09  3.55755e-12
      4.00000      415.683  3.55997e-09  3.68466e-12
      4.00000      416.029  3.46399e-09  3.81517e-12
      4.00000      416.375  3.51990e-09  3.73382e-12
      4.00000      416.722  3.50565e-09  3.90158e-12
      4.00000      417.070  3.40241e-09  4.13354e-12
      4.00000      417.418  3.44714e-09  4.03047e-12
      4.00000      417.767  3.47727e-09  3.90931e-12
      4.00000      418.114  3.39194e-09  3.96379e-12
      4.00000      418.463  3.36009e-09  3.87329e-12
      4.00000      418.811  3.44741e-09  3.74652e-12
      4.00000      419.161  3.36471e-09          NaN
      4.00000      419.511  3.29344e-09          NaN
      4.00000      419.859  3.35508e-09          NaN
      4.00000      420.210  3.31864e-09          NaN
      4.00000      420.560  3.24016e-09          NaN
      4.00000      420.911  3.20200e-09          NaN
      4.00000      421.262  3.27665e-09  4.26070e-12
      4.00000      421.614  3.21970e-09  4.36550e-12
      4.00000      421.964  3.18186e-09  4.34644e-12
      4.00000      422.317  3.18917e-09  4.20143e-12
      17.0000      422.669  3.05497e-09          NaN
      17.0000      423.021  3.00453e-09          NaN
      17.0000      423.374  3.13789e-09          NaN
      17.0000      423.727  3.09536e-09  5.63210e-12
      17.0000      424.079  3.03325e-09  5.88501e-12
      17.0000      424.434  3.01549e-09  4.96168e-12
      17.0000      424.787  3.06099e-09          NaN
      17.0000      425.141  2.93709e-09          NaN
      17.0000      425.496  2.82775e-09          NaN
      17.0000      425.851  2.91022e-09          NaN
      17.0000      426.205  2.86945e-09  4.29245e-12
      17.0000      426.561  2.86018e-09  4.92108e-12
      17.0000      426.916  2.89396e-09  4.90761e-12
      17.0000      427.272  2.87526e-09  4.64956e-12
      17.0000      427.628  2.80176e-09  4.41363e-12
      17.0000      427.985  2.84165e-09  3.93454e-12
      17.0000      428.343  2.85603e-09  3.44749e-12
      17.0000      428.699  2.74877e-09          NaN
      17.0000      429.056  2.71865e-09          NaN
      17.0000      429.415  2.78778e-09  3.45219e-12
      17.0000      429.771  2.74483e-09  3.77587e-12
      17.0000      430.130  2.66940e-09  4.11197e-12
      17.0000      430.489  2.74967e-09  4.11030e-12
      17.0000      430.847  2.75663e-09          NaN
      17.0000      431.207  2.66574e-09          NaN
      17.0000      431.566  2.65829e-09          NaN
      17.0000      431.926  2.68492e-09          NaN
      17.0000      432.287  2.58187e-09          NaN
      17.0000      432.646  2.62344e-09  3.34464e-12
      17.0000      433.007  2.67812e-09  3.17936e-12
      17.0000      433.368  2.59249e-09  3.16733e-12
      17.0000      433.730  2.54601e-09  3.18299e-12
      17.0000      434.092  2.58022e-09  3.02641e-12
      17.0000      434.452  2.53905e-09  3.09870e-12
      17.0000      434.815  2.47099e-09  3.28185e-12
      17.0000      435.178  2.50366e-09  3.28729e-12
      17.0000      435.540  2.48190e-09  3.44647e-12
      17.0000      435.905  2.41893e-09  3.86484e-12
      17.0000      436.268  2.44006e-09          NaN
      17.0000      436.630  2.47683e-09          NaN
      17.0000      436.994  2.38142e-09  3.94058e-12
      17.0000      437.359  2.35059e-09  3.73462e-12
      17.0000      437.723  2.40812e-09  3.39770e-12
      17.0000      438.089  2.33171e-09          NaN
      17.0000      438.454  2.32232e-09          NaN
      17.0000      438.820  2.38447e-09  3.23742e-12
      17.0000      439.186  2.28293e-09  3.10443e-12
      4.00000      439.551  2.21504e-09  3.19912e-12
      4.00000      439.918  2.19960e-09  3.09381e-12
      4.00000      440.284  2.19408e-09  2.91907e-12
      4.00000      440.651  2.15218e-09  3.01931e-12
      4.00000      441.018  2.14064e-09  2.89305e-12
      4.00000      441.386  2.18746e-09  2.87426e-12
      4.00000      441.755  2.12428e-09  3.02834e-12
      4.00000      442.124  2.16657e-09  3.20020e-12
      4.00000      442.492  2.19173e-09  3.15090e-12
      4.00000      442.860  2.08304e-09  3.10098e-12
      4.00000      443.229  2.05762e-09  3.08981e-12
      4.00000      443.599  2.09354e-09  2.96158e-12
      4.00000      443.969  2.06158e-09  3.01399e-12
      4.00000      444.340  2.03236e-09  3.09104e-12
      4.00000      444.709  2.07325e-09  3.06040e-12
      4.00000      445.079  2.05972e-09  3.18319e-12
      4.00000      445.452  2.00055e-09  3.32720e-12
      4.00000      445.824  2.03254e-09  3.30295e-12
      4.00000      446.194  2.04576e-09  3.27398e-12
      4.00000      446.566  1.99177e-09  3.30017e-12
      4.00000      446.939  1.99848e-09  3.22777e-12
      4.00000      447.311  1.97583e-09  3.19028e-12
      4.00000      447.684  1.93763e-09  3.35213e-12
      4.00000      448.057  1.91885e-09  3.46722e-12
      4.00000      448.431  1.93364e-09  3.51807e-12
      18.0000      448.805  1.87389e-09  4.57112e-12
      18.0000      449.180  1.87910e-09  4.00104e-12
      18.0000      449.553  1.90939e-09  3.41723e-12
      18.0000      449.928  1.88729e-09  3.23393e-12
      18.0000      450.302  2.07320e-09  3.45097e-12
      18.0000      450.678  2.00243e-09  3.25904e-12
      18.0000      451.054  1.79653e-09  3.47780e-12
      18.0000      451.431  1.78523e-09  3.89247e-12
      18.0000      451.806  1.82536e-09  3.95821e-12
      18.0000      452.184  1.77657e-09  3.87522e-12
      18.0000      452.560  1.72737e-09  3.53297e-12
      18.0000      452.938  1.77808e-09  3.00277e-12
      18.0000      453.315  1.74449e-09  2.77325e-12
      18.0000      453.694  1.68655e-09  2.75698e-12
      18.0000      454.071  1.72668e-09  2.73101e-12
      18.0000      454.450  1.72380e-09  2.97562e-12
      18.0000      454.829  1.68472e-09  3.27662e-12
      18.0000      455.208  1.69634e-09  3.29412e-12
      18.0000      455.587  1.70086e-09  3.41261e-12
      18.0000      455.967  1.62000e-09          NaN
      18.0000      456.348  1.65763e-09  3.25683e-12
      18.0000      456.727  1.66142e-09  2.89224e-12
      18.0000      457.109  1.59533e-09  2.92954e-12
      18.0000      457.490  1.58756e-09          NaN
      18.0000      457.871  1.62802e-09          NaN
      18.0000      458.253  1.58244e-09  2.85873e-12
      18.0000      458.636  1.58865e-09  2.79774e-12
      18.0000      459.017  1.60252e-09  2.55124e-12
      18.0000      459.400  1.55341e-09  2.55986e-12
      18.0000      459.783  1.54665e-09  2.52509e-12
      18.0000      460.166  1.57055e-09  2.53222e-12
      18.0000      460.549  1.51549e-09  2.86785e-12
      18.0000      460.934  1.48914e-09  3.14590e-12
      18.0000      461.318  1.53044e-09  3.23568e-12
      18.0000      461.702  1.48625e-09  3.48577e-12
      18.0000      462.088  1.45454e-09  3.64863e-12
      18.0000      462.473  1.52246e-09          NaN
      18.0000      462.858  1.46396e-09          NaN
      18.0000      463.244  1.43918e-09  3.02917e-12
      4.00000      463.631  1.37627e-09  2.83053e-12
      4.00000      464.018  1.32468e-09  2.90969e-12
      4.00000      464.403  1.35437e-09  3.11398e-12
      4.00000      464.792  1.35534e-09  3.03066e-12
      4.00000      465.179  1.34025e-09          NaN
      4.00000      465.567  1.33671e-09          NaN
      4.00000      465.955  1.39203e-09          NaN
      4.00000      466.342  1.37193e-09          NaN
      4.00000      466.731  1.34408e-09  2.53311e-12
      4.00000      467.122  1.35646e-09  2.57851e-12
      4.00000      467.510  1.33991e-09  2.72162e-12
      4.00000      467.900  1.30342e-09  2.95453e-12
      4.00000      468.290  1.31968e-09  2.93838e-12
      4.00000      468.680  1.30892e-09  2.84050e-12
      4.00000      469.072  1.28196e-09  2.79694e-12
      4.00000      469.462  1.31181e-09  2.64209e-12
      4.00000      469.854  1.29652e-09  2.62717e-12
      4.00000      470.245  1.25854e-09  2.84158e-12
      4.00000      470.637  1.26107e-09  3.03864e-12
      4.00000      471.029  1.24125e-09  3.27163e-12
      4.00000      471.422  1.20138e-09  3.48316e-12
      4.00000      471.816  1.24271e-09  3.42649e-12
      4.00000      472.208  1.26413e-09  3.33291e-12
      4.00000      472.603  1.24972e-09  3.30503e-12
      4.00000      472.997  1.26652e-09          NaN
      4.00000      473.391  1.23400e-09          NaN
      4.00000      473.785  1.17192e-09  3.71436e-12
      4.00000      474.181  1.18445e-09  4.06609e-12
      4.00000      474.577  1.16390e-09  4.20536e-12
      19.0000      474.971  1.11667e-09  5.20354e-12
      19.0000      475.367  1.16189e-09  4.15100e-12
      19.0000      475.765  1.17456e-09  3.49533e-12
      19.0000      476.161  1.12997e-09  3.36617e-12
      19.0000      476.558  1.14438e-09  3.28120e-12
      19.0000      476.954  1.13488e-09  3.46894e-12
      19.0000      477.352  1.09896e-09  3.85138e-12
      19.0000      477.751  1.12062e-09  3.97256e-12
      19.0000      478.149  1.13085e-09  4.02578e-12
      19.0000      478.547  1.09453e-09  4.13174e-12
      19.0000      478.946  1.13786e-09  3.68002e-12
      19.0000      479.345  1.12459e-09  3.21865e-12
      19.0000      479.745  1.08669e-09          NaN
      19.0000      480.146  1.09060e-09  3.02641e-12
      19.0000      480.545  1.07085e-09  3.02230e-12
      19.0000      480.945  1.04340e-09  3.05050e-12
      19.0000      481.348  1.06466e-09  2.87233e-12
      19.0000      481.749  1.06235e-09          NaN
      19.0000      482.151  1.05039e-09          NaN
      19.0000      482.551  1.07233e-09          NaN
      19.0000      482.954  1.06100e-09          NaN
      19.0000      483.356  1.02511e-09  3.36370e-12
      19.0000      483.760  1.03066e-09  3.54410e-12
      19.0000      484.163  1.03264e-09  3.63676e-12
      19.0000      484.567  1.01510e-09  3.35987e-12
      19.0000      484.971  1.01940e-09  2.93933e-12
      19.0000      485.376  9.80534e-10  2.63147e-12
      19.0000      485.779  9.97053e-10  2.48754e-12
      19.0000      486.185  1.00993e-09          NaN
      19.0000      486.590  9.65089e-10          NaN
      19.0000      486.995  9.67053e-10  2.60796e-12
      19.0000      487.401  9.65220e-10  2.62377e-12
      19.0000      487.807  8.78000e-10          NaN
      19.0000      488.215  9.03603e-10          NaN
      4.00000      488.622  8.42027e-10          NaN
      4.00000      489.029  8.62679e-10  2.44154e-12
      4.00000      489.436  8.63626e-10  2.47747e-12
      4.00000      489.845  8.50179e-10  2.71057e-12
      4.00000      490.254  8.39552e-10  2.95200e-12
      4.00000      490.663  8.90202e-10  2.99082e-12
      4.00000      491.070  8.66749e-10          NaN
      4.00000      491.480  8.67153e-10          NaN
      4.00000      491.889  8.97170e-10  2.91865e-12
      4.00000      492.300  8.45104e-10  2.96957e-12
      4.00000      492.710  8.20818e-10  3.14833e-12
      4.00000      493.121  8.70157e-10  3.34079e-12
      4.00000      493.532  8.12529e-10  3.61813e-12
      4.00000      493.944  8.19588e-10  3.71939e-12
      4.00000      494.354  8.34112e-10  3.64153e-12
      4.00000      494.768  8.18386e-10  3.72507e-12
      4.00000      495.179  8.37397e-10  3.54891e-12
      4.00000      495.592  8.40650e-10  3.52684e-12
      4.00000      496.005  8.11263e-10  3.80352e-12
      4.00000      496.418  8.32675e-10  4.00833e-12
      4.00000      496.833  8.32815e-10          NaN
      4.00000      497.248  8.14499e-10          NaN
      4.00000      497.661  8.30632e-10  4.18940e-12
      4.00000      498.077  8.39254e-10  4.06937e-12
      4.00000      498.492  8.09884e-10  4.21725e-12
      4.00000      498.907  8.17916e-10  3.95695e-12
      4.00000      499.323  8.06035e-10  4.14806e-12
      4.00000      499.740  7.80697e-10  4.46823e-12
      4.00000      500.158  8.00064e-10  4.41875e-12
      4.00000      500.573  7.88762e-10  4.47165e-12
      4.00000      500.992  7.79462e-10  4.41166e-12
      20.0000      501.409  8.03016e-10  3.41071e-12
      20.0000      501.827  7.75136e-10  3.09875e-12
      20.0000      502.245  7.68111e-10  3.08017e-12
      20.0000      502.664  7.64103e-10  3.10064e-12
      20.0000      503.081  7.52481e-10  3.02266e-12
      20.0000      503.502  7.50306e-10  3.04330e-12
      20.0000      503.921  7.56637e-10  3.07346e-12
      20.0000      504.342  7.53363e-10  3.17778e-12
      20.0000      504.762  7.55906e-10  3.22335e-12
      20.0000      505.183  7.62094e-10  3.14623e-12
      20.0000      505.605  7.63726e-10  3.10238e-12
      20.0000      506.027  7.42217e-10  2.86936e-12
      20.0000      506.447  7.36842e-10  2.73898e-12
      20.0000      506.871  7.31113e-10  2.55904e-12
      20.0000      507.292  7.18785e-10          NaN
      20.0000      507.715  7.29259e-10          NaN
      20.0000      508.138  7.46841e-10  2.24822e-12
      20.0000      508.562  7.12420e-10  2.36951e-12
      20.0000      508.986  6.96390e-10  2.49899e-12
      20.0000      509.411  6.96174e-10  2.64770e-12
      20.0000      509.835  6.87232e-10  2.74887e-12
      20.0000      510.261  7.02614e-10  2.74937e-12
      20.0000      510.686  6.88096e-10          NaN
      20.0000      511.112  6.74674e-10          NaN
      20.0000      511.538  6.75688e-10          NaN
      20.0000      511.965  6.69532e-10  2.76434e-12
      20.0000      512.392  6.73700e-10  2.79322e-12
      20.0000      512.818  6.71961e-10  2.67199e-12
      20.0000      513.244  6.73372e-10  2.55132e-12
      20.0000      513.674  6.67019e-10  2.37774e-12
      20.0000      514.102  6.58691e-10  2.34706e-12
      20.0000      514.530  6.63857e-10          NaN
      20.0000      514.960  6.50827e-10          NaN
      20.0000      515.390  6.20153e-10          NaN
      20.0000      515.818  6.24570e-10          NaN
      20.0000      516.249  6.25688e-10  3.21586e-12
      20.0000      516.678  6.29583e-10  3.35962e-12
      20.0000      517.109  6.49117e-10  3.37714e-12
      20.0000      517.539  6.07153e-10  3.83367e-12
      20.0000      517.971  6.15805e-10  4.40559e-12
      20.0000      518.403  6.41193e-10  5.20727e-12
      20.0000      518.836  6.00010e-10  6.61263e-12
      20.0000      519.267  5.81670e-10          NaN
      20.0000      519.702  5.70502e-10          NaN
      20.0000      520.134  5.32054e-10  8.35967e-12
      20.0000      520.568  5.82867e-10          NaN
      20.0000      521.002  5.64871e-10          NaN
      20.0000      521.436  4.95649e-10          NaN
      20.0000      521.872  4.95751e-10          NaN
      20.0000      522.308  4.14474e-10          NaN
      20.0000      522.742  4.26129e-10  1.69711e-11
      20.0000      523.177  5.47868e-10  1.55900e-11
      20.0000      523.615  5.00685e-10  1.67199e-11
      20.0000      524.051  4.08035e-10  1.79141e-11
      20.0000      524.488  3.97748e-10  1.82055e-11
      20.0000      524.923  3.18192e-10          NaN
      20.0000      525.362  3.13650e-10          NaN
      20.0000      525.801  2.85525e-10  2.96973e-11
      20.0000      526.238  1.41659e-10  3.12309e-11
      20.0000      526.676  1.41274e-10  2.84268e-11
