      11.0000      271.534  2.74708e-08  6.73602e-11
      11.0000      271.761  2.77334e-08  7.34954e-11
      11.0000      271.987  2.96208e-08  6.66188e-11
      11.0000      272.214  3.09483e-08  6.78676e-11
      11.0000      272.441  3.06059e-08  6.94232e-11
      11.0000      272.668  3.27202e-08          NaN
      11.0000      272.895  3.16838e-08          NaN
      11.0000      273.123  3.27127e-08  1.50321e-10
      11.0000      273.350  3.01648e-08  1.08763e-10
      11.0000      273.578  2.93470e-08  6.67495e-11
      11.0000      273.806  2.76397e-08  8.24021e-11
      11.0000      274.035  2.42834e-08  5.50629e-11
      11.0000      274.263  2.38676e-08  5.03351e-11
      11.0000      274.492  2.48301e-08  4.71890e-11
      11.0000      274.721  2.66322e-08  4.73516e-11
      11.0000      274.950  2.57819e-08          NaN
      11.0000      275.179  2.51940e-08          NaN
      11.0000      275.409  2.59831e-08  5.04837e-11
      11.0000      275.638  2.54666e-08  5.03094e-11
      11.0000      275.867  2.61986e-08  5.07135e-11
      11.0000      276.097  2.63796e-08  5.19957e-11
      11.0000      276.328  2.47652e-08  4.54307e-11
      11.0000      276.558  2.40604e-08  4.34333e-11
      11.0000      276.789  2.32115e-08  3.82357e-11
      11.0000      277.020  2.42049e-08  4.22128e-11
      11.0000      277.250  2.34935e-08  4.03982e-11
      11.0000      277.482  2.38948e-08  4.12212e-11
      11.0000      277.713  2.28788e-08  3.95236e-11
      11.0000      277.945  1.97122e-08  3.25549e-11
      11.0000      278.177  1.99325e-08  3.30402e-11
      11.0000      278.408  2.02584e-08          NaN
      11.0000      278.640  2.31851e-08          NaN
      11.0000      278.872  2.40278e-08          NaN
      11.0000      279.105  2.33737e-08  4.36418e-11
      11.0000      279.337  2.34007e-08  4.37775e-11
      11.0000      279.571  2.29511e-08  4.00037e-11
      11.0000      279.804  2.18895e-08  3.73993e-11
      11.0000      280.037  2.19059e-08  3.37642e-11
      11.0000      280.271  2.17576e-08  3.17424e-11
      11.0000      280.504  2.08175e-08  2.99577e-11
      11.0000      280.738  2.19151e-08  3.27541e-11
      11.0000      280.971  2.18252e-08  3.23349e-11
      11.0000      281.206  2.19653e-08  3.25633e-11
      11.0000      281.440  2.26120e-08  3.30496e-11
      11.0000      281.675  2.26250e-08  3.26764e-11
      11.0000      281.910  2.14903e-08  3.14772e-11
      11.0000      282.145  2.16255e-08  3.19609e-11
      11.0000      282.381  2.10381e-08  3.08882e-11
      11.0000      282.616  2.04746e-08  2.96679e-11
      11.0000      282.851  2.02029e-08  2.94216e-11
      11.0000      283.087  1.97767e-08  2.91126e-11
      11.0000      283.323  1.94067e-08          NaN
      11.0000      283.559  1.94708e-08          NaN
      11.0000      283.796  2.02399e-08  2.92992e-11
      11.0000      284.032  1.97588e-08  2.81507e-11
      11.0000      284.269  2.01379e-08  2.89009e-11
      11.0000      284.506  2.00763e-08  2.91042e-11
      11.0000      284.743  1.95547e-08  2.77761e-11
      11.0000      284.981  1.94648e-08  2.64863e-11
      11.0000      285.218  1.98364e-08  2.75097e-11
      11.0000      285.456  1.96607e-08  2.77086e-11
      11.0000      285.694  1.92116e-08  2.77968e-11
      11.0000      285.932  1.86298e-08  2.62143e-11
      11.0000      286.171  1.84241e-08  2.54756e-11
      11.0000      286.409  1.82376e-08  2.54003e-11
      11.0000      286.648  1.77111e-08  2.52907e-11
      11.0000      286.887  1.83300e-08  2.69380e-11
      11.0000      287.126  1.89290e-08  2.71876e-11
      11.0000      287.365  1.86807e-08  2.62174e-11
      11.0000      287.605  1.85227e-08  2.64449e-11
      11.0000      287.844  1.84284e-08  2.74929e-11
      11.0000      288.085  1.83001e-08  2.76245e-11
      11.0000      288.325  1.84872e-08          NaN
      11.0000      288.565  1.83265e-08          NaN
      11.0000      288.806  1.84061e-08  2.91414e-11
      11.0000      289.047  1.81242e-08  3.00129e-11
      11.0000      289.287  1.86265e-08  3.14075e-11
      11.0000      289.529  1.82089e-08  3.02156e-11
      11.0000      289.770  1.88804e-08  3.15974e-11
      11.0000      290.011  1.78947e-08  2.99939e-11
      11.0000      290.254  1.71469e-08  2.91473e-11
      11.0000      290.495  1.73616e-08  2.95049e-11
      11.0000      290.737  1.72622e-08  2.82452e-11
      11.0000      290.980  1.70337e-08  2.71363e-11
      11.0000      291.223  1.72645e-08  2.76296e-11
      11.0000      291.465  1.71555e-08  2.83624e-11
      11.0000      291.708  1.67335e-08  2.78493e-11
      11.0000      291.951  1.66175e-08  2.81895e-11
      11.0000      292.195  1.61803e-08  2.77624e-11
      11.0000      292.439  1.60455e-08  2.87776e-11
      11.0000      292.683  1.58747e-08  2.95863e-11
      11.0000      292.926  1.58043e-08  2.93809e-11
      11.0000      293.171  1.54749e-08  2.93536e-11
      12.0000      295.377  1.66022e-08  2.82026e-11
      12.0000      295.624  1.66768e-08  2.86333e-11
      12.0000      295.870  1.61771e-08  2.91118e-11
      12.0000      296.117  1.49355e-08  2.76109e-11
      12.0000      296.364  1.52640e-08  2.66647e-11
      12.0000      296.611  1.50953e-08  2.46329e-11
      12.0000      296.858  1.57377e-08  2.55214e-11
      12.0000      297.105  1.56261e-08  2.59812e-11
      12.0000      297.354  1.62178e-08  2.75560e-11
      12.0000      297.601  1.53954e-08  2.49043e-11
      12.0000      297.850  1.54517e-08  2.21306e-11
      12.0000      298.097  1.53757e-08  2.04948e-11
      12.0000      298.346  1.56970e-08  2.15963e-11
      12.0000      298.595  1.62137e-08  2.41600e-11
      12.0000      298.844  1.56176e-08  2.34469e-11
      12.0000      299.093  1.54989e-08  2.18834e-11
      12.0000      299.342  1.53690e-08  2.05621e-11
      12.0000      299.592  1.50512e-08  1.97979e-11
      12.0000      299.842  1.49051e-08          NaN
      12.0000      300.091  1.68312e-08          NaN
      12.0000      300.342  1.59386e-08  2.21079e-11
      12.0000      300.592  1.54465e-08  2.14135e-11
      12.0000      300.843  1.48744e-08  1.98826e-11
      12.0000      301.093  1.45331e-08  2.07660e-11
      12.0000      301.345  1.45730e-08  7.33210e-11
      12.0000      301.595  1.46577e-08  1.65743e-11
      12.0000      301.848  1.44721e-08  1.69050e-11
      12.0000      302.099  1.43469e-08  1.85003e-11
      12.0000      302.350  1.41903e-08  1.88533e-11
      12.0000      302.603  1.42844e-08  1.82510e-11
      12.0000      302.855  1.49550e-08  1.78539e-11
      12.0000      303.107  1.50864e-08  1.82218e-11
      12.0000      303.360  1.44731e-08  1.74205e-11
      12.0000      303.614  1.39984e-08  1.66168e-11
      12.0000      303.866  1.41101e-08  1.66573e-11
      12.0000      304.120  1.40102e-08  1.66216e-11
      12.0000      304.373  1.37982e-08  1.70174e-11
      12.0000      304.627  1.37584e-08  1.72305e-11
      12.0000      304.881  1.37605e-08  1.64601e-11
      12.0000      305.135  1.36888e-08  1.49246e-11
      12.0000      305.389  1.36476e-08  1.43849e-11
      12.0000      305.644  1.35454e-08  1.45484e-11
      12.0000      305.899  1.35163e-08  1.48061e-11
      12.0000      306.154  1.34536e-08          NaN
      12.0000      306.409  1.33576e-08          NaN
      12.0000      306.665  1.32641e-08  1.61168e-11
      12.0000      306.921  1.34151e-08  1.74326e-11
      12.0000      307.176  1.31021e-08  1.66637e-11
      12.0000      307.432  1.39114e-08  1.66217e-11
      12.0000      307.689  1.35887e-08  1.55629e-11
      12.0000      307.945  1.35234e-08  1.52946e-11
      12.0000      308.202  1.33111e-08  1.44916e-11
      12.0000      308.458  1.31576e-08  1.33613e-11
      12.0000      308.715  1.31006e-08          NaN
      12.0000      308.973  1.28762e-08          NaN
      12.0000      309.231  1.26769e-08  1.32711e-11
      12.0000      309.488  1.27538e-08  1.37132e-11
      12.0000      309.746  1.28475e-08  1.39315e-11
      12.0000      310.004  1.27700e-08  1.42438e-11
      12.0000      310.263  1.27332e-08  1.51701e-11
      12.0000      310.522  1.27500e-08  1.56604e-11
      12.0000      310.781  1.24824e-08  1.46775e-11
      12.0000      311.040  1.27672e-08  1.40929e-11
      12.0000      311.300  1.29443e-08  1.43628e-11
      12.0000      311.559  1.26779e-08  1.43818e-11
      12.0000      311.819  1.25057e-08          NaN
      12.0000      312.079  1.25817e-08          NaN
      12.0000      312.339  1.26325e-08  1.31898e-11
      12.0000      312.599  1.24259e-08  1.36061e-11
      12.0000      312.860  1.23028e-08  1.41176e-11
      12.0000      313.120  1.22842e-08  1.36582e-11
      12.0000      313.381  1.24273e-08  1.30883e-11
      12.0000      313.643  1.23595e-08          NaN
      12.0000      313.905  1.23074e-08          NaN
      12.0000      314.166  1.23706e-08          NaN
      12.0000      314.428  1.24103e-08          NaN
      12.0000      314.690  1.24925e-08  1.45699e-11
      12.0000      314.953  1.22656e-08  1.41704e-11
      12.0000      315.215  1.26963e-08  1.41018e-11
      12.0000      315.477  1.29324e-08  1.32773e-11
      12.0000      315.740  1.24164e-08  1.20425e-11
      12.0000      316.004  1.22721e-08  1.24275e-11
      12.0000      316.268  1.20713e-08  1.33931e-11
      12.0000      316.531  1.20136e-08  1.38171e-11
      12.0000      316.795  1.22251e-08  1.35381e-11
      12.0000      317.059  1.21155e-08  1.29958e-11
      12.0000      317.323  1.20671e-08  1.35950e-11
      12.0000      317.587  1.15726e-08  1.33014e-11
      12.0000      317.853  1.14177e-08  1.24233e-11
      12.0000      318.118  1.15849e-08  1.34427e-11
      12.0000      318.383  1.13845e-08  1.55521e-11
      12.0000      318.648  1.16465e-08  1.47938e-11
      12.0000      318.914  1.18992e-08  1.39938e-11
      13.0000      319.180  1.19054e-08          NaN
      13.0000      319.446  1.21723e-08          NaN
      13.0000      319.713  1.19817e-08  1.90669e-11
      13.0000      319.978  1.17604e-08  2.07039e-11
      13.0000      320.246  1.18948e-08  1.90909e-11
      13.0000      320.513  1.19801e-08  1.59097e-11
      13.0000      320.780  1.17821e-08  1.47272e-11
      13.0000      321.047  1.16570e-08  1.57646e-11
      13.0000      321.315  1.15936e-08          NaN
      13.0000      321.583  1.16068e-08          NaN
      13.0000      321.851  1.16709e-08          NaN
      13.0000      322.119  1.15718e-08  1.18058e-11
      13.0000      322.387  1.15772e-08          NaN
      13.0000      322.657  1.15648e-08          NaN
      13.0000      322.925  1.17003e-08  1.28927e-11
      13.0000      323.195  1.17176e-08  1.38994e-11
      13.0000      323.464  1.17541e-08  1.44101e-11
      13.0000      323.734  1.17678e-08  1.31134e-11
      13.0000      324.003  1.16911e-08  1.12389e-11
      13.0000      324.273  1.16956e-08  1.09252e-11
      13.0000      324.544  1.15875e-08  1.17160e-11
      13.0000      324.815  1.16451e-08  1.22265e-11
      13.0000      325.085  1.15717e-08  1.11346e-11
      13.0000      325.357  1.14772e-08  1.02522e-11
      13.0000      325.628  1.14549e-08  1.03263e-11
      13.0000      325.900  1.13405e-08  1.04874e-11
      13.0000      326.171  1.13930e-08  1.02985e-11
      13.0000      326.443  1.14497e-08  1.04432e-11
      13.0000      326.715  1.13891e-08  1.16895e-11
      13.0000      326.988  1.13090e-08  1.30142e-11
      13.0000      327.259  1.15216e-08  1.28261e-11
      13.0000      327.533  1.15428e-08  1.10407e-11
      13.0000      327.805  1.13947e-08  9.87081e-12
      13.0000      328.079  1.11624e-08  9.38011e-12
      13.0000      328.352  1.11033e-08          NaN
      13.0000      328.626  1.11108e-08          NaN
      13.0000      328.900  1.10226e-08  8.75008e-12
      13.0000      329.175  1.08126e-08  1.00728e-11
      13.0000      329.449  1.09281e-08  1.16817e-11
      13.0000      329.724  1.09773e-08  1.15876e-11
      13.0000      329.998  1.09731e-08  1.08512e-11
      13.0000      330.274  1.09394e-08  1.08196e-11
      13.0000      330.549  1.08271e-08  1.05874e-11
      13.0000      330.825  1.09496e-08          NaN
      13.0000      331.101  1.10309e-08          NaN
      13.0000      331.376  1.10682e-08          NaN
      13.0000      331.653  1.10305e-08          NaN
      13.0000      331.929  1.08148e-08  8.89905e-12
      13.0000      332.206  1.08883e-08  9.03261e-12
      13.0000      332.483  1.08921e-08  9.70788e-12
      13.0000      332.760  1.08346e-08  1.12107e-11
      13.0000      333.037  1.08325e-08  1.19601e-11
      13.0000      333.316  1.10440e-08  1.14596e-11
      13.0000      333.592  1.09128e-08  1.04266e-11
      13.0000      333.871  1.08732e-08  1.01706e-11
      13.0000      334.150  1.08721e-08  1.00512e-11
      13.0000      334.428  1.08154e-08  8.82140e-12
      13.0000      334.707  1.09472e-08  7.90027e-12
      13.0000      334.986  1.08871e-08  7.82447e-12
      13.0000      335.264  1.06913e-08  8.28065e-12
      13.0000      335.545  1.06069e-08  8.44553e-12
      13.0000      335.824  1.06372e-08  8.41855e-12
      13.0000      336.104  1.05703e-08  9.01127e-12
      13.0000      336.384  1.02097e-08  9.78570e-12
      13.0000      336.665  1.03645e-08  1.05275e-11
      13.0000      336.945  1.14680e-08          NaN
      13.0000      337.226  1.09439e-08          NaN
      13.0000      337.507  1.04705e-08  1.07580e-11
      13.0000      337.789  1.05094e-08  1.06829e-11
      13.0000      338.071  1.07308e-08  1.00602e-11
      13.0000      338.352  1.06712e-08  9.62031e-12
      13.0000      338.634  1.06106e-08  1.03126e-11
      13.0000      338.916  1.04894e-08  1.10053e-11
      13.0000      339.199  1.05133e-08  1.08942e-11
      13.0000      339.482  1.06689e-08  1.08854e-11
      13.0000      339.765  1.08041e-08  1.16193e-11
      13.0000      340.048  1.02519e-08  1.20053e-11
      13.0000      340.332  1.07993e-08  1.19484e-11
      13.0000      340.616  1.06675e-08  1.07109e-11
      13.0000      340.899  1.05173e-08  1.06559e-11
      13.0000      341.184  1.04153e-08  1.07892e-11
      13.0000      341.468  1.03061e-08          NaN
      13.0000      341.753  1.02968e-08          NaN
      13.0000      342.038  1.04181e-08  9.60650e-12
      13.0000      342.323  1.04870e-08  1.05703e-11
      13.0000      342.608  1.03673e-08  1.09289e-11
      13.0000      342.894  1.04003e-08  1.07113e-11
      4.00000      343.180  1.03821e-08  1.09750e-11
      4.00000      343.466  1.03610e-08  1.19558e-11
      4.00000      343.752  1.01862e-08  1.18784e-11
      4.00000      344.039  1.03463e-08          NaN
      4.00000      344.325  1.04258e-08          NaN
      4.00000      344.612  1.06127e-08  1.21116e-11
      14.0000      344.900  1.01773e-08  1.34530e-11
      14.0000      345.187  1.04467e-08  1.25728e-11
      14.0000      345.476  1.03073e-08  1.14412e-11
      14.0000      345.764  1.02232e-08  1.14811e-11
      14.0000      346.052  9.98416e-09  1.12202e-11
      14.0000      346.340  1.00305e-08  1.08416e-11
      14.0000      346.629  1.00161e-08  1.15543e-11
      14.0000      346.917  9.93670e-09  1.30879e-11
      14.0000      347.207  9.85050e-09  1.30246e-11
      14.0000      347.496  9.96508e-09  1.08962e-11
      14.0000      347.786  1.00912e-08  9.49527e-12
      14.0000      348.077  9.94934e-09  9.56988e-12
      14.0000      348.367  9.83296e-09  1.00582e-11
      14.0000      348.657  9.97941e-09  1.04047e-11
      14.0000      348.948  1.00156e-08  1.08612e-11
      14.0000      349.239  9.84358e-09  1.17251e-11
      14.0000      349.529  9.86763e-09  1.19462e-11
      14.0000      349.820  1.01717e-08  1.10723e-11
      14.0000      350.112  1.02389e-08  1.02062e-11
      14.0000      350.404  1.03950e-08  1.09566e-11
      14.0000      350.696  1.07469e-08  1.19039e-11
      14.0000      350.989  1.11388e-08  1.17389e-11
      14.0000      351.281  1.14263e-08          NaN
      14.0000      351.574  1.08428e-08          NaN
      14.0000      351.867  9.93075e-09          NaN
      14.0000      352.161  9.66480e-09          NaN
      14.0000      352.454  9.33436e-09  8.50217e-12
      14.0000      352.749  9.27677e-09  8.53376e-12
      14.0000      353.043  9.23659e-09          NaN
      14.0000      353.337  9.15859e-09          NaN
      14.0000      353.632  9.28621e-09  9.28135e-12
      14.0000      353.926  9.28059e-09          NaN
      14.0000      354.221  1.08845e-08          NaN
      14.0000      354.517  1.01503e-08  1.00055e-11
      14.0000      354.812  9.12951e-09  8.10083e-12
      14.0000      355.107  9.11132e-09  7.64149e-12
      14.0000      355.404  9.08451e-09  7.97847e-12
      14.0000      355.700  9.02205e-09          NaN
      14.0000      355.996  9.29849e-09          NaN
      14.0000      356.294  9.36400e-09  8.36135e-12
      14.0000      356.590  9.36522e-09  9.37353e-12
      14.0000      356.888  9.39646e-09  9.45012e-12
      14.0000      357.185  9.46515e-09  9.10202e-12
      14.0000      357.482  9.26031e-09  9.27914e-12
      14.0000      357.780  9.03251e-09  9.50078e-12
      14.0000      358.079  8.97576e-09          NaN
      14.0000      358.378  8.66955e-09          NaN
      14.0000      358.676  8.67786e-09  7.43028e-12
      14.0000      358.976  8.73751e-09  7.78606e-12
      14.0000      359.275  9.09733e-09  7.85670e-12
      14.0000      359.575  8.88195e-09  7.19019e-12
      14.0000      359.874  8.54467e-09          NaN
      14.0000      360.175  8.49421e-09          NaN
      14.0000      360.475  8.67472e-09          NaN
      14.0000      360.775  9.02723e-09          NaN
      14.0000      361.076  9.01379e-09  7.89554e-12
      14.0000      361.377  8.93499e-09  8.44824e-12
      14.0000      361.678  9.11752e-09          NaN
      14.0000      361.979  9.11850e-09          NaN
      14.0000      362.282  9.05242e-09  9.27667e-12
      14.0000      362.583  8.88983e-09  1.00308e-11
      14.0000      362.886  9.00125e-09  9.83321e-12
      14.0000      363.189  9.06489e-09  9.49752e-12
      14.0000      363.491  9.10853e-09          NaN
      14.0000      363.794  8.77120e-09          NaN
      14.0000      364.097  8.97185e-09  9.31810e-12
      14.0000      364.401  8.99239e-09  8.89042e-12
      14.0000      364.704  8.43226e-09  8.68863e-12
      14.0000      365.009  8.57495e-09  8.94993e-12
      14.0000      365.313  9.05478e-09          NaN
      14.0000      365.617  8.30952e-09          NaN
      14.0000      365.922  8.35038e-09          NaN
      14.0000      366.228  8.38837e-09          NaN
      14.0000      366.533  8.69031e-09  8.59498e-12
      14.0000      366.838  8.61453e-09  8.35835e-12
      4.00000      367.144  8.26156e-09  8.52029e-12
      4.00000      367.450  8.19499e-09  8.65974e-12
      4.00000      367.757  8.27192e-09  8.17065e-12
      4.00000      368.062  8.21820e-09          NaN
      4.00000      368.370  8.13690e-09          NaN
      4.00000      368.677  8.16463e-09  8.92370e-12
      4.00000      368.985  8.27944e-09  8.60867e-12
      4.00000      369.293  8.10317e-09  8.46020e-12
      4.00000      369.600  8.04588e-09  9.26469e-12
      4.00000      369.909  8.02198e-09  9.31541e-12
      4.00000      370.217  8.09655e-09  8.87004e-12
      4.00000      370.525  7.98435e-09          NaN
      15.0000      370.835  7.87536e-09  9.50869e-12
      15.0000      371.143  7.87272e-09  9.25686e-12
      15.0000      371.453  7.96893e-09  9.50779e-12
      15.0000      371.762  7.88236e-09  1.05877e-11
      15.0000      372.072  7.72799e-09          NaN
      15.0000      372.383  7.71032e-09          NaN
      15.0000      372.692  7.62353e-09  7.70236e-12
      15.0000      373.003  7.48132e-09  7.79620e-12
      15.0000      373.314  7.50552e-09          NaN
      15.0000      373.626  7.48341e-09          NaN
      15.0000      373.937  7.57055e-09  8.81557e-12
      15.0000      374.249  7.48397e-09  9.43527e-12
      15.0000      374.561  7.40445e-09  8.69796e-12
      15.0000      374.873  7.47900e-09  7.47879e-12
      15.0000      375.185  7.43558e-09  6.98026e-12
      15.0000      375.498  7.23991e-09  7.20754e-12
      15.0000      375.811  7.24692e-09  7.19014e-12
      15.0000      376.125  7.40750e-09  7.31211e-12
      15.0000      376.438  7.29084e-09  8.05976e-12
      15.0000      376.753  7.11743e-09  8.64287e-12
      15.0000      377.067  7.11100e-09  7.80576e-12
      15.0000      377.381  7.21464e-09          NaN
      15.0000      377.695  7.09821e-09          NaN
      15.0000      378.010  7.03004e-09  6.79380e-12
      15.0000      378.325  7.14880e-09  6.38688e-12
      15.0000      378.640  7.14033e-09  6.37834e-12
      15.0000      378.956  6.95760e-09  6.95770e-12
      15.0000      379.272  6.92764e-09          NaN
      15.0000      379.589  7.03536e-09          NaN
      15.0000      379.905  6.93957e-09  7.36080e-12
      15.0000      380.222  6.74220e-09  7.51868e-12
      15.0000      380.539  6.72819e-09  7.02484e-12
      15.0000      380.855  6.63298e-09          NaN
      15.0000      381.173  6.53471e-09          NaN
      15.0000      381.492  6.40585e-09  6.00050e-12
      15.0000      381.809  6.57899e-09  5.73996e-12
      15.0000      382.127  6.76711e-09  5.64049e-12
      15.0000      382.446  6.65871e-09  6.07074e-12
      15.0000      382.765  6.56094e-09  6.31646e-12
      15.0000      383.085  6.77540e-09  6.41892e-12
      15.0000      383.403  6.60024e-09  6.62401e-12
      15.0000      383.723  6.45540e-09  7.58962e-12
      15.0000      384.044  6.53198e-09  7.86156e-12
      15.0000      384.363  6.61299e-09  7.16204e-12
      15.0000      384.683  6.80667e-09  7.31958e-12
      15.0000      385.005  6.40703e-09  6.98456e-12
      15.0000      385.325  6.46295e-09  6.38156e-12
      15.0000      385.646  6.50151e-09  5.66116e-12
      15.0000      385.968  6.34175e-09  5.55526e-12
      15.0000      386.290  6.22210e-09  5.66468e-12
      15.0000      386.612  6.26732e-09  5.40101e-12
      15.0000      386.934  6.26891e-09  5.38510e-12
      15.0000      387.256  6.11371e-09  5.78576e-12
      15.0000      387.580  6.12821e-09  5.95259e-12
      15.0000      387.902  6.21761e-09  5.73719e-12
      15.0000      388.226  6.10940e-09  5.78700e-12
      15.0000      388.550  5.96465e-09  6.02750e-12
      15.0000      388.874  6.08757e-09  5.82762e-12
      15.0000      389.197  6.15990e-09  5.64834e-12
      15.0000      389.522  5.97752e-09  6.05362e-12
      15.0000      389.847  5.87024e-09  6.45731e-12
      15.0000      390.172  5.95266e-09  6.42584e-12
      15.0000      390.497  5.96892e-09  6.72045e-12
      15.0000      390.823  5.78466e-09  7.43122e-12
      4.00000      391.149  5.69779e-09  7.53893e-12
      4.00000      391.475  5.83220e-09  7.15804e-12
      4.00000      391.802  5.81033e-09  7.27505e-12
      4.00000      392.128  5.63714e-09  7.46810e-12
      4.00000      392.455  5.65486e-09  7.16568e-12
      4.00000      392.782  5.70602e-09  6.87371e-12
      4.00000      393.110  5.46572e-09  7.33474e-12
      4.00000      393.437  5.36561e-09  7.87743e-12
      4.00000      393.766  5.39138e-09  7.56208e-12
      4.00000      394.093  5.45295e-09  7.87170e-12
      4.00000      394.421  5.35886e-09  8.80867e-12
      4.00000      394.751  5.28788e-09  8.36776e-12
      4.00000      395.080  5.43168e-09  7.76353e-12
      4.00000      395.409  5.40634e-09  7.77057e-12
      4.00000      395.739  5.34759e-09  7.99076e-12
      4.00000      396.069  5.30684e-09  7.44546e-12
      4.00000      396.399  5.32756e-09  7.39297e-12
      16.0000      396.729  5.10235e-09          NaN
      16.0000      397.060  4.97995e-09          NaN
      16.0000      397.392  5.11643e-09          NaN
      16.0000      397.722  5.07074e-09          NaN
      16.0000      398.054  4.93049e-09  6.64212e-12
      16.0000      398.386  5.02442e-09  6.13363e-12
      16.0000      398.718  5.09760e-09  5.93196e-12
      16.0000      399.050  4.94890e-09  6.56903e-12
      16.0000      399.383  4.86442e-09  7.12273e-12
      16.0000      399.717  4.92408e-09  6.56502e-12
      16.0000      400.050  4.90556e-09  6.12003e-12
      16.0000      400.383  4.73663e-09  6.15213e-12
      16.0000      400.716  4.75911e-09  5.88598e-12
      16.0000      401.051  4.82013e-09  5.55963e-12
      16.0000      401.386  4.72623e-09  5.79180e-12
      16.0000      401.719  4.66378e-09  6.01515e-12
      16.0000      402.055  4.74972e-09  5.91122e-12
      16.0000      402.390  4.81242e-09  6.12460e-12
      16.0000      402.726  4.60329e-09          NaN
      16.0000      403.062  4.64130e-09          NaN
      16.0000      403.397  4.60797e-09          NaN
      16.0000      403.734  4.56152e-09  5.31098e-12
      16.0000      404.070  4.47896e-09          NaN
      16.0000      404.406  4.54556e-09          NaN
      16.0000      404.744  4.52287e-09  5.04777e-12
      16.0000      405.081  4.41222e-09  5.33371e-12
      16.0000      405.420  4.41265e-09  5.32808e-12
      16.0000      405.757  4.47379e-09  5.37830e-12
      16.0000      406.095  4.36274e-09  5.89069e-12
      16.0000      406.435  4.28416e-09  6.14936e-12
      16.0000      406.774  4.34878e-09          NaN
      16.0000      407.111  4.35543e-09          NaN
      16.0000      407.451  4.26092e-09  5.40322e-12
      16.0000      407.790  4.27485e-09  5.12369e-12
      16.0000      408.132  4.32060e-09  4.58382e-12
      16.0000      408.472  4.22067e-09  4.51585e-12
      16.0000      408.812  4.16332e-09  4.52260e-12
      16.0000      409.152  4.21583e-09  4.35740e-12
      16.0000      409.494  4.14075e-09  4.60022e-12
      16.0000      409.834  4.00922e-09          NaN
      16.0000      410.177  4.04017e-09          NaN
      16.0000      410.519  4.12155e-09  5.55508e-12
      16.0000      410.862  3.86323e-09  5.90216e-12
      16.0000      411.203  3.82910e-09  6.32361e-12
      16.0000      411.546  4.00320e-09  5.81583e-12
      16.0000      411.889  4.01273e-09  5.52334e-12
      16.0000      412.233  3.83649e-09  5.53509e-12
      16.0000      412.577  3.84229e-09  5.26538e-12
      16.0000      412.919  3.88453e-09  4.92199e-12
      16.0000      413.264  3.76073e-09  5.13129e-12
      16.0000      413.609  3.70447e-09  5.43995e-12
      16.0000      413.954  3.80210e-09  5.05123e-12
      16.0000      414.298  3.80164e-09          NaN
      16.0000      414.644  3.69413e-09          NaN
      16.0000      414.989  3.74105e-09  4.62758e-12
      4.00000      415.336  3.68212e-09  4.26477e-12
      4.00000      415.683  3.58190e-09  4.40693e-12
      4.00000      416.029  3.49277e-09  4.54049e-12
      4.00000      416.375  3.55098e-09  4.46336e-12
      4.00000      416.722  3.53670e-09  4.68192e-12
      4.00000      417.070  3.43111e-09  4.94905e-12
      4.00000      417.418  3.47231e-09  4.81736e-12
      4.00000      417.767  3.51495e-09  4.69354e-12
      4.00000      418.114  3.41813e-09  4.75292e-12
      4.00000      418.463  3.37328e-09  4.61979e-12
      4.00000      418.811  3.48599e-09  4.46570e-12
      4.00000      419.161  3.39969e-09          NaN
      4.00000      419.511  3.32640e-09          NaN
      4.00000      419.859  3.41047e-09          NaN
      4.00000      420.210  3.35388e-09          NaN
      4.00000      420.560  3.23171e-09          NaN
      4.00000      420.911  3.21780e-09          NaN
      4.00000      421.262  3.29704e-09  5.06974e-12
      4.00000      421.614  3.26155e-09  5.20801e-12
      4.00000      421.964  3.20589e-09  5.14675e-12
      4.00000      422.317  3.22148e-09  4.97062e-12
      17.0000      422.669  3.09107e-09          NaN
      17.0000      423.021  3.04366e-09          NaN
      17.0000      423.374  3.14709e-09          NaN
      17.0000      423.727  3.12920e-09  6.63893e-12
      17.0000      424.079  3.05824e-09  6.90924e-12
      17.0000      424.434  3.10423e-09  5.92764e-12
      17.0000      424.787  3.09035e-09          NaN
      17.0000      425.141  2.98549e-09          NaN
      17.0000      425.496  2.87629e-09          NaN
      17.0000      425.851  2.94481e-09          NaN
      17.0000      426.205  2.90141e-09  5.12835e-12
      17.0000      426.561  2.82397e-09  5.76538e-12
      17.0000      426.916  2.90921e-09  5.80016e-12
      17.0000      427.272  2.92398e-09  5.52661e-12
      17.0000      427.628  2.84512e-09  5.25454e-12
      17.0000      427.985  2.86545e-09  4.66585e-12
      17.0000      428.343  2.89072e-09  4.10360e-12
      17.0000      428.699  2.77671e-09          NaN
      17.0000      429.056  2.74275e-09          NaN
      17.0000      429.415  2.82337e-09  4.11713e-12
      17.0000      429.771  2.78709e-09  4.49955e-12
      17.0000      430.130  2.71066e-09  4.89318e-12
      17.0000      430.489  2.78272e-09  4.90452e-12
      17.0000      430.847  2.80328e-09          NaN
      17.0000      431.207  2.72290e-09          NaN
      17.0000      431.566  2.69312e-09          NaN
      17.0000      431.926  2.72950e-09          NaN
      17.0000      432.287  2.63565e-09          NaN
      17.0000      432.646  2.62224e-09  3.95745e-12
      17.0000      433.007  2.65799e-09  3.72654e-12
      17.0000      433.368  2.64035e-09  3.78246e-12
      17.0000      433.730  2.58979e-09  3.79796e-12
      17.0000      434.092  2.61950e-09  3.61854e-12
      17.0000      434.452  2.58090e-09  3.70581e-12
      17.0000      434.815  2.50889e-09  3.91942e-12
      17.0000      435.178  2.53694e-09  3.93308e-12
      17.0000      435.540  2.51731e-09  4.11821e-12
      17.0000      435.905  2.45625e-09  4.57262e-12
      17.0000      436.268  2.47857e-09          NaN
      17.0000      436.630  2.51704e-09          NaN
      17.0000      436.994  2.43007e-09  4.70570e-12
      17.0000      437.359  2.39239e-09  4.46311e-12
      17.0000      437.723  2.45761e-09  4.06970e-12
      17.0000      438.089  2.37905e-09          NaN
      17.0000      438.454  2.36162e-09          NaN
      17.0000      438.820  2.36723e-09  3.77805e-12
      17.0000      439.186  2.32798e-09  3.70140e-12
      4.00000      439.551  2.26010e-09  3.80935e-12
      4.00000      439.918  2.24264e-09  3.70750e-12
      4.00000      440.284  2.21987e-09  3.45358e-12
      4.00000      440.651  2.15771e-09  3.52020e-12
      4.00000      441.018  2.17797e-09  3.45466e-12
      4.00000      441.386  2.21941e-09  3.44050e-12
      4.00000      441.755  2.15254e-09  3.59335e-12
      4.00000      442.124  2.18501e-09  3.79199e-12
      4.00000      442.492  2.21520e-09  3.75032e-12
      4.00000      442.860  2.11101e-09  3.64216e-12
      4.00000      443.229  2.08773e-09  3.63094e-12
      4.00000      443.599  2.12140e-09  3.51435e-12
      4.00000      443.969  2.08914e-09  3.56629e-12
      4.00000      444.340  2.06138e-09  3.66070e-12
      4.00000      444.709  2.10091e-09  3.62985e-12
      4.00000      445.079  2.08421e-09  3.76382e-12
      4.00000      445.452  2.02939e-09  3.91975e-12
      4.00000      445.824  2.05313e-09  3.87624e-12
      4.00000      446.194  2.06977e-09  3.85879e-12
      4.00000      446.566  2.02229e-09  3.88878e-12
      4.00000      446.939  2.03673e-09  3.80277e-12
      4.00000      447.311  2.01796e-09  3.76063e-12
      4.00000      447.684  1.95273e-09  3.92821e-12
      4.00000      448.057  1.94559e-09  4.05911e-12
      4.00000      448.431  1.96061e-09  4.12671e-12
      18.0000      448.805  1.89818e-09  5.32813e-12
      18.0000      449.180  1.87351e-09  4.62160e-12
      18.0000      449.553  1.91625e-09  3.98556e-12
      18.0000      449.928  1.89289e-09  3.75948e-12
      18.0000      450.302  1.96252e-09  3.82613e-12
      18.0000      450.678  1.94093e-09  3.73027e-12
      18.0000      451.054  1.83982e-09  4.09495e-12
      18.0000      451.431  1.80968e-09  4.53360e-12
      18.0000      451.806  1.81813e-09  4.62534e-12
      18.0000      452.184  1.79082e-09  4.53328e-12
      18.0000      452.560  1.75003e-09  4.11971e-12
      18.0000      452.938  1.80490e-09  3.52458e-12
      18.0000      453.315  1.79078e-09  3.28267e-12
      18.0000      453.694  1.73466e-09  3.26673e-12
      18.0000      454.071  1.75328e-09  3.20022e-12
      18.0000      454.450  1.75980e-09  3.49480e-12
      18.0000      454.829  1.71119e-09  3.82605e-12
      18.0000      455.208  1.72059e-09  3.85972e-12
      18.0000      455.587  1.73289e-09  4.00797e-12
      18.0000      455.967  1.64885e-09          NaN
      18.0000      456.348  1.68606e-09  3.84005e-12
      18.0000      456.727  1.69670e-09  3.42587e-12
      18.0000      457.109  1.62603e-09  3.44758e-12
      18.0000      457.490  1.62722e-09          NaN
      18.0000      457.871  1.65683e-09          NaN
      18.0000      458.253  1.60075e-09  3.32545e-12
      18.0000      458.636  1.60973e-09  3.24686e-12
      18.0000      459.017  1.64796e-09  3.01571e-12
      18.0000      459.400  1.59784e-09  3.03687e-12
      18.0000      459.783  1.58895e-09  2.99004e-12
      18.0000      460.166  1.61551e-09  2.99388e-12
      18.0000      460.549  1.55023e-09  3.36696e-12
      18.0000      460.934  1.52924e-09  3.70562e-12
      18.0000      461.318  1.56748e-09  3.79161e-12
      18.0000      461.702  1.52863e-09  4.09347e-12
      18.0000      462.088  1.47560e-09  4.24624e-12
      18.0000      462.473  1.56207e-09          NaN
      18.0000      462.858  1.50314e-09          NaN
      18.0000      463.244  1.46975e-09  3.55746e-12
      4.00000      463.631  1.41002e-09  3.34513e-12
      4.00000      464.018  1.36065e-09  3.43522e-12
      4.00000      464.403  1.37054e-09  3.71313e-12
      4.00000      464.792  1.37597e-09  3.56946e-12
      4.00000      465.179  1.36851e-09          NaN
      4.00000      465.567  1.37441e-09          NaN
      4.00000      465.955  1.41886e-09          NaN
      4.00000      466.342  1.40414e-09          NaN
      4.00000      466.731  1.36925e-09  2.99419e-12
      4.00000      467.122  1.39002e-09  3.05164e-12
      4.00000      467.510  1.37396e-09  3.18721e-12
      4.00000      467.900  1.34624e-09  3.43776e-12
      4.00000      468.290  1.35189e-09  3.42159e-12
      4.00000      468.680  1.33744e-09  3.31819e-12
      4.00000      469.072  1.32670e-09  3.27810e-12
      4.00000      469.462  1.35449e-09  3.10918e-12
      4.00000      469.854  1.33637e-09  3.07951e-12
      4.00000      470.245  1.28940e-09  3.30720e-12
      4.00000      470.637  1.29677e-09  3.53020e-12
      4.00000      471.029  1.27760e-09  3.80001e-12
      4.00000      471.422  1.23791e-09  4.02208e-12
      4.00000      471.816  1.28049e-09  3.94422e-12
      4.00000      472.208  1.29807e-09  3.79980e-12
      4.00000      472.603  1.26744e-09  3.77936e-12
      4.00000      472.997  1.28917e-09          NaN
      4.00000      473.391  1.26764e-09          NaN
      4.00000      473.785  1.20858e-09  4.24626e-12
      4.00000      474.181  1.22715e-09  4.63233e-12
      4.00000      474.577  1.21165e-09  4.76686e-12
      19.0000      474.971  1.14016e-09  5.87418e-12
      19.0000      475.367  1.19594e-09  4.73843e-12
      19.0000      475.765  1.20616e-09  4.01019e-12
      19.0000      476.161  1.15945e-09  3.85424e-12
      19.0000      476.558  1.16719e-09  3.74391e-12
      19.0000      476.954  1.16576e-09  3.95099e-12
      19.0000      477.352  1.12555e-09  4.37880e-12
      19.0000      477.751  1.14241e-09  4.50355e-12
      19.0000      478.149  1.15676e-09  4.59874e-12
      19.0000      478.547  1.12466e-09  4.73428e-12
      19.0000      478.946  1.16540e-09  4.24175e-12
      19.0000      479.345  1.16184e-09  3.73017e-12
      19.0000      479.745  1.11177e-09          NaN
      19.0000      480.146  1.12408e-09  3.52343e-12
      19.0000      480.545  1.10283e-09  3.46140e-12
      19.0000      480.945  1.07698e-09  3.49034e-12
      19.0000      481.348  1.09966e-09  3.30421e-12
      19.0000      481.749  1.09656e-09          NaN
      19.0000      482.151  1.07408e-09          NaN
      19.0000      482.551  1.10883e-09          NaN
      19.0000      482.954  1.09321e-09          NaN
      19.0000      483.356  1.06460e-09  3.92403e-12
      19.0000      483.760  1.06327e-09  4.08301e-12
      19.0000      484.163  1.07006e-09  4.17782e-12
      19.0000      484.567  1.04788e-09  3.86766e-12
      19.0000      484.971  1.05145e-09  3.39575e-12
      19.0000      485.376  1.01461e-09  3.05637e-12
      19.0000      485.779  1.03642e-09  2.90818e-12
      19.0000      486.185  1.03736e-09          NaN
      19.0000      486.590  9.97812e-10          NaN
      19.0000      486.995  1.00815e-09  3.01033e-12
      19.0000      487.401  1.00735e-09  3.02619e-12
      19.0000      487.807  9.31811e-10          NaN
      19.0000      488.215  9.61770e-10          NaN
      4.00000      488.622  9.08188e-10          NaN
      4.00000      489.029  8.89836e-10  2.83102e-12
      4.00000      489.436  8.84290e-10  2.87002e-12
      4.00000      489.845  8.84886e-10  3.12468e-12
      4.00000      490.254  8.65446e-10  3.38523e-12
      4.00000      490.663  9.20139e-10  3.44222e-12
      4.00000      491.070  8.90522e-10          NaN
      4.00000      491.480  8.75677e-10          NaN
      4.00000      491.889  9.23298e-10  3.37446e-12
      4.00000      492.300  8.93677e-10  3.42372e-12
      4.00000      492.710  8.55096e-10  3.60884e-12
      4.00000      493.121  8.90342e-10  3.81749e-12
      4.00000      493.532  8.43701e-10  4.12693e-12
      4.00000      493.944  8.38786e-10  4.24909e-12
      4.00000      494.354  8.90438e-10  4.18799e-12
      4.00000      494.768  8.87377e-10  4.26956e-12
      4.00000      495.179  8.63365e-10  4.07286e-12
      4.00000      495.592  8.70033e-10  4.04240e-12
      4.00000      496.005  8.63436e-10  4.37102e-12
      4.00000      496.418  8.60940e-10  4.53909e-12
      4.00000      496.833  8.64982e-10          NaN
      4.00000      497.248  8.76506e-10          NaN
      4.00000      497.661  8.58381e-10  4.73766e-12
      4.00000      498.077  8.66097e-10  4.62376e-12
      4.00000      498.492  8.42836e-10  4.77063e-12
      4.00000      498.907  8.58941e-10  4.50813e-12
      4.00000      499.323  8.34639e-10  4.67190e-12
      4.00000      499.740  8.11443e-10  4.99399e-12
      4.00000      500.158  8.32592e-10  4.95986e-12
      4.00000      500.573  8.24441e-10  4.99677e-12
      4.00000      500.992  8.11286e-10  4.93044e-12
      20.0000      501.409  8.27678e-10  3.82794e-12
      20.0000      501.827  8.05786e-10  3.49243e-12
      20.0000      502.245  8.07599e-10  4.16818e-12
      20.0000      502.664  8.11464e-10  4.63787e-12
      20.0000      503.081  7.89815e-10  3.40830e-12
      20.0000      503.502  7.87729e-10  3.44185e-12
      20.0000      503.921  7.86417e-10  3.46117e-12
      20.0000      504.342  7.84360e-10  3.58538e-12
      20.0000      504.762  7.88169e-10  3.64964e-12
      20.0000      505.183  8.00104e-10  3.59266e-12
      20.0000      505.605  8.05504e-10  3.56939e-12
      20.0000      506.027  7.81876e-10  3.27178e-12
      20.0000      506.447  7.75160e-10  3.12017e-12
      20.0000      506.871  7.61709e-10  2.89657e-12
      20.0000      507.292  7.53510e-10          NaN
      20.0000      507.715  7.69393e-10          NaN
      20.0000      508.138  7.79596e-10  2.56888e-12
      20.0000      508.562  7.42375e-10  2.69960e-12
      20.0000      508.986  7.30243e-10  2.84641e-12
      20.0000      509.411  7.30862e-10  3.01467e-12
      20.0000      509.835  7.20639e-10  3.12871e-12
      20.0000      510.261  7.38381e-10  3.14462e-12
      20.0000      510.686  7.28537e-10          NaN
      20.0000      511.112  7.23510e-10          NaN
      20.0000      511.538  7.12035e-10          NaN
      20.0000      511.965  7.07317e-10  3.20967e-12
      20.0000      512.392  7.03979e-10  3.21520e-12
      20.0000      512.818  7.08785e-10  3.05350e-12
      20.0000      513.244  7.06674e-10  2.91874e-12
      20.0000      513.674  7.04098e-10  2.72422e-12
      20.0000      514.102  6.90226e-10  2.68248e-12
      20.0000      514.530  6.96844e-10          NaN
      20.0000      514.960  6.92469e-10          NaN
      20.0000      515.390  6.57207e-10          NaN
      20.0000      515.818  6.61827e-10          NaN
      20.0000      516.249  6.60808e-10  3.59893e-12
      20.0000      516.678  6.61585e-10  3.74323e-12
      20.0000      517.109  6.87310e-10  3.76597e-12
      20.0000      517.539  6.77844e-10  4.28304e-12
      20.0000      517.971  6.72442e-10  4.88046e-12
      20.0000      518.403  6.81680e-10  5.75076e-12
      20.0000      518.836  6.55642e-10  7.23471e-12
      20.0000      519.267  6.30477e-10          NaN
      20.0000      519.702  6.21861e-10          NaN
      20.0000      520.134  5.79745e-10  8.93324e-12
      20.0000      520.568  6.53947e-10          NaN
      20.0000      521.002  6.34864e-10          NaN
      20.0000      521.436  5.38967e-10          NaN
      20.0000      521.872  5.95744e-10          NaN
      20.0000      522.308  5.34879e-10          NaN
      20.0000      522.742  5.18595e-10  1.76668e-11
      20.0000      523.177  6.14829e-10  1.62585e-11
      20.0000      523.615  5.43609e-10  1.73462e-11
      20.0000      524.051  4.71975e-10  1.85981e-11
      20.0000      524.488  4.78214e-10  1.89274e-11
      20.0000      524.923  4.26265e-10          NaN
      20.0000      525.362  5.44620e-10          NaN
      20.0000      525.801  5.21860e-10  3.07115e-11
      20.0000      526.238  4.90633e-10  3.19184e-11
      20.0000      526.676  5.26645e-10  2.88620e-11
