      11.0000      271.534  2.79629e-08  1.35469e-10
      11.0000      271.761  2.81061e-08  1.47584e-10
      11.0000      271.987  3.01225e-08  1.34251e-10
      11.0000      272.214  3.12464e-08  1.36211e-10
      11.0000      272.441  3.09778e-08  1.39526e-10
      11.0000      272.668  3.32778e-08          NaN
      11.0000      272.895  3.21503e-08          NaN
      11.0000      273.123  3.33165e-08  3.01006e-10
      11.0000      273.350  3.06158e-08  2.17913e-10
      11.0000      273.578  2.96947e-08  1.34161e-10
      11.0000      273.806  2.79772e-08  1.65092e-10
      11.0000      274.035  2.45124e-08  1.10499e-10
      11.0000      274.263  2.40514e-08  1.01001e-10
      11.0000      274.492  2.51231e-08  9.47853e-11
      11.0000      274.721  2.69326e-08  9.50457e-11
      11.0000      274.950  2.60395e-08          NaN
      11.0000      275.179  2.55824e-08          NaN
      11.0000      275.409  2.63882e-08  1.00981e-10
      11.0000      275.638  2.58856e-08  9.95070e-11
      11.0000      275.867  2.66409e-08  1.02384e-10
      11.0000      276.097  2.67537e-08  1.04579e-10
      11.0000      276.328  2.51133e-08  9.13087e-11
      11.0000      276.558  2.44834e-08  8.74021e-11
      11.0000      276.789  2.35243e-08  7.68213e-11
      11.0000      277.020  2.45384e-08  8.48357e-11
      11.0000      277.250  2.38226e-08  8.07325e-11
      11.0000      277.482  2.42399e-08  8.28885e-11
      11.0000      277.713  2.32150e-08  7.95803e-11
      11.0000      277.945  2.00743e-08  6.55881e-11
      11.0000      278.177  2.03102e-08  6.64056e-11
      11.0000      278.408  2.06427e-08          NaN
      11.0000      278.640  2.34365e-08          NaN
      11.0000      278.872  2.44424e-08          NaN
      11.0000      279.105  2.36688e-08  8.77985e-11
      11.0000      279.337  2.36664e-08  8.71777e-11
      11.0000      279.571  2.33171e-08  8.05504e-11
      11.0000      279.804  2.21291e-08  7.51307e-11
      11.0000      280.037  2.21361e-08  6.77921e-11
      11.0000      280.271  2.20833e-08  6.38207e-11
      11.0000      280.504  2.11510e-08  6.02721e-11
      11.0000      280.738  2.22372e-08  6.57610e-11
      11.0000      280.971  2.21935e-08  6.50804e-11
      11.0000      281.206  2.23069e-08  6.52956e-11
      11.0000      281.440  2.30492e-08  6.66697e-11
      11.0000      281.675  2.30004e-08  6.58337e-11
      11.0000      281.910  2.19062e-08  6.35037e-11
      11.0000      282.145  2.19950e-08  6.43968e-11
      11.0000      282.381  2.13371e-08  6.21405e-11
      11.0000      282.616  2.07268e-08  5.95717e-11
      11.0000      282.851  2.04604e-08  5.88172e-11
      11.0000      283.087  2.01058e-08  5.85961e-11
      11.0000      283.323  1.97054e-08          NaN
      11.0000      283.559  1.97277e-08          NaN
      11.0000      283.796  2.05111e-08  5.88860e-11
      11.0000      284.032  2.00500e-08  5.66364e-11
      11.0000      284.269  2.04900e-08  5.82454e-11
      11.0000      284.506  2.04366e-08  5.86600e-11
      11.0000      284.743  1.98976e-08  5.58950e-11
      11.0000      284.981  1.98293e-08  5.34347e-11
      11.0000      285.218  2.01876e-08  5.52727e-11
      11.0000      285.456  2.00305e-08  5.57612e-11
      11.0000      285.694  1.95355e-08  5.60215e-11
      11.0000      285.932  1.89579e-08  5.28463e-11
      11.0000      286.171  1.86790e-08  5.12101e-11
      11.0000      286.409  1.85755e-08  5.11788e-11
      11.0000      286.648  1.80354e-08  5.09578e-11
      11.0000      286.887  1.85365e-08  5.40738e-11
      11.0000      287.126  1.91559e-08  5.45801e-11
      11.0000      287.365  1.89793e-08  5.27457e-11
      11.0000      287.605  1.88227e-08  5.30760e-11
      11.0000      287.844  1.87690e-08  5.53645e-11
      11.0000      288.085  1.86634e-08  5.56864e-11
      11.0000      288.325  1.87996e-08          NaN
      11.0000      288.565  1.86484e-08          NaN
      11.0000      288.806  1.86570e-08  5.85909e-11
      11.0000      289.047  1.83087e-08  6.02464e-11
      11.0000      289.287  1.89095e-08  6.31795e-11
      11.0000      289.529  1.84835e-08  6.07325e-11
      11.0000      289.770  1.92215e-08  6.36790e-11
      11.0000      290.011  1.81277e-08  6.02760e-11
      11.0000      290.254  1.74108e-08  5.86824e-11
      11.0000      290.495  1.76416e-08  5.94282e-11
      11.0000      290.737  1.74762e-08  5.67993e-11
      11.0000      290.980  1.73404e-08  5.46970e-11
      11.0000      291.223  1.75530e-08  5.56621e-11
      11.0000      291.465  1.74220e-08  5.71625e-11
      11.0000      291.708  1.69711e-08  5.59873e-11
      11.0000      291.951  1.69155e-08  5.67548e-11
      11.0000      292.195  1.65699e-08  5.61509e-11
      11.0000      292.439  1.63935e-08  5.80876e-11
      11.0000      292.683  1.61352e-08  5.92284e-11
      11.0000      292.926  1.61109e-08  5.92666e-11
      11.0000      293.171  1.57492e-08  5.91402e-11
      12.0000      295.377  1.68365e-08  5.66874e-11
      12.0000      295.624  1.68968e-08  5.77656e-11
      12.0000      295.870  1.64289e-08  5.85705e-11
      12.0000      296.117  1.52304e-08  5.51890e-11
      12.0000      296.364  1.55244e-08  5.37851e-11
      12.0000      296.611  1.53033e-08  4.95332e-11
      12.0000      296.858  1.60177e-08  5.14027e-11
      12.0000      297.105  1.59998e-08  5.25258e-11
      12.0000      297.354  1.65064e-08  5.55112e-11
      12.0000      297.601  1.56730e-08  5.01877e-11
      12.0000      297.850  1.56787e-08  4.44422e-11
      12.0000      298.097  1.56160e-08  4.12220e-11
      12.0000      298.346  1.60314e-08  4.35723e-11
      12.0000      298.595  1.65148e-08  4.86485e-11
      12.0000      298.844  1.58692e-08  4.71865e-11
      12.0000      299.093  1.57955e-08  4.41417e-11
      12.0000      299.342  1.56711e-08  4.14940e-11
      12.0000      299.592  1.53986e-08  3.99786e-11
      12.0000      299.842  1.51606e-08          NaN
      12.0000      300.091  1.71606e-08          NaN
      12.0000      300.342  1.61818e-08  4.44933e-11
      12.0000      300.592  1.57087e-08  4.31297e-11
      12.0000      300.843  1.51125e-08  4.00640e-11
      12.0000      301.093  1.47159e-08  4.16811e-11
      12.0000      301.345  1.47745e-08  1.46636e-10
      12.0000      301.595  1.48821e-08  3.32724e-11
      12.0000      301.848  1.47492e-08  3.40704e-11
      12.0000      302.099  1.46568e-08  3.73322e-11
      12.0000      302.350  1.44270e-08  3.79629e-11
      12.0000      302.603  1.45394e-08  3.67408e-11
      12.0000      302.855  1.52296e-08  3.60368e-11
      12.0000      303.107  1.54138e-08  3.69456e-11
      12.0000      303.360  1.47507e-08  3.51180e-11
      12.0000      303.614  1.42021e-08  3.34274e-11
      12.0000      303.866  1.43272e-08  3.35318e-11
      12.0000      304.120  1.42602e-08  3.34989e-11
      12.0000      304.373  1.40596e-08  3.43435e-11
      12.0000      304.627  1.40096e-08  3.47567e-11
      12.0000      304.881  1.39765e-08  3.30369e-11
      12.0000      305.135  1.38933e-08  3.00245e-11
      12.0000      305.389  1.39080e-08  2.90024e-11
      12.0000      305.644  1.38323e-08  2.93302e-11
      12.0000      305.899  1.37773e-08  2.98346e-11
      12.0000      306.154  1.36831e-08          NaN
      12.0000      306.409  1.35728e-08          NaN
      12.0000      306.665  1.35055e-08  3.24606e-11
      12.0000      306.921  1.36460e-08  3.50919e-11
      12.0000      307.176  1.32799e-08  3.35035e-11
      12.0000      307.432  1.40984e-08  3.34367e-11
      12.0000      307.689  1.38544e-08  3.23589e-11
      12.0000      307.945  1.38138e-08  3.08196e-11
      12.0000      308.202  1.35355e-08  2.92040e-11
      12.0000      308.458  1.33520e-08  2.69017e-11
      12.0000      308.715  1.33392e-08          NaN
      12.0000      308.973  1.31895e-08          NaN
      12.0000      309.231  1.29447e-08  2.67720e-11
      12.0000      309.488  1.29977e-08  2.76500e-11
      12.0000      309.746  1.30473e-08  2.78851e-11
      12.0000      310.004  1.30243e-08  2.87098e-11
      12.0000      310.263  1.30239e-08  3.05877e-11
      12.0000      310.522  1.29982e-08  3.15544e-11
      12.0000      310.781  1.26554e-08  2.95216e-11
      12.0000      311.040  1.29523e-08  2.83514e-11
      12.0000      311.300  1.32134e-08  2.89872e-11
      12.0000      311.559  1.29368e-08  2.90249e-11
      12.0000      311.819  1.27345e-08          NaN
      12.0000      312.079  1.28194e-08          NaN
      12.0000      312.339  1.29021e-08  2.66358e-11
      12.0000      312.599  1.27274e-08  2.75187e-11
      12.0000      312.860  1.25646e-08  2.85026e-11
      12.0000      313.120  1.25043e-08  2.75397e-11
      12.0000      313.381  1.26516e-08  2.63677e-11
      12.0000      313.643  1.26488e-08          NaN
      12.0000      313.905  1.25883e-08          NaN
      12.0000      314.166  1.26429e-08          NaN
      12.0000      314.428  1.26390e-08          NaN
      12.0000      314.690  1.27240e-08  2.93785e-11
      12.0000      314.953  1.25161e-08  2.86118e-11
      12.0000      315.215  1.28660e-08  2.83626e-11
      12.0000      315.477  1.30715e-08  2.66279e-11
      12.0000      315.740  1.26378e-08  2.42812e-11
      12.0000      316.004  1.25748e-08  2.51029e-11
      12.0000      316.268  1.23718e-08  2.70429e-11
      12.0000      316.531  1.22422e-08  2.78420e-11
      12.0000      316.795  1.24127e-08  2.72619e-11
      12.0000      317.059  1.23295e-08  2.61275e-11
      12.0000      317.323  1.23163e-08  2.73413e-11
      12.0000      317.587  1.17736e-08  2.67159e-11
      12.0000      317.853  1.15930e-08  2.49733e-11
      12.0000      318.118  1.19643e-08  2.72814e-11
      12.0000      318.383  1.16371e-08  3.13385e-11
      12.0000      318.648  1.17549e-08  2.97018e-11
      12.0000      318.914  1.21087e-08  2.81894e-11
      13.0000      319.180  1.20949e-08          NaN
      13.0000      319.446  1.24287e-08          NaN
      13.0000      319.713  1.22333e-08  3.83296e-11
      13.0000      319.978  1.20083e-08  4.18082e-11
      13.0000      320.246  1.19656e-08  3.82473e-11
      13.0000      320.513  1.21724e-08  3.19892e-11
      13.0000      320.780  1.19868e-08  2.96633e-11
      13.0000      321.047  1.18358e-08  3.16196e-11
      13.0000      321.315  1.17182e-08          NaN
      13.0000      321.583  1.17384e-08          NaN
      13.0000      321.851  1.19081e-08          NaN
      13.0000      322.119  1.18541e-08  2.38627e-11
      13.0000      322.387  1.17912e-08          NaN
      13.0000      322.657  1.17337e-08          NaN
      13.0000      322.925  1.19277e-08  2.59958e-11
      13.0000      323.195  1.20042e-08  2.81007e-11
      13.0000      323.464  1.19819e-08  2.90727e-11
      13.0000      323.734  1.19230e-08  2.63804e-11
      13.0000      324.003  1.18534e-08  2.26117e-11
      13.0000      324.273  1.19239e-08  2.20403e-11
      13.0000      324.544  1.18053e-08  2.36244e-11
      13.0000      324.815  1.18290e-08  2.45985e-11
      13.0000      325.085  1.17135e-08  2.23951e-11
      13.0000      325.357  1.17069e-08  2.07004e-11
      13.0000      325.628  1.17521e-08  2.09136e-11
      13.0000      325.900  1.15816e-08  2.11284e-11
      13.0000      326.171  1.15589e-08  2.07368e-11
      13.0000      326.443  1.16759e-08  2.10972e-11
      13.0000      326.715  1.16932e-08  2.36608e-11
      13.0000      326.988  1.15224e-08  2.62250e-11
      13.0000      327.259  1.16353e-08  2.57703e-11
      13.0000      327.533  1.16612e-08  2.21838e-11
      13.0000      327.805  1.16097e-08  1.99170e-11
      13.0000      328.079  1.14219e-08  1.89583e-11
      13.0000      328.352  1.12973e-08          NaN
      13.0000      328.626  1.12866e-08          NaN
      13.0000      328.900  1.12977e-08  1.76810e-11
      13.0000      329.175  1.11703e-08  2.04239e-11
      13.0000      329.449  1.11416e-08  2.35417e-11
      13.0000      329.724  1.11142e-08  2.32897e-11
      13.0000      329.998  1.11652e-08  2.18677e-11
      13.0000      330.274  1.11800e-08  2.18538e-11
      13.0000      330.549  1.10210e-08  2.12574e-11
      13.0000      330.825  1.10548e-08          NaN
      13.0000      331.101  1.11937e-08          NaN
      13.0000      331.376  1.13183e-08          NaN
      13.0000      331.653  1.12653e-08          NaN
      13.0000      331.929  1.09717e-08  1.79155e-11
      13.0000      332.206  1.10867e-08  1.82269e-11
      13.0000      332.483  1.11570e-08  1.96380e-11
      13.0000      332.760  1.11513e-08  2.27252e-11
      13.0000      333.037  1.10215e-08  2.41209e-11
      13.0000      333.316  1.11541e-08  2.30166e-11
      13.0000      333.592  1.11006e-08  2.10239e-11
      13.0000      333.871  1.10951e-08  2.05412e-11
      13.0000      334.150  1.10291e-08  2.02424e-11
      13.0000      334.428  1.09073e-08  1.76962e-11
      13.0000      334.707  1.11448e-08  1.59260e-11
      13.0000      334.986  1.11829e-08  1.58416e-11
      13.0000      335.264  1.09618e-08  1.67177e-11
      13.0000      335.545  1.07825e-08  1.69572e-11
      13.0000      335.824  1.08297e-08  1.69576e-11
      13.0000      336.104  1.08383e-08  1.82128e-11
      13.0000      336.384  1.04611e-08  1.97463e-11
      13.0000      336.665  1.04815e-08  2.11020e-11
      13.0000      336.945  1.16113e-08          NaN
      13.0000      337.226  1.11537e-08          NaN
      13.0000      337.507  1.06642e-08  2.16352e-11
      13.0000      337.789  1.06649e-08  2.15063e-11
      13.0000      338.071  1.08462e-08  2.02137e-11
      13.0000      338.352  1.08758e-08  1.94174e-11
      13.0000      338.634  1.08700e-08  2.08636e-11
      13.0000      338.916  1.07149e-08  2.23949e-11
      13.0000      339.199  1.06836e-08  2.19589e-11
      13.0000      339.482  1.09178e-08  2.20200e-11
      13.0000      339.765  1.11064e-08  2.35540e-11
      13.0000      340.048  1.04869e-08  2.42883e-11
      13.0000      340.332  1.09271e-08  2.41437e-11
      13.0000      340.616  1.08191e-08  2.15588e-11
      13.0000      340.899  1.07219e-08  2.15042e-11
      13.0000      341.184  1.05937e-08  2.17570e-11
      13.0000      341.468  1.04059e-08          NaN
      13.0000      341.753  1.04415e-08          NaN
      13.0000      342.038  1.06531e-08  1.94043e-11
      13.0000      342.323  1.07202e-08  2.13417e-11
      13.0000      342.608  1.05162e-08  2.19786e-11
      13.0000      342.894  1.05629e-08  2.15351e-11
      4.00000      343.180  1.05964e-08  2.20690e-11
      4.00000      343.466  1.05777e-08  2.41376e-11
      4.00000      343.752  1.03061e-08  2.38933e-11
      4.00000      344.039  1.04503e-08          NaN
      4.00000      344.325  1.06371e-08          NaN
      4.00000      344.612  1.08836e-08  2.45042e-11
      14.0000      344.900  1.02856e-08  2.69515e-11
      14.0000      345.187  1.04872e-08  2.52109e-11
      14.0000      345.476  1.05264e-08  2.31038e-11
      14.0000      345.764  1.04493e-08  2.31916e-11
      14.0000      346.052  1.01597e-08  2.26148e-11
      14.0000      346.340  1.01814e-08  2.18257e-11
      14.0000      346.629  1.01991e-08  2.32441e-11
      14.0000      346.917  1.01657e-08  2.64496e-11
      14.0000      347.207  9.95218e-09  2.61703e-11
      14.0000      347.496  1.00549e-08  2.18818e-11
      14.0000      347.786  1.02532e-08  1.91256e-11
      14.0000      348.077  1.01840e-08  1.93361e-11
      14.0000      348.367  9.97507e-09  2.02329e-11
      14.0000      348.657  1.00846e-08  2.08984e-11
      14.0000      348.948  1.02356e-08  2.19424e-11
      14.0000      349.239  1.01125e-08  2.37484e-11
      14.0000      349.529  1.00253e-08  2.40766e-11
      14.0000      349.820  1.02622e-08  2.22253e-11
      14.0000      350.112  1.04035e-08  2.05489e-11
      14.0000      350.404  1.05974e-08  2.20861e-11
      14.0000      350.696  1.08388e-08  2.37786e-11
      14.0000      350.989  1.11660e-08  2.34926e-11
      14.0000      351.281  1.15615e-08          NaN
      14.0000      351.574  1.11179e-08          NaN
      14.0000      351.867  1.01272e-08          NaN
      14.0000      352.161  9.78603e-09          NaN
      14.0000      352.454  9.47169e-09  1.70051e-11
      14.0000      352.749  9.49391e-09  1.72401e-11
      14.0000      353.043  9.39678e-09          NaN
      14.0000      353.337  9.22748e-09          NaN
      14.0000      353.632  9.39995e-09  1.86593e-11
      14.0000      353.926  9.46601e-09          NaN
      14.0000      354.221  1.09544e-08          NaN
      14.0000      354.517  1.03367e-08  2.01696e-11
      14.0000      354.812  9.24167e-09  1.62639e-11
      14.0000      355.107  9.31514e-09  1.54225e-11
      14.0000      355.404  9.27249e-09  1.60971e-11
      14.0000      355.700  9.13301e-09          NaN
      14.0000      355.996  9.45015e-09          NaN
      14.0000      356.294  9.58887e-09  1.69016e-11
      14.0000      356.590  9.54219e-09  1.88991e-11
      14.0000      356.888  9.46492e-09  1.89339e-11
      14.0000      357.185  9.57994e-09  1.83154e-11
      14.0000      357.482  9.48517e-09  1.87751e-11
      14.0000      357.780  9.19340e-09  1.91602e-11
      14.0000      358.079  9.03764e-09          NaN
      14.0000      358.378  8.74867e-09          NaN
      14.0000      358.676  8.88570e-09  1.50229e-11
      14.0000      358.976  8.92729e-09  1.57430e-11
      14.0000      359.275  9.21416e-09  1.58022e-11
      14.0000      359.575  9.00399e-09  1.44599e-11
      14.0000      359.874  8.75561e-09          NaN
      14.0000      360.175  8.65848e-09          NaN
      14.0000      360.475  8.74781e-09          NaN
      14.0000      360.775  9.14178e-09          NaN
      14.0000      361.076  9.19449e-09  1.59300e-11
      14.0000      361.377  9.06039e-09  1.69808e-11
      14.0000      361.678  9.21519e-09          NaN
      14.0000      361.979  9.26131e-09          NaN
      14.0000      362.282  9.31787e-09  1.87863e-11
      14.0000      362.583  9.02253e-09  2.01748e-11
      14.0000      362.886  9.07769e-09  1.97246e-11
      14.0000      363.189  9.22426e-09  1.91428e-11
      14.0000      363.491  9.30544e-09          NaN
      14.0000      363.794  8.89295e-09          NaN
      14.0000      364.097  9.04991e-09  1.87087e-11
      14.0000      364.401  9.13792e-09  1.78887e-11
      14.0000      364.704  8.61652e-09  1.75355e-11
      14.0000      365.009  8.68214e-09  1.79790e-11
      14.0000      365.313  9.15668e-09          NaN
      14.0000      365.617  8.47845e-09          NaN
      14.0000      365.922  8.52851e-09          NaN
      14.0000      366.228  8.50657e-09          NaN
      14.0000      366.533  8.77839e-09  1.72463e-11
      14.0000      366.838  8.77714e-09  1.68361e-11
      4.00000      367.144  8.42063e-09  1.72055e-11
      4.00000      367.450  8.27450e-09  1.74028e-11
      4.00000      367.757  8.35693e-09  1.64060e-11
      4.00000      368.062  8.38127e-09          NaN
      4.00000      368.370  8.24621e-09          NaN
      4.00000      368.677  8.22726e-09  1.79376e-11
      4.00000      368.985  8.37504e-09  1.72749e-11
      4.00000      369.293  8.28853e-09  1.70850e-11
      4.00000      369.600  8.19609e-09  1.87070e-11
      4.00000      369.909  8.07298e-09  1.87239e-11
      4.00000      370.217  8.19696e-09  1.78473e-11
      4.00000      370.525  8.15121e-09          NaN
      15.0000      370.835  7.98627e-09  1.91090e-11
      15.0000      371.143  7.91005e-09  1.85402e-11
      15.0000      371.453  8.06562e-09  1.91220e-11
      15.0000      371.762  8.03742e-09  2.12722e-11
      15.0000      372.072  7.80150e-09          NaN
      15.0000      372.383  7.71924e-09          NaN
      15.0000      372.692  7.71595e-09  1.54584e-11
      15.0000      373.003  7.62503e-09  1.56993e-11
      15.0000      373.314  7.58168e-09          NaN
      15.0000      373.626  7.52597e-09          NaN
      15.0000      373.937  7.70033e-09  1.77561e-11
      15.0000      374.249  7.62351e-09  1.90182e-11
      15.0000      374.561  7.44111e-09  1.74081e-11
      15.0000      374.873  7.53345e-09  1.49156e-11
      15.0000      375.185  7.55987e-09  1.40528e-11
      15.0000      375.498  7.32665e-09  1.44665e-11
      15.0000      375.811  7.27445e-09  1.43821e-11
      15.0000      376.125  7.48340e-09  1.46818e-11
      15.0000      376.438  7.44612e-09  1.62676e-11
      15.0000      376.753  7.17807e-09  1.73237e-11
      15.0000      377.067  7.14877e-09  1.56315e-11
      15.0000      377.381  7.29818e-09          NaN
      15.0000      377.695  7.25418e-09          NaN
      15.0000      378.010  7.11851e-09  1.36561e-11
      15.0000      378.325  7.19349e-09  1.28002e-11
      15.0000      378.640  7.24773e-09  1.28452e-11
      15.0000      378.956  7.07454e-09  1.40046e-11
      15.0000      379.272  6.98207e-09          NaN
      15.0000      379.589  7.09197e-09          NaN
      15.0000      379.905  7.08294e-09  1.48602e-11
      15.0000      380.222  6.86737e-09  1.51667e-11
      15.0000      380.539  6.77800e-09  1.40866e-11
      15.0000      380.855  6.73215e-09          NaN
      15.0000      381.173  6.69989e-09          NaN
      15.0000      381.492  6.48646e-09  1.20682e-11
      15.0000      381.809  6.60537e-09  1.14980e-11
      15.0000      382.127  6.86149e-09  1.13556e-11
      15.0000      382.446  6.79333e-09  1.22506e-11
      15.0000      382.765  6.62904e-09  1.26850e-11
      15.0000      383.085  6.81622e-09  1.28368e-11
      15.0000      383.403  6.74690e-09  1.33918e-11
      15.0000      383.723  6.59455e-09  1.53260e-11
      15.0000      384.044  6.58977e-09  1.57879e-11
      15.0000      384.363  6.67632e-09  1.43826e-11
      15.0000      384.683  6.95614e-09  1.47907e-11
      15.0000      385.005  6.49885e-09  1.40663e-11
      15.0000      385.325  6.48703e-09  1.27715e-11
      15.0000      385.646  6.58311e-09  1.13648e-11
      15.0000      385.968  6.49135e-09  1.12237e-11
      15.0000      386.290  6.31323e-09  1.14083e-11
      15.0000      386.612  6.31645e-09  1.08335e-11
      15.0000      386.934  6.38719e-09  1.08582e-11
      15.0000      387.256  6.24062e-09  1.16653e-11
      15.0000      387.580  6.18151e-09  1.19420e-11
      15.0000      387.902  6.27230e-09  1.15160e-11
      15.0000      388.226  6.21691e-09  1.16613e-11
      15.0000      388.550  6.04515e-09  1.21188e-11
      15.0000      388.874  6.12054e-09  1.16742e-11
      15.0000      389.197  6.25617e-09  1.13817e-11
      15.0000      389.522  6.11639e-09  1.22156e-11
      15.0000      389.847  5.94435e-09  1.29572e-11
      15.0000      390.172  5.98933e-09  1.28672e-11
      15.0000      390.497  6.09062e-09  1.35557e-11
      15.0000      390.823  5.88415e-09  1.49487e-11
      4.00000      391.149  5.69124e-09  1.50508e-11
      4.00000      391.475  5.84255e-09  1.43415e-11
      4.00000      391.802  5.90462e-09  1.45945e-11
      4.00000      392.128  5.70305e-09  1.49740e-11
      4.00000      392.455  5.65435e-09  1.43266e-11
      4.00000      392.782  5.77185e-09  1.38268e-11
      4.00000      393.110  5.57162e-09  1.47967e-11
      4.00000      393.437  5.40822e-09  1.57872e-11
      4.00000      393.766  5.40747e-09  1.51093e-11
      4.00000      394.093  5.55821e-09  1.58751e-11
      4.00000      394.421  5.44522e-09  1.77121e-11
      4.00000      394.751  5.29023e-09  1.67208e-11
      4.00000      395.080  5.46424e-09  1.55725e-11
      4.00000      395.409  5.50684e-09  1.56672e-11
      4.00000      395.739  5.40975e-09  1.59881e-11
      4.00000      396.069  5.33948e-09  1.49278e-11
      4.00000      396.399  5.41897e-09  1.49167e-11
      16.0000      396.729  5.19566e-09          NaN
      16.0000      397.060  5.00599e-09          NaN
      16.0000      397.392  5.13258e-09          NaN
      16.0000      397.722  5.15239e-09          NaN
      16.0000      398.054  4.96293e-09  1.32122e-11
      16.0000      398.386  5.00314e-09  1.22158e-11
      16.0000      398.718  5.12278e-09  1.18782e-11
      16.0000      399.050  5.02866e-09  1.32150e-11
      16.0000      399.383  4.90517e-09  1.42751e-11
      16.0000      399.717  4.94206e-09  1.31245e-11
      16.0000      400.050  4.99828e-09  1.23162e-11
      16.0000      400.383  4.80792e-09  1.23680e-11
      16.0000      400.716  4.76676e-09  1.17648e-11
      16.0000      401.051  4.86062e-09  1.11446e-11
      16.0000      401.386  4.79975e-09  1.16445e-11
      16.0000      401.719  4.68175e-09  1.20239e-11
      16.0000      402.055  4.74049e-09  1.17934e-11
      16.0000      402.390  4.90573e-09  1.23458e-11
      16.0000      402.726  4.67629e-09          NaN
      16.0000      403.062  4.67127e-09          NaN
      16.0000      403.397  4.66238e-09          NaN
      16.0000      403.734  4.66800e-09  1.07119e-11
      16.0000      404.070  4.53045e-09          NaN
      16.0000      404.406  4.57041e-09          NaN
      16.0000      404.744  4.58945e-09  1.01662e-11
      16.0000      405.081  4.46401e-09  1.06988e-11
      16.0000      405.420  4.40697e-09  1.06287e-11
      16.0000      405.757  4.52895e-09  1.08117e-11
      16.0000      406.095  4.47977e-09  1.19131e-11
      16.0000      406.435  4.32320e-09  1.23351e-11
      16.0000      406.774  4.37617e-09          NaN
      16.0000      407.111  4.42054e-09          NaN
      16.0000      407.451  4.31992e-09  1.08626e-11
      16.0000      407.790  4.27895e-09  1.02252e-11
      16.0000      408.132  4.36262e-09  9.21614e-12
      16.0000      408.472  4.29884e-09  9.12567e-12
      16.0000      408.812  4.19802e-09  9.05842e-12
      16.0000      409.152  4.24623e-09  8.73635e-12
      16.0000      409.494  4.23643e-09  9.28558e-12
      16.0000      409.834  4.09931e-09          NaN
      16.0000      410.177  4.06471e-09          NaN
      16.0000      410.519  4.16747e-09  1.12503e-11
      16.0000      410.862  3.93395e-09  1.18796e-11
      16.0000      411.203  3.83644e-09  1.31613e-11
      16.0000      411.546  4.00494e-09  1.14944e-11
      16.0000      411.889  4.09187e-09  1.11263e-11
      16.0000      412.233  3.91212e-09  1.11586e-11
      16.0000      412.577  3.85674e-09  1.05281e-11
      16.0000      412.919  3.94489e-09  9.89068e-12
      16.0000      413.264  3.85884e-09  1.03671e-11
      16.0000      413.609  3.75550e-09  1.09392e-11
      16.0000      413.954  3.82575e-09  1.01022e-11
      16.0000      414.298  3.87760e-09          NaN
      16.0000      414.644  3.73370e-09          NaN
      16.0000      414.989  3.75047e-09  9.25048e-12
      4.00000      415.336  3.72470e-09  8.56094e-12
      4.00000      415.683  3.62835e-09  8.87366e-12
      4.00000      416.029  3.50915e-09  9.10696e-12
      4.00000      416.375  3.58208e-09  8.96219e-12
      4.00000      416.722  3.60936e-09  9.41323e-12
      4.00000      417.070  3.46650e-09  9.91044e-12
      4.00000      417.418  3.48034e-09  9.64733e-12
      4.00000      417.767  3.56829e-09  9.49349e-12
      4.00000      418.114  3.47189e-09  9.61752e-12
      4.00000      418.463  3.38219e-09  9.26470e-12
      4.00000      418.811  3.52333e-09  9.00537e-12
      4.00000      419.161  3.48812e-09          NaN
      4.00000      419.511  3.36588e-09          NaN
      4.00000      419.859  3.43893e-09          NaN
      4.00000      420.210  3.42299e-09          NaN
      4.00000      420.560  3.27884e-09          NaN
      4.00000      420.911  3.22513e-09          NaN
      4.00000      421.262  3.34853e-09  1.01554e-11
      4.00000      421.614  3.32542e-09  1.04457e-11
      4.00000      421.964  3.23179e-09  1.03317e-11
      4.00000      422.317  3.25211e-09  9.97975e-12
      17.0000      422.669  3.15296e-09          NaN
      17.0000      423.021  3.09148e-09          NaN
      17.0000      423.374  3.16206e-09          NaN
      17.0000      423.727  3.19260e-09  1.33942e-11
      17.0000      424.079  3.10540e-09  1.39135e-11
      17.0000      424.434  3.10242e-09  1.18522e-11
      17.0000      424.787  3.12727e-09          NaN
      17.0000      425.141  3.04829e-09          NaN
      17.0000      425.496  2.89505e-09          NaN
      17.0000      425.851  2.97886e-09          NaN
      17.0000      426.205  2.97424e-09  1.06233e-11
      17.0000      426.561  2.86497e-09  1.16703e-11
      17.0000      426.916  2.91267e-09  1.16417e-11
      17.0000      427.272  2.98303e-09  1.11676e-11
      17.0000      427.628  2.88991e-09  1.05753e-11
      17.0000      427.985  2.87310e-09  9.32478e-12
      17.0000      428.343  2.92907e-09  8.23503e-12
      17.0000      428.699  2.83279e-09          NaN
      17.0000      429.056  2.76460e-09          NaN
      17.0000      429.415  2.85634e-09  8.27441e-12
      17.0000      429.771  2.84224e-09  9.06961e-12
      17.0000      430.130  2.74020e-09  9.81742e-12
      17.0000      430.489  2.78642e-09  9.80097e-12
      17.0000      430.847  2.85737e-09          NaN
      17.0000      431.207  2.76137e-09          NaN
      17.0000      431.566  2.69598e-09          NaN
      17.0000      431.926  2.77584e-09          NaN
      17.0000      432.287  2.68173e-09          NaN
      17.0000      432.646  2.63939e-09  7.93810e-12
      17.0000      433.007  2.67931e-09  7.47087e-12
      17.0000      433.368  2.68327e-09  7.60138e-12
      17.0000      433.730  2.60673e-09  7.60580e-12
      17.0000      434.092  2.64215e-09  7.26017e-12
      17.0000      434.452  2.63118e-09  7.46773e-12
      17.0000      434.815  2.53709e-09  7.85854e-12
      17.0000      435.178  2.55970e-09  7.88965e-12
      17.0000      435.540  2.56764e-09  8.29979e-12
      17.0000      435.905  2.50050e-09  9.19113e-12
      17.0000      436.268  2.48387e-09          NaN
      17.0000      436.630  2.53947e-09          NaN
      17.0000      436.994  2.46633e-09  9.46274e-12
      17.0000      437.359  2.40407e-09  8.91395e-12
      17.0000      437.723  2.48928e-09  8.17147e-12
      17.0000      438.089  2.42505e-09          NaN
      17.0000      438.454  2.38217e-09          NaN
      17.0000      438.820  2.39102e-09  7.57278e-12
      17.0000      439.186  2.37766e-09  7.46240e-12
      4.00000      439.551  2.28292e-09  7.65645e-12
      4.00000      439.918  2.24140e-09  7.42019e-12
      4.00000      440.284  2.24259e-09  6.93886e-12
      4.00000      440.651  2.18598e-09  7.06522e-12
      4.00000      441.018  2.19781e-09  6.91633e-12
      4.00000      441.386  2.25304e-09  6.89913e-12
      4.00000      441.755  2.18723e-09  7.21907e-12
      4.00000      442.124  2.19759e-09  7.60205e-12
      4.00000      442.492  2.24548e-09  7.54324e-12
      4.00000      442.860  2.14574e-09  7.33611e-12
      4.00000      443.229  2.09722e-09  7.29039e-12
      4.00000      443.599  2.13448e-09  7.06281e-12
      4.00000      443.969  2.12642e-09  7.17519e-12
      4.00000      444.340  2.08150e-09  7.33940e-12
      4.00000      444.709  2.11779e-09  7.28595e-12
      4.00000      445.079  2.12139e-09  7.58691e-12
      4.00000      445.452  2.05574e-09  7.88575e-12
      4.00000      445.824  2.06270e-09  7.87063e-12
      4.00000      446.194  2.09954e-09  7.89508e-12
      4.00000      446.566  2.04906e-09  7.86716e-12
      4.00000      446.939  2.05047e-09  7.63391e-12
      4.00000      447.311  2.04951e-09  7.57904e-12
      4.00000      447.684  1.99273e-09  7.91360e-12
      4.00000      448.057  1.96122e-09  8.15009e-12
      4.00000      448.431  1.98700e-09  8.30303e-12
      18.0000      448.805  1.92628e-09  1.06694e-11
      18.0000      449.180  1.86750e-09  9.24583e-12
      18.0000      449.553  1.93312e-09  7.98780e-12
      18.0000      449.928  1.92211e-09  7.55135e-12
      18.0000      450.302  1.98605e-09  7.68567e-12
      18.0000      450.678  1.96970e-09  7.50609e-12
      18.0000      451.054  1.88323e-09  8.24910e-12
      18.0000      451.431  1.82422e-09  9.08514e-12
      18.0000      451.806  1.83908e-09  9.28885e-12
      18.0000      452.184  1.81723e-09  9.11128e-12
      18.0000      452.560  1.76457e-09  8.27005e-12
      18.0000      452.938  1.82440e-09  7.07136e-12
      18.0000      453.315  1.83046e-09  6.62022e-12
      18.0000      453.694  1.75850e-09  6.56930e-12
      18.0000      454.071  1.77554e-09  6.43186e-12
      18.0000      454.450  1.80363e-09  7.05927e-12
      18.0000      454.829  1.73021e-09  7.67494e-12
      18.0000      455.208  1.73298e-09  7.74677e-12
      18.0000      455.587  1.76175e-09  8.06807e-12
      18.0000      455.967  1.67401e-09          NaN
      18.0000      456.348  1.69351e-09  7.73197e-12
      18.0000      456.727  1.72948e-09  6.87665e-12
      18.0000      457.109  1.66399e-09  6.96562e-12
      18.0000      457.490  1.63856e-09          NaN
      18.0000      457.871  1.68528e-09          NaN
      18.0000      458.253  1.63066e-09  6.69627e-12
      18.0000      458.636  1.62016e-09  6.50614e-12
      18.0000      459.017  1.66684e-09  6.05825e-12
      18.0000      459.400  1.62186e-09  6.07373e-12
      18.0000      459.783  1.59808e-09  5.98033e-12
      18.0000      460.166  1.64712e-09  6.03970e-12
      18.0000      460.549  1.59493e-09  6.80434e-12
      18.0000      460.934  1.55815e-09  7.45644e-12
      18.0000      461.318  1.58999e-09  7.62327e-12
      18.0000      461.702  1.54917e-09  8.22535e-12
      18.0000      462.088  1.47968e-09  8.48890e-12
      18.0000      462.473  1.57435e-09          NaN
      18.0000      462.858  1.54092e-09          NaN
      18.0000      463.244  1.48839e-09  7.12284e-12
      4.00000      463.631  1.43294e-09  6.71171e-12
      4.00000      464.018  1.38627e-09  6.96924e-12
      4.00000      464.403  1.37966e-09  7.33297e-12
      4.00000      464.792  1.38826e-09  7.14277e-12
      4.00000      465.179  1.38456e-09          NaN
      4.00000      465.567  1.39023e-09          NaN
      4.00000      465.955  1.41390e-09          NaN
      4.00000      466.342  1.42024e-09          NaN
      4.00000      466.731  1.39192e-09  6.00961e-12
      4.00000      467.122  1.41073e-09  6.10958e-12
      4.00000      467.510  1.40237e-09  6.41905e-12
      4.00000      467.900  1.37976e-09  6.89413e-12
      4.00000      468.290  1.36295e-09  6.84636e-12
      4.00000      468.680  1.35624e-09  6.65162e-12
      4.00000      469.072  1.33269e-09  6.56755e-12
      4.00000      469.462  1.36394e-09  6.22700e-12
      4.00000      469.854  1.36878e-09  6.20125e-12
      4.00000      470.245  1.31908e-09  6.65722e-12
      4.00000      470.637  1.31847e-09  7.09832e-12
      4.00000      471.029  1.30313e-09  7.59305e-12
      4.00000      471.422  1.25009e-09  8.02258e-12
      4.00000      471.816  1.27969e-09  7.90196e-12
      4.00000      472.208  1.31742e-09  7.64711e-12
      4.00000      472.603  1.28361e-09  7.75405e-12
      4.00000      472.997  1.30797e-09          NaN
      4.00000      473.391  1.30153e-09          NaN
      4.00000      473.785  1.22876e-09  8.55576e-12
      4.00000      474.181  1.23827e-09  9.30950e-12
      4.00000      474.577  1.22543e-09  9.57192e-12
      19.0000      474.971  1.15146e-09  1.17741e-11
      19.0000      475.367  1.20800e-09  9.49822e-12
      19.0000      475.765  1.22425e-09  8.05054e-12
      19.0000      476.161  1.17620e-09  7.74040e-12
      19.0000      476.558  1.17470e-09  7.49790e-12
      19.0000      476.954  1.18040e-09  7.92687e-12
      19.0000      477.352  1.14742e-09  8.80413e-12
      19.0000      477.751  1.15394e-09  9.02488e-12
      19.0000      478.149  1.17355e-09  9.23727e-12
      19.0000      478.547  1.12179e-09  9.46206e-12
      19.0000      478.946  1.15492e-09  8.44730e-12
      19.0000      479.345  1.18447e-09  7.50393e-12
      19.0000      479.745  1.13011e-09          NaN
      19.0000      480.146  1.13973e-09  6.99088e-12
      19.0000      480.545  1.13121e-09  6.97271e-12
      19.0000      480.945  1.09796e-09  7.02071e-12
      19.0000      481.348  1.10487e-09  6.61331e-12
      19.0000      481.749  1.11014e-09          NaN
      19.0000      482.151  1.07969e-09          NaN
      19.0000      482.551  1.11801e-09          NaN
      19.0000      482.954  1.11804e-09          NaN
      19.0000      483.356  1.08797e-09  7.79335e-12
      19.0000      483.760  1.07874e-09  8.20044e-12
      19.0000      484.163  1.09129e-09  8.40666e-12
      19.0000      484.567  1.06058e-09  7.76521e-12
      19.0000      484.971  1.05911e-09  6.80753e-12
      19.0000      485.376  1.03304e-09  6.15119e-12
      19.0000      485.779  1.05449e-09  5.84556e-12
      19.0000      486.185  1.06531e-09          NaN
      19.0000      486.590  1.01981e-09          NaN
      19.0000      486.995  1.02643e-09  6.05403e-12
      19.0000      487.401  1.02493e-09  6.08221e-12
      19.0000      487.807  9.49445e-10          NaN
      19.0000      488.215  9.69143e-10          NaN
      4.00000      488.622  9.09918e-10          NaN
      4.00000      489.029  9.24164e-10  5.69545e-12
      4.00000      489.436  8.95630e-10  5.77543e-12
      4.00000      489.845  8.99305e-10  6.31250e-12
      4.00000      490.254  8.76599e-10  6.80765e-12
      4.00000      490.663  9.29685e-10  6.92506e-12
      4.00000      491.070  8.86632e-10          NaN
      4.00000      491.480  8.82936e-10          NaN
      4.00000      491.889  9.23390e-10  6.77036e-12
      4.00000      492.300  9.15124e-10  6.89907e-12
      4.00000      492.710  8.68190e-10  7.25895e-12
      4.00000      493.121  9.12563e-10  7.70512e-12
      4.00000      493.532  8.72652e-10  8.32194e-12
      4.00000      493.944  8.47517e-10  8.52803e-12
      4.00000      494.354  9.07398e-10  8.39693e-12
      4.00000      494.768  9.11804e-10  8.57323e-12
      4.00000      495.179  8.66551e-10  8.13994e-12
      4.00000      495.592  8.86470e-10  8.14760e-12
      4.00000      496.005  8.79252e-10  8.81183e-12
      4.00000      496.418  8.71336e-10  9.11377e-12
      4.00000      496.833  8.89729e-10          NaN
      4.00000      497.248  8.94952e-10          NaN
      4.00000      497.661  8.57067e-10  9.47150e-12
      4.00000      498.077  8.83574e-10  9.31751e-12
      4.00000      498.492  8.54993e-10  9.56755e-12
      4.00000      498.907  8.72038e-10  9.06507e-12
      4.00000      499.323  8.54897e-10  9.40943e-12
      4.00000      499.740  8.19331e-10  1.00077e-11
      4.00000      500.158  8.36436e-10  9.96418e-12
      4.00000      500.573  8.33595e-10  1.00033e-11
      4.00000      500.992  8.22322e-10  9.90830e-12
      20.0000      501.409  8.38707e-10  7.65095e-12
      20.0000      501.827  8.18484e-10  7.01140e-12
      20.0000      502.245  8.26239e-10  8.64087e-12
      20.0000      502.664  8.29946e-10  9.72918e-12
      20.0000      503.081  7.99927e-10  6.84048e-12
      20.0000      503.502  8.05369e-10  6.92366e-12
      20.0000      503.921  8.00130e-10  6.95070e-12
      20.0000      504.342  8.02820e-10  7.22108e-12
      20.0000      504.762  8.02012e-10  7.33444e-12
      20.0000      505.183  8.14274e-10  7.20924e-12
      20.0000      505.605  8.28895e-10  7.18988e-12
      20.0000      506.027  8.03964e-10  6.59110e-12
      20.0000      506.447  7.95732e-10  6.29140e-12
      20.0000      506.871  7.68007e-10  5.79605e-12
      20.0000      507.292  7.72853e-10          NaN
      20.0000      507.715  7.84157e-10          NaN
      20.0000      508.138  7.94166e-10  5.16683e-12
      20.0000      508.562  7.60405e-10  5.44063e-12
      20.0000      508.986  7.45303e-10  5.72655e-12
      20.0000      509.411  7.39894e-10  6.04988e-12
      20.0000      509.835  7.30025e-10  6.28241e-12
      20.0000      510.261  7.42917e-10  6.30117e-12
      20.0000      510.686  7.38082e-10          NaN
      20.0000      511.112  7.27088e-10          NaN
      20.0000      511.538  7.27862e-10          NaN
      20.0000      511.965  7.30098e-10  6.46474e-12
      20.0000      512.392  7.22351e-10  6.73933e-12
      20.0000      512.818  7.22078e-10  6.14520e-12
      20.0000      513.244  7.12893e-10  5.85523e-12
      20.0000      513.674  7.11732e-10  5.46321e-12
      20.0000      514.102  7.01488e-10  5.39074e-12
      20.0000      514.530  7.08264e-10          NaN
      20.0000      514.960  7.14534e-10          NaN
      20.0000      515.390  6.78621e-10          NaN
      20.0000      515.818  6.73624e-10          NaN
      20.0000      516.249  6.76398e-10  7.23515e-12
      20.0000      516.678  6.73461e-10  7.51794e-12
      20.0000      517.109  6.97652e-10  7.56279e-12
      20.0000      517.539  6.88033e-10  8.58998e-12
      20.0000      517.971  6.77616e-10  9.77279e-12
      20.0000      518.403  6.94568e-10  1.15368e-11
      20.0000      518.836  6.72128e-10  1.45148e-11
      20.0000      519.267  6.31558e-10          NaN
      20.0000      519.702  6.40258e-10          NaN
      20.0000      520.134  6.05816e-10  1.79422e-11
      20.0000      520.568  6.51266e-10          NaN
      20.0000      521.002  6.17002e-10          NaN
      20.0000      521.436  5.95297e-10          NaN
      20.0000      521.872  6.27775e-10          NaN
      20.0000      522.308  5.73395e-10          NaN
      20.0000      522.742  5.12231e-10  3.53200e-11
      20.0000      523.177  6.31864e-10  3.26148e-11
      20.0000      523.615  5.67095e-10  3.47509e-11
      20.0000      524.051  4.84254e-10  3.71241e-11
      20.0000      524.488  5.22783e-10  3.80159e-11
      20.0000      524.923  4.88390e-10          NaN
      20.0000      525.362  5.35420e-10          NaN
      20.0000      525.801  5.16078e-10  6.14548e-11
      20.0000      526.238  5.57045e-10  6.39598e-11
      20.0000      526.676  5.56202e-10  5.76685e-11
