      11.0000      271.534  2.76667e-08  1.32953e-10
      11.0000      271.761  2.80150e-08  1.47914e-10
      11.0000      271.987  2.97226e-08  1.34411e-10
      11.0000      272.214  3.12338e-08  1.37571e-10
      11.0000      272.441  3.07583e-08  1.38182e-10
      11.0000      272.668  3.31705e-08          NaN
      11.0000      272.895  3.20042e-08          NaN
      11.0000      273.123  3.31851e-08  3.20356e-10
      11.0000      273.350  3.07959e-08  2.20553e-10
      11.0000      273.578  2.98718e-08  1.35957e-10
      11.0000      273.806  2.76484e-08  1.63966e-10
      11.0000      274.035  2.47184e-08  1.10263e-10
      11.0000      274.263  2.43566e-08  1.02228e-10
      11.0000      274.492  2.49990e-08  9.53165e-11
      11.0000      274.721  2.66850e-08  9.58956e-11
      11.0000      274.950  2.56669e-08          NaN
      11.0000      275.179  2.51409e-08          NaN
      11.0000      275.409  2.58422e-08  9.87959e-11
      11.0000      275.638  2.55913e-08  9.83994e-11
      11.0000      275.867  2.63831e-08  1.02172e-10
      11.0000      276.097  2.64980e-08  1.05170e-10
      11.0000      276.328  2.46757e-08  9.12308e-11
      11.0000      276.558  2.41253e-08  8.72837e-11
      11.0000      276.789  2.33144e-08  7.60219e-11
      11.0000      277.020  2.43890e-08  8.41368e-11
      11.0000      277.250  2.37519e-08  8.06796e-11
      11.0000      277.482  2.40969e-08  8.34608e-11
      11.0000      277.713  2.29607e-08  8.01875e-11
      11.0000      277.945  1.97048e-08  6.54238e-11
      11.0000      278.177  1.98232e-08  6.57770e-11
      11.0000      278.408  2.02181e-08          NaN
      11.0000      278.640  2.29827e-08          NaN
      11.0000      278.872  2.41455e-08          NaN
      11.0000      279.105  2.37489e-08  8.77286e-11
      11.0000      279.337  2.34723e-08  8.74535e-11
      11.0000      279.571  2.28024e-08  8.06446e-11
      11.0000      279.804  2.20645e-08  7.60264e-11
      11.0000      280.037  2.20432e-08  6.83178e-11
      11.0000      280.271  2.18565e-08  6.36419e-11
      11.0000      280.504  2.08931e-08  5.95967e-11
      11.0000      280.738  2.18539e-08  6.42780e-11
      11.0000      280.971  2.18492e-08  6.39414e-11
      11.0000      281.206  2.19562e-08  6.43119e-11
      11.0000      281.440  2.26238e-08  6.60585e-11
      11.0000      281.675  2.26338e-08  6.59144e-11
      11.0000      281.910  2.13193e-08  6.33750e-11
      11.0000      282.145  2.16018e-08  6.47008e-11
      11.0000      282.381  2.10419e-08  6.22688e-11
      11.0000      282.616  2.04766e-08  5.91002e-11
      11.0000      282.851  2.03020e-08  5.84710e-11
      11.0000      283.087  1.97615e-08  5.76918e-11
      11.0000      283.323  1.94091e-08          NaN
      11.0000      283.559  1.95898e-08          NaN
      11.0000      283.796  2.03240e-08  5.81614e-11
      11.0000      284.032  1.97912e-08  5.60563e-11
      11.0000      284.269  2.00129e-08  5.75465e-11
      11.0000      284.506  1.99737e-08  5.81635e-11
      11.0000      284.743  1.94888e-08  5.57298e-11
      11.0000      284.981  1.94004e-08  5.34113e-11
      11.0000      285.218  1.97678e-08  5.61650e-11
      11.0000      285.456  1.95678e-08  5.62861e-11
      11.0000      285.694  1.91889e-08  5.61047e-11
      11.0000      285.932  1.85752e-08  5.24628e-11
      11.0000      286.171  1.84539e-08  5.09017e-11
      11.0000      286.409  1.82477e-08  5.05478e-11
      11.0000      286.648  1.77633e-08  5.03472e-11
      11.0000      286.887  1.83122e-08  5.30456e-11
      11.0000      287.126  1.89525e-08  5.36076e-11
      11.0000      287.365  1.86655e-08  5.15018e-11
      11.0000      287.605  1.84370e-08  5.21792e-11
      11.0000      287.844  1.83258e-08  5.38934e-11
      11.0000      288.085  1.82284e-08  5.43803e-11
      11.0000      288.325  1.84290e-08          NaN
      11.0000      288.565  1.81487e-08          NaN
      11.0000      288.806  1.82249e-08  5.77245e-11
      11.0000      289.047  1.80424e-08  5.96952e-11
      11.0000      289.287  1.84342e-08  6.23442e-11
      11.0000      289.529  1.80280e-08  6.00974e-11
      11.0000      289.770  1.87875e-08  6.33032e-11
      11.0000      290.011  1.78970e-08  6.04491e-11
      11.0000      290.254  1.69846e-08  5.83702e-11
      11.0000      290.495  1.71841e-08  5.91577e-11
      11.0000      290.737  1.71359e-08  5.67007e-11
      11.0000      290.980  1.69376e-08  5.45781e-11
      11.0000      291.223  1.69940e-08  5.52137e-11
      11.0000      291.465  1.69326e-08  5.67959e-11
      11.0000      291.708  1.65947e-08  5.58442e-11
      11.0000      291.951  1.64537e-08  5.65985e-11
      11.0000      292.195  1.59541e-08  5.57030e-11
      11.0000      292.439  1.58743e-08  5.79788e-11
      11.0000      292.683  1.57107e-08  6.05136e-11
      11.0000      292.926  1.57097e-08  5.93107e-11
      11.0000      293.171  1.54423e-08  5.93863e-11
      12.0000      295.377  1.64937e-08  5.54690e-11
      12.0000      295.624  1.65653e-08  5.63533e-11
      12.0000      295.870  1.60521e-08  5.77075e-11
      12.0000      296.117  1.50793e-08  5.55175e-11
      12.0000      296.364  1.56090e-08  5.45862e-11
      12.0000      296.611  1.53975e-08  4.98486e-11
      12.0000      296.858  1.58370e-08  5.06807e-11
      12.0000      297.105  1.56488e-08  5.17269e-11
      12.0000      297.354  1.60923e-08  5.49465e-11
      12.0000      297.601  1.54669e-08  5.04610e-11
      12.0000      297.850  1.54633e-08  4.44818e-11
      12.0000      298.097  1.52986e-08  4.06146e-11
      12.0000      298.346  1.56445e-08  4.26239e-11
      12.0000      298.595  1.60875e-08  4.75147e-11
      12.0000      298.844  1.55664e-08  4.65908e-11
      12.0000      299.093  1.54195e-08  4.39265e-11
      12.0000      299.342  1.52955e-08  4.13579e-11
      12.0000      299.592  1.48910e-08  3.92958e-11
      12.0000      299.842  1.48025e-08          NaN
      12.0000      300.091  1.63787e-08          NaN
      12.0000      300.342  1.59782e-08  4.39026e-11
      12.0000      300.592  1.54854e-08  4.30651e-11
      12.0000      300.843  1.48504e-08  4.00793e-11
      12.0000      301.093  1.45540e-08  4.18208e-11
      12.0000      301.345  1.46724e-08  1.46616e-10
      12.0000      301.595  1.47127e-08  3.29102e-11
      12.0000      301.848  1.44392e-08  3.33474e-11
      12.0000      302.099  1.41444e-08  3.63084e-11
      12.0000      302.350  1.41683e-08  3.75260e-11
      12.0000      302.603  1.42613e-08  3.67148e-11
      12.0000      302.855  1.49207e-08  3.60668e-11
      12.0000      303.107  1.51211e-08  3.69329e-11
      12.0000      303.360  1.44123e-08  3.47933e-11
      12.0000      303.614  1.40151e-08  3.29207e-11
      12.0000      303.866  1.40572e-08  3.25506e-11
      12.0000      304.120  1.39359e-08  3.25441e-11
      12.0000      304.373  1.37356e-08  3.36204e-11
      12.0000      304.627  1.36572e-08  3.41801e-11
      12.0000      304.881  1.38224e-08  3.35624e-11
      12.0000      305.135  1.37128e-08  3.02226e-11
      12.0000      305.389  1.35292e-08  2.89186e-11
      12.0000      305.644  1.34253e-08  2.90509e-11
      12.0000      305.899  1.34544e-08  2.94551e-11
      12.0000      306.154  1.34191e-08          NaN
      12.0000      306.409  1.32924e-08          NaN
      12.0000      306.665  1.31761e-08  3.15811e-11
      12.0000      306.921  1.33158e-08  3.41338e-11
      12.0000      307.176  1.31284e-08  3.30611e-11
      12.0000      307.432  1.39453e-08  3.32726e-11
      12.0000      307.689  1.34797e-08  3.08185e-11
      12.0000      307.945  1.33930e-08  3.09835e-11
      12.0000      308.202  1.32590e-08  2.91387e-11
      12.0000      308.458  1.31545e-08  2.68866e-11
      12.0000      308.715  1.30552e-08          NaN
      12.0000      308.973  1.27109e-08          NaN
      12.0000      309.231  1.25571e-08  2.62387e-11
      12.0000      309.488  1.27168e-08  2.70883e-11
      12.0000      309.746  1.27859e-08  2.77069e-11
      12.0000      310.004  1.26798e-08  2.78434e-11
      12.0000      310.263  1.26320e-08  2.95886e-11
      12.0000      310.522  1.27066e-08  3.06464e-11
      12.0000      310.781  1.25623e-08  2.89925e-11
      12.0000      311.040  1.28158e-08  2.79880e-11
      12.0000      311.300  1.28426e-08  2.85497e-11
      12.0000      311.559  1.26084e-08  2.87495e-11
      12.0000      311.819  1.24768e-08          NaN
      12.0000      312.079  1.25217e-08          NaN
      12.0000      312.339  1.24815e-08  2.65390e-11
      12.0000      312.599  1.21682e-08  2.72391e-11
      12.0000      312.860  1.21441e-08  2.83609e-11
      12.0000      313.120  1.21829e-08  2.74264e-11
      12.0000      313.381  1.22727e-08  2.61643e-11
      12.0000      313.643  1.21151e-08          NaN
      12.0000      313.905  1.21132e-08          NaN
      12.0000      314.166  1.22011e-08          NaN
      12.0000      314.428  1.23222e-08          NaN
      12.0000      314.690  1.24657e-08  2.91476e-11
      12.0000      314.953  1.22436e-08  2.83577e-11
      12.0000      315.215  1.28016e-08  2.83126e-11
      12.0000      315.477  1.31305e-08  2.69194e-11
      12.0000      315.740  1.23489e-08  2.37876e-11
      12.0000      316.004  1.20791e-08  2.44643e-11
      12.0000      316.268  1.18549e-08  2.63198e-11
      12.0000      316.531  1.18805e-08  2.71857e-11
      12.0000      316.795  1.21214e-08  2.65558e-11
      12.0000      317.059  1.19276e-08  2.54405e-11
      12.0000      317.323  1.17988e-08  2.63769e-11
      12.0000      317.587  1.14428e-08  2.59993e-11
      12.0000      317.853  1.13192e-08  2.43455e-11
      12.0000      318.118  1.12171e-08  2.60402e-11
      12.0000      318.383  1.12141e-08  3.04630e-11
      12.0000      318.648  1.16695e-08  2.93733e-11
      12.0000      318.914  1.17712e-08  2.75246e-11
      13.0000      319.180  1.18348e-08          NaN
      13.0000      319.446  1.20150e-08          NaN
      13.0000      319.713  1.17456e-08  3.75832e-11
      13.0000      319.978  1.16936e-08  4.13459e-11
      13.0000      320.246  1.19355e-08  3.84036e-11
      13.0000      320.513  1.19933e-08  3.20833e-11
      13.0000      320.780  1.17078e-08  2.92864e-11
      13.0000      321.047  1.16682e-08  3.09591e-11
      13.0000      321.315  1.17399e-08          NaN
      13.0000      321.583  1.17946e-08          NaN
      13.0000      321.851  1.15921e-08          NaN
      13.0000      322.119  1.14095e-08  2.35730e-11
      13.0000      322.387  1.15949e-08          NaN
      13.0000      322.657  1.16451e-08          NaN
      13.0000      322.925  1.16605e-08  2.53851e-11
      13.0000      323.195  1.15517e-08  2.75403e-11
      13.0000      323.464  1.16690e-08  2.89389e-11
      13.0000      323.734  1.18222e-08  2.64975e-11
      13.0000      324.003  1.17128e-08  2.24423e-11
      13.0000      324.273  1.16736e-08  2.15777e-11
      13.0000      324.544  1.15497e-08  2.29478e-11
      13.0000      324.815  1.16622e-08  2.40124e-11
      13.0000      325.085  1.16863e-08  2.22833e-11
      13.0000      325.357  1.14230e-08  2.06297e-11
      13.0000      325.628  1.12703e-08  2.06964e-11
      13.0000      325.900  1.12668e-08  2.09421e-11
      13.0000      326.171  1.14382e-08  2.05608e-11
      13.0000      326.443  1.14378e-08  2.06429e-11
      13.0000      326.715  1.12345e-08  2.28346e-11
      13.0000      326.988  1.12431e-08  2.56644e-11
      13.0000      327.259  1.16487e-08  2.57046e-11
      13.0000      327.533  1.16998e-08  2.24076e-11
      13.0000      327.805  1.13461e-08  1.99346e-11
      13.0000      328.079  1.10720e-08  1.88450e-11
      13.0000      328.352  1.10981e-08          NaN
      13.0000      328.626  1.11733e-08          NaN
      13.0000      328.900  1.09693e-08  1.73061e-11
      13.0000      329.175  1.07075e-08  1.98278e-11
      13.0000      329.449  1.08782e-08  2.30159e-11
      13.0000      329.724  1.09932e-08  2.30444e-11
      13.0000      329.998  1.09485e-08  2.17870e-11
      13.0000      330.274  1.08046e-08  2.17557e-11
      13.0000      330.549  1.07654e-08  2.12016e-11
      13.0000      330.825  1.10679e-08          NaN
      13.0000      331.101  1.11156e-08          NaN
      13.0000      331.376  1.09697e-08          NaN
      13.0000      331.653  1.09180e-08          NaN
      13.0000      331.929  1.08060e-08  1.74831e-11
      13.0000      332.206  1.08824e-08  1.77277e-11
      13.0000      332.483  1.07341e-08  1.89647e-11
      13.0000      332.760  1.06097e-08  2.19809e-11
      13.0000      333.037  1.07934e-08  2.38505e-11
      13.0000      333.316  1.10908e-08  2.30022e-11
      13.0000      333.592  1.09242e-08  2.11123e-11
      13.0000      333.871  1.07298e-08  2.04327e-11
      13.0000      334.150  1.08807e-08  2.03319e-11
      13.0000      334.428  1.09449e-08  1.78867e-11
      13.0000      334.707  1.09806e-08  1.59046e-11
      13.0000      334.986  1.07860e-08  1.55892e-11
      13.0000      335.264  1.06204e-08  1.64491e-11
      13.0000      335.545  1.06329e-08  1.67951e-11
      13.0000      335.824  1.06385e-08  1.67000e-11
      13.0000      336.104  1.04229e-08  1.76650e-11
      13.0000      336.384  1.01761e-08  1.93555e-11
      13.0000      336.665  1.04277e-08  2.06670e-11
      13.0000      336.945  1.16355e-08          NaN
      13.0000      337.226  1.08684e-08          NaN
      13.0000      337.507  1.03751e-08  2.10588e-11
      13.0000      337.789  1.04995e-08  2.09493e-11
      13.0000      338.071  1.07441e-08  1.98281e-11
      13.0000      338.352  1.05298e-08  1.89764e-11
      13.0000      338.634  1.03556e-08  2.03603e-11
      13.0000      338.916  1.03532e-08  2.18637e-11
      13.0000      339.199  1.04781e-08  2.18655e-11
      13.0000      339.482  1.05262e-08  2.18126e-11
      13.0000      339.765  1.06414e-08  2.32948e-11
      13.0000      340.048  1.00570e-08  2.40745e-11
      13.0000      340.332  1.09576e-08  2.44347e-11
      13.0000      340.616  1.06567e-08  2.16774e-11
      13.0000      340.899  1.04420e-08  2.15159e-11
      13.0000      341.184  1.03842e-08  2.18143e-11
      13.0000      341.468  1.03541e-08          NaN
      13.0000      341.753  1.02680e-08          NaN
      13.0000      342.038  1.02542e-08  1.93504e-11
      13.0000      342.323  1.02737e-08  2.12082e-11
      13.0000      342.608  1.02822e-08  2.20386e-11
      13.0000      342.894  1.03445e-08  2.16468e-11
      4.00000      343.180  1.02430e-08  2.20161e-11
      4.00000      343.466  1.02530e-08  2.40553e-11
      4.00000      343.752  1.01655e-08  2.39610e-11
      4.00000      344.039  1.04056e-08          NaN
      4.00000      344.325  1.02883e-08          NaN
      4.00000      344.612  1.04039e-08  2.41879e-11
      14.0000      344.900  1.02675e-08  2.66358e-11
      14.0000      345.187  1.05827e-08  2.51338e-11
      14.0000      345.476  1.01590e-08  2.28622e-11
      14.0000      345.764  1.00744e-08  2.29636e-11
      14.0000      346.052  9.98914e-09  2.24432e-11
      14.0000      346.340  1.01099e-08  2.16450e-11
      14.0000      346.629  9.95043e-09  2.29220e-11
      14.0000      346.917  9.85328e-09  2.59066e-11
      14.0000      347.207  9.92794e-09  2.62376e-11
      14.0000      347.496  1.01100e-08  2.21398e-11
      14.0000      347.786  1.01420e-08  1.91214e-11
      14.0000      348.077  9.89348e-09  1.90608e-11
      14.0000      348.367  9.86742e-09  2.00073e-11
      14.0000      348.657  1.00259e-08  2.05566e-11
      14.0000      348.948  9.94598e-09  2.15130e-11
      14.0000      349.239  9.70349e-09  2.34631e-11
      14.0000      349.529  9.86445e-09  2.40954e-11
      14.0000      349.820  1.03011e-08  2.24415e-11
      14.0000      350.112  1.03196e-08  2.05321e-11
      14.0000      350.404  1.04225e-08  2.18870e-11
      14.0000      350.696  1.09020e-08  2.40224e-11
      14.0000      350.989  1.14152e-08  2.34973e-11
      14.0000      351.281  1.15419e-08          NaN
      14.0000      351.574  1.07776e-08          NaN
      14.0000      351.867  9.91679e-09          NaN
      14.0000      352.161  9.81735e-09          NaN
      14.0000      352.454  9.39096e-09  1.71081e-11
      14.0000      352.749  9.18325e-09  1.69411e-11
      14.0000      353.043  9.22686e-09          NaN
      14.0000      353.337  9.30947e-09          NaN
      14.0000      353.632  9.38110e-09  1.83885e-11
      14.0000      353.926  9.24310e-09          NaN
      14.0000      354.221  1.11089e-08          NaN
      14.0000      354.517  1.00700e-08  2.01044e-11
      14.0000      354.812  9.17702e-09  1.64279e-11
      14.0000      355.107  8.99890e-09  1.52740e-11
      14.0000      355.404  9.00642e-09  1.59073e-11
      14.0000      355.700  9.01870e-09          NaN
      14.0000      355.996  9.24569e-09          NaN
      14.0000      356.294  9.21587e-09  1.63679e-11
      14.0000      356.590  9.28615e-09  1.83844e-11
      14.0000      356.888  9.49183e-09  1.86422e-11
      14.0000      357.185  9.46149e-09  1.79386e-11
      14.0000      357.482  9.12117e-09  1.83572e-11
      14.0000      357.780  8.98109e-09  1.90321e-11
      14.0000      358.079  9.02436e-09          NaN
      14.0000      358.378  8.63649e-09          NaN
      14.0000      358.676  8.58446e-09  1.49143e-11
      14.0000      358.976  8.65242e-09  1.55682e-11
      14.0000      359.275  9.15689e-09  1.58462e-11
      14.0000      359.575  8.90160e-09  1.44360e-11
      14.0000      359.874  8.45058e-09          NaN
      14.0000      360.175  8.47805e-09          NaN
      14.0000      360.475  8.79328e-09          NaN
      14.0000      360.775  9.08202e-09          NaN
      14.0000      361.076  8.94694e-09  1.55847e-11
      14.0000      361.377  8.97312e-09  1.67588e-11
      14.0000      361.678  9.25736e-09          NaN
      14.0000      361.979  9.14238e-09          NaN
      14.0000      362.282  8.96068e-09  1.83249e-11
      14.0000      362.583  8.90557e-09  1.99651e-11
      14.0000      362.886  9.13399e-09  1.97496e-11
      14.0000      363.189  9.05098e-09  1.90241e-11
      14.0000      363.491  9.06378e-09          NaN
      14.0000      363.794  8.84183e-09          NaN
      14.0000      364.097  9.05668e-09  1.89518e-11
      14.0000      364.401  8.94090e-09  1.79618e-11
      14.0000      364.704  8.33246e-09  1.75176e-11
      14.0000      365.009  8.55479e-09  1.80881e-11
      14.0000      365.313  9.04291e-09          NaN
      14.0000      365.617  8.21985e-09          NaN
      14.0000      365.922  8.17838e-09          NaN
      14.0000      366.228  8.34951e-09          NaN
      14.0000      366.533  8.68125e-09  1.72719e-11
      14.0000      366.838  8.52483e-09  1.67827e-11
      4.00000      367.144  8.18813e-09  1.70236e-11
      4.00000      367.450  8.24434e-09  1.74127e-11
      4.00000      367.757  8.32321e-09  1.64688e-11
      4.00000      368.062  8.16471e-09          NaN
      4.00000      368.370  8.12318e-09          NaN
      4.00000      368.677  8.22185e-09  1.80436e-11
      4.00000      368.985  8.30986e-09  1.73595e-11
      4.00000      369.293  7.97715e-09  1.68066e-11
      4.00000      369.600  7.98249e-09  1.85635e-11
      4.00000      369.909  8.10679e-09  1.88391e-11
      4.00000      370.217  8.13089e-09  1.79276e-11
      4.00000      370.525  7.89015e-09          NaN
      15.0000      370.835  7.86505e-09  1.89777e-11
      15.0000      371.143  7.95251e-09  1.84425e-11
      15.0000      371.453  8.01672e-09  1.89094e-11
      15.0000      371.762  7.80386e-09  2.12087e-11
      15.0000      372.072  7.78240e-09          NaN
      15.0000      372.383  7.86364e-09          NaN
      15.0000      372.692  7.60842e-09  1.54559e-11
      15.0000      373.003  7.38784e-09  1.54620e-11
      15.0000      373.314  7.52225e-09          NaN
      15.0000      373.626  7.53695e-09          NaN
      15.0000      373.937  7.44967e-09  1.73563e-11
      15.0000      374.249  7.37998e-09  1.88078e-11
      15.0000      374.561  7.43835e-09  1.75259e-11
      15.0000      374.873  7.49614e-09  1.51969e-11
      15.0000      375.185  7.34537e-09  1.38706e-11
      15.0000      375.498  7.18766e-09  1.42675e-11
      15.0000      375.811  7.30586e-09  1.42711e-11
      15.0000      376.125  7.40729e-09  1.43975e-11
      15.0000      376.438  7.14338e-09  1.57972e-11
      15.0000      376.753  7.04714e-09  1.71904e-11
      15.0000      377.067  7.14779e-09  1.57201e-11
      15.0000      377.381  7.14914e-09          NaN
      15.0000      377.695  6.95529e-09          NaN
      15.0000      378.010  6.98728e-09  1.35007e-11
      15.0000      378.325  7.16657e-09  1.26941e-11
      15.0000      378.640  7.07182e-09  1.25597e-11
      15.0000      378.956  6.90140e-09  1.36797e-11
      15.0000      379.272  6.94367e-09          NaN
      15.0000      379.589  7.05117e-09          NaN
      15.0000      379.905  6.80055e-09  1.45852e-11
      15.0000      380.222  6.66788e-09  1.50617e-11
      15.0000      380.539  6.76412e-09  1.41776e-11
      15.0000      380.855  6.59728e-09          NaN
      15.0000      381.173  6.42664e-09          NaN
      15.0000      381.492  6.39110e-09  1.19805e-11
      15.0000      381.809  6.62879e-09  1.14812e-11
      15.0000      382.127  6.73130e-09  1.11856e-11
      15.0000      382.446  6.57820e-09  1.19879e-11
      15.0000      382.765  6.58869e-09  1.25588e-11
      15.0000      383.085  6.80742e-09  1.28188e-11
      15.0000      383.403  6.53624e-09  1.30954e-11
      15.0000      383.723  6.36719e-09  1.50104e-11
      15.0000      384.044  6.59520e-09  1.57830e-11
      15.0000      384.363  6.63311e-09  1.44515e-11
      15.0000      384.683  6.61823e-09  1.44795e-11
      15.0000      385.005  6.41334e-09  1.40922e-11
      15.0000      385.325  6.56104e-09  1.29534e-11
      15.0000      385.646  6.51931e-09  1.14438e-11
      15.0000      385.968  6.26525e-09  1.11602e-11
      15.0000      386.290  6.21162e-09  1.13680e-11
      15.0000      386.612  6.30979e-09  1.08759e-11
      15.0000      386.934  6.21787e-09  1.07511e-11
      15.0000      387.256  6.04105e-09  1.15227e-11
      15.0000      387.580  6.17176e-09  1.19439e-11
      15.0000      387.902  6.26307e-09  1.14877e-11
      15.0000      388.226  6.07184e-09  1.15065e-11
      15.0000      388.550  5.99203e-09  1.20480e-11
      15.0000      388.874  6.18391e-09  1.16891e-11
      15.0000      389.197  6.16947e-09  1.12564e-11
      15.0000      389.522  5.89828e-09  1.19634e-11
      15.0000      389.847  5.86639e-09  1.28463e-11
      15.0000      390.172  6.01050e-09  1.28445e-11
      15.0000      390.497  5.90339e-09  1.32855e-11
      15.0000      390.823  5.72116e-09  1.46849e-11
      4.00000      391.149  5.76155e-09  1.50651e-11
      4.00000      391.475  5.88415e-09  1.42250e-11
      4.00000      391.802  5.71735e-09  1.43045e-11
      4.00000      392.128  5.58856e-09  1.47984e-11
      4.00000      392.455  5.73906e-09  1.42414e-11
      4.00000      392.782  5.66201e-09  1.35194e-11
      4.00000      393.110  5.36304e-09  1.43753e-11
      4.00000      393.437  5.35044e-09  1.55550e-11
      4.00000      393.766  5.39465e-09  1.49392e-11
      4.00000      394.093  5.36976e-09  1.54339e-11
      4.00000      394.421  5.29796e-09  1.73510e-11
      4.00000      394.751  5.35826e-09  1.65094e-11
      4.00000      395.080  5.45335e-09  1.52588e-11
      4.00000      395.409  5.34107e-09  1.51434e-11
      4.00000      395.739  5.32267e-09  1.55373e-11
      4.00000      396.069  5.32980e-09  1.46533e-11
      4.00000      396.399  5.24639e-09  1.43881e-11
      16.0000      396.729  5.02665e-09          NaN
      16.0000      397.060  4.98448e-09          NaN
      16.0000      397.392  5.14571e-09          NaN
      16.0000      397.722  5.06083e-09          NaN
      16.0000      398.054  4.93205e-09  1.32139e-11
      16.0000      398.386  5.10531e-09  1.23125e-11
      16.0000      398.718  5.13097e-09  1.18518e-11
      16.0000      399.050  4.92890e-09  1.30621e-11
      16.0000      399.383  4.89069e-09  1.42793e-11
      16.0000      399.717  4.95164e-09  1.32488e-11
      16.0000      400.050  4.85559e-09  1.22904e-11
      16.0000      400.383  4.68295e-09  1.22572e-11
      16.0000      400.716  4.82702e-09  1.18717e-11
      16.0000      401.051  4.86255e-09  1.11699e-11
      16.0000      401.386  4.70445e-09  1.15389e-11
      16.0000      401.719  4.72363e-09  1.20599e-11
      16.0000      402.055  4.84107e-09  1.18656e-11
      16.0000      402.390  4.76500e-09  1.22042e-11
      16.0000      402.726  4.56448e-09          NaN
      16.0000      403.062  4.68666e-09          NaN
      16.0000      403.397  4.58286e-09          NaN
      16.0000      403.734  4.52222e-09  1.06429e-11
      16.0000      404.070  4.52201e-09          NaN
      16.0000      404.406  4.61207e-09          NaN
      16.0000      404.744  4.51262e-09  1.00515e-11
      16.0000      405.081  4.40814e-09  1.06305e-11
      16.0000      405.420  4.48430e-09  1.06814e-11
      16.0000      405.757  4.47531e-09  1.07008e-11
      16.0000      406.095  4.27267e-09  1.16874e-11
      16.0000      406.435  4.29066e-09  1.23775e-11
      16.0000      406.774  4.39040e-09          NaN
      16.0000      407.111  4.31931e-09          NaN
      16.0000      407.451  4.23959e-09  1.08187e-11
      16.0000      407.790  4.34385e-09  1.03688e-11
      16.0000      408.132  4.34058e-09  9.19893e-12
      16.0000      408.472  4.17708e-09  8.97849e-12
      16.0000      408.812  4.17855e-09  9.04073e-12
      16.0000      409.152  4.23650e-09  8.71325e-12
      16.0000      409.494  4.05428e-09  9.06556e-12
      16.0000      409.834  3.94347e-09          NaN
      16.0000      410.177  4.06788e-09          NaN
      16.0000      410.519  4.01944e-09  1.08578e-11
      16.0000      410.862  3.80034e-09  1.16592e-11
      16.0000      411.203  3.89291e-09  1.24807e-11
      16.0000      411.546  4.05771e-09  1.15416e-11
      16.0000      411.889  3.95563e-09  1.10166e-11
      16.0000      412.233  3.78907e-09  1.10435e-11
      16.0000      412.577  3.86310e-09  1.05898e-11
      16.0000      412.919  3.83445e-09  9.83136e-12
      16.0000      413.264  3.66415e-09  1.01760e-11
      16.0000      413.609  3.68732e-09  1.08372e-11
      16.0000      413.954  3.81145e-09  1.01188e-11
      16.0000      414.298  3.74174e-09          NaN
      16.0000      414.644  3.66467e-09          NaN
      16.0000      414.989  3.76426e-09  9.27442e-12
      4.00000      415.336  3.68229e-09  8.46567e-12
      4.00000      415.683  3.53025e-09  8.71043e-12
      4.00000      416.029  3.48431e-09  9.01194e-12
      4.00000      416.375  3.54218e-09  8.85363e-12
      4.00000      416.722  3.46575e-09  9.21136e-12
      4.00000      417.070  3.40786e-09  9.79316e-12
      4.00000      417.418  3.48920e-09  9.56956e-12
      4.00000      417.767  3.48557e-09  9.27831e-12
      4.00000      418.114  3.38301e-09  9.41166e-12
      4.00000      418.463  3.39461e-09  9.17273e-12
      4.00000      418.811  3.46573e-09  8.81847e-12
      4.00000      419.161  3.31986e-09          NaN
      4.00000      419.511  3.30652e-09          NaN
      4.00000      419.859  3.40932e-09          NaN
      4.00000      420.210  3.29868e-09          NaN
      4.00000      420.560  3.21627e-09          NaN
      4.00000      420.911  3.25200e-09          NaN
      4.00000      421.262  3.27503e-09  1.00395e-11
      4.00000      421.614  3.22320e-09  1.02792e-11
      4.00000      421.964  3.20907e-09  1.02565e-11
      4.00000      422.317  3.20547e-09  9.90041e-12
      17.0000      422.669  3.02557e-09          NaN
      17.0000      423.021  3.02031e-09          NaN
      17.0000      423.374  3.13982e-09          NaN
      17.0000      423.727  3.07119e-09  1.31203e-11
      17.0000      424.079  3.02754e-09  1.37422e-11
      17.0000      424.434  3.14587e-09  1.19067e-11
      17.0000      424.787  3.07183e-09          NaN
      17.0000      425.141  2.93389e-09          NaN
      17.0000      425.496  2.88171e-09          NaN
      17.0000      425.851  2.92631e-09          NaN
      17.0000      426.205  2.82352e-09  9.99669e-12
      17.0000      426.561  2.82565e-09  1.14262e-11
      17.0000      426.916  2.95247e-09  1.16410e-11
      17.0000      427.272  2.86669e-09  1.09505e-11
      17.0000      427.628  2.81003e-09  1.03925e-11
      17.0000      427.985  2.87822e-09  9.32112e-12
      17.0000      428.343  2.85911e-09  8.14460e-12
      17.0000      428.699  2.71696e-09          NaN
      17.0000      429.056  2.72506e-09          NaN
      17.0000      429.415  2.79057e-09  8.14826e-12
      17.0000      429.771  2.72105e-09  8.86168e-12
      17.0000      430.130  2.68520e-09  9.69108e-12
      17.0000      430.489  2.79299e-09  9.75029e-12
      17.0000      430.847  2.74378e-09          NaN
      17.0000      431.207  2.66688e-09          NaN
      17.0000      431.566  2.70904e-09          NaN
      17.0000      431.926  2.69300e-09          NaN
      17.0000      432.287  2.59076e-09          NaN
      17.0000      432.646  2.60769e-09  7.86319e-12
      17.0000      433.007  2.64266e-09  7.40555e-12
      17.0000      433.368  2.59017e-09  7.48013e-12
      17.0000      433.730  2.57175e-09  7.53930e-12
      17.0000      434.092  2.60819e-09  7.18124e-12
      17.0000      434.452  2.53578e-09  7.31399e-12
      17.0000      434.815  2.48798e-09  7.77122e-12
      17.0000      435.178  2.53881e-09  7.81663e-12
      17.0000      435.540  2.46952e-09  8.11289e-12
      17.0000      435.905  2.42578e-09  9.08641e-12
      17.0000      436.268  2.47211e-09          NaN
      17.0000      436.630  2.47477e-09          NaN
      17.0000      436.994  2.38207e-09  9.30209e-12
      17.0000      437.359  2.38209e-09  8.86075e-12
      17.0000      437.723  2.43284e-09  8.07787e-12
      17.0000      438.089  2.32596e-09          NaN
      17.0000      438.454  2.34292e-09          NaN
      17.0000      438.820  2.35172e-09  7.50982e-12
      17.0000      439.186  2.28464e-09  7.33205e-12
      4.00000      439.551  2.22092e-09  7.52893e-12
      4.00000      439.918  2.22414e-09  7.29510e-12
      4.00000      440.284  2.17641e-09  6.82501e-12
      4.00000      440.651  2.13699e-09  6.95011e-12
      4.00000      441.018  2.16247e-09  6.84337e-12
      4.00000      441.386  2.17468e-09  6.77992e-12
      4.00000      441.755  2.11690e-09  7.11467e-12
      4.00000      442.124  2.19398e-09  7.57697e-12
      4.00000      442.492  2.20872e-09  7.47868e-12
      4.00000      442.860  2.08781e-09  7.21375e-12
      4.00000      443.229  2.08974e-09  7.20948e-12
      4.00000      443.599  2.11282e-09  6.96288e-12
      4.00000      443.969  2.05476e-09  7.05837e-12
      4.00000      444.340  2.04573e-09  7.25571e-12
      4.00000      444.709  2.08887e-09  7.18365e-12
      4.00000      445.079  2.04828e-09  7.44546e-12
      4.00000      445.452  2.02161e-09  7.79055e-12
      4.00000      445.824  2.06285e-09  7.67837e-12
      4.00000      446.194  2.05109e-09  7.59744e-12
      4.00000      446.566  2.01184e-09  7.70195e-12
      4.00000      446.939  2.04553e-09  7.56885e-12
      4.00000      447.311  2.00205e-09  7.44501e-12
      4.00000      447.684  1.91400e-09  7.77659e-12
      4.00000      448.057  1.94078e-09  8.07436e-12
      4.00000      448.431  1.94856e-09  8.19272e-12
      18.0000      448.805  1.88814e-09  1.06038e-11
      18.0000      449.180  1.90472e-09  9.31550e-12
      18.0000      449.553  1.93354e-09  8.02019e-12
      18.0000      449.928  1.88486e-09  7.51435e-12
      18.0000      450.302  1.97030e-09  7.64596e-12
      18.0000      450.678  1.94735e-09  7.46773e-12
      18.0000      451.054  1.82031e-09  8.15323e-12
      18.0000      451.431  1.82013e-09  9.10192e-12
      18.0000      451.806  1.83891e-09  9.30084e-12
      18.0000      452.184  1.77440e-09  9.05234e-12
      18.0000      452.560  1.77323e-09  8.27057e-12
      18.0000      452.938  1.82667e-09  7.09190e-12
      18.0000      453.315  1.77072e-09  6.53569e-12
      18.0000      453.694  1.72771e-09  6.51235e-12
      18.0000      454.071  1.75271e-09  6.39226e-12
      18.0000      454.450  1.71793e-09  6.89836e-12
      18.0000      454.829  1.69795e-09  7.64544e-12
      18.0000      455.208  1.74395e-09  7.75254e-12
      18.0000      455.587  1.70823e-09  7.96477e-12
      18.0000      455.967  1.64772e-09          NaN
      18.0000      456.348  1.70266e-09  7.68770e-12
      18.0000      456.727  1.67593e-09  6.80814e-12
      18.0000      457.109  1.60376e-09  6.84298e-12
      18.0000      457.490  1.62783e-09          NaN
      18.0000      457.871  1.64203e-09          NaN
      18.0000      458.253  1.58443e-09  6.60947e-12
      18.0000      458.636  1.63366e-09  6.51093e-12
      18.0000      459.017  1.65773e-09  6.03164e-12
      18.0000      459.400  1.59585e-09  6.15937e-12
      18.0000      459.783  1.60419e-09  6.02123e-12
      18.0000      460.166  1.59165e-09  5.93134e-12
      18.0000      460.549  1.50656e-09  6.65559e-12
      18.0000      460.934  1.51387e-09  7.37470e-12
      18.0000      461.318  1.55626e-09  7.55354e-12
      18.0000      461.702  1.52053e-09  8.16336e-12
      18.0000      462.088  1.49725e-09  8.50205e-12
      18.0000      462.473  1.57237e-09          NaN
      18.0000      462.858  1.46276e-09          NaN
      18.0000      463.244  1.45886e-09  7.08043e-12
      4.00000      463.631  1.38134e-09  6.64489e-12
      4.00000      464.018  1.33941e-09  6.74507e-12
      4.00000      464.403  1.37053e-09  7.24560e-12
      4.00000      464.792  1.37838e-09  7.08317e-12
      4.00000      465.179  1.36079e-09          NaN
      4.00000      465.567  1.37595e-09          NaN
      4.00000      465.955  1.43361e-09          NaN
      4.00000      466.342  1.38737e-09          NaN
      4.00000      466.731  1.35752e-09  5.91215e-12
      4.00000      467.122  1.38418e-09  6.01466e-12
      4.00000      467.510  1.34727e-09  6.30461e-12
      4.00000      467.900  1.34530e-09  6.83337e-12
      4.00000      468.290  1.34460e-09  6.81638e-12
      4.00000      468.680  1.31872e-09  6.58718e-12
      4.00000      469.072  1.32965e-09  6.51594e-12
      4.00000      469.462  1.35558e-09  6.17360e-12
      4.00000      469.854  1.30779e-09  6.08192e-12
      4.00000      470.245  1.26705e-09  6.55568e-12
      4.00000      470.637  1.28590e-09  7.00498e-12
      4.00000      471.029  1.26036e-09  7.49167e-12
      4.00000      471.422  1.22992e-09  7.94495e-12
      4.00000      471.816  1.28978e-09  7.85808e-12
      4.00000      472.208  1.29201e-09  7.58053e-12
      4.00000      472.603  1.25046e-09  7.49075e-12
      4.00000      472.997  1.27481e-09          NaN
      4.00000      473.391  1.23964e-09          NaN
      4.00000      473.785  1.19034e-09  8.41905e-12
      4.00000      474.181  1.21972e-09  9.22230e-12
      4.00000      474.577  1.18776e-09  9.45867e-12
      19.0000      474.971  1.14723e-09  1.17265e-11
      19.0000      475.367  1.20812e-09  9.46382e-12
      19.0000      475.765  1.19865e-09  7.98372e-12
      19.0000      476.161  1.15267e-09  7.67050e-12
      19.0000      476.558  1.16880e-09  7.47771e-12
      19.0000      476.954  1.14165e-09  7.84858e-12
      19.0000      477.352  1.11107e-09  8.74086e-12
      19.0000      477.751  1.15020e-09  9.03437e-12
      19.0000      478.149  1.15836e-09  9.21083e-12
      19.0000      478.547  1.13647e-09  9.49870e-12
      19.0000      478.946  1.18262e-09  8.50412e-12
      19.0000      479.345  1.15706e-09  7.44323e-12
      19.0000      479.745  1.11516e-09          NaN
      19.0000      480.146  1.12438e-09  7.28898e-12
      19.0000      480.545  1.09014e-09  6.90364e-12
      19.0000      480.945  1.07604e-09  6.97490e-12
      19.0000      481.348  1.11492e-09  6.64054e-12
      19.0000      481.749  1.10114e-09          NaN
      19.0000      482.151  1.09555e-09          NaN
      19.0000      482.551  1.11582e-09          NaN
      19.0000      482.954  1.08674e-09          NaN
      19.0000      483.356  1.06916e-09  7.77142e-12
      19.0000      483.760  1.06078e-09  8.16632e-12
      19.0000      484.163  1.06346e-09  8.33133e-12
      19.0000      484.567  1.06445e-09  7.76244e-12
      19.0000      484.971  1.06314e-09  6.80834e-12
      19.0000      485.376  1.02100e-09  6.10846e-12
      19.0000      485.779  1.04678e-09  5.82149e-12
      19.0000      486.185  1.02710e-09          NaN
      19.0000      486.590  9.92369e-10          NaN
      19.0000      486.995  1.01093e-09  6.01839e-12
      19.0000      487.401  1.00514e-09  6.04305e-12
      19.0000      487.807  9.10486e-10          NaN
      19.0000      488.215  9.52941e-10          NaN
      4.00000      488.622  9.26712e-10          NaN
      4.00000      489.029  8.91006e-10  5.65879e-12
      4.00000      489.436  8.97687e-10  5.71818e-12
      4.00000      489.845  8.86277e-10  6.22106e-12
      4.00000      490.254  8.87507e-10  6.77442e-12
      4.00000      490.663  9.16092e-10  6.88195e-12
      4.00000      491.070  8.82998e-10          NaN
      4.00000      491.480  8.85837e-10          NaN
      4.00000      491.889  9.31823e-10  6.74688e-12
      4.00000      492.300  8.73368e-10  6.79144e-12
      4.00000      492.710  8.42954e-10  7.18685e-12
      4.00000      493.121  8.83083e-10  7.61606e-12
      4.00000      493.532  8.35992e-10  8.23221e-12
      4.00000      493.944  8.44328e-10  8.47791e-12
      4.00000      494.354  8.89567e-10  8.35779e-12
      4.00000      494.768  8.72510e-10  8.49876e-12
      4.00000      495.179  8.64825e-10  8.13693e-12
      4.00000      495.592  8.52784e-10  8.01435e-12
      4.00000      496.005  8.62533e-10  8.71783e-12
      4.00000      496.418  8.56891e-10  8.98524e-12
      4.00000      496.833  8.52739e-10          NaN
      4.00000      497.248  8.19921e-10          NaN
      4.00000      497.661  8.72670e-10  9.48718e-12
      4.00000      498.077  8.68688e-10  9.23718e-12
      4.00000      498.492  8.51059e-10  9.58043e-12
      4.00000      498.907  8.58081e-10  8.99203e-12
      4.00000      499.323  8.21799e-10  9.27663e-12
      4.00000      499.740  8.14380e-10  9.95726e-12
      4.00000      500.158  8.24621e-10  9.90054e-12
      4.00000      500.573  8.28065e-10  9.99800e-12
      4.00000      500.992  8.27217e-10  9.91729e-12
      20.0000      501.409  8.32696e-10  7.74595e-12
      20.0000      501.827  7.98889e-10  6.96227e-12
      20.0000      502.245  8.00895e-10  8.38032e-12
      20.0000      502.664  8.02783e-10  9.35678e-12
      20.0000      503.081  7.88819e-10  6.81407e-12
      20.0000      503.502  7.98479e-10  6.90223e-12
      20.0000      503.921  7.97589e-10  6.94794e-12
      20.0000      504.342  7.82081e-10  7.16750e-12
      20.0000      504.762  7.99127e-10  7.32782e-12
      20.0000      505.183  7.95823e-10  7.15236e-12
      20.0000      505.605  7.84847e-10  7.00977e-12
      20.0000      506.027  7.79698e-10  6.51807e-12
      20.0000      506.447  7.69524e-10  6.19917e-12
      20.0000      506.871  7.62699e-10  5.77741e-12
      20.0000      507.292  7.45814e-10          NaN
      20.0000      507.715  7.68694e-10          NaN
      20.0000      508.138  7.73004e-10  5.12209e-12
      20.0000      508.562  7.39048e-10  5.39762e-12
      20.0000      508.986  7.32293e-10  5.70572e-12
      20.0000      509.411  7.35662e-10  6.05675e-12
      20.0000      509.835  7.23011e-10  6.27496e-12
      20.0000      510.261  7.52241e-10  6.34213e-12
      20.0000      510.686  7.50162e-10          NaN
      20.0000      511.112  7.20942e-10          NaN
      20.0000      511.538  7.11352e-10          NaN
      20.0000      511.965  7.00568e-10  6.31184e-12
      20.0000      512.392  7.05109e-10  6.33362e-12
      20.0000      512.818  7.12690e-10  6.11067e-12
      20.0000      513.244  7.13313e-10  5.84548e-12
      20.0000      513.674  7.15064e-10  5.46973e-12
      20.0000      514.102  6.96572e-10  5.37679e-12
      20.0000      514.530  6.98567e-10          NaN
      20.0000      514.960  6.90025e-10          NaN
      20.0000      515.390  6.52968e-10          NaN
      20.0000      515.818  6.63539e-10          NaN
      20.0000      516.249  6.52600e-10  7.18395e-12
      20.0000      516.678  6.72039e-10  7.52192e-12
      20.0000      517.109  7.01537e-10  7.57214e-12
      20.0000      517.539  6.71698e-10  8.55506e-12
      20.0000      517.971  6.76351e-10  9.78645e-12
      20.0000      518.403  6.73158e-10  1.14814e-11
      20.0000      518.836  6.48365e-10  1.44597e-11
      20.0000      519.267  6.09687e-10          NaN
      20.0000      519.702  6.02189e-10          NaN
      20.0000      520.134  5.95247e-10  1.79665e-11
      20.0000      520.568  6.56843e-10          NaN
      20.0000      521.002  6.49604e-10          NaN
      20.0000      521.436  5.29419e-10          NaN
      20.0000      521.872  6.14265e-10          NaN
      20.0000      522.308  5.61874e-10          NaN
      20.0000      522.742  5.30010e-10  3.53964e-11
      20.0000      523.177  5.90348e-10  3.24111e-11
      20.0000      523.615  5.23409e-10  3.46316e-11
      20.0000      524.051  4.76373e-10  3.70831e-11
      20.0000      524.488  4.39187e-10  3.76202e-11
      20.0000      524.923  3.37873e-10          NaN
      20.0000      525.362  7.07612e-10          NaN
      20.0000      525.801  7.11017e-10  6.19514e-11
      20.0000      526.238  5.41227e-10  6.38321e-11
      20.0000      526.676  7.42623e-10  5.69261e-11
