      11.0000      271.534  2.77977e-08  1.34444e-10
      11.0000      271.761  2.79954e-08  1.47479e-10
      11.0000      271.987  2.98814e-08  1.33948e-10
      11.0000      272.214  3.12863e-08  1.36724e-10
      11.0000      272.441  3.08941e-08  1.38931e-10
      11.0000      272.668  3.30754e-08          NaN
      11.0000      272.895  3.19034e-08          NaN
      11.0000      273.123  3.29489e-08  3.07973e-10
      11.0000      273.350  3.06789e-08  2.18945e-10
      11.0000      273.578  2.97489e-08  1.34499e-10
      11.0000      273.806  2.78767e-08  1.64778e-10
      11.0000      274.035  2.46014e-08  1.10363e-10
      11.0000      274.263  2.42668e-08  1.01614e-10
      11.0000      274.492  2.49433e-08  9.47170e-11
      11.0000      274.721  2.69062e-08  9.53390e-11
      11.0000      274.950  2.62055e-08          NaN
      11.0000      275.179  2.54949e-08          NaN
      11.0000      275.409  2.62146e-08  1.00259e-10
      11.0000      275.638  2.55882e-08  9.86651e-11
      11.0000      275.867  2.64295e-08  1.01854e-10
      11.0000      276.097  2.66460e-08  1.04652e-10
      11.0000      276.328  2.50091e-08  9.13239e-11
      11.0000      276.558  2.42267e-08  8.71443e-11
      11.0000      276.789  2.33719e-08  7.64821e-11
      11.0000      277.020  2.43884e-08  8.44812e-11
      11.0000      277.250  2.36854e-08  8.25749e-11
      11.0000      277.482  2.40050e-08  8.30884e-11
      11.0000      277.713  2.30036e-08  7.95899e-11
      11.0000      277.945  1.98814e-08  6.54113e-11
      11.0000      278.177  2.00847e-08  6.62263e-11
      11.0000      278.408  2.04920e-08          NaN
      11.0000      278.640  2.33027e-08          NaN
      11.0000      278.872  2.41421e-08          NaN
      11.0000      279.105  2.35695e-08  8.77965e-11
      11.0000      279.337  2.36525e-08  9.02159e-11
      11.0000      279.571  2.30907e-08  8.04498e-11
      11.0000      279.804  2.20957e-08  7.53198e-11
      11.0000      280.037  2.22039e-08  6.81197e-11
      11.0000      280.271  2.19596e-08  6.37022e-11
      11.0000      280.504  2.10384e-08  6.00468e-11
      11.0000      280.738  2.20578e-08  6.51952e-11
      11.0000      280.971  2.20284e-08  6.46624e-11
      11.0000      281.206  2.21407e-08  6.48518e-11
      11.0000      281.440  2.27846e-08  6.62831e-11
      11.0000      281.675  2.27672e-08  6.56454e-11
      11.0000      281.910  2.16481e-08  6.33123e-11
      11.0000      282.145  2.18740e-08  6.44846e-11
      11.0000      282.381  2.12263e-08  6.21504e-11
      11.0000      282.616  2.06047e-08  5.93300e-11
      11.0000      282.851  2.03746e-08  5.86256e-11
      11.0000      283.087  1.99699e-08  5.83211e-11
      11.0000      283.323  1.95446e-08          NaN
      11.0000      283.559  1.96703e-08          NaN
      11.0000      283.796  2.04526e-08  5.86745e-11
      11.0000      284.032  1.99214e-08  5.63890e-11
      11.0000      284.269  2.02349e-08  5.78788e-11
      11.0000      284.506  2.01823e-08  5.83632e-11
      11.0000      284.743  1.97252e-08  5.61132e-11
      11.0000      284.981  1.96005e-08  5.33134e-11
      11.0000      285.218  1.99762e-08  5.52196e-11
      11.0000      285.456  1.98023e-08  5.56424e-11
      11.0000      285.694  1.94355e-08  5.59998e-11
      11.0000      285.932  1.87831e-08  5.26142e-11
      11.0000      286.171  1.86163e-08  5.11075e-11
      11.0000      286.409  1.84223e-08  5.09027e-11
      11.0000      286.648  1.78860e-08  5.06487e-11
      11.0000      286.887  1.85166e-08  5.38341e-11
      11.0000      287.126  1.90639e-08  5.41834e-11
      11.0000      287.365  1.88195e-08  5.22847e-11
      11.0000      287.605  1.86666e-08  5.26257e-11
      11.0000      287.844  1.85177e-08  5.47599e-11
      11.0000      288.085  1.84134e-08  5.51877e-11
      11.0000      288.325  1.85559e-08          NaN
      11.0000      288.565  1.84612e-08          NaN
      11.0000      288.806  1.85543e-08  5.83822e-11
      11.0000      289.047  1.82738e-08  6.01471e-11
      11.0000      289.287  1.88027e-08  6.31549e-11
      11.0000      289.529  1.82920e-08  6.07060e-11
      11.0000      289.770  1.90908e-08  6.35682e-11
      11.0000      290.011  1.81033e-08  6.03913e-11
      11.0000      290.254  1.72388e-08  5.85189e-11
      11.0000      290.495  1.74941e-08  5.93097e-11
      11.0000      290.737  1.74136e-08  5.68052e-11
      11.0000      290.980  1.71013e-08  5.44754e-11
      11.0000      291.223  1.73528e-08  5.54756e-11
      11.0000      291.465  1.72444e-08  5.69478e-11
      11.0000      291.708  1.67983e-08  5.60187e-11
      11.0000      291.951  1.66825e-08  5.65973e-11
      11.0000      292.195  1.62384e-08  5.57677e-11
      11.0000      292.439  1.61389e-08  5.78758e-11
      11.0000      292.683  1.59916e-08  5.92337e-11
      11.0000      292.926  1.58300e-08  5.89791e-11
      11.0000      293.171  1.56758e-08  5.92650e-11
      12.0000      295.377  1.67168e-08  5.63147e-11
      12.0000      295.624  1.67480e-08  5.70318e-11
      12.0000      295.870  1.63184e-08  5.83422e-11
      12.0000      296.117  1.51670e-08  5.71730e-11
      12.0000      296.364  1.55542e-08  5.37313e-11
      12.0000      296.611  1.52699e-08  4.95237e-11
      12.0000      296.858  1.57953e-08  5.09315e-11
      12.0000      297.105  1.57324e-08  5.20001e-11
      12.0000      297.354  1.63693e-08  5.53466e-11
      12.0000      297.601  1.55078e-08  5.01260e-11
      12.0000      297.850  1.55073e-08  4.46236e-11
      12.0000      298.097  1.54441e-08  4.10689e-11
      12.0000      298.346  1.57983e-08  4.31472e-11
      12.0000      298.595  1.63505e-08  4.82931e-11
      12.0000      298.844  1.56716e-08  4.68626e-11
      12.0000      299.093  1.55568e-08  4.39118e-11
      12.0000      299.342  1.54463e-08  4.12984e-11
      12.0000      299.592  1.51224e-08  3.96315e-11
      12.0000      299.842  1.49603e-08          NaN
      12.0000      300.091  1.68942e-08          NaN
      12.0000      300.342  1.60135e-08  4.41954e-11
      12.0000      300.592  1.55728e-08  4.30439e-11
      12.0000      300.843  1.49528e-08  3.99575e-11
      12.0000      301.093  1.46005e-08  4.17367e-11
      12.0000      301.345  1.46603e-08  1.46825e-10
      12.0000      301.595  1.47672e-08  3.34178e-11
      12.0000      301.848  1.46081e-08  3.38197e-11
      12.0000      302.099  1.44563e-08  3.69638e-11
      12.0000      302.350  1.42448e-08  3.76954e-11
      12.0000      302.603  1.43480e-08  3.65797e-11
      12.0000      302.855  1.50196e-08  3.58577e-11
      12.0000      303.107  1.51773e-08  3.66968e-11
      12.0000      303.360  1.45175e-08  3.48696e-11
      12.0000      303.614  1.40735e-08  3.31922e-11
      12.0000      303.866  1.41635e-08  3.31458e-11
      12.0000      304.120  1.40777e-08  3.31270e-11
      12.0000      304.373  1.38909e-08  3.40175e-11
      12.0000      304.627  1.38065e-08  3.44614e-11
      12.0000      304.881  1.38612e-08  3.30123e-11
      12.0000      305.135  1.37563e-08  3.00959e-11
      12.0000      305.389  1.37287e-08  2.89935e-11
      12.0000      305.644  1.36294e-08  2.93388e-11
      12.0000      305.899  1.36019e-08  2.96532e-11
      12.0000      306.154  1.35331e-08          NaN
      12.0000      306.409  1.34234e-08          NaN
      12.0000      306.665  1.33633e-08  3.21591e-11
      12.0000      306.921  1.34468e-08  3.46866e-11
      12.0000      307.176  1.31849e-08  3.33278e-11
      12.0000      307.432  1.40264e-08  3.33638e-11
      12.0000      307.689  1.36373e-08  3.08706e-11
      12.0000      307.945  1.35951e-08  3.06709e-11
      12.0000      308.202  1.33558e-08  2.90731e-11
      12.0000      308.458  1.32299e-08  2.68396e-11
      12.0000      308.715  1.31456e-08          NaN
      12.0000      308.973  1.29300e-08          NaN
      12.0000      309.231  1.27391e-08  2.65383e-11
      12.0000      309.488  1.28352e-08  2.74080e-11
      12.0000      309.746  1.29330e-08  2.76493e-11
      12.0000      310.004  1.28450e-08  2.83733e-11
      12.0000      310.263  1.27365e-08  3.01021e-11
      12.0000      310.522  1.27697e-08  3.11320e-11
      12.0000      310.781  1.25636e-08  2.93129e-11
      12.0000      311.040  1.28322e-08  2.81737e-11
      12.0000      311.300  1.29975e-08  2.87475e-11
      12.0000      311.559  1.26903e-08  2.87774e-11
      12.0000      311.819  1.25543e-08          NaN
      12.0000      312.079  1.26209e-08          NaN
      12.0000      312.339  1.26748e-08  2.65085e-11
      12.0000      312.599  1.24381e-08  2.73024e-11
      12.0000      312.860  1.23154e-08  2.83227e-11
      12.0000      313.120  1.23007e-08  2.73750e-11
      12.0000      313.381  1.24827e-08  2.62684e-11
      12.0000      313.643  1.24019e-08          NaN
      12.0000      313.905  1.23494e-08          NaN
      12.0000      314.166  1.24169e-08          NaN
      12.0000      314.428  1.24137e-08          NaN
      12.0000      314.690  1.25287e-08  2.91831e-11
      12.0000      314.953  1.23325e-08  2.84434e-11
      12.0000      315.215  1.27951e-08  2.82888e-11
      12.0000      315.477  1.30507e-08  2.66756e-11
      12.0000      315.740  1.24609e-08  2.40512e-11
      12.0000      316.004  1.22902e-08  2.47701e-11
      12.0000      316.268  1.20991e-08  2.67053e-11
      12.0000      316.531  1.20547e-08  2.75411e-11
      12.0000      316.795  1.22487e-08  2.69454e-11
      12.0000      317.059  1.20993e-08  2.58145e-11
      12.0000      317.323  1.20805e-08  2.69774e-11
      12.0000      317.587  1.16005e-08  2.64312e-11
      12.0000      317.853  1.14427e-08  2.47169e-11
      12.0000      318.118  1.16005e-08  2.67635e-11
      12.0000      318.383  1.14355e-08  3.10303e-11
      12.0000      318.648  1.17204e-08  2.95846e-11
      12.0000      318.914  1.19407e-08  2.79202e-11
      13.0000      319.180  1.19541e-08          NaN
      13.0000      319.446  1.22340e-08          NaN
      13.0000      319.713  1.20330e-08  3.79592e-11
      13.0000      319.978  1.18095e-08  4.14997e-11
      13.0000      320.246  1.19442e-08  3.82891e-11
      13.0000      320.513  1.20226e-08  3.18518e-11
      13.0000      320.780  1.18454e-08  2.94487e-11
      13.0000      321.047  1.17232e-08  3.13719e-11
      13.0000      321.315  1.16896e-08          NaN
      13.0000      321.583  1.16322e-08          NaN
      13.0000      321.851  1.17115e-08          NaN
      13.0000      322.119  1.16175e-08  2.36761e-11
      13.0000      322.387  1.16065e-08          NaN
      13.0000      322.657  1.16135e-08          NaN
      13.0000      322.925  1.17213e-08  2.56824e-11
      13.0000      323.195  1.17419e-08  2.77977e-11
      13.0000      323.464  1.17976e-08  2.89304e-11
      13.0000      323.734  1.18046e-08  2.63062e-11
      13.0000      324.003  1.17219e-08  2.24803e-11
      13.0000      324.273  1.17111e-08  2.17753e-11
      13.0000      324.544  1.16139e-08  2.33263e-11
      13.0000      324.815  1.16752e-08  2.43302e-11
      13.0000      325.085  1.16253e-08  2.22913e-11
      13.0000      325.357  1.15200e-08  2.05893e-11
      13.0000      325.628  1.14980e-08  2.07567e-11
      13.0000      325.900  1.13747e-08  2.09716e-11
      13.0000      326.171  1.14281e-08  2.06033e-11
      13.0000      326.443  1.14751e-08  2.08300e-11
      13.0000      326.715  1.14290e-08  2.32865e-11
      13.0000      326.988  1.13414e-08  2.59607e-11
      13.0000      327.259  1.15514e-08  2.56651e-11
      13.0000      327.533  1.15641e-08  2.21533e-11
      13.0000      327.805  1.14142e-08  1.98300e-11
      13.0000      328.079  1.12363e-08  1.88428e-11
      13.0000      328.352  1.12044e-08          NaN
      13.0000      328.626  1.11686e-08          NaN
      13.0000      328.900  1.10551e-08  1.74287e-11
      13.0000      329.175  1.08590e-08  2.00716e-11
      13.0000      329.449  1.09541e-08  2.32763e-11
      13.0000      329.724  1.09889e-08  2.31313e-11
      13.0000      329.998  1.10283e-08  2.17921e-11
      13.0000      330.274  1.09692e-08  2.17241e-11
      13.0000      330.549  1.08582e-08  2.11540e-11
      13.0000      330.825  1.09719e-08          NaN
      13.0000      331.101  1.10579e-08          NaN
      13.0000      331.376  1.11040e-08          NaN
      13.0000      331.653  1.10670e-08          NaN
      13.0000      331.929  1.08304e-08  1.77121e-11
      13.0000      332.206  1.09067e-08  1.79787e-11
      13.0000      332.483  1.09251e-08  1.93536e-11
      13.0000      332.760  1.08704e-08  2.23918e-11
      13.0000      333.037  1.08700e-08  2.39531e-11
      13.0000      333.316  1.10608e-08  2.29422e-11
      13.0000      333.592  1.09320e-08  2.09400e-11
      13.0000      333.871  1.09098e-08  2.04425e-11
      13.0000      334.150  1.08961e-08  2.01669e-11
      13.0000      334.428  1.08873e-08  1.77535e-11
      13.0000      334.707  1.09727e-08  1.58259e-11
      13.0000      334.986  1.09177e-08  1.56562e-11
      13.0000      335.264  1.07163e-08  1.66364e-11
      13.0000      335.545  1.06354e-08  1.69786e-11
      13.0000      335.824  1.06591e-08  1.67811e-11
      13.0000      336.104  1.05758e-08  1.79187e-11
      13.0000      336.384  1.02557e-08  1.95466e-11
      13.0000      336.665  1.03594e-08  2.08553e-11
      13.0000      336.945  1.15395e-08          NaN
      13.0000      337.226  1.09764e-08          NaN
      13.0000      337.507  1.04914e-08  2.14214e-11
      13.0000      337.789  1.05009e-08  2.12255e-11
      13.0000      338.071  1.07585e-08  2.00517e-11
      13.0000      338.352  1.06927e-08  1.92151e-11
      13.0000      338.634  1.06453e-08  2.06486e-11
      13.0000      338.916  1.04930e-08  2.19765e-11
      13.0000      339.199  1.05239e-08  2.18240e-11
      13.0000      339.482  1.06998e-08  2.18505e-11
      13.0000      339.765  1.08314e-08  2.33240e-11
      13.0000      340.048  1.02651e-08  2.40755e-11
      13.0000      340.332  1.08527e-08  2.40333e-11
      13.0000      340.616  1.06757e-08  2.15048e-11
      13.0000      340.899  1.05123e-08  2.13766e-11
      13.0000      341.184  1.04324e-08  2.16721e-11
      13.0000      341.468  1.03008e-08          NaN
      13.0000      341.753  1.02887e-08          NaN
      13.0000      342.038  1.04185e-08  1.92727e-11
      13.0000      342.323  1.04795e-08  2.11780e-11
      13.0000      342.608  1.03547e-08  2.18893e-11
      13.0000      342.894  1.04033e-08  2.15267e-11
      4.00000      343.180  1.04036e-08  2.22124e-11
      4.00000      343.466  1.03605e-08  2.40442e-11
      4.00000      343.752  1.02061e-08  2.38926e-11
      4.00000      344.039  1.03521e-08          NaN
      4.00000      344.325  1.04291e-08          NaN
      4.00000      344.612  1.05973e-08  2.41940e-11
      14.0000      344.900  1.01657e-08  2.66972e-11
      14.0000      345.187  1.04381e-08  2.51231e-11
      14.0000      345.476  1.03422e-08  2.29560e-11
      14.0000      345.764  1.02480e-08  2.30249e-11
      14.0000      346.052  9.98650e-09  2.24472e-11
      14.0000      346.340  1.00100e-08  2.16167e-11
      14.0000      346.629  1.00392e-08  2.29989e-11
      14.0000      346.917  9.92816e-09  2.61164e-11
      14.0000      347.207  9.88133e-09  2.61158e-11
      14.0000      347.496  1.00051e-08  2.18988e-11
      14.0000      347.786  1.01017e-08  1.90013e-11
      14.0000      348.077  9.97150e-09  1.91328e-11
      14.0000      348.367  9.86423e-09  2.00992e-11
      14.0000      348.657  1.00005e-08  2.07359e-11
      14.0000      348.948  1.00253e-08  2.16944e-11
      14.0000      349.239  9.83824e-09  2.35036e-11
      14.0000      349.529  9.84717e-09  2.39321e-11
      14.0000      349.820  1.01696e-08  2.21966e-11
      14.0000      350.112  1.02378e-08  2.04081e-11
      14.0000      350.404  1.04276e-08  2.19201e-11
      14.0000      350.696  1.07905e-08  2.36888e-11
      14.0000      350.989  1.11852e-08  2.34342e-11
      14.0000      351.281  1.14842e-08          NaN
      14.0000      351.574  1.08464e-08          NaN
      14.0000      351.867  9.94526e-09          NaN
      14.0000      352.161  9.69820e-09          NaN
      14.0000      352.454  9.33468e-09  1.72822e-11
      14.0000      352.749  9.28035e-09  1.70400e-11
      14.0000      353.043  9.23484e-09          NaN
      14.0000      353.337  9.13468e-09          NaN
      14.0000      353.632  9.26268e-09  1.84535e-11
      14.0000      353.926  9.25214e-09          NaN
      14.0000      354.221  1.09035e-08          NaN
      14.0000      354.517  1.01387e-08  2.00318e-11
      14.0000      354.812  9.13727e-09  1.62343e-11
      14.0000      355.107  9.12117e-09  1.52896e-11
      14.0000      355.404  9.08654e-09  1.59448e-11
      14.0000      355.700  9.01657e-09          NaN
      14.0000      355.996  9.30149e-09          NaN
      14.0000      356.294  9.36096e-09  1.66377e-11
      14.0000      356.590  9.37599e-09  1.86611e-11
      14.0000      356.888  9.39279e-09  1.88452e-11
      14.0000      357.185  9.45182e-09  1.81172e-11
      14.0000      357.482  9.27024e-09  1.85504e-11
      14.0000      357.780  9.02896e-09  1.90177e-11
      14.0000      358.079  8.96739e-09          NaN
      14.0000      358.378  8.63185e-09          NaN
      14.0000      358.676  8.68282e-09  1.49005e-11
      14.0000      358.976  8.71766e-09  1.55912e-11
      14.0000      359.275  9.08616e-09  1.57037e-11
      14.0000      359.575  8.89519e-09  1.43692e-11
      14.0000      359.874  8.57441e-09          NaN
      14.0000      360.175  8.51445e-09          NaN
      14.0000      360.475  8.66771e-09          NaN
      14.0000      360.775  9.03523e-09          NaN
      14.0000      361.076  9.03126e-09  1.57500e-11
      14.0000      361.377  8.93384e-09  1.68210e-11
      14.0000      361.678  9.10384e-09          NaN
      14.0000      361.979  9.12338e-09          NaN
      14.0000      362.282  9.05894e-09  1.84271e-11
      14.0000      362.583  8.89592e-09  2.00160e-11
      14.0000      362.886  8.99801e-09  1.96308e-11
      14.0000      363.189  9.05337e-09  1.89818e-11
      14.0000      363.491  9.10096e-09          NaN
      14.0000      363.794  8.71692e-09          NaN
      14.0000      364.097  8.96612e-09  1.86511e-11
      14.0000      364.401  8.97399e-09  1.78030e-11
      14.0000      364.704  8.38980e-09  1.73836e-11
      14.0000      365.009  8.52346e-09  1.78804e-11
      14.0000      365.313  9.03833e-09          NaN
      14.0000      365.617  8.29939e-09          NaN
      14.0000      365.922  8.34597e-09          NaN
      14.0000      366.228  8.36973e-09          NaN
      14.0000      366.533  8.65848e-09  1.71650e-11
      14.0000      366.838  8.57653e-09  1.67026e-11
      4.00000      367.144  8.22323e-09  1.70227e-11
      4.00000      367.450  8.16374e-09  1.73232e-11
      4.00000      367.757  8.25820e-09  1.63353e-11
      4.00000      368.062  8.20326e-09          NaN
      4.00000      368.370  8.12394e-09          NaN
      4.00000      368.677  8.14214e-09  1.78679e-11
      4.00000      368.985  8.24764e-09  1.71899e-11
      4.00000      369.293  8.06776e-09  1.68942e-11
      4.00000      369.600  8.03223e-09  1.85619e-11
      4.00000      369.909  8.00906e-09  1.86405e-11
      4.00000      370.217  8.08599e-09  1.77810e-11
      4.00000      370.525  7.97379e-09          NaN
      15.0000      370.835  7.84880e-09  1.89557e-11
      15.0000      371.143  7.86468e-09  1.84452e-11
      15.0000      371.453  7.95466e-09  1.89316e-11
      15.0000      371.762  7.86524e-09  2.10515e-11
      15.0000      372.072  7.66506e-09          NaN
      15.0000      372.383  7.68522e-09          NaN
      15.0000      372.692  7.61841e-09  1.53857e-11
      15.0000      373.003  7.44636e-09  1.55063e-11
      15.0000      373.314  7.46629e-09          NaN
      15.0000      373.626  7.44644e-09          NaN
      15.0000      373.937  7.54867e-09  1.75484e-11
      15.0000      374.249  7.44953e-09  1.88282e-11
      15.0000      374.561  7.37713e-09  1.73641e-11
      15.0000      374.873  7.45803e-09  1.48715e-11
      15.0000      375.185  7.42264e-09  1.39259e-11
      15.0000      375.498  7.21807e-09  1.43447e-11
      15.0000      375.811  7.20781e-09  1.42761e-11
      15.0000      376.125  7.37553e-09  1.45332e-11
      15.0000      376.438  7.26893e-09  1.60334e-11
      15.0000      376.753  7.10357e-09  1.72448e-11
      15.0000      377.067  7.07784e-09  1.55728e-11
      15.0000      377.381  7.18887e-09          NaN
      15.0000      377.695  7.06167e-09          NaN
      15.0000      378.010  6.98730e-09  1.35207e-11
      15.0000      378.325  7.10724e-09  1.26970e-11
      15.0000      378.640  7.11757e-09  1.26910e-11
      15.0000      378.956  6.92876e-09  1.38761e-11
      15.0000      379.272  6.90572e-09          NaN
      15.0000      379.589  7.00826e-09          NaN
      15.0000      379.905  6.93452e-09  1.47167e-11
      15.0000      380.222  6.70232e-09  1.50216e-11
      15.0000      380.539  6.69560e-09  1.40357e-11
      15.0000      380.855  6.60460e-09          NaN
      15.0000      381.173  6.51861e-09          NaN
      15.0000      381.492  6.39226e-09  1.19829e-11
      15.0000      381.809  6.55755e-09  1.14474e-11
      15.0000      382.127  6.74307e-09  1.12395e-11
      15.0000      382.446  6.62994e-09  1.20839e-11
      15.0000      382.765  6.53325e-09  1.25768e-11
      15.0000      383.085  6.73746e-09  1.27223e-11
      15.0000      383.403  6.58019e-09  1.32015e-11
      15.0000      383.723  6.44409e-09  1.51457e-11
      15.0000      384.044  6.51120e-09  1.57009e-11
      15.0000      384.363  6.60132e-09  1.43416e-11
      15.0000      384.683  6.77624e-09  1.46237e-11
      15.0000      385.005  6.38382e-09  1.39789e-11
      15.0000      385.325  6.44634e-09  1.27667e-11
      15.0000      385.646  6.51202e-09  1.13740e-11
      15.0000      385.968  6.33835e-09  1.11230e-11
      15.0000      386.290  6.20175e-09  1.13223e-11
      15.0000      386.612  6.25741e-09  1.07970e-11
      15.0000      386.934  6.24911e-09  1.07538e-11
      15.0000      387.256  6.09606e-09  1.15474e-11
      15.0000      387.580  6.10838e-09  1.18765e-11
      15.0000      387.902  6.20856e-09  1.14566e-11
      15.0000      388.226  6.10406e-09  1.15505e-11
      15.0000      388.550  5.94751e-09  1.20165e-11
      15.0000      388.874  6.07340e-09  1.16187e-11
      15.0000      389.197  6.13691e-09  1.12418e-11
      15.0000      389.522  5.95483e-09  1.20491e-11
      15.0000      389.847  5.84839e-09  1.28498e-11
      15.0000      390.172  5.93245e-09  1.27910e-11
      15.0000      390.497  5.94036e-09  1.33703e-11
      15.0000      390.823  5.75014e-09  1.47286e-11
      4.00000      391.149  5.67236e-09  1.49793e-11
      4.00000      391.475  5.80147e-09  1.42099e-11
      4.00000      391.802  5.74987e-09  1.46415e-11
      4.00000      392.128  5.58095e-09  1.48515e-11
      4.00000      392.455  5.60791e-09  1.42069e-11
      4.00000      392.782  5.67500e-09  1.36622e-11
      4.00000      393.110  5.44303e-09  1.45687e-11
      4.00000      393.437  5.32656e-09  1.56180e-11
      4.00000      393.766  5.34501e-09  1.50088e-11
      4.00000      394.093  5.41937e-09  1.56080e-11
      4.00000      394.421  5.31064e-09  1.74514e-11
      4.00000      394.751  5.24761e-09  1.65831e-11
      4.00000      395.080  5.40880e-09  1.53918e-11
      4.00000      395.409  5.36766e-09  1.53894e-11
      4.00000      395.739  5.32730e-09  1.60656e-11
      4.00000      396.069  5.26415e-09  1.47503e-11
      4.00000      396.399  5.28468e-09  1.46621e-11
      16.0000      396.729  5.06440e-09          NaN
      16.0000      397.060  4.95065e-09          NaN
      16.0000      397.392  5.07646e-09          NaN
      16.0000      397.722  5.02255e-09          NaN
      16.0000      398.054  4.90330e-09  1.31439e-11
      16.0000      398.386  4.97523e-09  1.21847e-11
      16.0000      398.718  5.06990e-09  1.18109e-11
      16.0000      399.050  4.92008e-09  1.30702e-11
      16.0000      399.383  4.82998e-09  1.41815e-11
      16.0000      399.717  4.91277e-09  1.31237e-11
      16.0000      400.050  4.86417e-09  1.22028e-11
      16.0000      400.383  4.68739e-09  1.22237e-11
      16.0000      400.716  4.72811e-09  1.17270e-11
      16.0000      401.051  4.78961e-09  1.10761e-11
      16.0000      401.386  4.70313e-09  1.15366e-11
      16.0000      401.719  4.61143e-09  1.19336e-11
      16.0000      402.055  4.70633e-09  1.17499e-11
      16.0000      402.390  4.77680e-09  1.21972e-11
      16.0000      402.726  4.57344e-09          NaN
      16.0000      403.062  4.61410e-09          NaN
      16.0000      403.397  4.57383e-09          NaN
      16.0000      403.734  4.51977e-09  1.05879e-11
      16.0000      404.070  4.43827e-09          NaN
      16.0000      404.406  4.52015e-09          NaN
      16.0000      404.744  4.48709e-09  1.00307e-11
      16.0000      405.081  4.37566e-09  1.06000e-11
      16.0000      405.420  4.37749e-09  1.05840e-11
      16.0000      405.757  4.43043e-09  1.06790e-11
      16.0000      406.095  4.31843e-09  1.17211e-11
      16.0000      406.435  4.24025e-09  1.22487e-11
      16.0000      406.774  4.29781e-09          NaN
      16.0000      407.111  4.31554e-09          NaN
      16.0000      407.451  4.21515e-09  1.07463e-11
      16.0000      407.790  4.23557e-09  1.02036e-11
      16.0000      408.132  4.28177e-09  9.10981e-12
      16.0000      408.472  4.18876e-09  8.97474e-12
      16.0000      408.812  4.11734e-09  8.97639e-12
      16.0000      409.152  4.17009e-09  8.65243e-12
      16.0000      409.494  4.10319e-09  9.13682e-12
      16.0000      409.834  3.96520e-09          NaN
      16.0000      410.177  3.99741e-09          NaN
      16.0000      410.519  4.12760e-09  1.10710e-11
      16.0000      410.862  3.82994e-09  1.17140e-11
      16.0000      411.203  3.78092e-09  1.23503e-11
      16.0000      411.546  3.95988e-09  1.14277e-11
      16.0000      411.889  3.97876e-09  1.10023e-11
      16.0000      412.233  3.79210e-09  1.10079e-11
      16.0000      412.577  3.80889e-09  1.04831e-11
      16.0000      412.919  3.85284e-09  9.80514e-12
      16.0000      413.264  3.72634e-09  1.02181e-11
      16.0000      413.609  3.67333e-09  1.08177e-11
      16.0000      413.954  3.77474e-09  1.00496e-11
      16.0000      414.298  3.77108e-09          NaN
      16.0000      414.644  3.65404e-09          NaN
      16.0000      414.989  3.69372e-09  9.18766e-12
      4.00000      415.336  3.64036e-09  8.46501e-12
      4.00000      415.683  3.55581e-09  8.75246e-12
      4.00000      416.029  3.47182e-09  9.02850e-12
      4.00000      416.375  3.52041e-09  8.87741e-12
      4.00000      416.722  3.51250e-09  9.36564e-12
      4.00000      417.070  3.39967e-09  9.89607e-12
      4.00000      417.418  3.44595e-09  9.57504e-12
      4.00000      417.767  3.48753e-09  9.28991e-12
      4.00000      418.114  3.38576e-09  9.40421e-12
      4.00000      418.463  3.33848e-09  9.17841e-12
      4.00000      418.811  3.45969e-09  8.87933e-12
      4.00000      419.161  3.36514e-09          NaN
      4.00000      419.511  3.28347e-09          NaN
      4.00000      419.859  3.38772e-09          NaN
      4.00000      420.210  3.33244e-09          NaN
      4.00000      420.560  3.19540e-09          NaN
      4.00000      420.911  3.18586e-09          NaN
      4.00000      421.262  3.27430e-09  1.02438e-11
      4.00000      421.614  3.23246e-09  1.05341e-11
      4.00000      421.964  3.17674e-09  1.02671e-11
      4.00000      422.317  3.18631e-09  9.89076e-12
      17.0000      422.669  3.05842e-09          NaN
      17.0000      423.021  3.00739e-09          NaN
      17.0000      423.374  3.09846e-09          NaN
      17.0000      423.727  3.09045e-09  1.32028e-11
      17.0000      424.079  3.04711e-09  1.37971e-11
      17.0000      424.434  3.08676e-09  1.18264e-11
      17.0000      424.787  3.06198e-09          NaN
      17.0000      425.141  2.95673e-09          NaN
      17.0000      425.496  2.83615e-09          NaN
      17.0000      425.851  2.90860e-09          NaN
      17.0000      426.205  2.87986e-09  1.01169e-11
      17.0000      426.561  2.77658e-09  1.14002e-11
      17.0000      426.916  2.87026e-09  1.15149e-11
      17.0000      427.272  2.89349e-09  1.09948e-11
      17.0000      427.628  2.80644e-09  1.04013e-11
      17.0000      427.985  2.83478e-09  9.26869e-12
      17.0000      428.343  2.86532e-09  8.15665e-12
      17.0000      428.699  2.74456e-09          NaN
      17.0000      429.056  2.70322e-09          NaN
      17.0000      429.415  2.79651e-09  8.18679e-12
      17.0000      429.771  2.76263e-09  8.94716e-12
      17.0000      430.130  2.68321e-09  9.71975e-12
      17.0000      430.489  2.74690e-09  9.72755e-12
      17.0000      430.847  2.76802e-09          NaN
      17.0000      431.207  2.68929e-09          NaN
      17.0000      431.566  2.66375e-09          NaN
      17.0000      431.926  2.69773e-09          NaN
      17.0000      432.287  2.61362e-09          NaN
      17.0000      432.646  2.60026e-09  7.87311e-12
      17.0000      433.007  2.62897e-09  7.41041e-12
      17.0000      433.368  2.61036e-09  7.53620e-12
      17.0000      433.730  2.56597e-09  7.55749e-12
      17.0000      434.092  2.58335e-09  7.17414e-12
      17.0000      434.452  2.54230e-09  7.34877e-12
      17.0000      434.815  2.47306e-09  7.77077e-12
      17.0000      435.178  2.50456e-09  7.80263e-12
      17.0000      435.540  2.49225e-09  8.18077e-12
      17.0000      435.905  2.41315e-09  9.04268e-12
      17.0000      436.268  2.45679e-09          NaN
      17.0000      436.630  2.51362e-09          NaN
      17.0000      436.994  2.39667e-09  9.33833e-12
      17.0000      437.359  2.35924e-09  8.84313e-12
      17.0000      437.723  2.42024e-09  8.07022e-12
      17.0000      438.089  2.34754e-09          NaN
      17.0000      438.454  2.32912e-09          NaN
      17.0000      438.820  2.33092e-09  7.49042e-12
      17.0000      439.186  2.29412e-09  7.34823e-12
      4.00000      439.551  2.23020e-09  7.55688e-12
      4.00000      439.918  2.23641e-09  7.32201e-12
      4.00000      440.284  2.21269e-09  6.85450e-12
      4.00000      440.651  2.13485e-09  6.98228e-12
      4.00000      441.018  2.14603e-09  6.84074e-12
      4.00000      441.386  2.18222e-09  6.79780e-12
      4.00000      441.755  2.11507e-09  7.13239e-12
      4.00000      442.124  2.16173e-09  7.55060e-12
      4.00000      442.492  2.18556e-09  7.46074e-12
      4.00000      442.860  2.08266e-09  7.22874e-12
      4.00000      443.229  2.05750e-09  7.20924e-12
      4.00000      443.599  2.10708e-09  6.98875e-12
      4.00000      443.969  2.07374e-09  7.09612e-12
      4.00000      444.340  2.03947e-09  7.26656e-12
      4.00000      444.709  2.07398e-09  7.20383e-12
      4.00000      445.079  2.05665e-09  7.48067e-12
      4.00000      445.452  2.00657e-09  7.79708e-12
      4.00000      445.824  2.04006e-09  7.68070e-12
      4.00000      446.194  2.04698e-09  7.63124e-12
      4.00000      446.566  2.00363e-09  7.72292e-12
      4.00000      446.939  2.01844e-09  7.56998e-12
      4.00000      447.311  1.99219e-09  7.47538e-12
      4.00000      447.684  1.93550e-09  7.81948e-12
      4.00000      448.057  1.93587e-09  8.08757e-12
      4.00000      448.431  1.94715e-09  8.21718e-12
      18.0000      448.805  1.88859e-09  1.07766e-11
      18.0000      449.180  1.85918e-09  9.18338e-12
      18.0000      449.553  1.89006e-09  7.93169e-12
      18.0000      449.928  1.86588e-09  7.49672e-12
      18.0000      450.302  1.94671e-09  7.64753e-12
      18.0000      450.678  1.92296e-09  7.43202e-12
      18.0000      451.054  1.82804e-09  8.22253e-12
      18.0000      451.431  1.80344e-09  9.05728e-12
      18.0000      451.806  1.79928e-09  9.21856e-12
      18.0000      452.184  1.78726e-09  9.06738e-12
      18.0000      452.560  1.73560e-09  8.22140e-12
      18.0000      452.938  1.78034e-09  7.01072e-12
      18.0000      453.315  1.77003e-09  6.53627e-12
      18.0000      453.694  1.71254e-09  6.49731e-12
      18.0000      454.071  1.73371e-09  6.37061e-12
      18.0000      454.450  1.74335e-09  6.96561e-12
      18.0000      454.829  1.69822e-09  7.63055e-12
      18.0000      455.208  1.69558e-09  7.67418e-12
      18.0000      455.587  1.71904e-09  7.99629e-12
      18.0000      455.967  1.63043e-09          NaN
      18.0000      456.348  1.67003e-09  7.63403e-12
      18.0000      456.727  1.68589e-09  6.82699e-12
      18.0000      457.109  1.60362e-09  6.85541e-12
      18.0000      457.490  1.61175e-09          NaN
      18.0000      457.871  1.63841e-09          NaN
      18.0000      458.253  1.58682e-09  6.62462e-12
      18.0000      458.636  1.59815e-09  6.46978e-12
      18.0000      459.017  1.63034e-09  6.00173e-12
      18.0000      459.400  1.57084e-09  5.99703e-12
      18.0000      459.783  1.56635e-09  5.93187e-12
      18.0000      460.166  1.59635e-09  5.95545e-12
      18.0000      460.549  1.53888e-09  6.71457e-12
      18.0000      460.934  1.51411e-09  7.37374e-12
      18.0000      461.318  1.56132e-09  7.56139e-12
      18.0000      461.702  1.51627e-09  8.15634e-12
      18.0000      462.088  1.45336e-09  8.42326e-12
      18.0000      462.473  1.54136e-09          NaN
      18.0000      462.858  1.49174e-09          NaN
      18.0000      463.244  1.44749e-09  7.08981e-12
      4.00000      463.631  1.40040e-09  6.65356e-12
      4.00000      464.018  1.34288e-09  6.86198e-12
      4.00000      464.403  1.34986e-09  7.75167e-12
      4.00000      464.792  1.35541e-09  7.15839e-12
      4.00000      465.179  1.34333e-09          NaN
      4.00000      465.567  1.35898e-09          NaN
      4.00000      465.955  1.40958e-09          NaN
      4.00000      466.342  1.39190e-09          NaN
      4.00000      466.731  1.36071e-09  5.93589e-12
      4.00000      467.122  1.37194e-09  6.03220e-12
      4.00000      467.510  1.36275e-09  6.34505e-12
      4.00000      467.900  1.33366e-09  6.87337e-12
      4.00000      468.290  1.34994e-09  6.83560e-12
      4.00000      468.680  1.33155e-09  6.60730e-12
      4.00000      469.072  1.31349e-09  6.51284e-12
      4.00000      469.462  1.33826e-09  6.17619e-12
      4.00000      469.854  1.31502e-09  6.12120e-12
      4.00000      470.245  1.27073e-09  6.57530e-12
      4.00000      470.637  1.28307e-09  7.02982e-12
      4.00000      471.029  1.25879e-09  7.70761e-12
      4.00000      471.422  1.21522e-09  8.15261e-12
      4.00000      471.816  1.26544e-09  7.85449e-12
      4.00000      472.208  1.27404e-09  7.55825e-12
      4.00000      472.603  1.25246e-09  7.47656e-12
      4.00000      472.997  1.27752e-09          NaN
      4.00000      473.391  1.25273e-09          NaN
      4.00000      473.785  1.19391e-09  8.46319e-12
      4.00000      474.181  1.21853e-09  9.23970e-12
      4.00000      474.577  1.20318e-09  9.50245e-12
      19.0000      474.971  1.12016e-09  1.16823e-11
      19.0000      475.367  1.17046e-09  9.39861e-12
      19.0000      475.765  1.18634e-09  7.96749e-12
      19.0000      476.161  1.14461e-09  7.67013e-12
      19.0000      476.558  1.15150e-09  7.44849e-12
      19.0000      476.954  1.15147e-09  7.86883e-12
      19.0000      477.352  1.10985e-09  8.71987e-12
      19.0000      477.751  1.13473e-09  8.99206e-12
      19.0000      478.149  1.14742e-09  9.17125e-12
      19.0000      478.547  1.13250e-09  9.48557e-12
      19.0000      478.946  1.15357e-09  8.44439e-12
      19.0000      479.345  1.14645e-09  7.42275e-12
      19.0000      479.745  1.09939e-09          NaN
      19.0000      480.146  1.11408e-09  6.94743e-12
      19.0000      480.545  1.08590e-09  6.89551e-12
      19.0000      480.945  1.06746e-09  6.96423e-12
      19.0000      481.348  1.09502e-09  6.59416e-12
      19.0000      481.749  1.08842e-09          NaN
      19.0000      482.151  1.06966e-09          NaN
      19.0000      482.551  1.11071e-09          NaN
      19.0000      482.954  1.08458e-09          NaN
      19.0000      483.356  1.04172e-09  7.66894e-12
      19.0000      483.760  1.06099e-09  8.16268e-12
      19.0000      484.163  1.05819e-09  8.32335e-12
      19.0000      484.567  1.03562e-09  7.70777e-12
      19.0000      484.971  1.04119e-09  6.76395e-12
      19.0000      485.376  1.01850e-09  6.11804e-12
      19.0000      485.779  1.03381e-09  5.80571e-12
      19.0000      486.185  1.02880e-09          NaN
      19.0000      486.590  9.80640e-10          NaN
      19.0000      486.995  1.00414e-09  6.00955e-12
      19.0000      487.401  1.00489e-09  6.04722e-12
      19.0000      487.807  9.33035e-10          NaN
      19.0000      488.215  9.62774e-10          NaN
      4.00000      488.622  9.21445e-10          NaN
      4.00000      489.029  8.70712e-10  5.64614e-12
      4.00000      489.436  8.68246e-10  5.71963e-12
      4.00000      489.845  8.75481e-10  6.23248e-12
      4.00000      490.254  8.68465e-10  6.74409e-12
      4.00000      490.663  9.21290e-10  6.84684e-12
      4.00000      491.070  8.85509e-10          NaN
      4.00000      491.480  8.70100e-10          NaN
      4.00000      491.889  9.07382e-10  6.73718e-12
      4.00000      492.300  8.80907e-10  6.81694e-12
      4.00000      492.710  8.52450e-10  7.22185e-12
      4.00000      493.121  8.68145e-10  7.60440e-12
      4.00000      493.532  8.31314e-10  8.23041e-12
      4.00000      493.944  8.31466e-10  8.48235e-12
      4.00000      494.354  8.70813e-10  8.33707e-12
      4.00000      494.768  8.67761e-10  8.49819e-12
      4.00000      495.179  8.53394e-10  8.13408e-12
      4.00000      495.592  8.63441e-10  8.06609e-12
      4.00000      496.005  8.55043e-10  8.73630e-12
      4.00000      496.418  8.55178e-10  9.20343e-12
      4.00000      496.833  8.54091e-10          NaN
      4.00000      497.248  8.39069e-10          NaN
      4.00000      497.661  8.56935e-10  9.44830e-12
      4.00000      498.077  8.58549e-10  9.21029e-12
      4.00000      498.492  8.28675e-10  9.45318e-12
      4.00000      498.907  8.51870e-10  8.98535e-12
      4.00000      499.323  8.26195e-10  9.32648e-12
      4.00000      499.740  8.04139e-10  9.97575e-12
      4.00000      500.158  8.30082e-10  9.89431e-12
      4.00000      500.573  8.13915e-10  9.96961e-12
      4.00000      500.992  7.99862e-10  9.81014e-12
      20.0000      501.409  8.17008e-10  7.59431e-12
      20.0000      501.827  8.03647e-10  6.98160e-12
      20.0000      502.245  7.99731e-10  8.37926e-12
      20.0000      502.664  8.07692e-10  9.35867e-12
      20.0000      503.081  7.87030e-10  6.80962e-12
      20.0000      503.502  7.80097e-10  6.87266e-12
      20.0000      503.921  7.74545e-10  6.89768e-12
      20.0000      504.342  7.75410e-10  7.15095e-12
      20.0000      504.762  7.77719e-10  7.27433e-12
      20.0000      505.183  7.81521e-10  7.13354e-12
      20.0000      505.605  7.93317e-10  7.08237e-12
      20.0000      506.027  7.73498e-10  6.51819e-12
      20.0000      506.447  7.65421e-10  6.20815e-12
      20.0000      506.871  7.55344e-10  5.78207e-12
      20.0000      507.292  7.42343e-10          NaN
      20.0000      507.715  7.60177e-10          NaN
      20.0000      508.138  7.71443e-10  5.12132e-12
      20.0000      508.562  7.36696e-10  5.39121e-12
      20.0000      508.986  7.21575e-10  5.67666e-12
      20.0000      509.411  7.26610e-10  6.02639e-12
      20.0000      509.835  7.12239e-10  6.24039e-12
      20.0000      510.261  7.26282e-10  6.26306e-12
      20.0000      510.686  7.11179e-10          NaN
      20.0000      511.112  7.15097e-10          NaN
      20.0000      511.538  7.07845e-10          NaN
      20.0000      511.965  7.00225e-10  6.31627e-12
      20.0000      512.392  6.94884e-10  6.31522e-12
      20.0000      512.818  7.02100e-10  6.09072e-12
      20.0000      513.244  7.05564e-10  5.83440e-12
      20.0000      513.674  7.02472e-10  5.44378e-12
      20.0000      514.102  6.91657e-10  5.36412e-12
      20.0000      514.530  6.97318e-10          NaN
      20.0000      514.960  6.83257e-10          NaN
      20.0000      515.390  6.53762e-10          NaN
      20.0000      515.818  6.62704e-10          NaN
      20.0000      516.249  6.59614e-10  7.19745e-12
      20.0000      516.678  6.52751e-10  7.45351e-12
      20.0000      517.109  6.83334e-10  7.50960e-12
      20.0000      517.539  6.77895e-10  8.56334e-12
      20.0000      517.971  6.65401e-10  9.74439e-12
      20.0000      518.403  6.73265e-10  1.14865e-11
      20.0000      518.836  6.59324e-10  1.44785e-11
      20.0000      519.267  6.50075e-10          NaN
      20.0000      519.702  6.21152e-10          NaN
      20.0000      520.134  5.63685e-10  1.78124e-11
      20.0000      520.568  6.47749e-10          NaN
      20.0000      521.002  6.52496e-10          NaN
      20.0000      521.436  5.29916e-10          NaN
      20.0000      521.872  5.75241e-10          NaN
      20.0000      522.308  5.40054e-10          NaN
      20.0000      522.742  5.67991e-10  3.54137e-11
      20.0000      523.177  6.59911e-10  3.26309e-11
      20.0000      523.615  5.48842e-10  3.46900e-11
      20.0000      524.051  4.47896e-10  3.74558e-11
      20.0000      524.488  4.64106e-10  3.78926e-11
      20.0000      524.923  4.40031e-10          NaN
      20.0000      525.362  4.67875e-10          NaN
      20.0000      525.801  3.78250e-10  6.08275e-11
      20.0000      526.238  4.22127e-10  6.37134e-11
      20.0000      526.676  3.97620e-10  5.83641e-11
