      11.0000      271.534  2.64560e-08  1.35996e-10
      11.0000      271.761  2.68170e-08  1.44967e-10
      11.0000      271.987  2.87565e-08  1.30296e-10
      11.0000      272.214  3.00266e-08  1.32376e-10
      11.0000      272.441  2.97934e-08  1.38743e-10
      11.0000      272.668  3.13572e-08          NaN
      11.0000      272.895  3.06774e-08          NaN
      11.0000      273.123  3.14004e-08  2.71039e-10
      11.0000      273.350  2.85686e-08  2.12614e-10
      11.0000      273.578  2.80728e-08  1.29285e-10
      11.0000      273.806  2.70564e-08  1.65378e-10
      11.0000      274.035  2.33014e-08  1.09374e-10
      11.0000      274.263  2.27957e-08  9.77789e-11
      11.0000      274.492  2.42549e-08  9.26715e-11
      11.0000      274.721  2.60048e-08  9.24963e-11
      11.0000      274.950  2.52157e-08          NaN
      11.0000      275.179  2.45580e-08          NaN
      11.0000      275.409  2.54875e-08  1.03769e-10
      11.0000      275.638  2.48011e-08  1.05725e-10
      11.0000      275.867  2.53411e-08  9.92661e-11
      11.0000      276.097  2.56207e-08  1.01524e-10
      11.0000      276.328  2.42629e-08  8.95702e-11
      11.0000      276.558  2.34060e-08  8.56239e-11
      11.0000      276.789  2.26355e-08  7.65585e-11
      11.0000      277.020  2.35038e-08  8.42469e-11
      11.0000      277.250  2.27142e-08  7.91620e-11
      11.0000      277.482  2.32375e-08  8.02938e-11
      11.0000      277.713  2.23359e-08  7.67869e-11
      11.0000      277.945  1.91881e-08  6.40035e-11
      11.0000      278.177  1.95116e-08  6.59112e-11
      11.0000      278.408  1.96806e-08          NaN
      11.0000      278.640  2.30186e-08          NaN
      11.0000      278.872  2.33814e-08          NaN
      11.0000      279.105  2.25075e-08  8.57942e-11
      11.0000      279.337  2.28115e-08  8.53025e-11
      11.0000      279.571  2.25940e-08  7.83624e-11
      11.0000      279.804  2.12688e-08  7.26744e-11
      11.0000      280.037  2.12403e-08  6.58558e-11
      11.0000      280.271  2.11308e-08  6.27691e-11
      11.0000      280.504  2.01874e-08  5.97439e-11
      11.0000      280.738  2.15113e-08  6.67733e-11
      11.0000      280.971  2.12298e-08  6.49888e-11
      11.0000      281.206  2.14573e-08  6.60352e-11
      11.0000      281.440  2.19906e-08  6.53788e-11
      11.0000      281.675  2.20986e-08  6.39991e-11
      11.0000      281.910  2.10876e-08  6.16075e-11
      11.0000      282.145  2.10311e-08  6.20691e-11
      11.0000      282.381  2.05471e-08  6.05290e-11
      11.0000      282.616  2.00903e-08  5.93408e-11
      11.0000      282.851  1.96744e-08  5.94541e-11
      11.0000      283.087  1.92696e-08  5.82884e-11
      11.0000      283.323  1.89679e-08          NaN
      11.0000      283.559  1.88956e-08          NaN
      11.0000      283.796  1.96719e-08  5.86691e-11
      11.0000      284.032  1.92725e-08  5.61218e-11
      11.0000      284.269  1.98139e-08  5.75332e-11
      11.0000      284.506  1.97128e-08  5.76424e-11
      11.0000      284.743  1.91072e-08  5.44559e-11
      11.0000      284.981  1.90290e-08  5.17111e-11
      11.0000      285.218  1.94140e-08  5.33832e-11
      11.0000      285.456  1.92423e-08  5.39514e-11
      11.0000      285.694  1.86866e-08  5.42265e-11
      11.0000      285.932  1.82031e-08  5.17850e-11
      11.0000      286.171  1.79471e-08  5.05835e-11
      11.0000      286.409  1.77049e-08  5.05703e-11
      11.0000      286.648  1.71599e-08  5.03696e-11
      11.0000      286.887  1.79549e-08  5.45400e-11
      11.0000      287.126  1.85436e-08  5.51187e-11
      11.0000      287.365  1.82586e-08  5.31922e-11
      11.0000      287.605  1.81647e-08  5.36671e-11
      11.0000      287.844  1.81010e-08  5.59052e-11
      11.0000      288.085  1.78953e-08  5.57307e-11
      11.0000      288.325  1.81642e-08          NaN
      11.0000      288.565  1.80477e-08          NaN
      11.0000      288.806  1.81883e-08  5.84300e-11
      11.0000      289.047  1.78718e-08  6.00134e-11
      11.0000      289.287  1.83596e-08  6.25772e-11
      11.0000      289.529  1.80321e-08  6.01863e-11
      11.0000      289.770  1.84215e-08  6.22182e-11
      11.0000      290.011  1.74507e-08  5.88196e-11
      11.0000      290.254  1.69534e-08  5.76010e-11
      11.0000      290.495  1.71266e-08  5.81350e-11
      11.0000      290.737  1.70232e-08  5.56481e-11
      11.0000      290.980  1.67555e-08  5.33284e-11
      11.0000      291.223  1.71581e-08  5.46801e-11
      11.0000      291.465  1.70228e-08  5.59860e-11
      11.0000      291.708  1.65701e-08  5.49376e-11
      11.0000      291.951  1.64181e-08  5.55570e-11
      11.0000      292.195  1.59586e-08  5.44627e-11
      11.0000      292.439  1.57752e-08  5.62593e-11
      11.0000      292.683  1.56611e-08  5.76808e-11
      11.0000      292.926  1.55664e-08  5.74719e-11
      11.0000      293.171  1.50323e-08  5.70046e-11
      12.0000      295.377  1.63619e-08  5.71366e-11
      12.0000      295.624  1.64971e-08  5.79026e-11
      12.0000      295.870  1.59091e-08  5.82706e-11
      12.0000      296.117  1.42651e-08  5.29243e-11
      12.0000      296.364  1.43683e-08  5.11521e-11
      12.0000      296.611  1.44104e-08  4.81402e-11
      12.0000      296.858  1.53008e-08  5.11535e-11
      12.0000      297.105  1.51234e-08  5.15917e-11
      12.0000      297.354  1.59033e-08  5.46392e-11
      12.0000      297.601  1.49338e-08  4.84339e-11
      12.0000      297.850  1.51576e-08  4.34883e-11
      12.0000      298.097  1.51443e-08  4.10508e-11
      12.0000      298.346  1.53138e-08  4.34206e-11
      12.0000      298.595  1.59020e-08  4.88133e-11
      12.0000      298.844  1.53630e-08  4.69332e-11
      12.0000      299.093  1.52237e-08  4.30794e-11
      12.0000      299.342  1.50632e-08  4.03363e-11
      12.0000      299.592  1.47929e-08  3.94740e-11
      12.0000      299.842  1.46969e-08          NaN
      12.0000      300.091  1.68912e-08          NaN
      12.0000      300.342  1.55811e-08  4.42700e-11
      12.0000      300.592  1.50189e-08  4.20600e-11
      12.0000      300.843  1.45816e-08  3.89490e-11
      12.0000      301.093  1.42619e-08  4.08828e-11
      12.0000      301.345  1.41846e-08  1.46490e-10
      12.0000      301.595  1.42687e-08  3.29915e-11
      12.0000      301.848  1.40919e-08  3.39980e-11
      12.0000      302.099  1.41299e-08  3.73877e-11
      12.0000      302.350  1.39209e-08  3.76409e-11
      12.0000      302.603  1.39888e-08  3.59672e-11
      12.0000      302.855  1.46503e-08  3.48561e-11
      12.0000      303.107  1.46336e-08  3.51694e-11
      12.0000      303.360  1.42116e-08  3.45813e-11
      12.0000      303.614  1.37027e-08  3.33918e-11
      12.0000      303.866  1.38927e-08  3.40131e-11
      12.0000      304.120  1.37672e-08  3.37895e-11
      12.0000      304.373  1.35064e-08  3.41540e-11
      12.0000      304.627  1.35603e-08  3.44431e-11
      12.0000      304.881  1.33819e-08  3.20509e-11
      12.0000      305.135  1.33931e-08  2.90387e-11
      12.0000      305.389  1.34243e-08  2.81560e-11
      12.0000      305.644  1.32944e-08  2.86619e-11
      12.0000      305.899  1.32317e-08  2.95041e-11
      12.0000      306.154  1.31792e-08          NaN
      12.0000      306.409  1.31419e-08          NaN
      12.0000      306.665  1.30114e-08  3.27227e-11
      12.0000      306.921  1.32515e-08  3.55332e-11
      12.0000      307.176  1.28151e-08  3.34152e-11
      12.0000      307.432  1.35755e-08  3.28977e-11
      12.0000      307.689  1.33834e-08  3.04200e-11
      12.0000      307.945  1.32917e-08  2.98710e-11
      12.0000      308.202  1.30942e-08  2.85117e-11
      12.0000      308.458  1.28940e-08  2.62569e-11
      12.0000      308.715  1.28625e-08          NaN
      12.0000      308.973  1.26743e-08          NaN
      12.0000      309.231  1.24668e-08  2.66166e-11
      12.0000      309.488  1.24657e-08  2.75563e-11
      12.0000      309.746  1.26236e-08  2.82071e-11
      12.0000      310.004  1.25310e-08  2.90109e-11
      12.0000      310.263  1.25405e-08  3.10626e-11
      12.0000      310.522  1.25258e-08  3.19361e-11
      12.0000      310.781  1.21482e-08  2.95891e-11
      12.0000      311.040  1.24683e-08  2.82286e-11
      12.0000      311.300  1.27239e-08  2.86160e-11
      12.0000      311.559  1.24759e-08  2.85006e-11
      12.0000      311.819  1.22573e-08          NaN
      12.0000      312.079  1.23648e-08          NaN
      12.0000      312.339  1.24717e-08  2.58275e-11
      12.0000      312.599  1.23699e-08  2.67832e-11
      12.0000      312.860  1.21869e-08  2.77490e-11
      12.0000      313.120  1.21487e-08  2.69208e-11
      12.0000      313.381  1.23023e-08  2.59040e-11
      12.0000      313.643  1.22719e-08          NaN
      12.0000      313.905  1.21785e-08          NaN
      12.0000      314.166  1.22216e-08          NaN
      12.0000      314.428  1.22665e-08          NaN
      12.0000      314.690  1.22515e-08  2.88473e-11
      12.0000      314.953  1.19702e-08  2.79464e-11
      12.0000      315.215  1.23224e-08  2.78478e-11
      12.0000      315.477  1.24767e-08  2.59863e-11
      12.0000      315.740  1.22180e-08  2.42172e-11
      12.0000      316.004  1.21444e-08  2.50772e-11
      12.0000      316.268  1.19592e-08  2.70700e-11
      12.0000      316.531  1.18771e-08  2.79615e-11
      12.0000      316.795  1.21178e-08  2.75319e-11
      12.0000      317.059  1.21056e-08  2.65705e-11
      12.0000      317.323  1.20731e-08  2.80379e-11
      12.0000      317.587  1.14737e-08  2.72496e-11
      12.0000      317.853  1.13158e-08  2.53399e-11
      12.0000      318.118  1.15578e-08  2.74348e-11
      12.0000      318.383  1.12511e-08  3.15735e-11
      12.0000      318.648  1.14412e-08  2.96892e-11
      12.0000      318.914  1.17761e-08  2.83096e-11
      13.0000      319.180  1.17378e-08          NaN
      13.0000      319.446  1.20115e-08          NaN
      13.0000      319.713  1.19148e-08  3.86551e-11
      13.0000      319.978  1.15303e-08  4.09733e-11
      13.0000      320.246  1.17336e-08  3.77839e-11
      13.0000      320.513  1.17320e-08  3.13483e-11
      13.0000      320.780  1.15882e-08  2.94184e-11
      13.0000      321.047  1.14007e-08  3.21543e-11
      13.0000      321.315  1.12266e-08          NaN
      13.0000      321.583  1.12621e-08          NaN
      13.0000      321.851  1.14717e-08          NaN
      13.0000      322.119  1.14060e-08  2.33317e-11
      13.0000      322.387  1.13164e-08          NaN
      13.0000      322.657  1.12667e-08          NaN
      13.0000      322.925  1.14919e-08  2.60729e-11
      13.0000      323.195  1.15724e-08  2.77534e-11
      13.0000      323.464  1.15678e-08  2.83329e-11
      13.0000      323.734  1.15214e-08  2.57165e-11
      13.0000      324.003  1.14764e-08  2.23760e-11
      13.0000      324.273  1.14738e-08  2.20049e-11
      13.0000      324.544  1.13810e-08  2.38204e-11
      13.0000      324.815  1.14139e-08  2.48631e-11
      13.0000      325.085  1.12616e-08  2.21058e-11
      13.0000      325.357  1.12587e-08  2.00923e-11
      13.0000      325.628  1.12992e-08  2.02380e-11
      13.0000      325.900  1.11390e-08  2.08565e-11
      13.0000      326.171  1.11466e-08  2.04863e-11
      13.0000      326.443  1.12098e-08  2.09727e-11
      13.0000      326.715  1.11996e-08  2.37232e-11
      13.0000      326.988  1.11292e-08  2.62589e-11
      13.0000      327.259  1.12511e-08  2.54677e-11
      13.0000      327.533  1.12462e-08  2.15724e-11
      13.0000      327.805  1.12086e-08  1.92775e-11
      13.0000      328.079  1.09194e-08  1.83897e-11
      13.0000      328.352  1.08134e-08          NaN
      13.0000      328.626  1.08146e-08          NaN
      13.0000      328.900  1.07685e-08  1.75825e-11
      13.0000      329.175  1.05137e-08  2.02540e-11
      13.0000      329.449  1.07383e-08  2.36147e-11
      13.0000      329.724  1.08129e-08  2.32348e-11
      13.0000      329.998  1.07505e-08  2.13591e-11
      13.0000      330.274  1.08037e-08  2.12172e-11
      13.0000      330.549  1.06637e-08  2.10856e-11
      13.0000      330.825  1.07039e-08          NaN
      13.0000      331.101  1.07564e-08          NaN
      13.0000      331.376  1.08807e-08          NaN
      13.0000      331.653  1.08720e-08          NaN
      13.0000      331.929  1.06512e-08  1.80762e-11
      13.0000      332.206  1.06775e-08  1.83216e-11
      13.0000      332.483  1.07523e-08  1.96981e-11
      13.0000      332.760  1.07071e-08  2.25808e-11
      13.0000      333.037  1.06449e-08  2.37548e-11
      13.0000      333.316  1.08704e-08  2.27145e-11
      13.0000      333.592  1.06944e-08  2.03276e-11
      13.0000      333.871  1.07581e-08  1.99429e-11
      13.0000      334.150  1.06826e-08  1.96613e-11
      13.0000      334.428  1.05222e-08  1.72278e-11
      13.0000      334.707  1.06907e-08  1.55427e-11
      13.0000      334.986  1.06618e-08  1.55067e-11
      13.0000      335.264  1.04666e-08  1.64403e-11
      13.0000      335.545  1.03768e-08  1.68326e-11
      13.0000      335.824  1.04215e-08  1.69086e-11
      13.0000      336.104  1.04444e-08  1.82869e-11
      13.0000      336.384  9.94600e-09  1.96351e-11
      13.0000      336.665  1.01895e-08  2.15846e-11
      13.0000      336.945  1.10856e-08          NaN
      13.0000      337.226  1.07771e-08          NaN
      13.0000      337.507  1.03514e-08  2.19388e-11
      13.0000      337.789  1.03724e-08  2.17730e-11
      13.0000      338.071  1.05746e-08  2.03836e-11
      13.0000      338.352  1.05866e-08  1.93506e-11
      13.0000      338.634  1.05716e-08  2.06249e-11
      13.0000      338.916  1.03962e-08  2.18025e-11
      13.0000      339.199  1.03675e-08  2.15026e-11
      13.0000      339.482  1.05320e-08  2.13949e-11
      13.0000      339.765  1.06370e-08  2.27742e-11
      13.0000      340.048  1.01987e-08  2.35985e-11
      13.0000      340.332  1.04598e-08  2.29494e-11
      13.0000      340.616  1.05186e-08  2.09389e-11
      13.0000      340.899  1.03931e-08  2.08432e-11
      13.0000      341.184  1.02507e-08  2.10614e-11
      13.0000      341.468  1.01635e-08          NaN
      13.0000      341.753  1.01891e-08          NaN
      13.0000      342.038  1.03464e-08  1.88190e-11
      13.0000      342.323  1.04747e-08  2.08315e-11
      13.0000      342.608  1.03161e-08  2.15207e-11
      13.0000      342.894  1.02904e-08  2.09751e-11
      4.00000      343.180  1.02851e-08  2.14959e-11
      4.00000      343.466  1.02529e-08  2.34017e-11
      4.00000      343.752  1.00672e-08  2.32737e-11
      4.00000      344.039  1.01772e-08          NaN
      4.00000      344.325  1.03487e-08          NaN
      4.00000      344.612  1.05659e-08  2.40038e-11
      14.0000      344.900  9.99036e-09  2.73338e-11
      14.0000      345.187  1.02789e-08  2.51146e-11
      14.0000      345.476  1.02016e-08  2.26047e-11
      14.0000      345.764  1.01211e-08  2.26654e-11
      14.0000      346.052  9.80137e-09  2.22549e-11
      14.0000      346.340  9.82083e-09  2.16446e-11
      14.0000      346.629  9.87584e-09  2.32674e-11
      14.0000      346.917  9.79965e-09  2.62274e-11
      14.0000      347.207  9.64057e-09  2.56696e-11
      14.0000      347.496  9.69031e-09  2.12392e-11
      14.0000      347.786  9.86786e-09  1.87108e-11
      14.0000      348.077  9.74837e-09  1.90279e-11
      14.0000      348.367  9.62511e-09  2.01256e-11
      14.0000      348.657  9.80666e-09  2.10437e-11
      14.0000      348.948  9.85554e-09  2.17378e-11
      14.0000      349.239  9.72009e-09  2.30809e-11
      14.0000      349.529  9.73360e-09  2.34600e-11
      14.0000      349.820  9.95406e-09  2.17086e-11
      14.0000      350.112  9.99492e-09  2.01580e-11
      14.0000      350.404  1.01326e-08  2.17583e-11
      14.0000      350.696  1.04562e-08  2.37400e-11
      14.0000      350.989  1.07888e-08  2.34874e-11
      14.0000      351.281  1.11178e-08          NaN
      14.0000      351.574  1.06293e-08          NaN
      14.0000      351.867  9.73374e-09          NaN
      14.0000      352.161  9.35762e-09          NaN
      14.0000      352.454  9.14011e-09  1.66149e-11
      14.0000      352.749  9.14958e-09  1.70475e-11
      14.0000      353.043  9.08788e-09          NaN
      14.0000      353.337  8.96274e-09          NaN
      14.0000      353.632  9.10112e-09  1.87472e-11
      14.0000      353.926  9.16114e-09          NaN
      14.0000      354.221  1.05711e-08          NaN
      14.0000      354.517  1.00556e-08  1.97355e-11
      14.0000      354.812  8.96206e-09  1.58756e-11
      14.0000      355.107  9.01008e-09  1.51445e-11
      14.0000      355.404  8.97261e-09  1.58777e-11
      14.0000      355.700  8.91995e-09          NaN
      14.0000      355.996  9.19661e-09          NaN
      14.0000      356.294  9.29031e-09  1.69767e-11
      14.0000      356.590  9.25655e-09  1.90372e-11
      14.0000      356.888  9.23631e-09  1.91758e-11
      14.0000      357.185  9.36736e-09  1.84409e-11
      14.0000      357.482  9.16467e-09  1.85481e-11
      14.0000      357.780  8.92661e-09  1.87945e-11
      14.0000      358.079  8.87366e-09          NaN
      14.0000      358.378  8.66119e-09          NaN
      14.0000      358.676  8.55846e-09  1.46012e-11
      14.0000      358.976  8.65268e-09  1.53840e-11
      14.0000      359.275  8.93211e-09  1.54991e-11
      14.0000      359.575  8.72704e-09  1.42556e-11
      14.0000      359.874  8.39810e-09          NaN
      14.0000      360.175  8.32585e-09          NaN
      14.0000      360.475  8.49007e-09          NaN
      14.0000      360.775  8.84986e-09          NaN
      14.0000      361.076  8.88247e-09  1.58973e-11
      14.0000      361.377  8.77261e-09  1.70239e-11
      14.0000      361.678  8.89371e-09          NaN
      14.0000      361.979  8.94694e-09          NaN
      14.0000      362.282  8.87221e-09  1.86714e-11
      14.0000      362.583  8.73533e-09  2.00899e-11
      14.0000      362.886  8.79531e-09  1.95600e-11
      14.0000      363.189  8.93093e-09  1.88302e-11
      14.0000      363.491  8.96392e-09          NaN
      14.0000      363.794  8.63310e-09          NaN
      14.0000      364.097  8.81468e-09  1.82259e-11
      14.0000      364.401  8.91676e-09  1.74657e-11
      14.0000      364.704  8.39025e-09  1.70683e-11
      14.0000      365.009  8.53941e-09  1.76490e-11
      14.0000      365.313  8.98121e-09          NaN
      14.0000      365.617  8.24039e-09          NaN
      14.0000      365.922  8.34867e-09          NaN
      14.0000      366.228  8.32767e-09          NaN
      14.0000      366.533  8.64311e-09  1.70760e-11
      14.0000      366.838  8.57963e-09  1.65441e-11
      4.00000      367.144  8.21425e-09  1.69091e-11
      4.00000      367.450  8.09739e-09  1.71378e-11
      4.00000      367.757  8.14934e-09  1.61534e-11
      4.00000      368.062  8.12354e-09          NaN
      4.00000      368.370  8.05426e-09          NaN
      4.00000      368.677  8.06726e-09  1.75365e-11
      4.00000      368.985  8.18524e-09  1.70436e-11
      4.00000      369.293  8.07924e-09  1.68945e-11
      4.00000      369.600  7.97269e-09  1.82826e-11
      4.00000      369.909  7.89912e-09  1.83157e-11
      4.00000      370.217  7.97239e-09  1.73997e-11
      4.00000      370.525  7.92225e-09          NaN
      15.0000      370.835  7.80135e-09  1.90267e-11
      15.0000      371.143  7.76362e-09  1.86264e-11
      15.0000      371.453  7.83871e-09  1.90983e-11
      15.0000      371.762  7.82293e-09  2.11687e-11
      15.0000      372.072  7.66300e-09          NaN
      15.0000      372.383  7.57317e-09          NaN
      15.0000      372.692  7.55135e-09  1.53185e-11
      15.0000      373.003  7.46607e-09  1.57005e-11
      15.0000      373.314  7.45186e-09          NaN
      15.0000      373.626  7.42427e-09          NaN
      15.0000      373.937  7.58352e-09  1.78595e-11
      15.0000      374.249  7.48286e-09  1.88271e-11
      15.0000      374.561  7.36120e-09  1.72847e-11
      15.0000      374.873  7.42839e-09  1.48437e-11
      15.0000      375.185  7.41443e-09  1.39922e-11
      15.0000      375.498  7.22727e-09  1.45796e-11
      15.0000      375.811  7.19954e-09  1.45895e-11
      15.0000      376.125  7.36379e-09  1.48801e-11
      15.0000      376.438  7.30493e-09  1.63738e-11
      15.0000      376.753  7.14095e-09  1.73836e-11
      15.0000      377.067  7.06958e-09  1.55210e-11
      15.0000      377.381  7.22236e-09          NaN
      15.0000      377.695  7.12169e-09          NaN
      15.0000      378.010  7.02707e-09  1.36720e-11
      15.0000      378.325  7.12790e-09  1.29026e-11
      15.0000      378.640  7.12420e-09  1.29277e-11
      15.0000      378.956  6.92570e-09  1.40976e-11
      15.0000      379.272  6.87911e-09          NaN
      15.0000      379.589  6.99004e-09          NaN
      15.0000      379.905  6.94026e-09  1.47230e-11
      15.0000      380.222  6.73122e-09  1.48982e-11
      15.0000      380.539  6.67504e-09  1.38973e-11
      15.0000      380.855  6.59786e-09          NaN
      15.0000      381.173  6.49368e-09          NaN
      15.0000      381.492  6.35359e-09  1.19722e-11
      15.0000      381.809  6.52426e-09  1.14931e-11
      15.0000      382.127  6.73257e-09  1.13423e-11
      15.0000      382.446  6.63335e-09  1.22414e-11
      15.0000      382.765  6.49278e-09  1.27105e-11
      15.0000      383.085  6.74051e-09  1.29722e-11
      15.0000      383.403  6.53764e-09  1.33016e-11
      15.0000      383.723  6.41577e-09  1.52331e-11
      15.0000      384.044  6.43175e-09  1.56201e-11
      15.0000      384.363  6.54121e-09  1.41186e-11
      15.0000      384.683  6.87607e-09  1.46611e-11
      15.0000      385.005  6.33214e-09  1.37362e-11
      15.0000      385.325  6.35742e-09  1.25578e-11
      15.0000      385.646  6.39159e-09  1.11036e-11
      15.0000      385.968  6.27204e-09  1.09331e-11
      15.0000      386.290  6.16180e-09  1.12179e-11
      15.0000      386.612  6.18560e-09  1.07010e-11
      15.0000      386.934  6.22147e-09  1.07172e-11
      15.0000      387.256  6.07711e-09  1.15502e-11
      15.0000      387.580  6.05118e-09  1.18580e-11
      15.0000      387.902  6.12651e-09  1.14369e-11
      15.0000      388.226  6.04480e-09  1.15770e-11
      15.0000      388.550  5.87390e-09  1.20365e-11
      15.0000      388.874  5.97243e-09  1.16389e-11
      15.0000      389.197  6.07705e-09  1.13064e-11
      15.0000      389.522  5.94059e-09  1.21990e-11
      15.0000      389.847  5.82182e-09  1.30045e-11
      15.0000      390.172  5.87837e-09  1.29036e-11
      15.0000      390.497  5.94128e-09  1.35500e-11
      15.0000      390.823  5.78320e-09  1.50840e-11
      4.00000      391.149  5.66599e-09  1.52152e-11
      4.00000      391.475  5.80061e-09  1.44862e-11
      4.00000      391.802  5.86951e-09  1.46571e-11
      4.00000      392.128  5.67603e-09  1.51188e-11
      4.00000      392.455  5.61812e-09  1.45481e-11
      4.00000      392.782  5.71520e-09  1.39771e-11
      4.00000      393.110  5.48520e-09  1.49311e-11
      4.00000      393.437  5.37724e-09  1.60544e-11
      4.00000      393.766  5.41837e-09  1.54345e-11
      4.00000      394.093  5.46448e-09  1.60494e-11
      4.00000      394.421  5.38166e-09  1.79486e-11
      4.00000      394.751  5.25542e-09  1.71221e-11
      4.00000      395.080  5.40033e-09  1.58782e-11
      4.00000      395.409  5.40980e-09  1.59528e-11
      4.00000      395.739  5.33062e-09  1.63250e-11
      4.00000      396.069  5.29397e-09  1.52259e-11
      4.00000      396.399  5.36020e-09  1.51656e-11
      16.0000      396.729  5.12267e-09          NaN
      16.0000      397.060  4.97868e-09          NaN
      16.0000      397.392  5.11099e-09          NaN
      16.0000      397.722  5.04718e-09          NaN
      16.0000      398.054  4.92370e-09  1.35629e-11
      16.0000      398.386  5.01400e-09  1.23553e-11
      16.0000      398.718  5.06674e-09  1.19145e-11
      16.0000      399.050  4.91796e-09  1.32040e-11
      16.0000      399.383  4.83182e-09  1.42458e-11
      16.0000      399.717  4.88985e-09  1.30222e-11
      16.0000      400.050  4.90422e-09  1.21501e-11
      16.0000      400.383  4.76828e-09  1.23674e-11
      16.0000      400.716  4.71455e-09  1.17237e-11
      16.0000      401.051  4.76774e-09  1.10862e-11
      16.0000      401.386  4.69760e-09  1.16140e-11
      16.0000      401.719  4.63831e-09  1.21031e-11
      16.0000      402.055  4.71100e-09  1.18804e-11
      16.0000      402.390  4.80216e-09  1.22491e-11
      16.0000      402.726  4.59894e-09          NaN
      16.0000      403.062  4.59316e-09          NaN
      16.0000      403.397  4.61282e-09          NaN
      16.0000      403.734  4.53609e-09  1.05443e-11
      16.0000      404.070  4.42510e-09          NaN
      16.0000      404.406  4.47963e-09          NaN
      16.0000      404.744  4.50231e-09  1.01331e-11
      16.0000      405.081  4.40108e-09  1.07398e-11
      16.0000      405.420  4.38184e-09  1.07299e-11
      16.0000      405.757  4.46047e-09  1.08340e-11
      16.0000      406.095  4.38007e-09  1.18027e-11
      16.0000      406.435  4.28254e-09  1.22330e-11
      16.0000      406.774  4.33073e-09          NaN
      16.0000      407.111  4.36633e-09          NaN
      16.0000      407.451  4.26903e-09  1.07977e-11
      16.0000      407.790  4.24102e-09  1.01908e-11
      16.0000      408.132  4.29744e-09  9.14526e-12
      16.0000      408.472  4.21799e-09  9.04704e-12
      16.0000      408.812  4.15938e-09  9.10480e-12
      16.0000      409.152  4.21047e-09  8.75680e-12
      16.0000      409.494  4.16911e-09  9.31154e-12
      16.0000      409.834  4.02890e-09          NaN
      16.0000      410.177  4.03066e-09          NaN
      16.0000      410.519  4.17169e-09  1.12568e-11
      16.0000      410.862  3.88871e-09  1.19619e-11
      16.0000      411.203  3.80613e-09  1.25814e-11
      16.0000      411.546  3.99027e-09  1.20523e-11
      16.0000      411.889  4.02466e-09  1.10410e-11
      16.0000      412.233  3.85269e-09  1.10702e-11
      16.0000      412.577  3.84041e-09  1.05217e-11
      16.0000      412.919  3.90594e-09  9.84855e-12
      16.0000      413.264  3.79359e-09  1.02880e-11
      16.0000      413.609  3.70172e-09  1.09250e-11
      16.0000      413.954  3.79647e-09  1.01390e-11
      16.0000      414.298  3.81614e-09          NaN
      16.0000      414.644  3.72411e-09          NaN
      16.0000      414.989  3.75576e-09  9.30767e-12
      4.00000      415.336  3.68109e-09  8.62548e-12
      4.00000      415.683  3.61318e-09  8.91727e-12
      4.00000      416.029  3.50579e-09  9.17560e-12
      4.00000      416.375  3.55922e-09  9.01274e-12
      4.00000      416.722  3.55919e-09  9.46320e-12
      4.00000      417.070  3.45042e-09  9.99170e-12
      4.00000      417.418  3.47378e-09  9.74591e-12
      4.00000      417.767  3.51841e-09  9.48438e-12
      4.00000      418.114  3.43185e-09  9.58797e-12
      4.00000      418.463  3.37784e-09  9.34146e-12
      4.00000      418.811  3.49521e-09  9.02080e-12
      4.00000      419.161  3.42566e-09          NaN
      4.00000      419.511  3.34973e-09          NaN
      4.00000      419.859  3.40588e-09          NaN
      4.00000      420.210  3.36143e-09          NaN
      4.00000      420.560  3.23634e-09          NaN
      4.00000      420.911  3.20820e-09          NaN
      4.00000      421.262  3.29028e-09  1.01182e-11
      4.00000      421.614  3.26509e-09  1.04036e-11
      4.00000      421.964  3.20599e-09  1.03186e-11
      4.00000      422.317  3.24203e-09  9.99360e-12
      17.0000      422.669  3.12732e-09          NaN
      17.0000      423.021  3.05546e-09          NaN
      17.0000      423.374  3.18800e-09          NaN
      17.0000      423.727  3.16259e-09  1.33921e-11
      17.0000      424.079  3.05291e-09  1.38205e-11
      17.0000      424.434  3.08187e-09  1.18358e-11
      17.0000      424.787  3.10034e-09          NaN
      17.0000      425.141  3.00304e-09          NaN
      17.0000      425.496  2.89227e-09          NaN
      17.0000      425.851  2.96548e-09          NaN
      17.0000      426.205  2.92801e-09  1.02790e-11
      17.0000      426.561  2.82866e-09  1.16239e-11
      17.0000      426.916  2.90142e-09  1.16032e-11
      17.0000      427.272  2.95271e-09  1.10986e-11
      17.0000      427.628  2.87409e-09  1.06648e-11
      17.0000      427.985  2.87570e-09  9.41162e-12
      17.0000      428.343  2.90937e-09  8.29166e-12
      17.0000      428.699  2.81253e-09          NaN
      17.0000      429.056  2.77810e-09          NaN
      17.0000      429.415  2.85006e-09  8.32640e-12
      17.0000      429.771  2.82246e-09  9.11568e-12
      17.0000      430.130  2.73403e-09  9.91563e-12
      17.0000      430.489  2.80455e-09  9.95576e-12
      17.0000      430.847  2.84397e-09          NaN
      17.0000      431.207  2.77406e-09          NaN
      17.0000      431.566  2.70371e-09          NaN
      17.0000      431.926  2.75142e-09          NaN
      17.0000      432.287  2.65648e-09          NaN
      17.0000      432.646  2.64163e-09  7.98459e-12
      17.0000      433.007  2.68104e-09  7.52488e-12
      17.0000      433.368  2.67762e-09  7.64095e-12
      17.0000      433.730  2.61470e-09  7.68032e-12
      17.0000      434.092  2.64429e-09  7.33162e-12
      17.0000      434.452  2.61433e-09  7.51413e-12
      17.0000      434.815  2.53745e-09  7.95336e-12
      17.0000      435.178  2.54467e-09  7.95474e-12
      17.0000      435.540  2.53983e-09  8.35009e-12
      17.0000      435.905  2.48555e-09  9.25914e-12
      17.0000      436.268  2.50152e-09          NaN
      17.0000      436.630  2.54032e-09          NaN
      17.0000      436.994  2.47519e-09  9.54051e-12
      17.0000      437.359  2.42414e-09  9.08504e-12
      17.0000      437.723  2.48810e-09  8.23684e-12
      17.0000      438.089  2.41764e-09          NaN
      17.0000      438.454  2.39227e-09          NaN
      17.0000      438.820  2.39525e-09  7.65032e-12
      17.0000      439.186  2.35552e-09  7.46750e-12
      4.00000      439.551  2.30638e-09  7.73081e-12
      4.00000      439.918  2.26860e-09  7.61838e-12
      4.00000      440.284  2.24781e-09  7.00873e-12
      4.00000      440.651  2.17300e-09  7.16210e-12
      4.00000      441.018  2.20558e-09  7.03505e-12
      4.00000      441.386  2.26771e-09  7.04397e-12
      4.00000      441.755  2.19099e-09  7.27943e-12
      4.00000      442.124  2.18675e-09  7.60617e-12
      4.00000      442.492  2.22106e-09  7.51964e-12
      4.00000      442.860  2.12784e-09  7.35756e-12
      4.00000      443.229  2.10646e-09  7.33758e-12
      4.00000      443.599  2.13124e-09  7.09947e-12
      4.00000      443.969  2.10167e-09  7.19973e-12
      4.00000      444.340  2.07883e-09  7.42268e-12
      4.00000      444.709  2.12302e-09  7.36392e-12
      4.00000      445.079  2.11050e-09  7.59640e-12
      4.00000      445.452  2.03361e-09  7.88404e-12
      4.00000      445.824  2.04688e-09  7.77857e-12
      4.00000      446.194  2.08147e-09  7.74305e-12
      4.00000      446.566  2.02461e-09  7.81705e-12
      4.00000      446.939  2.03246e-09  7.64904e-12
      4.00000      447.311  2.02813e-09  7.58462e-12
      4.00000      447.684  1.96871e-09  7.91509e-12
      4.00000      448.057  1.94449e-09  8.16054e-12
      4.00000      448.431  1.95972e-09  8.30016e-12
      18.0000      448.805  1.88972e-09  1.05740e-11
      18.0000      449.180  1.86264e-09  9.22757e-12
      18.0000      449.553  1.90829e-09  7.94452e-12
      18.0000      449.928  1.89872e-09  7.51334e-12
      18.0000      450.302  1.94705e-09  7.62979e-12
      18.0000      450.678  1.92370e-09  7.43610e-12
      18.0000      451.054  1.82770e-09  8.13417e-12
      18.0000      451.431  1.79094e-09  9.02431e-12
      18.0000      451.806  1.79523e-09  9.19407e-12
      18.0000      452.184  1.78439e-09  9.03511e-12
      18.0000      452.560  1.72672e-09  8.19539e-12
      18.0000      452.938  1.78817e-09  7.02234e-12
      18.0000      453.315  1.79194e-09  6.56878e-12
      18.0000      453.694  1.73991e-09  6.55461e-12
      18.0000      454.071  1.75115e-09  6.40686e-12
      18.0000      454.450  1.77428e-09  7.03407e-12
      18.0000      454.829  1.71837e-09  7.65741e-12
      18.0000      455.208  1.70984e-09  7.70397e-12
      18.0000      455.587  1.74254e-09  8.03429e-12
      18.0000      455.967  1.64323e-09          NaN
      18.0000      456.348  1.67806e-09  7.66637e-12
      18.0000      456.727  1.69551e-09  6.89483e-12
      18.0000      457.109  1.63274e-09  6.91590e-12
      18.0000      457.490  1.63072e-09          NaN
      18.0000      457.871  1.66159e-09          NaN
      18.0000      458.253  1.60111e-09  6.67284e-12
      18.0000      458.636  1.58695e-09  6.48797e-12
      18.0000      459.017  1.63692e-09  6.03392e-12
      18.0000      459.400  1.60280e-09  6.06376e-12
      18.0000      459.783  1.58717e-09  5.98659e-12
      18.0000      460.166  1.62691e-09  6.02385e-12
      18.0000      460.549  1.56055e-09  6.76028e-12
      18.0000      460.934  1.53084e-09  7.43972e-12
      18.0000      461.318  1.56237e-09  7.59447e-12
      18.0000      461.702  1.52857e-09  8.20251e-12
      18.0000      462.088  1.47210e-09  8.55522e-12
      18.0000      462.473  1.56020e-09          NaN
      18.0000      462.858  1.51715e-09          NaN
      18.0000      463.244  1.48427e-09  7.16629e-12
      4.00000      463.631  1.42539e-09  6.75033e-12
      4.00000      464.018  1.37407e-09  6.90356e-12
      4.00000      464.403  1.38211e-09  7.36467e-12
      4.00000      464.792  1.38184e-09  7.17103e-12
      4.00000      465.179  1.38539e-09          NaN
      4.00000      465.567  1.37248e-09          NaN
      4.00000      465.955  1.41833e-09          NaN
      4.00000      466.342  1.41706e-09          NaN
      4.00000      466.731  1.36684e-09  6.09419e-12
      4.00000      467.122  1.39325e-09  6.25377e-12
      4.00000      467.510  1.38344e-09  6.42811e-12
      4.00000      467.900  1.32623e-09  6.90098e-12
      4.00000      468.290  1.35004e-09  6.87422e-12
      4.00000      468.680  1.34323e-09  6.69885e-12
      4.00000      469.072  1.33101e-09  6.62783e-12
      4.00000      469.462  1.36018e-09  6.29582e-12
      4.00000      469.854  1.35388e-09  6.23056e-12
      4.00000      470.245  1.30073e-09  6.66871e-12
      4.00000      470.637  1.29965e-09  7.10796e-12
      4.00000      471.029  1.28810e-09  7.60619e-12
      4.00000      471.422  1.25640e-09  8.05509e-12
      4.00000      471.816  1.28704e-09  7.93890e-12
      4.00000      472.208  1.30884e-09  7.61219e-12
      4.00000      472.603  1.28326e-09  7.51008e-12
      4.00000      472.997  1.29639e-09          NaN
      4.00000      473.391  1.27666e-09          NaN
      4.00000      473.785  1.22129e-09  8.53138e-12
      4.00000      474.181  1.23206e-09  9.28683e-12
      4.00000      474.577  1.23025e-09  9.60120e-12
      19.0000      474.971  1.14178e-09  1.18101e-11
      19.0000      475.367  1.19717e-09  9.54621e-12
      19.0000      475.765  1.21538e-09  8.07923e-12
      19.0000      476.161  1.16432e-09  7.75247e-12
      19.0000      476.558  1.17376e-09  7.52698e-12
      19.0000      476.954  1.18951e-09  7.96316e-12
      19.0000      477.352  1.13387e-09  8.76528e-12
      19.0000      477.751  1.13076e-09  8.97699e-12
      19.0000      478.149  1.14772e-09  9.17043e-12
      19.0000      478.547  1.10789e-09  9.42772e-12
      19.0000      478.946  1.17051e-09  8.53780e-12
      19.0000      479.345  1.15935e-09  7.47123e-12
      19.0000      479.745  1.10243e-09          NaN
      19.0000      480.146  1.11812e-09  6.95442e-12
      19.0000      480.545  1.10408e-09  6.91904e-12
      19.0000      480.945  1.06645e-09  6.96269e-12
      19.0000      481.348  1.08385e-09  6.58551e-12
      19.0000      481.749  1.08654e-09          NaN
      19.0000      482.151  1.05144e-09          NaN
      19.0000      482.551  1.09076e-09          NaN
      19.0000      482.954  1.08349e-09          NaN
      19.0000      483.356  1.05955e-09  8.15010e-12
      19.0000      483.760  1.05255e-09  8.13452e-12
      19.0000      484.163  1.06730e-09  8.36094e-12
      19.0000      484.567  1.03087e-09  7.70563e-12
      19.0000      484.971  1.04237e-09  6.78608e-12
      19.0000      485.376  9.85892e-10  6.07298e-12
      19.0000      485.779  1.01058e-09  5.79256e-12
      19.0000      486.185  1.02823e-09          NaN
      19.0000      486.590  9.98433e-10          NaN
      19.0000      486.995  9.91087e-10  6.00051e-12
      19.0000      487.401  9.94436e-10  6.03697e-12
      19.0000      487.807  9.34277e-10          NaN
      19.0000      488.215  9.62224e-10          NaN
      4.00000      488.622  8.74666e-10          NaN
      4.00000      489.029  8.73464e-10  5.64767e-12
      4.00000      489.436  8.75594e-10  5.74670e-12
      4.00000      489.845  8.78483e-10  6.23095e-12
      4.00000      490.254  8.29213e-10  6.75548e-12
      4.00000      490.663  9.13487e-10  6.88369e-12
      4.00000      491.070  9.06951e-10          NaN
      4.00000      491.480  8.63836e-10          NaN
      4.00000      491.889  9.30599e-10  6.74124e-12
      4.00000      492.300  9.05310e-10  6.88173e-12
      4.00000      492.710  8.56792e-10  7.20284e-12
      4.00000      493.121  8.97578e-10  7.61389e-12
      4.00000      493.532  8.34847e-10  8.23052e-12
      4.00000      493.944  8.31837e-10  8.50432e-12
      4.00000      494.354  8.93975e-10  8.41188e-12
      4.00000      494.768  8.97432e-10  8.58590e-12
      4.00000      495.179  8.68688e-10  8.17186e-12
      4.00000      495.592  8.77439e-10  8.11054e-12
      4.00000      496.005  8.56917e-10  8.70176e-12
      4.00000      496.418  8.60357e-10  9.00857e-12
      4.00000      496.833  8.63370e-10          NaN
      4.00000      497.248  9.52082e-10          NaN
      4.00000      497.661  8.46854e-10  9.49420e-12
      4.00000      498.077  8.53573e-10  9.22475e-12
      4.00000      498.492  8.36620e-10  9.56335e-12
      4.00000      498.907  8.53774e-10  9.02239e-12
      4.00000      499.323  8.35666e-10  9.36216e-12
      4.00000      499.740  8.07920e-10  1.00112e-11
      4.00000      500.158  8.39229e-10  9.91972e-12
      4.00000      500.573  8.22187e-10  1.00032e-11
      4.00000      500.992  7.95742e-10  9.80725e-12
      20.0000      501.409  8.22302e-10  7.63152e-12
      20.0000      501.827  8.02125e-10  6.98413e-12
      20.0000      502.245  8.03530e-10  7.92930e-12
      20.0000      502.664  8.05435e-10  8.62357e-12
      20.0000      503.081  7.83483e-10  6.80221e-12
      20.0000      503.502  7.66972e-10  6.83590e-12
      20.0000      503.921  7.73403e-10  6.89280e-12
      20.0000      504.342  7.77128e-10  7.14323e-12
      20.0000      504.762  7.73816e-10  7.26024e-12
      20.0000      505.183  8.08799e-10  7.24559e-12
      20.0000      505.605  8.14956e-10  7.27034e-12
      20.0000      506.027  7.70343e-10  6.54663e-12
      20.0000      506.447  7.69963e-10  6.26215e-12
      20.0000      506.871  7.60788e-10  5.81692e-12
      20.0000      507.292  7.53033e-10          NaN
      20.0000      507.715  7.64544e-10          NaN
      20.0000      508.138  7.79770e-10  5.14070e-12
      20.0000      508.562  7.33352e-10  5.36705e-12
      20.0000      508.986  7.21800e-10  5.66211e-12
      20.0000      509.411  7.21280e-10  5.98406e-12
      20.0000      509.835  7.17281e-10  6.23175e-12
      20.0000      510.261  7.32085e-10  6.25015e-12
      20.0000      510.686  7.14725e-10          NaN
      20.0000      511.112  7.30915e-10          NaN
      20.0000      511.538  7.01081e-10          NaN
      20.0000      511.965  6.98375e-10  6.58057e-12
      20.0000      512.392  6.93573e-10  6.32334e-12
      20.0000      512.818  6.98273e-10  6.08118e-12
      20.0000      513.244  6.94926e-10  5.81473e-12
      20.0000      513.674  6.87126e-10  5.41688e-12
      20.0000      514.102  6.71186e-10  5.32799e-12
      20.0000      514.530  6.83226e-10          NaN
      20.0000      514.960  6.82058e-10          NaN
      20.0000      515.390  6.43477e-10          NaN
      20.0000      515.818  6.47441e-10          NaN
      20.0000      516.249  6.54618e-10  7.17474e-12
      20.0000      516.678  6.48088e-10  7.45220e-12
      20.0000      517.109  6.66716e-10  7.48290e-12
      20.0000      517.539  6.73750e-10  8.55589e-12
      20.0000      517.971  6.70400e-10  9.74000e-12
      20.0000      518.403  6.85730e-10  1.15013e-11
      20.0000      518.836  6.42752e-10  1.44245e-11
      20.0000      519.267  6.30589e-10          NaN
      20.0000      519.702  6.23844e-10          NaN
      20.0000      520.134  5.54234e-10  1.77438e-11
      20.0000      520.568  6.59928e-10          NaN
      20.0000      521.002  6.20353e-10          NaN
      20.0000      521.436  5.01238e-10          NaN
      20.0000      521.872  5.65695e-10          NaN
      20.0000      522.308  4.64193e-10          NaN
      20.0000      522.742  4.64148e-10  3.52038e-11
      20.0000      523.177  5.77195e-10  3.24103e-11
      20.0000      523.615  5.35091e-10  3.46967e-11
      20.0000      524.051  4.79375e-10  3.71206e-11
      20.0000      524.488  4.86781e-10  3.78892e-11
      20.0000      524.923  4.38764e-10          NaN
      20.0000      525.362  4.67573e-10          NaN
      20.0000      525.801  4.82095e-10  6.14529e-11
      20.0000      526.238  4.42135e-10  6.38415e-11
      20.0000      526.676  4.10134e-10  5.79282e-11
