      11.0000      271.534  2.83084e-08  1.01387e-10
      11.0000      271.761  2.83958e-08  1.21816e-10
      11.0000      271.987  3.01251e-08  1.01114e-10
      11.0000      272.214  3.16375e-08  1.01921e-10
      11.0000      272.441  3.12439e-08  1.04313e-10
      11.0000      272.668  3.37776e-08          NaN
      11.0000      272.895  3.25234e-08          NaN
      11.0000      273.123  3.39627e-08  2.37038e-10
      11.0000      273.350  3.15937e-08  1.95237e-10
      11.0000      273.578  3.02995e-08  9.96939e-11
      11.0000      273.806  2.76894e-08  1.42562e-10
      11.0000      274.035  2.50078e-08  8.49360e-11
      11.0000      274.263  2.47312e-08  7.76211e-11
      11.0000      274.492  2.52740e-08  7.21817e-11
      11.0000      274.721  2.75615e-08  7.28320e-11
      11.0000      274.950  2.63835e-08          NaN
      11.0000      275.179  2.56608e-08          NaN
      11.0000      275.409  2.61950e-08  7.36730e-11
      11.0000      275.638  2.57960e-08  7.32996e-11
      11.0000      275.867  2.69418e-08  7.67164e-11
      11.0000      276.097  2.69226e-08  8.04616e-11
      11.0000      276.328  2.51603e-08  6.89038e-11
      11.0000      276.558  2.43928e-08  6.70498e-11
      11.0000      276.789  2.34553e-08  5.60095e-11
      11.0000      277.020  2.46308e-08  6.42042e-11
      11.0000      277.250  2.40434e-08  5.96312e-11
      11.0000      277.482  2.45899e-08  6.14302e-11
      11.0000      277.713  2.38284e-08  5.97930e-11
      11.0000      277.945  1.97862e-08  4.90752e-11
      11.0000      278.177  2.00030e-08  5.00488e-11
      11.0000      278.408  2.07393e-08          NaN
      11.0000      278.640  2.33913e-08          NaN
      11.0000      278.872  2.46276e-08          NaN
      11.0000      279.105  2.39609e-08  6.55886e-11
      11.0000      279.337  2.38267e-08  6.63982e-11
      11.0000      279.571  2.33014e-08  5.99219e-11
      11.0000      279.804  2.22256e-08  5.69818e-11
      11.0000      280.037  2.21463e-08  5.06546e-11
      11.0000      280.271  2.18834e-08  4.70731e-11
      11.0000      280.504  2.11614e-08  4.44562e-11
      11.0000      280.738  2.19802e-08  4.75907e-11
      11.0000      280.971  2.22064e-08  4.70259e-11
      11.0000      281.206  2.23742e-08  4.73424e-11
      11.0000      281.440  2.29149e-08  4.84826e-11
      11.0000      281.675  2.29326e-08  4.86237e-11
      11.0000      281.910  2.16684e-08  4.69393e-11
      11.0000      282.145  2.19792e-08  4.79502e-11
      11.0000      282.381  2.13964e-08  4.64780e-11
      11.0000      282.616  2.07059e-08  4.38918e-11
      11.0000      282.851  2.06147e-08  4.39096e-11
      11.0000      283.087  2.01622e-08  4.29351e-11
      11.0000      283.323  1.95893e-08          NaN
      11.0000      283.559  1.97164e-08          NaN
      11.0000      283.796  2.05169e-08  4.25208e-11
      11.0000      284.032  2.02953e-08  4.14025e-11
      11.0000      284.269  2.03328e-08  4.21518e-11
      11.0000      284.506  2.01483e-08  4.26520e-11
      11.0000      284.743  1.94088e-08  4.08930e-11
      11.0000      284.981  1.97348e-08  3.92216e-11
      11.0000      285.218  2.00222e-08  4.09580e-11
      11.0000      285.456  1.99391e-08  4.13927e-11
      11.0000      285.694  1.94949e-08  4.17853e-11
      11.0000      285.932  1.87678e-08  3.87647e-11
      11.0000      286.171  1.86219e-08  3.75539e-11
      11.0000      286.409  1.84407e-08  3.74822e-11
      11.0000      286.648  1.79546e-08  3.74641e-11
      11.0000      286.887  1.84374e-08  3.93927e-11
      11.0000      287.126  1.89475e-08  3.89539e-11
      11.0000      287.365  1.87946e-08  3.75698e-11
      11.0000      287.605  1.86835e-08  3.76861e-11
      11.0000      287.844  1.85219e-08  3.94947e-11
      11.0000      288.085  1.84058e-08  3.99498e-11
      11.0000      288.325  1.85898e-08          NaN
      11.0000      288.565  1.84634e-08          NaN
      11.0000      288.806  1.85573e-08  4.31519e-11
      11.0000      289.047  1.81116e-08  4.58876e-11
      11.0000      289.287  1.84792e-08  4.66206e-11
      11.0000      289.529  1.82388e-08  4.42061e-11
      11.0000      289.770  1.90769e-08  4.69580e-11
      11.0000      290.011  1.75428e-08  4.39576e-11
      11.0000      290.254  1.71006e-08  4.30929e-11
      11.0000      290.495  1.73034e-08  4.38983e-11
      11.0000      290.737  1.72336e-08  4.18134e-11
      11.0000      290.980  1.70577e-08  4.01778e-11
      11.0000      291.223  1.71887e-08  4.07623e-11
      11.0000      291.465  1.70163e-08  4.17861e-11
      11.0000      291.708  1.66369e-08  4.13093e-11
      11.0000      291.951  1.66453e-08  4.24633e-11
      11.0000      292.195  1.61880e-08  4.18872e-11
      11.0000      292.439  1.60470e-08  4.38374e-11
      11.0000      292.683  1.58829e-08  4.44960e-11
      11.0000      292.926  1.58796e-08  4.42404e-11
      11.0000      293.171  1.56467e-08  4.48558e-11
      12.0000      295.377  1.66428e-08  4.11638e-11
      12.0000      295.624  1.67028e-08  4.15084e-11
      12.0000      295.870  1.63071e-08  4.27919e-11
      12.0000      296.117  1.53477e-08  4.15609e-11
      12.0000      296.364  1.54530e-08  3.98380e-11
      12.0000      296.611  1.55264e-08  3.72166e-11
      12.0000      296.858  1.59541e-08  3.75276e-11
      12.0000      297.105  1.58411e-08  3.83362e-11
      12.0000      297.354  1.62702e-08  4.02087e-11
      12.0000      297.601  1.55241e-08  3.71494e-11
      12.0000      297.850  1.55387e-08  3.25998e-11
      12.0000      298.097  1.55158e-08  3.00099e-11
      12.0000      298.346  1.56880e-08  3.11085e-11
      12.0000      298.595  1.61812e-08  3.45927e-11
      12.0000      298.844  1.56438e-08  3.39236e-11
      12.0000      299.093  1.55225e-08  3.20392e-11
      12.0000      299.342  1.55013e-08  3.02953e-11
      12.0000      299.592  1.50626e-08  2.87379e-11
      12.0000      299.842  1.49727e-08          NaN
      12.0000      300.091  1.62616e-08          NaN
      12.0000      300.342  1.59823e-08  3.17413e-11
      12.0000      300.592  1.56927e-08  3.13955e-11
      12.0000      300.843  1.48664e-08  2.91642e-11
      12.0000      301.093  1.46067e-08  3.32593e-11
      12.0000      301.345  1.46351e-08  1.44784e-10
      12.0000      301.595  1.47433e-08  2.42605e-11
      12.0000      301.848  1.45758e-08  2.43190e-11
      12.0000      302.099  1.44012e-08  2.64739e-11
      12.0000      302.350  1.42019e-08  2.71434e-11
      12.0000      302.603  1.42357e-08  2.65171e-11
      12.0000      302.855  1.49130e-08  2.60686e-11
      12.0000      303.107  1.54953e-08  2.70441e-11
      12.0000      303.360  1.46854e-08  2.54689e-11
      12.0000      303.614  1.40553e-08  2.37886e-11
      12.0000      303.866  1.40368e-08  2.34080e-11
      12.0000      304.120  1.39912e-08  2.34652e-11
      12.0000      304.373  1.42787e-08  2.50683e-11
      12.0000      304.627  1.38811e-08  2.47697e-11
      12.0000      304.881  1.42083e-08  2.44432e-11
      12.0000      305.135  1.40466e-08  2.23225e-11
      12.0000      305.389  1.36365e-08  2.10080e-11
      12.0000      305.644  1.35583e-08  2.12217e-11
      12.0000      305.899  1.35709e-08  2.14525e-11
      12.0000      306.154  1.34970e-08          NaN
      12.0000      306.409  1.33916e-08          NaN
      12.0000      306.665  1.33358e-08  2.28975e-11
      12.0000      306.921  1.32063e-08  2.44563e-11
      12.0000      307.176  1.30124e-08  2.39202e-11
      12.0000      307.432  1.39469e-08  2.39229e-11
      12.0000      307.689  1.35250e-08  2.22107e-11
      12.0000      307.945  1.34828e-08  2.21903e-11
      12.0000      308.202  1.32580e-08  2.11470e-11
      12.0000      308.458  1.30618e-08  1.94179e-11
      12.0000      308.715  1.30014e-08          NaN
      12.0000      308.973  1.28466e-08          NaN
      12.0000      309.231  1.26393e-08  1.90903e-11
      12.0000      309.488  1.27585e-08  1.95910e-11
      12.0000      309.746  1.28505e-08  1.96553e-11
      12.0000      310.004  1.27792e-08  2.01526e-11
      12.0000      310.263  1.26436e-08  2.12919e-11
      12.0000      310.522  1.26927e-08  2.20716e-11
      12.0000      310.781  1.25525e-08  2.08582e-11
      12.0000      311.040  1.27423e-08  2.00223e-11
      12.0000      311.300  1.29413e-08  2.05803e-11
      12.0000      311.559  1.26722e-08  2.07167e-11
      12.0000      311.819  1.24910e-08          NaN
      12.0000      312.079  1.25114e-08          NaN
      12.0000      312.339  1.25854e-08  1.91935e-11
      12.0000      312.599  1.23749e-08  1.98647e-11
      12.0000      312.860  1.22341e-08  2.05926e-11
      12.0000      313.120  1.22141e-08  1.98809e-11
      12.0000      313.381  1.22318e-08  1.88004e-11
      12.0000      313.643  1.22644e-08          NaN
      12.0000      313.905  1.21965e-08          NaN
      12.0000      314.166  1.23456e-08          NaN
      12.0000      314.428  1.24493e-08          NaN
      12.0000      314.690  1.25390e-08  2.11962e-11
      12.0000      314.953  1.24719e-08  2.08174e-11
      12.0000      315.215  1.26114e-08  2.03190e-11
      12.0000      315.477  1.27177e-08  1.90204e-11
      12.0000      315.740  1.21792e-08  1.70745e-11
      12.0000      316.004  1.21993e-08  1.79637e-11
      12.0000      316.268  1.20102e-08  1.92568e-11
      12.0000      316.531  1.19188e-08  1.98658e-11
      12.0000      316.795  1.20686e-08  1.92251e-11
      12.0000      317.059  1.23172e-08  1.89835e-11
      12.0000      317.323  1.21557e-08  1.95084e-11
      12.0000      317.587  1.16251e-08  1.90986e-11
      12.0000      317.853  1.14357e-08  1.77236e-11
      12.0000      318.118  1.13703e-08  1.90769e-11
      12.0000      318.383  1.11464e-08  2.21935e-11
      12.0000      318.648  1.15021e-08  2.12911e-11
      12.0000      318.914  1.17103e-08  1.99392e-11
      13.0000      319.180  1.18303e-08          NaN
      13.0000      319.446  1.21122e-08          NaN
      13.0000      319.713  1.19626e-08  2.73469e-11
      13.0000      319.978  1.17386e-08  3.02315e-11
      13.0000      320.246  1.18310e-08  2.79324e-11
      13.0000      320.513  1.19047e-08  2.31623e-11
      13.0000      320.780  1.17295e-08  2.13329e-11
      13.0000      321.047  1.16439e-08  2.24553e-11
      13.0000      321.315  1.16090e-08          NaN
      13.0000      321.583  1.16279e-08          NaN
      13.0000      321.851  1.16701e-08          NaN
      13.0000      322.119  1.15675e-08  1.71459e-11
      13.0000      322.387  1.16165e-08          NaN
      13.0000      322.657  1.16164e-08          NaN
      13.0000      322.925  1.16451e-08  1.82096e-11
      13.0000      323.195  1.16683e-08  1.99419e-11
      13.0000      323.464  1.16534e-08  2.09113e-11
      13.0000      323.734  1.17811e-08  1.91514e-11
      13.0000      324.003  1.16670e-08  1.61196e-11
      13.0000      324.273  1.16373e-08  1.54375e-11
      13.0000      324.544  1.15368e-08  1.63988e-11
      13.0000      324.815  1.15774e-08  1.70702e-11
      13.0000      325.085  1.15164e-08  1.58311e-11
      13.0000      325.357  1.14403e-08  1.48230e-11
      13.0000      325.628  1.14321e-08  1.50135e-11
      13.0000      325.900  1.13310e-08  1.51232e-11
      13.0000      326.171  1.13649e-08  1.47285e-11
      13.0000      326.443  1.13927e-08  1.47953e-11
      13.0000      326.715  1.13822e-08  1.64922e-11
      13.0000      326.988  1.13141e-08  1.84667e-11
      13.0000      327.259  1.14556e-08  1.83145e-11
      13.0000      327.533  1.15344e-08  1.59871e-11
      13.0000      327.805  1.14326e-08  1.43885e-11
      13.0000      328.079  1.12022e-08  1.36222e-11
      13.0000      328.352  1.11187e-08          NaN
      13.0000      328.626  1.10910e-08          NaN
      13.0000      328.900  1.10202e-08  1.23526e-11
      13.0000      329.175  1.10342e-08  1.45700e-11
      13.0000      329.449  1.09412e-08  1.65028e-11
      13.0000      329.724  1.09412e-08  1.65588e-11
      13.0000      329.998  1.09729e-08  1.57192e-11
      13.0000      330.274  1.09035e-08  1.57393e-11
      13.0000      330.549  1.07441e-08  1.52957e-11
      13.0000      330.825  1.08741e-08          NaN
      13.0000      331.101  1.10103e-08          NaN
      13.0000      331.376  1.10139e-08          NaN
      13.0000      331.653  1.09356e-08          NaN
      13.0000      331.929  1.07269e-08  1.24297e-11
      13.0000      332.206  1.08225e-08  1.25957e-11
      13.0000      332.483  1.08225e-08  1.35930e-11
      13.0000      332.760  1.07571e-08  1.58197e-11
      13.0000      333.037  1.08022e-08  1.71192e-11
      13.0000      333.316  1.09619e-08  1.64216e-11
      13.0000      333.592  1.08975e-08  1.51810e-11
      13.0000      333.871  1.07893e-08  1.47679e-11
      13.0000      334.150  1.08277e-08  1.46339e-11
      13.0000      334.428  1.07940e-08  1.27700e-11
      13.0000      334.707  1.09088e-08  1.13465e-11
      13.0000      334.986  1.08446e-08  1.12145e-11
      13.0000      335.264  1.06842e-08  1.18451e-11
      13.0000      335.545  1.05928e-08  1.20072e-11
      13.0000      335.824  1.06351e-08  1.19559e-11
      13.0000      336.104  1.05530e-08  1.27200e-11
      13.0000      336.384  1.02779e-08  1.40537e-11
      13.0000      336.665  1.02808e-08  1.46275e-11
      13.0000      336.945  1.15628e-08          NaN
      13.0000      337.226  1.09029e-08          NaN
      13.0000      337.507  1.02929e-08  1.48947e-11
      13.0000      337.789  1.03321e-08  1.48157e-11
      13.0000      338.071  1.05604e-08  1.40063e-11
      13.0000      338.352  1.05412e-08  1.35600e-11
      13.0000      338.634  1.04870e-08  1.46702e-11
      13.0000      338.916  1.03429e-08  1.56885e-11
      13.0000      339.199  1.03738e-08  1.56484e-11
      13.0000      339.482  1.05444e-08  1.57056e-11
      13.0000      339.765  1.07802e-08  1.69044e-11
      13.0000      340.048  9.92510e-09  1.76081e-11
      13.0000      340.332  1.08514e-08  1.75970e-11
      13.0000      340.616  1.06020e-08  1.56069e-11
      13.0000      340.899  1.04727e-08  1.55627e-11
      13.0000      341.184  1.03730e-08  1.57698e-11
      13.0000      341.468  1.02592e-08          NaN
      13.0000      341.753  1.02405e-08          NaN
      13.0000      342.038  1.03544e-08  1.39867e-11
      13.0000      342.323  1.04032e-08  1.54835e-11
      13.0000      342.608  1.03149e-08  1.61222e-11
      13.0000      342.894  1.03160e-08  1.56170e-11
      4.00000      343.180  1.03213e-08  1.59781e-11
      4.00000      343.466  1.02794e-08  1.74508e-11
      4.00000      343.752  1.00842e-08  1.73247e-11
      4.00000      344.039  1.02647e-08          NaN
      4.00000      344.325  1.02975e-08          NaN
      4.00000      344.612  1.04737e-08  1.74633e-11
      14.0000      344.900  1.01537e-08  1.90450e-11
      14.0000      345.187  1.03733e-08  1.78660e-11
      14.0000      345.476  1.02370e-08  1.65269e-11
      14.0000      345.764  1.01862e-08  1.67201e-11
      14.0000      346.052  9.96403e-09  1.62401e-11
      14.0000      346.340  1.00565e-08  1.55647e-11
      14.0000      346.629  9.97655e-09  1.64064e-11
      14.0000      346.917  9.93091e-09  1.87758e-11
      14.0000      347.207  9.84734e-09  1.89380e-11
      14.0000      347.496  1.00008e-08  1.59639e-11
      14.0000      347.786  1.01445e-08  1.38209e-11
      14.0000      348.077  9.95409e-09  1.37667e-11
      14.0000      348.367  9.84853e-09  1.43859e-11
      14.0000      348.657  9.94825e-09  1.46922e-11
      14.0000      348.948  1.00317e-08  1.55090e-11
      14.0000      349.239  9.84343e-09  1.70698e-11
      14.0000      349.529  9.84525e-09  1.76295e-11
      14.0000      349.820  1.01661e-08  1.65631e-11
      14.0000      350.112  1.02910e-08  1.49066e-11
      14.0000      350.404  1.04386e-08  1.58698e-11
      14.0000      350.696  1.06997e-08  1.69035e-11
      14.0000      350.989  1.11222e-08  1.66566e-11
      14.0000      351.281  1.14941e-08          NaN
      14.0000      351.574  1.10839e-08          NaN
      14.0000      351.867  1.01797e-08          NaN
      14.0000      352.161  9.88623e-09          NaN
      14.0000      352.454  9.39967e-09  1.23340e-11
      14.0000      352.749  9.27143e-09  1.23121e-11
      14.0000      353.043  9.22887e-09          NaN
      14.0000      353.337  9.18579e-09          NaN
      14.0000      353.632  9.30944e-09  1.31236e-11
      14.0000      353.926  9.20886e-09          NaN
      14.0000      354.221  1.04312e-08          NaN
      14.0000      354.517  1.06857e-08  1.49382e-11
      14.0000      354.812  9.32554e-09  1.18765e-11
      14.0000      355.107  9.65514e-09  1.19466e-11
      14.0000      355.404  9.03641e-09  1.14693e-11
      14.0000      355.700  8.92053e-09          NaN
      14.0000      355.996  9.20680e-09          NaN
      14.0000      356.294  9.33730e-09  1.18291e-11
      14.0000      356.590  9.33022e-09  1.31888e-11
      14.0000      356.888  9.33237e-09  1.31891e-11
      14.0000      357.185  9.44754e-09  1.28440e-11
      14.0000      357.482  9.25647e-09  1.32890e-11
      14.0000      357.780  8.98447e-09  1.37143e-11
      14.0000      358.079  8.93306e-09          NaN
      14.0000      358.378  8.49244e-09          NaN
      14.0000      358.676  8.54324e-09  1.07637e-11
      14.0000      358.976  8.38646e-09  1.08693e-11
      14.0000      359.275  9.18796e-09  1.14524e-11
      14.0000      359.575  9.00524e-09  1.04830e-11
      14.0000      359.874  8.71922e-09          NaN
      14.0000      360.175  8.59487e-09          NaN
      14.0000      360.475  8.67369e-09          NaN
      14.0000      360.775  9.05657e-09          NaN
      14.0000      361.076  9.03978e-09  1.12639e-11
      14.0000      361.377  8.95823e-09  1.19708e-11
      14.0000      361.678  9.13457e-09          NaN
      14.0000      361.979  9.17976e-09          NaN
      14.0000      362.282  9.06293e-09  1.31278e-11
      14.0000      362.583  8.91196e-09  1.43089e-11
      14.0000      362.886  9.04137e-09  1.40794e-11
      14.0000      363.189  9.11882e-09  1.37133e-11
      14.0000      363.491  9.17349e-09          NaN
      14.0000      363.794  8.80341e-09          NaN
      14.0000      364.097  9.00508e-09  1.36160e-11
      14.0000      364.401  8.96813e-09  1.29503e-11
      14.0000      364.704  8.41584e-09  1.27210e-11
      14.0000      365.009  8.52921e-09  1.30591e-11
      14.0000      365.313  8.96936e-09          NaN
      14.0000      365.617  8.27259e-09          NaN
      14.0000      365.922  8.28362e-09          NaN
      14.0000      366.228  8.38065e-09          NaN
      14.0000      366.533  8.73091e-09  1.26375e-11
      14.0000      366.838  8.54704e-09  1.21022e-11
      4.00000      367.144  8.24630e-09  1.23557e-11
      4.00000      367.450  8.16773e-09  1.25681e-11
      4.00000      367.757  8.26418e-09  1.18390e-11
      4.00000      368.062  8.23228e-09          NaN
      4.00000      368.370  8.19254e-09          NaN
      4.00000      368.677  8.13979e-09  1.31224e-11
      4.00000      368.985  8.27143e-09  1.24863e-11
      4.00000      369.293  8.04832e-09  1.22127e-11
      4.00000      369.600  8.03476e-09  1.35516e-11
      4.00000      369.909  8.03847e-09  1.36334e-11
      4.00000      370.217  8.12541e-09  1.29644e-11
      4.00000      370.525  7.97518e-09          NaN
      15.0000      370.835  7.86536e-09  1.37818e-11
      15.0000      371.143  7.86066e-09  1.33607e-11
      15.0000      371.453  7.99345e-09  1.37850e-11
      15.0000      371.762  7.87171e-09  1.52185e-11
      15.0000      372.072  7.74426e-09          NaN
      15.0000      372.383  7.74303e-09          NaN
      15.0000      372.692  7.62659e-09  1.11548e-11
      15.0000      373.003  7.47549e-09  1.12228e-11
      15.0000      373.314  7.47777e-09          NaN
      15.0000      373.626  7.47290e-09          NaN
      15.0000      373.937  7.59602e-09  1.26868e-11
      15.0000      374.249  7.45679e-09  1.36842e-11
      15.0000      374.561  7.37049e-09  1.26616e-11
      15.0000      374.873  7.45585e-09  1.07892e-11
      15.0000      375.185  7.40954e-09  1.00619e-11
      15.0000      375.498  7.20966e-09  1.03205e-11
      15.0000      375.811  7.21270e-09  1.02060e-11
      15.0000      376.125  7.36454e-09  1.03040e-11
      15.0000      376.438  7.24020e-09  1.14230e-11
      15.0000      376.753  7.01668e-09  1.23378e-11
      15.0000      377.067  7.05795e-09  1.12845e-11
      15.0000      377.381  7.17308e-09          NaN
      15.0000      377.695  7.01182e-09          NaN
      15.0000      378.010  6.94768e-09  9.72090e-12
      15.0000      378.325  7.07607e-09  9.06012e-12
      15.0000      378.640  7.06984e-09  9.00798e-12
      15.0000      378.956  6.97662e-09  9.92360e-12
      15.0000      379.272  6.88634e-09          NaN
      15.0000      379.589  6.97493e-09          NaN
      15.0000      379.905  6.86464e-09  1.05435e-11
      15.0000      380.222  6.70983e-09  1.09267e-11
      15.0000      380.539  6.66859e-09  1.01728e-11
      15.0000      380.855  6.58317e-09          NaN
      15.0000      381.173  6.48189e-09          NaN
      15.0000      381.492  6.35153e-09  8.63939e-12
      15.0000      381.809  6.52143e-09  8.20764e-12
      15.0000      382.127  6.70755e-09  8.02176e-12
      15.0000      382.446  6.60908e-09  8.63913e-12
      15.0000      382.765  6.50440e-09  8.98294e-12
      15.0000      383.085  6.68281e-09  8.99446e-12
      15.0000      383.403  6.59801e-09  9.44232e-12
      15.0000      383.723  6.43251e-09  1.08539e-11
      15.0000      384.044  6.40355e-09  1.11742e-11
      15.0000      384.363  6.60425e-09  1.03863e-11
      15.0000      384.683  6.67869e-09  1.04901e-11
      15.0000      385.005  6.39937e-09  1.01941e-11
      15.0000      385.325  6.45136e-09  9.27259e-12
      15.0000      385.646  6.52406e-09  8.25527e-12
      15.0000      385.968  6.37538e-09  8.13914e-12
      15.0000      386.290  6.21450e-09  8.20857e-12
      15.0000      386.612  6.25451e-09  7.80538e-12
      15.0000      386.934  6.26999e-09  7.77685e-12
      15.0000      387.256  6.15863e-09  8.40545e-12
      15.0000      387.580  6.16047e-09  8.61420e-12
      15.0000      387.902  6.22274e-09  8.22118e-12
      15.0000      388.226  6.12125e-09  8.31386e-12
      15.0000      388.550  5.98237e-09  8.66709e-12
      15.0000      388.874  6.10275e-09  8.34933e-12
      15.0000      389.197  6.19801e-09  8.10014e-12
      15.0000      389.522  5.99428e-09  8.66428e-12
      15.0000      389.847  5.86637e-09  9.22783e-12
      15.0000      390.172  5.97664e-09  9.20871e-12
      15.0000      390.497  5.98318e-09  9.69377e-12
      15.0000      390.823  5.76109e-09  1.06357e-11
      4.00000      391.149  5.69665e-09  1.07790e-11
      4.00000      391.475  5.82800e-09  1.01960e-11
      4.00000      391.802  5.81769e-09  1.03341e-11
      4.00000      392.128  5.62785e-09  1.06563e-11
      4.00000      392.455  5.60320e-09  1.01327e-11
      4.00000      392.782  5.66895e-09  9.73624e-12
      4.00000      393.110  5.44379e-09  1.04188e-11
      4.00000      393.437  5.33033e-09  1.12096e-11
      4.00000      393.766  5.35760e-09  1.07849e-11
      4.00000      394.093  5.41517e-09  1.11013e-11
      4.00000      394.421  5.33266e-09  1.25295e-11
      4.00000      394.751  5.25246e-09  1.18473e-11
      4.00000      395.080  5.41000e-09  1.09605e-11
      4.00000      395.409  5.35234e-09  1.11363e-11
      4.00000      395.739  5.30355e-09  1.12296e-11
      4.00000      396.069  5.24726e-09  1.04812e-11
      4.00000      396.399  5.26123e-09  1.03972e-11
      16.0000      396.729  5.09108e-09          NaN
      16.0000      397.060  4.96153e-09          NaN
      16.0000      397.392  5.07395e-09          NaN
      16.0000      397.722  5.09234e-09          NaN
      16.0000      398.054  4.93200e-09  9.66430e-12
      16.0000      398.386  4.98535e-09  8.87305e-12
      16.0000      398.718  5.11447e-09  8.67306e-12
      16.0000      399.050  4.95165e-09  9.48770e-12
      16.0000      399.383  4.86206e-09  1.03317e-11
      16.0000      399.717  4.92407e-09  9.58313e-12
      16.0000      400.050  4.91419e-09  8.97470e-12
      16.0000      400.383  4.71569e-09  8.96179e-12
      16.0000      400.716  4.78050e-09  8.61065e-12
      16.0000      401.051  4.83977e-09  8.09726e-12
      16.0000      401.386  4.73753e-09  8.40520e-12
      16.0000      401.719  4.67246e-09  8.82826e-12
      16.0000      402.055  4.75869e-09  8.50453e-12
      16.0000      402.390  4.79856e-09  8.85476e-12
      16.0000      402.726  4.61084e-09          NaN
      16.0000      403.062  4.66971e-09          NaN
      16.0000      403.397  4.65104e-09          NaN
      16.0000      403.734  4.55999e-09  7.76438e-12
      16.0000      404.070  4.46763e-09          NaN
      16.0000      404.406  4.51500e-09          NaN
      16.0000      404.744  4.51261e-09  7.27982e-12
      16.0000      405.081  4.39880e-09  7.68148e-12
      16.0000      405.420  4.39505e-09  7.63984e-12
      16.0000      405.757  4.46575e-09  7.72672e-12
      16.0000      406.095  4.34386e-09  8.52223e-12
      16.0000      406.435  4.26887e-09  8.97091e-12
      16.0000      406.774  4.34548e-09          NaN
      16.0000      407.111  4.37046e-09          NaN
      16.0000      407.451  4.25223e-09  7.87905e-12
      16.0000      407.790  4.30003e-09  7.51985e-12
      16.0000      408.132  4.31020e-09  6.63407e-12
      16.0000      408.472  4.19916e-09  6.51277e-12
      16.0000      408.812  4.11766e-09  6.49223e-12
      16.0000      409.152  4.18272e-09  6.26316e-12
      16.0000      409.494  4.11949e-09  6.61407e-12
      16.0000      409.834  3.97228e-09          NaN
      16.0000      410.177  4.01939e-09          NaN
      16.0000      410.519  4.21660e-09  8.13709e-12
      16.0000      410.862  3.83720e-09  8.49520e-12
      16.0000      411.203  3.81945e-09  8.97528e-12
      16.0000      411.546  3.95581e-09  8.26004e-12
      16.0000      411.889  3.95540e-09  7.98283e-12
      16.0000      412.233  3.79930e-09  8.03756e-12
      16.0000      412.577  3.76525e-09  7.61310e-12
      16.0000      412.919  3.82539e-09  7.11859e-12
      16.0000      413.264  3.70752e-09  7.44389e-12
      16.0000      413.609  3.66872e-09  7.89715e-12
      16.0000      413.954  3.75801e-09  7.30694e-12
      16.0000      414.298  3.76188e-09          NaN
      16.0000      414.644  3.62674e-09          NaN
      16.0000      414.989  3.66691e-09  6.65932e-12
      4.00000      415.336  3.64888e-09  6.12121e-12
      4.00000      415.683  3.53791e-09  6.37669e-12
      4.00000      416.029  3.43720e-09  6.60822e-12
      4.00000      416.375  3.49631e-09  6.41886e-12
      4.00000      416.722  3.49537e-09  6.71318e-12
      4.00000      417.070  3.38368e-09  7.12393e-12
      4.00000      417.418  3.42117e-09  6.93613e-12
      4.00000      417.767  3.45669e-09  6.71880e-12
      4.00000      418.114  3.36640e-09  6.81605e-12
      4.00000      418.463  3.31638e-09  6.65643e-12
      4.00000      418.811  3.42298e-09  6.43622e-12
      4.00000      419.161  3.34706e-09          NaN
      4.00000      419.511  3.27051e-09          NaN
      4.00000      419.859  3.33625e-09          NaN
      4.00000      420.210  3.29742e-09          NaN
      4.00000      420.560  3.20727e-09          NaN
      4.00000      420.911  3.17720e-09          NaN
      4.00000      421.262  3.25870e-09  7.33762e-12
      4.00000      421.614  3.19711e-09  7.53268e-12
      4.00000      421.964  3.14900e-09  7.49373e-12
      4.00000      422.317  3.15661e-09  7.23808e-12
      17.0000      422.669  3.01590e-09          NaN
      17.0000      423.021  2.95389e-09          NaN
      17.0000      423.374  3.09198e-09          NaN
      17.0000      423.727  3.05851e-09  9.66068e-12
      17.0000      424.079  3.00106e-09  1.01488e-11
      17.0000      424.434  2.97904e-09  8.54672e-12
      17.0000      424.787  3.03712e-09          NaN
      17.0000      425.141  2.91608e-09          NaN
      17.0000      425.496  2.79829e-09          NaN
      17.0000      425.851  2.89147e-09          NaN
      17.0000      426.205  2.84030e-09  7.36860e-12
      17.0000      426.561  2.81769e-09  8.46662e-12
      17.0000      426.916  2.85831e-09  8.44159e-12
      17.0000      427.272  2.85320e-09  8.02855e-12
      17.0000      427.628  2.77341e-09  7.61862e-12
      17.0000      427.985  2.80177e-09  6.76559e-12
      17.0000      428.343  2.83527e-09  5.93014e-12
      17.0000      428.699  2.72473e-09          NaN
      17.0000      429.056  2.68845e-09          NaN
      17.0000      429.415  2.75860e-09  5.93470e-12
      17.0000      429.771  2.71851e-09  6.49265e-12
      17.0000      430.130  2.62730e-09  7.04174e-12
      17.0000      430.489  2.71550e-09  7.04516e-12
      17.0000      430.847  2.72751e-09          NaN
      17.0000      431.207  2.61987e-09          NaN
      17.0000      431.566  2.62962e-09          NaN
      17.0000      431.926  2.66947e-09          NaN
      17.0000      432.287  2.57804e-09          NaN
      17.0000      432.646  2.59145e-09  5.75458e-12
      17.0000      433.007  2.64519e-09  5.46379e-12
      17.0000      433.368  2.56461e-09  5.45342e-12
      17.0000      433.730  2.50937e-09  5.46562e-12
      17.0000      434.092  2.54391e-09  5.19267e-12
      17.0000      434.452  2.50757e-09  5.32257e-12
      17.0000      434.815  2.44087e-09  5.63231e-12
      17.0000      435.178  2.47665e-09  5.64958e-12
      17.0000      435.540  2.46406e-09  5.93054e-12
      17.0000      435.905  2.38875e-09  6.57771e-12
      17.0000      436.268  2.40699e-09          NaN
      17.0000      436.630  2.45283e-09          NaN
      17.0000      436.994  2.35173e-09  6.78258e-12
      17.0000      437.359  2.30848e-09  6.40758e-12
      17.0000      437.723  2.37582e-09  5.83974e-12
      17.0000      438.089  2.30335e-09          NaN
      17.0000      438.454  2.28968e-09          NaN
      17.0000      438.820  2.35013e-09  5.55396e-12
      17.0000      439.186  2.26169e-09  5.35370e-12
      4.00000      439.551  2.17864e-09  5.49351e-12
      4.00000      439.918  2.15930e-09  5.26154e-12
      4.00000      440.284  2.17321e-09  5.01149e-12
      4.00000      440.651  2.10949e-09  5.17533e-12
      4.00000      441.018  2.10762e-09  4.96318e-12
      4.00000      441.386  2.15837e-09  4.93143e-12
      4.00000      441.755  2.09651e-09  5.20706e-12
      4.00000      442.124  2.15634e-09  5.51972e-12
      4.00000      442.492  2.18061e-09  5.43366e-12
      4.00000      442.860  2.06515e-09  5.32364e-12
      4.00000      443.229  2.03545e-09  5.30247e-12
      4.00000      443.599  2.07981e-09  5.11942e-12
      4.00000      443.969  2.05461e-09  5.20802e-12
      4.00000      444.340  2.00794e-09  5.30801e-12
      4.00000      444.709  2.05051e-09  5.25480e-12
      4.00000      445.079  2.04773e-09  5.49379e-12
      4.00000      445.452  1.98825e-09  5.73793e-12
      4.00000      445.824  2.01758e-09  5.69016e-12
      4.00000      446.194  2.03266e-09  5.64512e-12
      4.00000      446.566  1.97341e-09  5.68832e-12
      4.00000      446.939  1.97815e-09  5.55876e-12
      4.00000      447.311  1.96356e-09  5.49280e-12
      4.00000      447.684  1.92575e-09  5.78080e-12
      4.00000      448.057  1.90384e-09  5.98035e-12
      4.00000      448.431  1.92723e-09  6.06400e-12
      18.0000      448.805  1.87435e-09  7.94898e-12
      18.0000      449.180  1.86608e-09  6.92315e-12
      18.0000      449.553  1.90789e-09  5.92794e-12
      18.0000      449.928  1.88764e-09  5.61045e-12
      18.0000      450.302  2.06235e-09  5.99582e-12
      18.0000      450.678  1.99595e-09  5.65751e-12
      18.0000      451.054  1.79682e-09  6.03348e-12
      18.0000      451.431  1.78074e-09  6.73972e-12
      18.0000      451.806  1.81774e-09  6.85308e-12
      18.0000      452.184  1.76613e-09  6.70590e-12
      18.0000      452.560  1.71407e-09  6.10513e-12
      18.0000      452.938  1.76330e-09  5.18585e-12
      18.0000      453.315  1.73956e-09  4.80115e-12
      18.0000      453.694  1.67877e-09  4.77084e-12
      18.0000      454.071  1.71657e-09  4.70761e-12
      18.0000      454.450  1.70979e-09  5.12180e-12
      18.0000      454.829  1.67431e-09  5.66620e-12
      18.0000      455.208  1.68237e-09  5.68623e-12
      18.0000      455.587  1.69428e-09  5.90604e-12
      18.0000      455.967  1.60919e-09          NaN
      18.0000      456.348  1.64495e-09  5.62161e-12
      18.0000      456.727  1.64589e-09  4.99110e-12
      18.0000      457.109  1.58281e-09  5.05441e-12
      18.0000      457.490  1.57624e-09          NaN
      18.0000      457.871  1.61961e-09          NaN
      18.0000      458.253  1.56922e-09  4.94072e-12
      18.0000      458.636  1.57326e-09  4.83471e-12
      18.0000      459.017  1.59656e-09  4.40691e-12
      18.0000      459.400  1.54151e-09  4.41335e-12
      18.0000      459.783  1.52531e-09  4.34441e-12
      18.0000      460.166  1.55134e-09  4.38656e-12
      18.0000      460.549  1.50368e-09  4.97011e-12
      18.0000      460.934  1.47099e-09  5.41571e-12
      18.0000      461.318  1.51522e-09  5.56621e-12
      18.0000      461.702  1.47070e-09  6.01356e-12
      18.0000      462.088  1.43376e-09  6.27717e-12
      18.0000      462.473  1.50393e-09          NaN
      18.0000      462.858  1.44376e-09          NaN
      18.0000      463.244  1.42668e-09  5.22232e-12
      4.00000      463.631  1.36156e-09  4.86045e-12
      4.00000      464.018  1.31462e-09  5.01475e-12
      4.00000      464.403  1.33790e-09  5.36912e-12
      4.00000      464.792  1.34058e-09  5.21552e-12
      4.00000      465.179  1.33153e-09          NaN
      4.00000      465.567  1.32087e-09          NaN
      4.00000      465.955  1.37180e-09          NaN
      4.00000      466.342  1.35782e-09          NaN
      4.00000      466.731  1.32950e-09  4.35834e-12
      4.00000      467.122  1.34437e-09  4.43463e-12
      4.00000      467.510  1.32827e-09  4.68997e-12
      4.00000      467.900  1.27632e-09  5.08761e-12
      4.00000      468.290  1.29566e-09  5.05249e-12
      4.00000      468.680  1.29076e-09  4.88749e-12
      4.00000      469.072  1.27074e-09  4.81167e-12
      4.00000      469.462  1.29696e-09  4.54422e-12
      4.00000      469.854  1.28579e-09  4.52762e-12
      4.00000      470.245  1.24472e-09  4.89927e-12
      4.00000      470.637  1.24286e-09  5.23500e-12
      4.00000      471.029  1.22658e-09  5.63641e-12
      4.00000      471.422  1.19444e-09  6.00169e-12
      4.00000      471.816  1.22723e-09  5.90741e-12
      4.00000      472.208  1.25636e-09  5.77741e-12
      4.00000      472.603  1.24012e-09  5.73894e-12
      4.00000      472.997  1.25540e-09          NaN
      4.00000      473.391  1.22224e-09          NaN
      4.00000      473.785  1.15306e-09  6.40496e-12
      4.00000      474.181  1.16884e-09  7.01173e-12
      4.00000      474.577  1.14987e-09  7.26003e-12
      19.0000      474.971  1.09920e-09  8.97062e-12
      19.0000      475.367  1.14575e-09  7.14762e-12
      19.0000      475.765  1.16303e-09  6.02858e-12
      19.0000      476.161  1.11989e-09  5.81053e-12
      19.0000      476.558  1.13732e-09  5.67151e-12
      19.0000      476.954  1.12970e-09  6.00534e-12
      19.0000      477.352  1.09016e-09  6.66235e-12
      19.0000      477.751  1.10775e-09  6.84166e-12
      19.0000      478.149  1.12532e-09  6.97562e-12
      19.0000      478.547  1.07391e-09  7.10212e-12
      19.0000      478.946  1.13109e-09  6.35356e-12
      19.0000      479.345  1.12817e-09  5.58263e-12
      19.0000      479.745  1.08226e-09          NaN
      19.0000      480.146  1.08837e-09  5.25479e-12
      19.0000      480.545  1.06918e-09  5.26748e-12
      19.0000      480.945  1.03440e-09  5.27401e-12
      19.0000      481.348  1.05848e-09  4.97473e-12
      19.0000      481.749  1.05889e-09          NaN
      19.0000      482.151  1.04803e-09          NaN
      19.0000      482.551  1.06926e-09          NaN
      19.0000      482.954  1.05784e-09          NaN
      19.0000      483.356  1.01687e-09  5.82333e-12
      19.0000      483.760  1.03210e-09  6.14617e-12
      19.0000      484.163  1.02549e-09  6.25957e-12
      19.0000      484.567  1.01147e-09  5.80920e-12
      19.0000      484.971  1.01014e-09  5.07051e-12
      19.0000      485.376  9.77211e-10  4.54970e-12
      19.0000      485.779  9.86670e-10  4.28402e-12
      19.0000      486.185  9.99614e-10          NaN
      19.0000      486.590  9.54740e-10          NaN
      19.0000      486.995  9.62152e-10  4.50832e-12
      19.0000      487.401  9.57735e-10  4.53324e-12
      19.0000      487.807  8.34657e-10          NaN
      19.0000      488.215  8.66452e-10          NaN
      4.00000      488.622  8.56720e-10          NaN
      4.00000      489.029  8.50765e-10  4.21247e-12
      4.00000      489.436  8.51854e-10  4.27839e-12
      4.00000      489.845  8.37093e-10  4.68544e-12
      4.00000      490.254  8.11786e-10  5.09565e-12
      4.00000      490.663  8.68479e-10  5.17359e-12
      4.00000      491.070  8.51220e-10          NaN
      4.00000      491.480  8.54341e-10          NaN
      4.00000      491.889  8.84344e-10  5.05481e-12
      4.00000      492.300  8.38643e-10  5.13168e-12
      4.00000      492.710  8.10778e-10  5.43308e-12
      4.00000      493.121  8.51479e-10  5.77119e-12
      4.00000      493.532  8.02259e-10  6.25124e-12
      4.00000      493.944  8.14419e-10  6.40572e-12
      4.00000      494.354  8.28910e-10  6.28932e-12
      4.00000      494.768  8.09877e-10  6.42342e-12
      4.00000      495.179  8.25260e-10  6.12482e-12
      4.00000      495.592  8.33335e-10  6.09503e-12
      4.00000      496.005  8.09866e-10  6.58235e-12
      4.00000      496.418  8.27311e-10  6.92067e-12
      4.00000      496.833  8.15555e-10          NaN
      4.00000      497.248  8.06517e-10          NaN
      4.00000      497.661  8.30785e-10  7.25082e-12
      4.00000      498.077  8.35928e-10  7.03259e-12
      4.00000      498.492  8.01664e-10  7.28809e-12
      4.00000      498.907  8.17419e-10  6.85227e-12
      4.00000      499.323  8.05344e-10  7.17788e-12
      4.00000      499.740  7.69343e-10  7.71550e-12
      4.00000      500.158  7.96106e-10  7.65023e-12
      4.00000      500.573  7.84460e-10  7.73361e-12
      4.00000      500.992  7.68954e-10  7.60720e-12
      20.0000      501.409  8.00235e-10  5.99301e-12
      20.0000      501.827  7.67455e-10  5.35183e-12
      20.0000      502.245  7.64724e-10  5.29100e-12
      20.0000      502.664  7.60363e-10  5.30191e-12
      20.0000      503.081  7.40697e-10  5.21706e-12
      20.0000      503.502  7.37415e-10  5.25630e-12
      20.0000      503.921  7.52508e-10  5.30070e-12
      20.0000      504.342  7.46668e-10  5.47161e-12
      20.0000      504.762  7.50335e-10  5.55058e-12
      20.0000      505.183  7.53760e-10  5.42698e-12
      20.0000      505.605  7.45386e-10  5.29832e-12
      20.0000      506.027  7.38528e-10  4.95541e-12
      20.0000      506.447  7.26043e-10  4.71799e-12
      20.0000      506.871  7.21746e-10  4.39757e-12
      20.0000      507.292  7.11340e-10          NaN
      20.0000      507.715  7.21628e-10          NaN
      20.0000      508.138  7.39429e-10  3.88438e-12
      20.0000      508.562  7.10470e-10  4.10753e-12
      20.0000      508.986  6.90724e-10  4.32605e-12
      20.0000      509.411  6.92585e-10  4.59313e-12
      20.0000      509.835  6.81663e-10  4.76196e-12
      20.0000      510.261  7.01979e-10  4.77268e-12
      20.0000      510.686  6.88338e-10          NaN
      20.0000      511.112  6.73077e-10          NaN
      20.0000      511.538  6.67714e-10          NaN
      20.0000      511.965  6.64777e-10  4.77293e-12
      20.0000      512.392  6.71846e-10  4.89627e-12
      20.0000      512.818  6.70146e-10  4.62306e-12
      20.0000      513.244  6.70347e-10  4.41490e-12
      20.0000      513.674  6.60564e-10  4.10843e-12
      20.0000      514.102  6.55392e-10  4.06267e-12
      20.0000      514.530  6.60261e-10          NaN
      20.0000      514.960  6.45918e-10          NaN
      20.0000      515.390  6.14921e-10          NaN
      20.0000      515.818  6.24108e-10          NaN
      20.0000      516.249  6.24599e-10  5.57407e-12
      20.0000      516.678  6.20661e-10  5.80656e-12
      20.0000      517.109  6.40780e-10  5.83928e-12
      20.0000      517.539  6.00192e-10  6.62868e-12
      20.0000      517.971  6.06599e-10  7.61850e-12
      20.0000      518.403  6.36926e-10  9.02297e-12
      20.0000      518.836  6.02108e-10  1.14656e-11
      20.0000      519.267  5.59985e-10          NaN
      20.0000      519.702  5.50504e-10          NaN
      20.0000      520.134  5.18363e-10  1.44729e-11
      20.0000      520.568  5.71026e-10          NaN
      20.0000      521.002  5.61381e-10          NaN
      20.0000      521.436  4.80999e-10          NaN
      20.0000      521.872  5.02434e-10          NaN
      20.0000      522.308  4.21153e-10          NaN
      20.0000      522.742  4.66090e-10  2.97839e-11
      20.0000      523.177  5.45563e-10  2.70345e-11
      20.0000      523.615  4.88525e-10  2.89198e-11
      20.0000      524.051  3.78652e-10  3.09298e-11
      20.0000      524.488  4.10216e-10  3.18668e-11
      20.0000      524.923  3.59343e-10          NaN
      20.0000      525.362  3.66518e-10          NaN
      20.0000      525.801  2.63668e-10  5.14215e-11
      20.0000      526.238  8.33695e-11  5.40227e-11
      20.0000      526.676  1.43234e-10  4.92226e-11
