      11.0000      271.534  2.75269e-08  1.03173e-10
      11.0000      271.761  2.79699e-08  1.21252e-10
      11.0000      271.987  2.98079e-08  1.00270e-10
      11.0000      272.214  3.11866e-08  9.91979e-11
      11.0000      272.441  3.08841e-08  1.05163e-10
      11.0000      272.668  3.25674e-08          NaN
      11.0000      272.895  3.17178e-08          NaN
      11.0000      273.123  3.26578e-08  2.08466e-10
      11.0000      273.350  2.98609e-08  1.91417e-10
      11.0000      273.578  2.91002e-08  9.62259e-11
      11.0000      273.806  2.78467e-08  1.43600e-10
      11.0000      274.035  2.42396e-08  8.48356e-11
      11.0000      274.263  2.35641e-08  7.58846e-11
      11.0000      274.492  2.49255e-08  7.09915e-11
      11.0000      274.721  2.72705e-08  7.10998e-11
      11.0000      274.950  2.64346e-08          NaN
      11.0000      275.179  2.56005e-08          NaN
      11.0000      275.409  2.61518e-08  7.53926e-11
      11.0000      275.638  2.55485e-08  7.38920e-11
      11.0000      275.867  2.62217e-08  7.51589e-11
      11.0000      276.097  2.64229e-08  7.86977e-11
      11.0000      276.328  2.49739e-08  6.81181e-11
      11.0000      276.558  2.40998e-08  6.63505e-11
      11.0000      276.789  2.32586e-08  5.66628e-11
      11.0000      277.020  2.42322e-08  6.45394e-11
      11.0000      277.250  2.35767e-08  5.91168e-11
      11.0000      277.482  2.41543e-08  5.99917e-11
      11.0000      277.713  2.33013e-08  5.79663e-11
      11.0000      277.945  1.98239e-08  4.86305e-11
      11.0000      278.177  2.01363e-08  5.03439e-11
      11.0000      278.408  2.05088e-08          NaN
      11.0000      278.640  2.36277e-08          NaN
      11.0000      278.872  2.42967e-08          NaN
      11.0000      279.105  2.34500e-08  6.52515e-11
      11.0000      279.337  2.34966e-08  6.55802e-11
      11.0000      279.571  2.32111e-08  5.89264e-11
      11.0000      279.804  2.18389e-08  5.54068e-11
      11.0000      280.037  2.17637e-08  4.95278e-11
      11.0000      280.271  2.16156e-08  4.68475e-11
      11.0000      280.504  2.08895e-08  4.47800e-11
      11.0000      280.738  2.21265e-08  4.91052e-11
      11.0000      280.971  2.20339e-08  4.78082e-11
      11.0000      281.206  2.21841e-08  4.77124e-11
      11.0000      281.440  2.28685e-08  4.85198e-11
      11.0000      281.675  2.27919e-08  4.72214e-11
      11.0000      281.910  2.17231e-08  4.61037e-11
      11.0000      282.145  2.18343e-08  4.67453e-11
      11.0000      282.381  2.13102e-08  4.57604e-11
      11.0000      282.616  2.07841e-08  4.44203e-11
      11.0000      282.851  2.04189e-08  4.44834e-11
      11.0000      283.087  2.00000e-08  4.37207e-11
      11.0000      283.323  1.95934e-08          NaN
      11.0000      283.559  1.94825e-08          NaN
      11.0000      283.796  2.03430e-08  4.31394e-11
      11.0000      284.032  2.00996e-08  4.16719e-11
      11.0000      284.269  2.04318e-08  4.23523e-11
      11.0000      284.506  2.03556e-08  4.27189e-11
      11.0000      284.743  1.93767e-08  4.03790e-11
      11.0000      284.981  1.97992e-08  3.85766e-11
      11.0000      285.218  2.00285e-08  4.00026e-11
      11.0000      285.456  1.98794e-08  4.04802e-11
      11.0000      285.694  1.93332e-08  4.09570e-11
      11.0000      285.932  1.87840e-08  3.86715e-11
      11.0000      286.171  1.85523e-08  3.76461e-11
      11.0000      286.409  1.84094e-08  3.78564e-11
      11.0000      286.648  1.78346e-08  3.78745e-11
      11.0000      286.887  1.84497e-08  4.02632e-11
      11.0000      287.126  1.88945e-08  4.01902e-11
      11.0000      287.365  1.87386e-08  3.88247e-11
      11.0000      287.605  1.87868e-08  3.91415e-11
      11.0000      287.844  1.86539e-08  4.10057e-11
      11.0000      288.085  1.85057e-08  4.11357e-11
      11.0000      288.325  1.85860e-08          NaN
      11.0000      288.565  1.85953e-08          NaN
      11.0000      288.806  1.87590e-08  4.31032e-11
      11.0000      289.047  1.83962e-08  4.44764e-11
      11.0000      289.287  1.87799e-08  4.62959e-11
      11.0000      289.529  1.85842e-08  4.45668e-11
      11.0000      289.770  1.89907e-08  4.63182e-11
      11.0000      290.011  1.76039e-08  4.33612e-11
      11.0000      290.254  1.74354e-08  4.29746e-11
      11.0000      290.495  1.75505e-08  4.35962e-11
      11.0000      290.737  1.74449e-08  4.14958e-11
      11.0000      290.980  1.72165e-08  3.97447e-11
      11.0000      291.223  1.76260e-08  4.07050e-11
      11.0000      291.465  1.75004e-08  4.17534e-11
      11.0000      291.708  1.70005e-08  4.11736e-11
      11.0000      291.951  1.68156e-08  4.19699e-11
      11.0000      292.195  1.65193e-08  4.15082e-11
      11.0000      292.439  1.63023e-08  4.32053e-11
      11.0000      292.683  1.61311e-08  4.39330e-11
      11.0000      292.926  1.59843e-08  4.34405e-11
      11.0000      293.171  1.55811e-08  4.38106e-11
      12.0000      295.377  1.68258e-08  4.24368e-11
      12.0000      295.624  1.68545e-08  4.26078e-11
      12.0000      295.870  1.64363e-08  4.33353e-11
      12.0000      296.117  1.48335e-08  4.02179e-11
      12.0000      296.364  1.50161e-08  3.88231e-11
      12.0000      296.611  1.51115e-08  3.66202e-11
      12.0000      296.858  1.58483e-08  3.80889e-11
      12.0000      297.105  1.58578e-08  3.87185e-11
      12.0000      297.354  1.64713e-08  4.03507e-11
      12.0000      297.601  1.54789e-08  3.63617e-11
      12.0000      297.850  1.55930e-08  3.22839e-11
      12.0000      298.097  1.55913e-08  3.02612e-11
      12.0000      298.346  1.58204e-08  3.19163e-11
      12.0000      298.595  1.64006e-08  3.56527e-11
      12.0000      298.844  1.58369e-08  3.44373e-11
      12.0000      299.093  1.56191e-08  3.17673e-11
      12.0000      299.342  1.55265e-08  2.98763e-11
      12.0000      299.592  1.53755e-08  2.91563e-11
      12.0000      299.842  1.51431e-08          NaN
      12.0000      300.091  1.72369e-08          NaN
      12.0000      300.342  1.60131e-08  3.22621e-11
      12.0000      300.592  1.55486e-08  3.09498e-11
      12.0000      300.843  1.50060e-08  2.88223e-11
      12.0000      301.093  1.46525e-08  3.29487e-11
      12.0000      301.345  1.46012e-08  1.44778e-10
      12.0000      301.595  1.46988e-08  2.45204e-11
      12.0000      301.848  1.46485e-08  2.49735e-11
      12.0000      302.099  1.46130e-08  2.72709e-11
      12.0000      302.350  1.43552e-08  2.75072e-11
      12.0000      302.603  1.43468e-08  2.63686e-11
      12.0000      302.855  1.49947e-08  2.55545e-11
      12.0000      303.107  1.56021e-08  2.64358e-11
      12.0000      303.360  1.48830e-08  2.55759e-11
      12.0000      303.614  1.41534e-08  2.43198e-11
      12.0000      303.866  1.42108e-08  2.45101e-11
      12.0000      304.120  1.41969e-08  2.44864e-11
      12.0000      304.373  1.42634e-08  2.53982e-11
      12.0000      304.627  1.40194e-08  2.51190e-11
      12.0000      304.881  1.42190e-08  2.40852e-11
      12.0000      305.135  1.41335e-08  2.19136e-11
      12.0000      305.389  1.38409e-08  2.07537e-11
      12.0000      305.644  1.37634e-08  2.11174e-11
      12.0000      305.899  1.36907e-08  2.16397e-11
      12.0000      306.154  1.36460e-08          NaN
      12.0000      306.409  1.35710e-08          NaN
      12.0000      306.665  1.35253e-08  2.38116e-11
      12.0000      306.921  1.34723e-08  2.56476e-11
      12.0000      307.176  1.30926e-08  2.42233e-11
      12.0000      307.432  1.39386e-08  2.39214e-11
      12.0000      307.689  1.37685e-08  2.21886e-11
      12.0000      307.945  1.37800e-08  2.19810e-11
      12.0000      308.202  1.35162e-08  2.09961e-11
      12.0000      308.458  1.33074e-08  1.92958e-11
      12.0000      308.715  1.33032e-08          NaN
      12.0000      308.973  1.31555e-08          NaN
      12.0000      309.231  1.29422e-08  1.94750e-11
      12.0000      309.488  1.29022e-08  2.01076e-11
      12.0000      309.746  1.29959e-08  2.04210e-11
      12.0000      310.004  1.30141e-08  2.11034e-11
      12.0000      310.263  1.29351e-08  2.24318e-11
      12.0000      310.522  1.28957e-08  2.30665e-11
      12.0000      310.781  1.25354e-08  2.14374e-11
      12.0000      311.040  1.28331e-08  2.04288e-11
      12.0000      311.300  1.31446e-08  2.07899e-11
      12.0000      311.559  1.28776e-08  2.07788e-11
      12.0000      311.819  1.26330e-08          NaN
      12.0000      312.079  1.27356e-08          NaN
      12.0000      312.339  1.28812e-08  1.89535e-11
      12.0000      312.599  1.28074e-08  1.97562e-11
      12.0000      312.860  1.25985e-08  2.07485e-11
      12.0000      313.120  1.24860e-08  1.97703e-11
      12.0000      313.381  1.26193e-08  1.89079e-11
      12.0000      313.643  1.27100e-08          NaN
      12.0000      313.905  1.26196e-08          NaN
      12.0000      314.166  1.27652e-08          NaN
      12.0000      314.428  1.26879e-08          NaN
      12.0000      314.690  1.26498e-08  2.12561e-11
      12.0000      314.953  1.23890e-08  2.06433e-11
      12.0000      315.215  1.24819e-08  2.02569e-11
      12.0000      315.477  1.25171e-08  1.87612e-11
      12.0000      315.740  1.24395e-08  1.74992e-11
      12.0000      316.004  1.25708e-08  1.83010e-11
      12.0000      316.268  1.23965e-08  1.98288e-11
      12.0000      316.531  1.21928e-08  2.09893e-11
      12.0000      316.795  1.23758e-08  2.01160e-11
      12.0000      317.059  1.26737e-08  1.97228e-11
      12.0000      317.323  1.25992e-08  2.03820e-11
      12.0000      317.587  1.19487e-08  1.98537e-11
      12.0000      317.853  1.17407e-08  1.84882e-11
      12.0000      318.118  1.20299e-08  2.01755e-11
      12.0000      318.383  1.15956e-08  2.32015e-11
      12.0000      318.648  1.16591e-08  2.17607e-11
      12.0000      318.914  1.20138e-08  2.06248e-11
      13.0000      319.180  1.20519e-08          NaN
      13.0000      319.446  1.24111e-08          NaN
      13.0000      319.713  1.23273e-08  2.83673e-11
      13.0000      319.978  1.19276e-08  3.04020e-11
      13.0000      320.246  1.19026e-08  2.77855e-11
      13.0000      320.513  1.19575e-08  2.30416e-11
      13.0000      320.780  1.18983e-08  2.15670e-11
      13.0000      321.047  1.17758e-08  2.32219e-11
      13.0000      321.315  1.15544e-08          NaN
      13.0000      321.583  1.16591e-08          NaN
      13.0000      321.851  1.18510e-08          NaN
      13.0000      322.119  1.18396e-08  1.71458e-11
      13.0000      322.387  1.17236e-08          NaN
      13.0000      322.657  1.16093e-08          NaN
      13.0000      322.925  1.18636e-08  1.88591e-11
      13.0000      323.195  1.20185e-08  2.03045e-11
      13.0000      323.464  1.18727e-08  2.07681e-11
      13.0000      323.734  1.18488e-08  1.88867e-11
      13.0000      324.003  1.17591e-08  1.62440e-11
      13.0000      324.273  1.18266e-08  1.59191e-11
      13.0000      324.544  1.17554e-08  1.71738e-11
      13.0000      324.815  1.16958e-08  1.77241e-11
      13.0000      325.085  1.15764e-08  1.61189e-11
      13.0000      325.357  1.16520e-08  1.47157e-11
      13.0000      325.628  1.17341e-08  1.49302e-11
      13.0000      325.900  1.15252e-08  1.51870e-11
      13.0000      326.171  1.14958e-08  1.49090e-11
      13.0000      326.443  1.16234e-08  1.52738e-11
      13.0000      326.715  1.16934e-08  1.72334e-11
      13.0000      326.988  1.15218e-08  1.90529e-11
      13.0000      327.259  1.15178e-08  1.84693e-11
      13.0000      327.533  1.15232e-08  1.57356e-11
      13.0000      327.805  1.15763e-08  1.41514e-11
      13.0000      328.079  1.13203e-08  1.34915e-11
      13.0000      328.352  1.11555e-08          NaN
      13.0000      328.626  1.11597e-08          NaN
      13.0000      328.900  1.12259e-08  1.27447e-11
      13.0000      329.175  1.14032e-08  1.52455e-11
      13.0000      329.449  1.11273e-08  1.70411e-11
      13.0000      329.724  1.10719e-08  1.67501e-11
      13.0000      329.998  1.11614e-08  1.56646e-11
      13.0000      330.274  1.11977e-08  1.55743e-11
      13.0000      330.549  1.10032e-08  1.51718e-11
      13.0000      330.825  1.10066e-08          NaN
      13.0000      331.101  1.11035e-08          NaN
      13.0000      331.376  1.12977e-08          NaN
      13.0000      331.653  1.12713e-08          NaN
      13.0000      331.929  1.09655e-08  1.29695e-11
      13.0000      332.206  1.10127e-08  1.31665e-11
      13.0000      332.483  1.11683e-08  1.42326e-11
      13.0000      332.760  1.11555e-08  1.64025e-11
      13.0000      333.037  1.10220e-08  1.73279e-11
      13.0000      333.316  1.11026e-08  1.64531e-11
      13.0000      333.592  1.11035e-08  1.49489e-11
      13.0000      333.871  1.11561e-08  1.46643e-11
      13.0000      334.150  1.10081e-08  1.44060e-11
      13.0000      334.428  1.07869e-08  1.25581e-11
      13.0000      334.707  1.10127e-08  1.12980e-11
      13.0000      334.986  1.10802e-08  1.12912e-11
      13.0000      335.264  1.09044e-08  1.19770e-11
      13.0000      335.545  1.07043e-08  1.21662e-11
      13.0000      335.824  1.07551e-08  1.22048e-11
      13.0000      336.104  1.08478e-08  1.32063e-11
      13.0000      336.384  1.06350e-08  1.48087e-11
      13.0000      336.665  1.05008e-08  1.54540e-11
      13.0000      336.945  1.14412e-08          NaN
      13.0000      337.226  1.11090e-08          NaN
      13.0000      337.507  1.06735e-08  1.57645e-11
      13.0000      337.789  1.06168e-08  1.55803e-11
      13.0000      338.071  1.07966e-08  1.45801e-11
      13.0000      338.352  1.09032e-08  1.39743e-11
      13.0000      338.634  1.09625e-08  1.50109e-11
      13.0000      338.916  1.07381e-08  1.58995e-11
      13.0000      339.199  1.06578e-08  1.56953e-11
      13.0000      339.482  1.09119e-08  1.56859e-11
      13.0000      339.765  1.11368e-08  1.68174e-11
      13.0000      340.048  1.05136e-08  1.76116e-11
      13.0000      340.332  1.07872e-08  1.69796e-11
      13.0000      340.616  1.08073e-08  1.53669e-11
      13.0000      340.899  1.07565e-08  1.53686e-11
      13.0000      341.184  1.05505e-08  1.55004e-11
      13.0000      341.468  1.03874e-08          NaN
      13.0000      341.753  1.03970e-08          NaN
      13.0000      342.038  1.06612e-08  1.37456e-11
      13.0000      342.323  1.09520e-08  1.55287e-11
      13.0000      342.608  1.08074e-08  1.63135e-11
      13.0000      342.894  1.05517e-08  1.53627e-11
      4.00000      343.180  1.06306e-08  1.57977e-11
      4.00000      343.466  1.06010e-08  1.72793e-11
      4.00000      343.752  1.02971e-08  1.70855e-11
      4.00000      344.039  1.04361e-08          NaN
      4.00000      344.325  1.06760e-08          NaN
      4.00000      344.612  1.09166e-08  1.75829e-11
      14.0000      344.900  1.02413e-08  1.96985e-11
      14.0000      345.187  1.03856e-08  1.81408e-11
      14.0000      345.476  1.04953e-08  1.64680e-11
      14.0000      345.764  1.05043e-08  1.67105e-11
      14.0000      346.052  1.01149e-08  1.63287e-11
      14.0000      346.340  1.01265e-08  1.57690e-11
      14.0000      346.629  1.02243e-08  1.69861e-11
      14.0000      346.917  1.01639e-08  1.92045e-11
      14.0000      347.207  9.87193e-09  1.89627e-11
      14.0000      347.496  9.92654e-09  1.56187e-11
      14.0000      347.786  1.01988e-08  1.37273e-11
      14.0000      348.077  1.00954e-08  1.38920e-11
      14.0000      348.367  9.89239e-09  1.46161e-11
      14.0000      348.657  1.00269e-08  1.51472e-11
      14.0000      348.948  1.02439e-08  1.58566e-11
      14.0000      349.239  1.01182e-08  1.70808e-11
      14.0000      349.529  1.00159e-08  1.74309e-11
      14.0000      349.820  1.01910e-08  1.60411e-11
      14.0000      350.112  1.03297e-08  1.48633e-11
      14.0000      350.404  1.05005e-08  1.59698e-11
      14.0000      350.696  1.06310e-08  1.71272e-11
      14.0000      350.989  1.09367e-08  1.68773e-11
      14.0000      351.281  1.14497e-08          NaN
      14.0000      351.574  1.12361e-08          NaN
      14.0000      351.867  1.02551e-08          NaN
      14.0000      352.161  9.72499e-09          NaN
      14.0000      352.454  9.43703e-09  1.21516e-11
      14.0000      352.749  9.48382e-09  1.24320e-11
      14.0000      353.043  9.38276e-09          NaN
      14.0000      353.337  9.15932e-09          NaN
      14.0000      353.632  9.31965e-09  1.34719e-11
      14.0000      353.926  9.40219e-09          NaN
      14.0000      354.221  1.03048e-08          NaN
      14.0000      354.517  1.08648e-08  1.47715e-11
      14.0000      354.812  9.39412e-09  1.16701e-11
      14.0000      355.107  9.70926e-09  1.16964e-11
      14.0000      355.404  9.26994e-09  1.15619e-11
      14.0000      355.700  9.15500e-09          NaN
      14.0000      355.996  9.46830e-09          NaN
      14.0000      356.294  9.64682e-09  1.23130e-11
      14.0000      356.590  9.53612e-09  1.37276e-11
      14.0000      356.888  9.40001e-09  1.37083e-11
      14.0000      357.185  9.55741e-09  1.32414e-11
      14.0000      357.482  9.51774e-09  1.35140e-11
      14.0000      357.780  9.18612e-09  1.37305e-11
      14.0000      358.079  9.04713e-09          NaN
      14.0000      358.378  8.71076e-09          NaN
      14.0000      358.676  8.76075e-09  1.06973e-11
      14.0000      358.976  8.57590e-09  1.08055e-11
      14.0000      359.275  9.23955e-09  1.13565e-11
      14.0000      359.575  9.08011e-09  1.04773e-11
      14.0000      359.874  8.76619e-09          NaN
      14.0000      360.175  8.63468e-09          NaN
      14.0000      360.475  8.68681e-09          NaN
      14.0000      360.775  9.12082e-09          NaN
      14.0000      361.076  9.20454e-09  1.15254e-11
      14.0000      361.377  9.03421e-09  1.22625e-11
      14.0000      361.678  9.09780e-09          NaN
      14.0000      361.979  9.23227e-09          NaN
      14.0000      362.282  9.29992e-09  1.35686e-11
      14.0000      362.583  8.99646e-09  1.45340e-11
      14.0000      362.886  8.99291e-09  1.41194e-11
      14.0000      363.189  9.19450e-09  1.36699e-11
      14.0000      363.491  9.30289e-09          NaN
      14.0000      363.794  8.85843e-09          NaN
      14.0000      364.097  8.97385e-09  1.32714e-11
      14.0000      364.401  9.12844e-09  1.27075e-11
      14.0000      364.704  8.66178e-09  1.25217e-11
      14.0000      365.009  8.72554e-09  1.28814e-11
      14.0000      365.313  9.16898e-09          NaN
      14.0000      365.617  8.53200e-09          NaN
      14.0000      365.922  8.63482e-09          NaN
      14.0000      366.228  8.64089e-09          NaN
      14.0000      366.533  8.94905e-09  1.26545e-11
      14.0000      366.838  8.81266e-09  1.20575e-11
      4.00000      367.144  8.46936e-09  1.23859e-11
      4.00000      367.450  8.27870e-09  1.25181e-11
      4.00000      367.757  8.34757e-09  1.18151e-11
      4.00000      368.062  8.42159e-09          NaN
      4.00000      368.370  8.36494e-09          NaN
      4.00000      368.677  8.23533e-09  1.28728e-11
      4.00000      368.985  8.36235e-09  1.23539e-11
      4.00000      369.293  8.32357e-09  1.23907e-11
      4.00000      369.600  8.21741e-09  1.35023e-11
      4.00000      369.909  8.05577e-09  1.34536e-11
      4.00000      370.217  8.18275e-09  1.27967e-11
      4.00000      370.525  8.17369e-09          NaN
      15.0000      370.835  8.01215e-09  1.39060e-11
      15.0000      371.143  7.91783e-09  1.35069e-11
      15.0000      371.453  8.04381e-09  1.38784e-11
      15.0000      371.762  8.05275e-09  1.54424e-11
      15.0000      372.072  7.83631e-09          NaN
      15.0000      372.383  7.76023e-09          NaN
      15.0000      372.692  7.76201e-09  1.11759e-11
      15.0000      373.003  7.67071e-09  1.14126e-11
      15.0000      373.314  7.57762e-09          NaN
      15.0000      373.626  7.52964e-09          NaN
      15.0000      373.937  7.80715e-09  1.30186e-11
      15.0000      374.249  7.68487e-09  1.37607e-11
      15.0000      374.561  7.47758e-09  1.25817e-11
      15.0000      374.873  7.54163e-09  1.07670e-11
      15.0000      375.185  7.58878e-09  1.01568e-11
      15.0000      375.498  7.37654e-09  1.05358e-11
      15.0000      375.811  7.29437e-09  1.04763e-11
      15.0000      376.125  7.51421e-09  1.06889e-11
      15.0000      376.438  7.49116e-09  1.18213e-11
      15.0000      376.753  7.24662e-09  1.25514e-11
      15.0000      377.067  7.17356e-09  1.12561e-11
      15.0000      377.381  7.38776e-09          NaN
      15.0000      377.695  7.33117e-09          NaN
      15.0000      378.010  7.15377e-09  9.90016e-12
      15.0000      378.325  7.21053e-09  9.26996e-12
      15.0000      378.640  7.30286e-09  9.33535e-12
      15.0000      378.956  7.15844e-09  1.02526e-11
      15.0000      379.272  6.99687e-09          NaN
      15.0000      379.589  7.10420e-09          NaN
      15.0000      379.905  7.13966e-09  1.07182e-11
      15.0000      380.222  6.94359e-09  1.09930e-11
      15.0000      380.539  6.78369e-09  1.01787e-11
      15.0000      380.855  6.75039e-09          NaN
      15.0000      381.173  6.72661e-09          NaN
      15.0000      381.492  6.47581e-09  8.71366e-12
      15.0000      381.809  6.60078e-09  8.30332e-12
      15.0000      382.127  6.87337e-09  8.20206e-12
      15.0000      382.446  6.84554e-09  8.90508e-12
      15.0000      382.765  6.62404e-09  9.20014e-12
      15.0000      383.085  6.81881e-09  9.29444e-12
      15.0000      383.403  6.76031e-09  9.67754e-12
      15.0000      383.723  6.62880e-09  1.11050e-11
      15.0000      384.044  6.48816e-09  1.12562e-11
      15.0000      384.363  6.67518e-09  1.02904e-11
      15.0000      384.683  7.05269e-09  1.06986e-11
      15.0000      385.005  6.49948e-09  1.00856e-11
      15.0000      385.325  6.43292e-09  9.12320e-12
      15.0000      385.646  6.58037e-09  8.14717e-12
      15.0000      385.968  6.54475e-09  8.12924e-12
      15.0000      386.290  6.30848e-09  8.17992e-12
      15.0000      386.612  6.30062e-09  7.77501e-12
      15.0000      386.934  6.39235e-09  7.81363e-12
      15.0000      387.256  6.31945e-09  8.50538e-12
      15.0000      387.580  6.20487e-09  8.64510e-12
      15.0000      387.902  6.21131e-09  8.21260e-12
      15.0000      388.226  6.21229e-09  8.41065e-12
      15.0000      388.550  6.03413e-09  8.75762e-12
      15.0000      388.874  6.06679e-09  8.38913e-12
      15.0000      389.197  6.21629e-09  8.18604e-12
      15.0000      389.522  6.12630e-09  8.84135e-12
      15.0000      389.847  5.94430e-09  9.39584e-12
      15.0000      390.172  5.97568e-09  9.32365e-12
      15.0000      390.497  6.09504e-09  9.80467e-12
      15.0000      390.823  5.94725e-09  1.09102e-11
      4.00000      391.149  5.72976e-09  1.09265e-11
      4.00000      391.475  5.84834e-09  1.03851e-11
      4.00000      391.802  5.99441e-09  1.06077e-11
      4.00000      392.128  5.76745e-09  1.09201e-11
      4.00000      392.455  5.64341e-09  1.03989e-11
      4.00000      392.782  5.82069e-09  1.00471e-11
      4.00000      393.110  5.65527e-09  1.08508e-11
      4.00000      393.437  5.45494e-09  1.15706e-11
      4.00000      393.766  5.45966e-09  1.10864e-11
      4.00000      394.093  5.59774e-09  1.15821e-11
      4.00000      394.421  5.51517e-09  1.30291e-11
      4.00000      394.751  5.33896e-09  1.22927e-11
      4.00000      395.080  5.47495e-09  1.14041e-11
      4.00000      395.409  5.52730e-09  1.15179e-11
      4.00000      395.739  5.42674e-09  1.17752e-11
      4.00000      396.069  5.33869e-09  1.09304e-11
      4.00000      396.399  5.46489e-09  1.09502e-11
      16.0000      396.729  5.25560e-09          NaN
      16.0000      397.060  5.01986e-09          NaN
      16.0000      397.392  5.12801e-09          NaN
      16.0000      397.722  5.14876e-09          NaN
      16.0000      398.054  4.97167e-09  9.62496e-12
      16.0000      398.386  4.94086e-09  8.85412e-12
      16.0000      398.718  5.24386e-09  9.06309e-12
      16.0000      399.050  5.07484e-09  9.63703e-12
      16.0000      399.383  4.89608e-09  1.03532e-11
      16.0000      399.717  4.92631e-09  9.45385e-12
      16.0000      400.050  5.02873e-09  8.89931e-12
      16.0000      400.383  4.86576e-09  9.02960e-12
      16.0000      400.716  4.76656e-09  8.53708e-12
      16.0000      401.051  4.83653e-09  8.07168e-12
      16.0000      401.386  4.79027e-09  8.46298e-12
      16.0000      401.719  4.65950e-09  8.73562e-12
      16.0000      402.055  4.71323e-09  8.54415e-12
      16.0000      402.390  4.88346e-09  8.88768e-12
      16.0000      402.726  4.69591e-09          NaN
      16.0000      403.062  4.66266e-09          NaN
      16.0000      403.397  4.68605e-09          NaN
      16.0000      403.734  4.66806e-09  7.73547e-12
      16.0000      404.070  4.50243e-09          NaN
      16.0000      404.406  4.48220e-09          NaN
      16.0000      404.744  4.56316e-09  7.34206e-12
      16.0000      405.081  4.45891e-09  7.82420e-12
      16.0000      405.420  4.39711e-09  7.71128e-12
      16.0000      405.757  4.51019e-09  7.81022e-12
      16.0000      406.095  4.49548e-09  8.61098e-12
      16.0000      406.435  4.36054e-09  8.93258e-12
      16.0000      406.774  4.36992e-09          NaN
      16.0000      407.111  4.44605e-09          NaN
      16.0000      407.451  4.34602e-09  7.87901e-12
      16.0000      407.790  4.29753e-09  7.45345e-12
      16.0000      408.132  4.35434e-09  6.62670e-12
      16.0000      408.472  4.30915e-09  6.57861e-12
      16.0000      408.812  4.20008e-09  6.57497e-12
      16.0000      409.152  4.25636e-09  6.32606e-12
      16.0000      409.494  4.25740e-09  6.74718e-12
      16.0000      409.834  4.10403e-09          NaN
      16.0000      410.177  4.08214e-09          NaN
      16.0000      410.519  4.28930e-09  8.28705e-12
      16.0000      410.862  3.96434e-09  8.70115e-12
      16.0000      411.203  3.87042e-09  9.12297e-12
      16.0000      411.546  3.98625e-09  8.32474e-12
      16.0000      411.889  4.09519e-09  8.03464e-12
      16.0000      412.233  3.93550e-09  8.09485e-12
      16.0000      412.577  3.85826e-09  7.65539e-12
      16.0000      412.919  3.95777e-09  7.15613e-12
      16.0000      413.264  3.90345e-09  7.54999e-12
      16.0000      413.609  3.76676e-09  7.99444e-12
      16.0000      413.954  3.82261e-09  7.35619e-12
      16.0000      414.298  3.88653e-09          NaN
      16.0000      414.644  3.77239e-09          NaN
      16.0000      414.989  3.76148e-09  6.75151e-12
      4.00000      415.336  3.75540e-09  6.28227e-12
      4.00000      415.683  3.68308e-09  6.50232e-12
      4.00000      416.029  3.52160e-09  6.69777e-12
      4.00000      416.375  3.59594e-09  6.59035e-12
      4.00000      416.722  3.64285e-09  6.92860e-12
      4.00000      417.070  3.48967e-09  7.26846e-12
      4.00000      417.418  3.47712e-09  7.05991e-12
      4.00000      417.767  3.56471e-09  6.91107e-12
      4.00000      418.114  3.48408e-09  6.99364e-12
      4.00000      418.463  3.40956e-09  6.80016e-12
      4.00000      418.811  3.52563e-09  6.62080e-12
      4.00000      419.161  3.50123e-09          NaN
      4.00000      419.511  3.37159e-09          NaN
      4.00000      419.859  3.41305e-09          NaN
      4.00000      420.210  3.42749e-09          NaN
      4.00000      420.560  3.32397e-09          NaN
      4.00000      420.911  3.23056e-09          NaN
      4.00000      421.262  3.35227e-09  7.50119e-12
      4.00000      421.614  3.32945e-09  7.67435e-12
      4.00000      421.964  3.23964e-09  7.60219e-12
      4.00000      422.317  3.27569e-09  7.37299e-12
      17.0000      422.669  3.19166e-09          NaN
      17.0000      423.021  3.10227e-09          NaN
      17.0000      423.374  3.20202e-09          NaN
      17.0000      423.727  3.21978e-09  9.98802e-12
      17.0000      424.079  3.11879e-09  1.03159e-11
      17.0000      424.434  3.04966e-09  8.64117e-12
      17.0000      424.787  3.14125e-09          NaN
      17.0000      425.141  3.04503e-09          NaN
      17.0000      425.496  2.88864e-09          NaN
      17.0000      425.851  2.98794e-09          NaN
      17.0000      426.205  3.00660e-09  7.60817e-12
      17.0000      426.561  2.95196e-09  8.65166e-12
      17.0000      426.916  2.92955e-09  8.56815e-12
      17.0000      427.272  2.98040e-09  8.16841e-12
      17.0000      427.628  2.89619e-09  7.75276e-12
      17.0000      427.985  2.88431e-09  6.87043e-12
      17.0000      428.343  2.94400e-09  6.07797e-12
      17.0000      428.699  2.87358e-09          NaN
      17.0000      429.056  2.78549e-09          NaN
      17.0000      429.415  2.86668e-09  6.08252e-12
      17.0000      429.771  2.86688e-09  6.69048e-12
      17.0000      430.130  2.74918e-09  7.24664e-12
      17.0000      430.489  2.79179e-09  7.21919e-12
      17.0000      430.847  2.86978e-09          NaN
      17.0000      431.207  2.77812e-09          NaN
      17.0000      431.566  2.68997e-09          NaN
      17.0000      431.926  2.75657e-09          NaN
      17.0000      432.287  2.66458e-09          NaN
      17.0000      432.646  2.68927e-09  5.87128e-12
      17.0000      433.007  2.76182e-09  5.59825e-12
      17.0000      433.368  2.70159e-09  5.59006e-12
      17.0000      433.730  2.61958e-09  5.59979e-12
      17.0000      434.092  2.64468e-09  5.32780e-12
      17.0000      434.452  2.64532e-09  5.48952e-12
      17.0000      434.815  2.54869e-09  5.78475e-12
      17.0000      435.178  2.55821e-09  5.77962e-12
      17.0000      435.540  2.58845e-09  6.11356e-12
      17.0000      435.905  2.51678e-09  6.94470e-12
      17.0000      436.268  2.49233e-09          NaN
      17.0000      436.630  2.56540e-09          NaN
      17.0000      436.994  2.48886e-09  6.96870e-12
      17.0000      437.359  2.40851e-09  6.55700e-12
      17.0000      437.723  2.48610e-09  5.97952e-12
      17.0000      438.089  2.44350e-09          NaN
      17.0000      438.454  2.39230e-09          NaN
      17.0000      438.820  2.45563e-09  5.70065e-12
      17.0000      439.186  2.37548e-09  5.46977e-12
      4.00000      439.551  2.29565e-09  5.65717e-12
      4.00000      439.918  2.26109e-09  5.50971e-12
      4.00000      440.284  2.27175e-09  5.16531e-12
      4.00000      440.651  2.24536e-09  5.34913e-12
      4.00000      441.018  2.18339e-09  5.09254e-12
      4.00000      441.386  2.27675e-09  5.08622e-12
      4.00000      441.755  2.21599e-09  5.35113e-12
      4.00000      442.124  2.19198e-09  5.59416e-12
      4.00000      442.492  2.23513e-09  5.51820e-12
      4.00000      442.860  2.15551e-09  5.45142e-12
      4.00000      443.229  2.08508e-09  5.40798e-12
      4.00000      443.599  2.13155e-09  5.19366e-12
      4.00000      443.969  2.12666e-09  5.30647e-12
      4.00000      444.340  2.08903e-09  5.44582e-12
      4.00000      444.709  2.12271e-09  5.39320e-12
      4.00000      445.079  2.13085e-09  5.60296e-12
      4.00000      445.452  2.04279e-09  5.83069e-12
      4.00000      445.824  2.05002e-09  5.77778e-12
      4.00000      446.194  2.09667e-09  5.75501e-12
      4.00000      446.566  2.03991e-09  5.79540e-12
      4.00000      446.939  2.02410e-09  5.65179e-12
      4.00000      447.311  2.02856e-09  5.61059e-12
      4.00000      447.684  2.00229e-09  5.89291e-12
      4.00000      448.057  1.95711e-09  6.07818e-12
      4.00000      448.431  1.98333e-09  6.18228e-12
      18.0000      448.805  1.91240e-09  7.95014e-12
      18.0000      449.180  1.87718e-09  6.92077e-12
      18.0000      449.553  1.92305e-09  5.91535e-12
      18.0000      449.928  1.92378e-09  5.62841e-12
      18.0000      450.302  2.08927e-09  5.97433e-12
      18.0000      450.678  2.03927e-09  5.67281e-12
      18.0000      451.054  1.85372e-09  6.07646e-12
      18.0000      451.431  1.80482e-09  6.74697e-12
      18.0000      451.806  1.84084e-09  6.86799e-12
      18.0000      452.184  1.82043e-09  6.76197e-12
      18.0000      452.560  1.74139e-09  6.14077e-12
      18.0000      452.938  1.79365e-09  5.20795e-12
      18.0000      453.315  1.79852e-09  4.85135e-12
      18.0000      453.694  1.71904e-09  4.80527e-12
      18.0000      454.071  1.75561e-09  4.78547e-12
      18.0000      454.450  1.79660e-09  5.25835e-12
      18.0000      454.829  1.72467e-09  5.70754e-12
      18.0000      455.208  1.70490e-09  5.71974e-12
      18.0000      455.587  1.74800e-09  5.97055e-12
      18.0000      455.967  1.65384e-09          NaN
      18.0000      456.348  1.66205e-09  5.65069e-12
      18.0000      456.727  1.72258e-09  5.07176e-12
      18.0000      457.109  1.66410e-09  5.16484e-12
      18.0000      457.490  1.61389e-09          NaN
      18.0000      457.871  1.67213e-09          NaN
      18.0000      458.253  1.62905e-09  5.00314e-12
      18.0000      458.636  1.59526e-09  4.85439e-12
      18.0000      459.017  1.62867e-09  4.45569e-12
      18.0000      459.400  1.59780e-09  4.48875e-12
      18.0000      459.783  1.57217e-09  4.40953e-12
      18.0000      460.166  1.62392e-09  4.44204e-12
      18.0000      460.549  1.58981e-09  5.04714e-12
      18.0000      460.934  1.52209e-09  5.49971e-12
      18.0000      461.318  1.56776e-09  5.64611e-12
      18.0000      461.702  1.54743e-09  6.12703e-12
      18.0000      462.088  1.47137e-09  6.36775e-12
      18.0000      462.473  1.54278e-09          NaN
      18.0000      462.858  1.53499e-09          NaN
      18.0000      463.244  1.46970e-09  5.30012e-12
      4.00000      463.631  1.40621e-09  4.97509e-12
      4.00000      464.018  1.38031e-09  5.13803e-12
      4.00000      464.403  1.39047e-09  5.46544e-12
      4.00000      464.792  1.37495e-09  5.29603e-12
      4.00000      465.179  1.37675e-09          NaN
      4.00000      465.567  1.34469e-09          NaN
      4.00000      465.955  1.41085e-09          NaN
      4.00000      466.342  1.42285e-09          NaN
      4.00000      466.731  1.38481e-09  4.46559e-12
      4.00000      467.122  1.38210e-09  4.53579e-12
      4.00000      467.510  1.38891e-09  4.79482e-12
      4.00000      467.900  1.33712e-09  5.18072e-12
      4.00000      468.290  1.33877e-09  5.14293e-12
      4.00000      468.680  1.35000e-09  4.98745e-12
      4.00000      469.072  1.30090e-09  4.89567e-12
      4.00000      469.462  1.33270e-09  4.62632e-12
      4.00000      469.854  1.35025e-09  4.62838e-12
      4.00000      470.245  1.30631e-09  4.99431e-12
      4.00000      470.637  1.29764e-09  5.32715e-12
      4.00000      471.029  1.29229e-09  5.72944e-12
      4.00000      471.422  1.22412e-09  6.07931e-12
      4.00000      471.816  1.25865e-09  5.97772e-12
      4.00000      472.208  1.29425e-09  5.80222e-12
      4.00000      472.603  1.27024e-09  5.72693e-12
      4.00000      472.997  1.28678e-09          NaN
      4.00000      473.391  1.28425e-09          NaN
      4.00000      473.785  1.21949e-09  6.51316e-12
      4.00000      474.181  1.21072e-09  7.09697e-12
      4.00000      474.577  1.20604e-09  7.35590e-12
      19.0000      474.971  1.14219e-09  9.08618e-12
      19.0000      475.367  1.16661e-09  7.22144e-12
      19.0000      475.765  1.20710e-09  6.11334e-12
      19.0000      476.161  1.15973e-09  5.88459e-12
      19.0000      476.558  1.16747e-09  5.72097e-12
      19.0000      476.954  1.17410e-09  6.05923e-12
      19.0000      477.352  1.12805e-09  6.70361e-12
      19.0000      477.751  1.12828e-09  6.94239e-12
      19.0000      478.149  1.15093e-09  7.00051e-12
      19.0000      478.547  1.11648e-09  7.20252e-12
      19.0000      478.946  1.14122e-09  6.39540e-12
      19.0000      479.345  1.14698e-09  5.60778e-12
      19.0000      479.745  1.11206e-09          NaN
      19.0000      480.146  1.10785e-09  5.25573e-12
      19.0000      480.545  1.09630e-09  5.24446e-12
      19.0000      480.945  1.05844e-09  5.29885e-12
      19.0000      481.348  1.06650e-09  4.97266e-12
      19.0000      481.749  1.07585e-09          NaN
      19.0000      482.151  1.05439e-09          NaN
      19.0000      482.551  1.08311e-09          NaN
      19.0000      482.954  1.09376e-09          NaN
      19.0000      483.356  1.04684e-09  5.84626e-12
      19.0000      483.760  1.04769e-09  6.15995e-12
      19.0000      484.163  1.05279e-09  6.30939e-12
      19.0000      484.567  1.02499e-09  5.84384e-12
      19.0000      484.971  1.02951e-09  5.11329e-12
      19.0000      485.376  9.96860e-10  4.59050e-12
      19.0000      485.779  1.01311e-09  4.34214e-12
      19.0000      486.185  1.03915e-09          NaN
      19.0000      486.590  9.93239e-10          NaN
      19.0000      486.995  9.82495e-10  4.54076e-12
      19.0000      487.401  9.85276e-10  4.57281e-12
      19.0000      487.807  9.23700e-10          NaN
      19.0000      488.215  9.38058e-10          NaN
      4.00000      488.622  8.38496e-10          NaN
      4.00000      489.029  8.92810e-10  4.26022e-12
      4.00000      489.436  8.77477e-10  4.32290e-12
      4.00000      489.845  8.69855e-10  4.73893e-12
      4.00000      490.254  8.77314e-10  5.14088e-12
      4.00000      490.663  9.17810e-10  5.20064e-12
      4.00000      491.070  8.98702e-10          NaN
      4.00000      491.480  8.82859e-10          NaN
      4.00000      491.889  9.12512e-10  5.07165e-12
      4.00000      492.300  8.73548e-10  5.19217e-12
      4.00000      492.710  8.34403e-10  5.49751e-12
      4.00000      493.121  8.97605e-10  5.82799e-12
      4.00000      493.532  8.42657e-10  6.31659e-12
      4.00000      493.944  8.36017e-10  6.48400e-12
      4.00000      494.354  8.50689e-10  6.34512e-12
      4.00000      494.768  8.37365e-10  6.48993e-12
      4.00000      495.179  8.47185e-10  6.18132e-12
      4.00000      495.592  8.64234e-10  6.16658e-12
      4.00000      496.005  8.30186e-10  6.62927e-12
      4.00000      496.418  8.42343e-10  6.98648e-12
      4.00000      496.833  8.65558e-10          NaN
      4.00000      497.248  8.37723e-10          NaN
      4.00000      497.661  8.29048e-10  7.26762e-12
      4.00000      498.077  8.60534e-10  7.11614e-12
      4.00000      498.492  8.26967e-10  7.35702e-12
      4.00000      498.907  8.29109e-10  6.88651e-12
      4.00000      499.323  8.32817e-10  7.25370e-12
      4.00000      499.740  7.96776e-10  7.77971e-12
      4.00000      500.158  8.13628e-10  7.69552e-12
      4.00000      500.573  8.08075e-10  7.80008e-12
      4.00000      500.992  7.86662e-10  7.66360e-12
      20.0000      501.409  8.10001e-10  5.87755e-12
      20.0000      501.827  7.95999e-10  5.40487e-12
      20.0000      502.245  7.80747e-10  5.40808e-12
      20.0000      502.664  7.80386e-10  5.47986e-12
      20.0000      503.081  7.70299e-10  5.26178e-12
      20.0000      503.502  7.55854e-10  5.27681e-12
      20.0000      503.921  7.66776e-10  5.38125e-12
      20.0000      504.342  7.64829e-10  5.56901e-12
      20.0000      504.762  7.60486e-10  5.56363e-12
      20.0000      505.183  7.86934e-10  5.52646e-12
      20.0000      505.605  7.97892e-10  5.48357e-12
      20.0000      506.027  7.55696e-10  5.00484e-12
      20.0000      506.447  7.57729e-10  4.79403e-12
      20.0000      506.871  7.43548e-10  4.49196e-12
      20.0000      507.292  7.32516e-10          NaN
      20.0000      507.715  7.37515e-10          NaN
      20.0000      508.138  7.64557e-10  3.92283e-12
      20.0000      508.562  7.29691e-10  4.11648e-12
      20.0000      508.986  7.08722e-10  4.33904e-12
      20.0000      509.411  7.05485e-10  4.58550e-12
      20.0000      509.835  6.97117e-10  4.76573e-12
      20.0000      510.261  7.04862e-10  4.75248e-12
      20.0000      510.686  6.99150e-10          NaN
      20.0000      511.112  6.77206e-10          NaN
      20.0000      511.538  6.84242e-10          NaN
      20.0000      511.965  6.83541e-10  4.82420e-12
      20.0000      512.392  6.83206e-10  4.82680e-12
      20.0000      512.818  6.81442e-10  4.64785e-12
      20.0000      513.244  6.79932e-10  4.43174e-12
      20.0000      513.674  6.76278e-10  4.13043e-12
      20.0000      514.102  6.73472e-10  4.08863e-12
      20.0000      514.530  6.74145e-10          NaN
      20.0000      514.960  6.74758e-10          NaN
      20.0000      515.390  6.37196e-10          NaN
      20.0000      515.818  6.32608e-10          NaN
      20.0000      516.249  6.44841e-10  5.59127e-12
      20.0000      516.678  6.43863e-10  5.84011e-12
      20.0000      517.109  6.66964e-10  5.87632e-12
      20.0000      517.539  6.30759e-10  6.65639e-12
      20.0000      517.971  6.28011e-10  7.63380e-12
      20.0000      518.403  6.57750e-10  9.03729e-12
      20.0000      518.836  6.15581e-10  1.14644e-11
      20.0000      519.267  5.84219e-10          NaN
      20.0000      519.702  5.90614e-10          NaN
      20.0000      520.134  5.59333e-10  1.45067e-11
      20.0000      520.568  5.87555e-10          NaN
      20.0000      521.002  5.80263e-10          NaN
      20.0000      521.436  5.16769e-10          NaN
      20.0000      521.872  4.92923e-10          NaN
      20.0000      522.308  4.06949e-10          NaN
      20.0000      522.742  3.95631e-10  2.91467e-11
      20.0000      523.177  5.25461e-10  2.69318e-11
      20.0000      523.615  5.12069e-10  2.89543e-11
      20.0000      524.051  4.11999e-10  3.09824e-11
      20.0000      524.488  4.12307e-10  3.13941e-11
      20.0000      524.923  3.48298e-10          NaN
      20.0000      525.362  3.25763e-10          NaN
      20.0000      525.801  3.44743e-10  5.14933e-11
      20.0000      526.238  1.87070e-10  5.41415e-11
      20.0000      526.676  1.46781e-10  4.93047e-11
