      11.0000      271.534  2.77746e-08  1.01380e-10
      11.0000      271.761  2.81027e-08  1.21380e-10
      11.0000      271.987  2.97072e-08  1.00150e-10
      11.0000      272.214  3.11101e-08  1.00692e-10
      11.0000      272.441  3.07321e-08  1.04008e-10
      11.0000      272.668  3.29824e-08          NaN
      11.0000      272.895  3.21342e-08          NaN
      11.0000      273.123  3.31291e-08  2.26445e-10
      11.0000      273.350  3.07539e-08  1.93921e-10
      11.0000      273.578  2.97352e-08  9.82618e-11
      11.0000      273.806  2.77902e-08  1.42890e-10
      11.0000      274.035  2.46949e-08  8.47543e-11
      11.0000      274.263  2.42293e-08  7.67115e-11
      11.0000      274.492  2.51147e-08  7.18139e-11
      11.0000      274.721  2.71332e-08  7.19140e-11
      11.0000      274.950  2.61218e-08          NaN
      11.0000      275.179  2.53685e-08          NaN
      11.0000      275.409  2.58704e-08  7.37846e-11
      11.0000      275.638  2.53895e-08  7.31457e-11
      11.0000      275.867  2.61558e-08  7.55782e-11
      11.0000      276.097  2.63920e-08  7.95137e-11
      11.0000      276.328  2.48326e-08  6.83025e-11
      11.0000      276.558  2.42095e-08  6.66958e-11
      11.0000      276.789  2.32932e-08  5.60975e-11
      11.0000      277.020  2.43677e-08  6.41771e-11
      11.0000      277.250  2.35240e-08  5.90588e-11
      11.0000      277.482  2.41135e-08  6.06324e-11
      11.0000      277.713  2.34167e-08  5.89675e-11
      11.0000      277.945  1.95547e-08  4.87747e-11
      11.0000      278.177  1.96843e-08  5.03707e-11
      11.0000      278.408  2.02734e-08          NaN
      11.0000      278.640  2.31054e-08          NaN
      11.0000      278.872  2.42308e-08          NaN
      11.0000      279.105  2.35849e-08  6.52842e-11
      11.0000      279.337  2.34260e-08  6.58478e-11
      11.0000      279.571  2.29705e-08  5.93611e-11
      11.0000      279.804  2.19905e-08  5.65582e-11
      11.0000      280.037  2.19744e-08  5.05858e-11
      11.0000      280.271  2.17772e-08  4.69113e-11
      11.0000      280.504  2.09658e-08  4.43830e-11
      11.0000      280.738  2.17687e-08  4.76010e-11
      11.0000      280.971  2.18068e-08  4.68173e-11
      11.0000      281.206  2.20362e-08  4.70872e-11
      11.0000      281.440  2.26787e-08  4.83097e-11
      11.0000      281.675  2.25450e-08  4.75158e-11
      11.0000      281.910  2.12987e-08  4.63352e-11
      11.0000      282.145  2.16441e-08  4.73140e-11
      11.0000      282.381  2.11706e-08  4.60618e-11
      11.0000      282.616  2.04525e-08  4.37116e-11
      11.0000      282.851  2.03082e-08  4.36894e-11
      11.0000      283.087  1.98299e-08  4.27954e-11
      11.0000      283.323  1.94409e-08          NaN
      11.0000      283.559  1.95193e-08          NaN
      11.0000      283.796  2.03004e-08  4.25416e-11
      11.0000      284.032  2.00097e-08  4.12308e-11
      11.0000      284.269  2.00532e-08  4.19425e-11
      11.0000      284.506  1.98923e-08  4.23745e-11
      11.0000      284.743  1.91635e-08  4.05638e-11
      11.0000      284.981  1.93672e-08  3.86745e-11
      11.0000      285.218  1.96985e-08  4.03949e-11
      11.0000      285.456  1.95481e-08  4.07896e-11
      11.0000      285.694  1.91343e-08  4.12413e-11
      11.0000      285.932  1.85320e-08  3.85124e-11
      11.0000      286.171  1.83584e-08  3.73425e-11
      11.0000      286.409  1.81484e-08  3.72943e-11
      11.0000      286.648  1.76559e-08  3.72900e-11
      11.0000      286.887  1.83266e-08  3.93670e-11
      11.0000      287.126  1.88156e-08  3.91422e-11
      11.0000      287.365  1.85323e-08  3.76628e-11
      11.0000      287.605  1.84251e-08  3.78474e-11
      11.0000      287.844  1.82917e-08  3.96839e-11
      11.0000      288.085  1.82235e-08  4.00998e-11
      11.0000      288.325  1.83685e-08          NaN
      11.0000      288.565  1.82086e-08          NaN
      11.0000      288.806  1.82208e-08  4.23201e-11
      11.0000      289.047  1.78085e-08  4.36750e-11
      11.0000      289.287  1.83555e-08  4.57760e-11
      11.0000      289.529  1.80952e-08  4.40736e-11
      11.0000      289.770  1.88637e-08  4.63866e-11
      11.0000      290.011  1.73164e-08  4.35304e-11
      11.0000      290.254  1.69446e-08  4.27869e-11
      11.0000      290.495  1.71903e-08  4.36080e-11
      11.0000      290.737  1.70886e-08  4.15018e-11
      11.0000      290.980  1.68558e-08  3.98026e-11
      11.0000      291.223  1.69902e-08  4.04519e-11
      11.0000      291.465  1.68864e-08  4.15648e-11
      11.0000      291.708  1.64956e-08  4.10233e-11
      11.0000      291.951  1.64885e-08  4.21260e-11
      11.0000      292.195  1.59866e-08  4.14823e-11
      11.0000      292.439  1.58270e-08  4.33791e-11
      11.0000      292.683  1.56315e-08  4.40108e-11
      11.0000      292.926  1.56535e-08  4.37324e-11
      11.0000      293.171  1.55056e-08  4.44246e-11
      12.0000      295.377  1.65199e-08  4.13212e-11
      12.0000      295.624  1.65192e-08  4.15830e-11
      12.0000      295.870  1.60700e-08  4.26391e-11
      12.0000      296.117  1.50073e-08  4.09784e-11
      12.0000      296.364  1.51657e-08  3.95778e-11
      12.0000      296.611  1.52867e-08  3.71287e-11
      12.0000      296.858  1.57585e-08  3.75343e-11
      12.0000      297.105  1.56151e-08  3.82191e-11
      12.0000      297.354  1.61226e-08  4.00233e-11
      12.0000      297.601  1.54084e-08  3.67983e-11
      12.0000      297.850  1.55102e-08  3.24347e-11
      12.0000      298.097  1.53996e-08  2.99109e-11
      12.0000      298.346  1.54509e-08  3.10700e-11
      12.0000      298.595  1.59825e-08  3.46448e-11
      12.0000      298.844  1.54993e-08  3.38624e-11
      12.0000      299.093  1.53857e-08  3.18086e-11
      12.0000      299.342  1.51894e-08  2.98921e-11
      12.0000      299.592  1.48453e-08  2.85830e-11
      12.0000      299.842  1.47294e-08          NaN
      12.0000      300.091  1.65087e-08          NaN
      12.0000      300.342  1.59029e-08  3.18177e-11
      12.0000      300.592  1.54764e-08  3.10979e-11
      12.0000      300.843  1.47318e-08  2.89145e-11
      12.0000      301.093  1.44777e-08  3.30662e-11
      12.0000      301.345  1.45288e-08  1.44799e-10
      12.0000      301.595  1.45917e-08  2.43657e-11
      12.0000      301.848  1.42856e-08  2.42406e-11
      12.0000      302.099  1.41144e-08  2.64058e-11
      12.0000      302.350  1.40613e-08  2.70972e-11
      12.0000      302.603  1.41009e-08  2.63173e-11
      12.0000      302.855  1.47426e-08  2.57423e-11
      12.0000      303.107  1.51897e-08  2.65941e-11
      12.0000      303.360  1.44344e-08  2.52260e-11
      12.0000      303.614  1.39626e-08  2.38138e-11
      12.0000      303.866  1.40460e-08  2.36711e-11
      12.0000      304.120  1.38630e-08  2.35821e-11
      12.0000      304.373  1.40182e-08  2.51706e-11
      12.0000      304.627  1.37529e-08  2.47466e-11
      12.0000      304.881  1.41023e-08  2.42521e-11
      12.0000      305.135  1.39015e-08  2.20938e-11
      12.0000      305.389  1.33616e-08  2.06984e-11
      12.0000      305.644  1.33254e-08  2.09138e-11
      12.0000      305.899  1.33910e-08  2.13025e-11
      12.0000      306.154  1.33380e-08          NaN
      12.0000      306.409  1.31817e-08          NaN
      12.0000      306.665  1.30572e-08  2.28723e-11
      12.0000      306.921  1.30325e-08  2.45737e-11
      12.0000      307.176  1.29542e-08  2.38275e-11
      12.0000      307.432  1.38763e-08  2.38644e-11
      12.0000      307.689  1.33585e-08  2.20180e-11
      12.0000      307.945  1.33038e-08  2.19161e-11
      12.0000      308.202  1.31632e-08  2.09682e-11
      12.0000      308.458  1.29971e-08  1.92560e-11
      12.0000      308.715  1.28597e-08          NaN
      12.0000      308.973  1.25792e-08          NaN
      12.0000      309.231  1.23933e-08  1.88963e-11
      12.0000      309.488  1.25799e-08  1.95805e-11
      12.0000      309.746  1.26933e-08  1.97190e-11
      12.0000      310.004  1.25730e-08  2.02130e-11
      12.0000      310.263  1.24285e-08  2.13727e-11
      12.0000      310.522  1.25890e-08  2.22223e-11
      12.0000      310.781  1.24828e-08  2.09630e-11
      12.0000      311.040  1.26656e-08  2.00526e-11
      12.0000      311.300  1.27209e-08  2.04144e-11
      12.0000      311.559  1.24539e-08  2.05126e-11
      12.0000      311.819  1.24083e-08          NaN
      12.0000      312.079  1.24143e-08          NaN
      12.0000      312.339  1.23429e-08  1.88841e-11
      12.0000      312.599  1.21169e-08  1.95362e-11
      12.0000      312.860  1.20481e-08  2.02982e-11
      12.0000      313.120  1.21368e-08  1.97110e-11
      12.0000      313.381  1.21358e-08  1.86855e-11
      12.0000      313.643  1.20645e-08          NaN
      12.0000      313.905  1.19713e-08          NaN
      12.0000      314.166  1.21260e-08          NaN
      12.0000      314.428  1.22765e-08          NaN
      12.0000      314.690  1.23673e-08  2.10535e-11
      12.0000      314.953  1.22594e-08  2.06182e-11
      12.0000      315.215  1.25860e-08  2.02724e-11
      12.0000      315.477  1.27086e-08  1.89493e-11
      12.0000      315.740  1.20685e-08  1.70444e-11
      12.0000      316.004  1.19361e-08  1.76555e-11
      12.0000      316.268  1.17393e-08  1.92714e-11
      12.0000      316.531  1.18012e-08  1.98532e-11
      12.0000      316.795  1.20454e-08  1.93691e-11
      12.0000      317.059  1.21792e-08  1.90286e-11
      12.0000      317.323  1.19998e-08  1.95708e-11
      12.0000      317.587  1.15528e-08  1.92198e-11
      12.0000      317.853  1.14025e-08  1.78523e-11
      12.0000      318.118  1.10029e-08  1.89546e-11
      12.0000      318.383  1.10422e-08  2.23666e-11
      12.0000      318.648  1.16285e-08  2.14789e-11
      12.0000      318.914  1.16669e-08  2.00196e-11
      13.0000      319.180  1.17443e-08          NaN
      13.0000      319.446  1.19184e-08          NaN
      13.0000      319.713  1.15834e-08  2.71664e-11
      13.0000      319.978  1.15761e-08  3.00733e-11
      13.0000      320.246  1.18826e-08  2.79037e-11
      13.0000      320.513  1.18900e-08  2.30889e-11
      13.0000      320.780  1.16165e-08  2.11863e-11
      13.0000      321.047  1.15730e-08  2.25310e-11
      13.0000      321.315  1.16608e-08          NaN
      13.0000      321.583  1.16672e-08          NaN
      13.0000      321.851  1.14739e-08          NaN
      13.0000      322.119  1.12829e-08  1.68770e-11
      13.0000      322.387  1.14417e-08          NaN
      13.0000      322.657  1.15103e-08          NaN
      13.0000      322.925  1.14890e-08  1.82093e-11
      13.0000      323.195  1.13751e-08  1.97233e-11
      13.0000      323.464  1.15032e-08  2.06722e-11
      13.0000      323.734  1.17617e-08  1.90068e-11
      13.0000      324.003  1.16474e-08  1.61086e-11
      13.0000      324.273  1.14925e-08  1.54265e-11
      13.0000      324.544  1.13959e-08  1.64747e-11
      13.0000      324.815  1.15714e-08  1.72248e-11
      13.0000      325.085  1.15192e-08  1.58754e-11
      13.0000      325.357  1.12392e-08  1.46380e-11
      13.0000      325.628  1.10890e-08  1.47102e-11
      13.0000      325.900  1.10957e-08  1.49297e-11
      13.0000      326.171  1.12737e-08  1.46932e-11
      13.0000      326.443  1.12703e-08  1.47940e-11
      13.0000      326.715  1.10903e-08  1.64210e-11
      13.0000      326.988  1.11444e-08  1.84712e-11
      13.0000      327.259  1.15097e-08  1.83919e-11
      13.0000      327.533  1.14842e-08  1.58913e-11
      13.0000      327.805  1.11983e-08  1.41557e-11
      13.0000      328.079  1.09664e-08  1.34175e-11
      13.0000      328.352  1.10495e-08          NaN
      13.0000      328.626  1.10181e-08          NaN
      13.0000      328.900  1.07343e-08  1.22377e-11
      13.0000      329.175  1.06743e-08  1.44577e-11
      13.0000      329.449  1.07207e-08  1.64642e-11
      13.0000      329.724  1.08893e-08  1.64859e-11
      13.0000      329.998  1.08142e-08  1.55339e-11
      13.0000      330.274  1.06325e-08  1.54322e-11
      13.0000      330.549  1.06351e-08  1.51035e-11
      13.0000      330.825  1.09367e-08          NaN
      13.0000      331.101  1.09866e-08          NaN
      13.0000      331.376  1.07939e-08          NaN
      13.0000      331.653  1.07280e-08          NaN
      13.0000      331.929  1.06456e-08  1.25009e-11
      13.0000      332.206  1.07039e-08  1.26462e-11
      13.0000      332.483  1.05488e-08  1.35327e-11
      13.0000      332.760  1.04178e-08  1.56768e-11
      13.0000      333.037  1.06438e-08  1.70307e-11
      13.0000      333.316  1.09727e-08  1.64163e-11
      13.0000      333.592  1.07486e-08  1.49940e-11
      13.0000      333.871  1.05663e-08  1.45135e-11
      13.0000      334.150  1.07289e-08  1.44501e-11
      13.0000      334.428  1.08056e-08  1.27092e-11
      13.0000      334.707  1.07866e-08  1.12565e-11
      13.0000      334.986  1.05381e-08  1.10208e-11
      13.0000      335.264  1.04147e-08  1.16759e-11
      13.0000      335.545  1.04405e-08  1.19301e-11
      13.0000      335.824  1.04448e-08  1.18730e-11
      13.0000      336.104  1.02209e-08  1.25812e-11
      13.0000      336.384  1.00020e-08  1.40121e-11
      13.0000      336.665  1.02339e-08  1.47799e-11
      13.0000      336.945  1.14425e-08          NaN
      13.0000      337.226  1.07066e-08          NaN
      13.0000      337.507  1.01140e-08  1.49302e-11
      13.0000      337.789  1.03310e-08  1.49790e-11
      13.0000      338.071  1.06257e-08  1.41692e-11
      13.0000      338.352  1.03603e-08  1.34971e-11
      13.0000      338.634  1.01855e-08  1.44720e-11
      13.0000      338.916  1.01920e-08  1.55645e-11
      13.0000      339.199  1.03255e-08  1.55813e-11
      13.0000      339.482  1.03629e-08  1.55160e-11
      13.0000      339.765  1.04961e-08  1.65844e-11
      13.0000      340.048  1.00065e-08  1.74782e-11
      13.0000      340.332  1.08073e-08  1.74049e-11
      13.0000      340.616  1.04905e-08  1.54344e-11
      13.0000      340.899  1.02579e-08  1.53016e-11
      13.0000      341.184  1.02412e-08  1.55493e-11
      13.0000      341.468  1.02458e-08          NaN
      13.0000      341.753  1.01519e-08          NaN
      13.0000      342.038  1.00661e-08  1.36804e-11
      13.0000      342.323  1.01569e-08  1.51759e-11
      13.0000      342.608  1.02423e-08  1.59780e-11
      13.0000      342.894  1.01856e-08  1.54065e-11
      4.00000      343.180  1.00588e-08  1.56617e-11
      4.00000      343.466  1.00978e-08  1.71782e-11
      4.00000      343.752  1.01158e-08  1.71653e-11
      4.00000      344.039  1.02616e-08          NaN
      4.00000      344.325  1.01469e-08          NaN
      4.00000      344.612  1.02124e-08  1.71440e-11
      14.0000      344.900  1.01849e-08  1.92765e-11
      14.0000      345.187  1.04258e-08  1.79752e-11
      14.0000      345.476  9.98102e-09  1.62942e-11
      14.0000      345.764  9.86726e-09  1.64023e-11
      14.0000      346.052  9.83238e-09  1.61243e-11
      14.0000      346.340  9.98824e-09  1.55440e-11
      14.0000      346.629  9.74776e-09  1.63400e-11
      14.0000      346.917  9.66216e-09  1.86252e-11
      14.0000      347.207  9.82742e-09  1.88815e-11
      14.0000      347.496  1.00392e-08  1.59110e-11
      14.0000      347.786  9.96542e-09  1.36707e-11
      14.0000      348.077  9.66359e-09  1.35912e-11
      14.0000      348.367  9.72753e-09  1.43728e-11
      14.0000      348.657  9.89220e-09  1.47479e-11
      14.0000      348.948  9.79160e-09  1.53911e-11
      14.0000      349.239  9.51672e-09  1.67472e-11
      14.0000      349.529  9.70341e-09  1.73903e-11
      14.0000      349.820  1.01474e-08  1.62264e-11
      14.0000      350.112  1.00809e-08  1.48187e-11
      14.0000      350.404  1.01478e-08  1.56818e-11
      14.0000      350.696  1.06203e-08  1.69291e-11
      14.0000      350.989  1.12100e-08  1.68050e-11
      14.0000      351.281  1.13860e-08          NaN
      14.0000      351.574  1.06849e-08          NaN
      14.0000      351.867  9.85063e-09          NaN
      14.0000      352.161  9.69764e-09          NaN
      14.0000      352.454  9.27552e-09  1.21900e-11
      14.0000      352.749  9.00782e-09  1.21163e-11
      14.0000      353.043  9.03700e-09          NaN
      14.0000      353.337  9.17608e-09          NaN
      14.0000      353.632  9.22418e-09  1.31300e-11
      14.0000      353.926  8.94887e-09          NaN
      14.0000      354.221  1.04663e-08          NaN
      14.0000      354.517  1.04602e-08  1.47442e-11
      14.0000      354.812  9.20160e-09  1.17271e-11
      14.0000      355.107  9.35091e-09  1.16858e-11
      14.0000      355.404  8.81229e-09  1.13006e-11
      14.0000      355.700  8.88651e-09          NaN
      14.0000      355.996  9.12943e-09          NaN
      14.0000      356.294  9.06704e-09  1.17250e-11
      14.0000      356.590  9.16459e-09  1.32087e-11
      14.0000      356.888  9.36045e-09  1.33503e-11
      14.0000      357.185  9.40740e-09  1.29002e-11
      14.0000      357.482  8.99091e-09  1.31764e-11
      14.0000      357.780  8.84505e-09  1.35511e-11
      14.0000      358.079  8.88699e-09          NaN
      14.0000      358.378  8.45026e-09          NaN
      14.0000      358.676  8.27684e-09  1.05524e-11
      14.0000      358.976  8.20341e-09  1.06953e-11
      14.0000      359.275  9.12138e-09  1.13729e-11
      14.0000      359.575  8.84839e-09  1.04581e-11
      14.0000      359.874  8.48226e-09          NaN
      14.0000      360.175  8.47300e-09          NaN
      14.0000      360.475  8.63574e-09          NaN
      14.0000      360.775  8.89712e-09          NaN
      14.0000      361.076  8.74378e-09  1.10760e-11
      14.0000      361.377  8.80624e-09  1.19516e-11
      14.0000      361.678  9.06475e-09          NaN
      14.0000      361.979  8.94534e-09          NaN
      14.0000      362.282  8.75148e-09  1.29708e-11
      14.0000      362.583  8.73115e-09  1.42205e-11
      14.0000      362.886  9.00505e-09  1.40734e-11
      14.0000      363.189  8.88338e-09  1.34943e-11
      14.0000      363.491  8.84618e-09          NaN
      14.0000      363.794  8.65094e-09          NaN
      14.0000      364.097  8.94608e-09  1.34756e-11
      14.0000      364.401  8.75882e-09  1.26967e-11
      14.0000      364.704  8.14407e-09  1.23974e-11
      14.0000      365.009  8.40777e-09  1.28474e-11
      14.0000      365.313  8.95790e-09          NaN
      14.0000      365.617  8.06100e-09          NaN
      14.0000      365.922  8.03854e-09          NaN
      14.0000      366.228  8.35476e-09          NaN
      14.0000      366.533  8.71117e-09  1.25851e-11
      14.0000      366.838  8.35033e-09  1.19049e-11
      4.00000      367.144  8.04658e-09  1.21305e-11
      4.00000      367.450  8.12788e-09  1.24519e-11
      4.00000      367.757  8.22488e-09  1.17678e-11
      4.00000      368.062  8.01842e-09          NaN
      4.00000      368.370  7.98022e-09          NaN
      4.00000      368.677  8.11358e-09  1.28767e-11
      4.00000      368.985  8.18837e-09  1.23829e-11
      4.00000      369.293  7.82568e-09  1.20516e-11
      4.00000      369.600  7.84183e-09  1.33243e-11
      4.00000      369.909  8.00649e-09  1.35255e-11
      4.00000      370.217  8.00012e-09  1.28316e-11
      4.00000      370.525  7.72267e-09          NaN
      15.0000      370.835  7.73140e-09  1.36560e-11
      15.0000      371.143  7.85657e-09  1.33189e-11
      15.0000      371.453  7.84895e-09  1.35544e-11
      15.0000      371.762  7.61623e-09  1.51385e-11
      15.0000      372.072  7.64325e-09          NaN
      15.0000      372.383  7.74712e-09          NaN
      15.0000      372.692  7.48225e-09  1.10335e-11
      15.0000      373.003  7.25239e-09  1.10743e-11
      15.0000      373.314  7.42282e-09          NaN
      15.0000      373.626  7.44263e-09          NaN
      15.0000      373.937  7.40112e-09  1.25597e-11
      15.0000      374.249  7.23035e-09  1.34367e-11
      15.0000      374.561  7.34672e-09  1.25450e-11
      15.0000      374.873  7.40612e-09  1.07371e-11
      15.0000      375.185  7.22090e-09  9.93673e-12
      15.0000      375.498  7.08119e-09  1.02453e-11
      15.0000      375.811  7.22006e-09  1.02570e-11
      15.0000      376.125  7.26997e-09  1.02870e-11
      15.0000      376.438  7.01361e-09  1.13009e-11
      15.0000      376.753  6.90977e-09  1.22427e-11
      15.0000      377.067  7.06549e-09  1.12473e-11
      15.0000      377.381  7.03682e-09          NaN
      15.0000      377.695  6.83327e-09          NaN
      15.0000      378.010  6.91209e-09  9.68523e-12
      15.0000      378.325  7.10220e-09  9.09571e-12
      15.0000      378.640  6.95001e-09  8.96501e-12
      15.0000      378.956  6.80066e-09  9.90229e-12
      15.0000      379.272  6.88518e-09          NaN
      15.0000      379.589  6.95545e-09          NaN
      15.0000      379.905  6.63757e-09  1.03718e-11
      15.0000      380.222  6.52842e-09  1.07252e-11
      15.0000      380.539  6.65315e-09  1.01182e-11
      15.0000      380.855  6.49885e-09          NaN
      15.0000      381.173  6.31660e-09          NaN
      15.0000      381.492  6.29307e-09  8.59240e-12
      15.0000      381.809  6.54041e-09  8.22420e-12
      15.0000      382.127  6.60705e-09  7.97496e-12
      15.0000      382.446  6.43312e-09  8.56320e-12
      15.0000      382.765  6.46029e-09  8.98634e-12
      15.0000      383.085  6.66425e-09  9.03913e-12
      15.0000      383.403  6.37329e-09  9.31103e-12
      15.0000      383.723  6.21085e-09  1.07179e-11
      15.0000      384.044  6.38605e-09  1.11719e-11
      15.0000      384.363  6.53821e-09  1.03091e-11
      15.0000      384.683  6.49854e-09  1.03387e-11
      15.0000      385.005  6.27563e-09  1.00305e-11
      15.0000      385.325  6.46636e-09  9.24128e-12
      15.0000      385.646  6.43498e-09  8.16495e-12
      15.0000      385.968  6.17991e-09  7.98669e-12
      15.0000      386.290  6.11483e-09  8.10890e-12
      15.0000      386.612  6.19096e-09  7.75279e-12
      15.0000      386.934  6.06467e-09  7.64721e-12
      15.0000      387.256  5.95249e-09  8.28235e-12
      15.0000      387.580  6.11723e-09  8.58664e-12
      15.0000      387.902  6.15407e-09  8.17127e-12
      15.0000      388.226  5.94475e-09  8.20214e-12
      15.0000      388.550  5.87628e-09  8.61809e-12
      15.0000      388.874  6.10783e-09  8.36557e-12
      15.0000      389.197  6.06042e-09  8.00609e-12
      15.0000      389.522  5.75032e-09  8.50611e-12
      15.0000      389.847  5.75040e-09  9.17943e-12
      15.0000      390.172  5.88268e-09  9.14901e-12
      15.0000      390.497  5.73412e-09  9.43827e-12
      15.0000      390.823  5.57055e-09  1.04914e-11
      4.00000      391.149  5.68443e-09  1.08473e-11
      4.00000      391.475  5.79564e-09  1.01745e-11
      4.00000      391.802  5.66292e-09  1.02008e-11
      4.00000      392.128  5.54469e-09  1.06122e-11
      4.00000      392.455  5.65703e-09  1.02008e-11
      4.00000      392.782  5.56824e-09  9.65392e-12
      4.00000      393.110  5.24591e-09  1.02576e-11
      4.00000      393.437  5.24932e-09  1.11796e-11
      4.00000      393.766  5.30744e-09  1.07347e-11
      4.00000      394.093  5.24127e-09  1.09806e-11
      4.00000      394.421  5.21610e-09  1.25192e-11
      4.00000      394.751  5.31167e-09  1.19742e-11
      4.00000      395.080  5.39985e-09  1.10010e-11
      4.00000      395.409  5.21690e-09  1.08776e-11
      4.00000      395.739  5.24286e-09  1.12347e-11
      4.00000      396.069  5.25993e-09  1.05655e-11
      4.00000      396.399  5.12245e-09  1.04537e-11
      16.0000      396.729  4.88547e-09          NaN
      16.0000      397.060  4.93727e-09          NaN
      16.0000      397.392  5.05108e-09          NaN
      16.0000      397.722  4.93788e-09          NaN
      16.0000      398.054  4.85850e-09  9.54626e-12
      16.0000      398.386  5.04050e-09  8.88222e-12
      16.0000      398.718  5.05830e-09  8.62879e-12
      16.0000      399.050  4.79653e-09  9.35325e-12
      16.0000      399.383  4.81748e-09  1.02802e-11
      16.0000      399.717  4.87217e-09  9.50395e-12
      16.0000      400.050  4.71133e-09  8.75732e-12
      16.0000      400.383  4.57751e-09  8.82986e-12
      16.0000      400.716  4.73974e-09  8.54243e-12
      16.0000      401.051  4.75087e-09  8.01029e-12
      16.0000      401.386  4.59911e-09  8.29308e-12
      16.0000      401.719  4.64112e-09  8.68497e-12
      16.0000      402.055  4.73894e-09  8.49152e-12
      16.0000      402.390  4.64568e-09  8.70113e-12
      16.0000      402.726  4.43712e-09          NaN
      16.0000      403.062  4.60084e-09          NaN
      16.0000      403.397  4.49419e-09          NaN
      16.0000      403.734  4.38260e-09  7.59223e-12
      16.0000      404.070  4.41251e-09          NaN
      16.0000      404.406  4.51083e-09          NaN
      16.0000      404.744  4.40207e-09  7.18554e-12
      16.0000      405.081  4.31567e-09  7.62804e-12
      16.0000      405.420  4.40706e-09  7.66128e-12
      16.0000      405.757  4.36776e-09  7.63471e-12
      16.0000      406.095  4.15007e-09  8.32831e-12
      16.0000      406.435  4.19535e-09  8.84911e-12
      16.0000      406.774  4.30135e-09          NaN
      16.0000      407.111  4.21524e-09          NaN
      16.0000      407.451  4.14869e-09  7.74285e-12
      16.0000      407.790  4.31246e-09  7.50565e-12
      16.0000      408.132  4.25938e-09  6.58577e-12
      16.0000      408.472  4.08347e-09  6.42319e-12
      16.0000      408.812  4.08778e-09  6.47096e-12
      16.0000      409.152  4.13768e-09  6.22721e-12
      16.0000      409.494  3.95170e-09  6.48260e-12
      16.0000      409.834  3.83810e-09          NaN
      16.0000      410.177  4.00488e-09          NaN
      16.0000      410.519  4.12938e-09  8.07140e-12
      16.0000      410.862  3.70787e-09  8.38201e-12
      16.0000      411.203  3.80537e-09  8.98167e-12
      16.0000      411.546  3.98184e-09  8.28568e-12
      16.0000      411.889  3.83860e-09  7.84975e-12
      16.0000      412.233  3.70974e-09  7.91562e-12
      16.0000      412.577  3.77344e-09  7.60301e-12
      16.0000      412.919  3.73393e-09  7.03588e-12
      16.0000      413.264  3.56764e-09  7.41510e-12
      16.0000      413.609  3.63135e-09  7.84111e-12
      16.0000      413.954  3.72660e-09  7.28087e-12
      16.0000      414.298  3.65579e-09          NaN
      16.0000      414.644  3.60374e-09          NaN
      16.0000      414.989  3.69414e-09  6.67485e-12
      4.00000      415.336  3.61212e-09  6.08022e-12
      4.00000      415.683  3.45893e-09  6.26486e-12
      4.00000      416.029  3.43318e-09  6.51698e-12
      4.00000      416.375  3.46745e-09  6.39048e-12
      4.00000      416.722  3.37871e-09  6.62786e-12
      4.00000      417.070  3.33388e-09  7.08483e-12
      4.00000      417.418  3.44312e-09  6.94622e-12
      4.00000      417.767  3.41041e-09  6.68125e-12
      4.00000      418.114  3.32535e-09  6.78494e-12
      4.00000      418.463  3.35431e-09  6.66866e-12
      4.00000      418.811  3.39360e-09  6.40840e-12
      4.00000      419.161  3.24586e-09          NaN
      4.00000      419.511  3.23821e-09          NaN
      4.00000      419.859  3.31596e-09          NaN
      4.00000      420.210  3.23102e-09          NaN
      4.00000      420.560  3.18922e-09          NaN
      4.00000      420.911  3.19825e-09          NaN
      4.00000      421.262  3.21900e-09  7.29889e-12
      4.00000      421.614  3.13258e-09  7.47536e-12
      4.00000      421.964  3.15694e-09  7.48828e-12
      4.00000      422.317  3.13521e-09  7.21921e-12
      17.0000      422.669  2.95733e-09          NaN
      17.0000      423.021  2.95743e-09          NaN
      17.0000      423.374  3.11966e-09          NaN
      17.0000      423.727  3.00779e-09  9.61227e-12
      17.0000      424.079  2.97989e-09  1.01136e-11
      17.0000      424.434  3.01777e-09  8.59349e-12
      17.0000      424.787  3.00461e-09          NaN
      17.0000      425.141  2.85016e-09          NaN
      17.0000      425.496  2.79632e-09          NaN
      17.0000      425.851  2.85125e-09          NaN
      17.0000      426.205  2.76146e-09  7.32434e-12
      17.0000      426.561  2.81089e-09  8.45096e-12
      17.0000      426.916  2.89403e-09  8.49046e-12
      17.0000      427.272  2.79219e-09  7.96148e-12
      17.0000      427.628  2.73567e-09  7.56128e-12
      17.0000      427.985  2.83887e-09  6.80802e-12
      17.0000      428.343  2.78881e-09  5.90411e-12
      17.0000      428.699  2.64799e-09          NaN
      17.0000      429.056  2.68202e-09          NaN
      17.0000      429.415  2.73807e-09  5.91951e-12
      17.0000      429.771  2.64910e-09  6.43411e-12
      17.0000      430.130  2.63174e-09  7.07634e-12
      17.0000      430.489  2.74171e-09  7.09226e-12
      17.0000      430.847  2.67260e-09          NaN
      17.0000      431.207  2.59924e-09          NaN
      17.0000      431.566  2.65528e-09          NaN
      17.0000      431.926  2.62872e-09          NaN
      17.0000      432.287  2.50299e-09          NaN
      17.0000      432.646  2.58961e-09  5.75261e-12
      17.0000      433.007  2.62733e-09  5.45726e-12
      17.0000      433.368  2.51125e-09  5.41287e-12
      17.0000      433.730  2.50908e-09  5.47284e-12
      17.0000      434.092  2.55207e-09  5.20416e-12
      17.0000      434.452  2.46426e-09  5.28706e-12
      17.0000      434.815  2.42342e-09  5.63460e-12
      17.0000      435.178  2.47611e-09  5.65108e-12
      17.0000      435.540  2.39318e-09  5.86145e-12
      17.0000      435.905  2.35128e-09  6.55267e-12
      17.0000      436.268  2.42088e-09          NaN
      17.0000      436.630  2.41228e-09          NaN
      17.0000      436.994  2.30367e-09  6.72214e-12
      17.0000      437.359  2.33478e-09  6.44012e-12
      17.0000      437.723  2.36244e-09  5.83453e-12
      17.0000      438.089  2.24829e-09          NaN
      17.0000      438.454  2.28498e-09          NaN
      17.0000      438.820  2.34764e-09  5.56636e-12
      17.0000      439.186  2.21161e-09  5.30631e-12
      4.00000      439.551  2.17080e-09  5.47059e-12
      4.00000      439.918  2.17841e-09  5.30133e-12
      4.00000      440.284  2.13729e-09  4.98929e-12
      4.00000      440.651  2.10170e-09  5.16223e-12
      4.00000      441.018  2.13093e-09  4.97600e-12
      4.00000      441.386  2.12725e-09  4.91566e-12
      4.00000      441.755  2.06035e-09  5.17588e-12
      4.00000      442.124  2.15140e-09  5.51449e-12
      4.00000      442.492  2.15943e-09  5.42016e-12
      4.00000      442.860  2.02844e-09  5.33718e-12
      4.00000      443.229  2.05235e-09  5.34414e-12
      4.00000      443.599  2.06927e-09  5.07506e-12
      4.00000      443.969  2.00346e-09  5.14540e-12
      4.00000      444.340  2.00009e-09  5.30648e-12
      4.00000      444.709  2.04653e-09  5.25308e-12
      4.00000      445.079  2.00058e-09  5.44236e-12
      4.00000      445.452  1.97063e-09  5.71939e-12
      4.00000      445.824  2.03002e-09  5.69428e-12
      4.00000      446.194  2.00795e-09  5.61096e-12
      4.00000      446.566  1.96201e-09  5.66363e-12
      4.00000      446.939  1.99317e-09  5.56094e-12
      4.00000      447.311  1.93535e-09  5.47279e-12
      4.00000      447.684  1.88487e-09  5.74340e-12
      4.00000      448.057  1.89559e-09  5.95698e-12
      4.00000      448.431  1.89033e-09  6.03313e-12
      18.0000      448.805  1.83490e-09  7.85275e-12
      18.0000      449.180  1.89403e-09  6.94606e-12
      18.0000      449.553  1.89724e-09  5.91316e-12
      18.0000      449.928  1.85045e-09  5.56494e-12
      18.0000      450.302  2.06799e-09  5.96156e-12
      18.0000      450.678  1.97207e-09  5.60393e-12
      18.0000      451.054  1.73905e-09  5.96066e-12
      18.0000      451.431  1.77012e-09  6.73917e-12
      18.0000      451.806  1.81750e-09  6.84639e-12
      18.0000      452.184  1.74314e-09  6.66801e-12
      18.0000      452.560  1.72667e-09  6.11191e-12
      18.0000      452.938  1.77729e-09  5.20902e-12
      18.0000      453.315  1.69539e-09  4.75728e-12
      18.0000      453.694  1.66186e-09  4.74940e-12
      18.0000      454.071  1.70786e-09  4.69714e-12
      18.0000      454.450  1.66501e-09  5.07995e-12
      18.0000      454.829  1.65519e-09  5.65192e-12
      18.0000      455.208  1.70174e-09  5.71074e-12
      18.0000      455.587  1.66030e-09  5.85527e-12
      18.0000      455.967  1.59697e-09          NaN
      18.0000      456.348  1.66590e-09  5.65061e-12
      18.0000      456.727  1.61579e-09  4.96506e-12
      18.0000      457.109  1.53908e-09  5.00175e-12
      18.0000      457.490  1.57254e-09          NaN
      18.0000      457.871  1.59232e-09          NaN
      18.0000      458.253  1.54906e-09  4.91008e-12
      18.0000      458.636  1.59742e-09  4.84835e-12
      18.0000      459.017  1.58231e-09  4.39380e-12
      18.0000      459.400  1.52090e-09  4.39879e-12
      18.0000      459.783  1.54247e-09  4.36659e-12
      18.0000      460.166  1.53639e-09  4.32846e-12
      18.0000      460.549  1.45298e-09  4.88317e-12
      18.0000      460.934  1.47434e-09  5.43078e-12
      18.0000      461.318  1.50835e-09  5.60050e-12
      18.0000      461.702  1.44062e-09  5.97092e-12
      18.0000      462.088  1.45850e-09  6.31357e-12
      18.0000      462.473  1.52068e-09          NaN
      18.0000      462.858  1.41312e-09          NaN
      18.0000      463.244  1.42116e-09  5.21718e-12
      4.00000      463.631  1.36106e-09  4.87154e-12
      4.00000      464.018  1.27912e-09  4.96485e-12
      4.00000      464.403  1.33472e-09  5.34540e-12
      4.00000      464.792  1.35051e-09  5.23591e-12
      4.00000      465.179  1.31247e-09          NaN
      4.00000      465.567  1.34458e-09          NaN
      4.00000      465.955  1.39344e-09          NaN
      4.00000      466.342  1.33509e-09          NaN
      4.00000      466.731  1.31791e-09  4.33740e-12
      4.00000      467.122  1.34292e-09  4.42708e-12
      4.00000      467.510  1.30254e-09  4.65606e-12
      4.00000      467.900  1.29681e-09  5.08326e-12
      4.00000      468.290  1.32460e-09  5.07240e-12
      4.00000      468.680  1.28602e-09  4.88403e-12
      4.00000      469.072  1.27425e-09  4.82558e-12
      4.00000      469.462  1.30578e-09  4.55776e-12
      4.00000      469.854  1.25352e-09  4.49408e-12
      4.00000      470.245  1.22457e-09  4.87083e-12
      4.00000      470.637  1.24269e-09  5.22650e-12
      4.00000      471.029  1.20487e-09  5.63353e-12
      4.00000      471.422  1.18559e-09  6.01775e-12
      4.00000      471.816  1.24225e-09  5.91921e-12
      4.00000      472.208  1.24178e-09  5.73850e-12
      4.00000      472.603  1.23882e-09  5.70754e-12
      4.00000      472.997  1.25740e-09          NaN
      4.00000      473.391  1.19549e-09          NaN
      4.00000      473.785  1.14318e-09  6.38152e-12
      4.00000      474.181  1.17381e-09  7.01900e-12
      4.00000      474.577  1.13577e-09  7.23521e-12
      19.0000      474.971  1.10863e-09  8.98112e-12
      19.0000      475.367  1.17331e-09  7.19999e-12
      19.0000      475.765  1.15354e-09  6.01988e-12
      19.0000      476.161  1.11027e-09  5.79561e-12
      19.0000      476.558  1.12833e-09  5.65695e-12
      19.0000      476.954  1.10085e-09  5.96015e-12
      19.0000      477.352  1.07866e-09  6.64629e-12
      19.0000      477.751  1.12581e-09  6.85753e-12
      19.0000      478.149  1.11628e-09  6.94232e-12
      19.0000      478.547  1.09318e-09  7.16416e-12
      19.0000      478.946  1.14127e-09  6.37289e-12
      19.0000      479.345  1.09862e-09  5.53392e-12
      19.0000      479.745  1.06573e-09          NaN
      19.0000      480.146  1.07558e-09  5.21507e-12
      19.0000      480.545  1.04706e-09  5.19211e-12
      19.0000      480.945  1.03735e-09  5.27797e-12
      19.0000      481.348  1.06900e-09  4.97765e-12
      19.0000      481.749  1.05232e-09          NaN
      19.0000      482.151  1.04875e-09          NaN
      19.0000      482.551  1.06462e-09          NaN
      19.0000      482.954  1.03139e-09          NaN
      19.0000      483.356  1.01164e-09  5.80863e-12
      19.0000      483.760  1.01219e-09  6.10944e-12
      19.0000      484.163  1.01964e-09  6.32802e-12
      19.0000      484.567  1.00885e-09  5.80526e-12
      19.0000      484.971  1.01855e-09  5.08931e-12
      19.0000      485.376  9.67531e-10  4.53315e-12
      19.0000      485.779  9.91380e-10  4.29924e-12
      19.0000      486.185  9.91029e-10          NaN
      19.0000      486.590  9.47289e-10          NaN
      19.0000      486.995  9.56511e-10  4.50216e-12
      19.0000      487.401  9.52650e-10  4.52732e-12
      19.0000      487.807  8.75643e-10          NaN
      19.0000      488.215  9.06299e-10          NaN
      4.00000      488.622  8.30868e-10          NaN
      4.00000      489.029  8.44462e-10  4.21373e-12
      4.00000      489.436  8.61544e-10  4.27187e-12
      4.00000      489.845  8.43590e-10  4.65981e-12
      4.00000      490.254  8.29557e-10  5.10241e-12
      4.00000      490.663  8.84317e-10  5.16648e-12
      4.00000      491.070  8.50326e-10          NaN
      4.00000      491.480  8.64257e-10          NaN
      4.00000      491.889  8.94654e-10  5.03921e-12
      4.00000      492.300  8.23120e-10  5.10611e-12
      4.00000      492.710  8.17273e-10  5.42836e-12
      4.00000      493.121  8.61386e-10  5.75987e-12
      4.00000      493.532  7.92671e-10  6.23223e-12
      4.00000      493.944  8.08329e-10  6.43658e-12
      4.00000      494.354  8.22737e-10  6.28733e-12
      4.00000      494.768  8.07916e-10  6.44252e-12
      4.00000      495.179  8.39749e-10  6.13438e-12
      4.00000      495.592  8.24382e-10  6.06394e-12
      4.00000      496.005  7.93737e-10  6.55180e-12
      4.00000      496.418  8.28373e-10  6.92056e-12
      4.00000      496.833  8.17334e-10          NaN
      4.00000      497.248  7.99258e-10          NaN
      4.00000      497.661  8.32063e-10  7.25029e-12
      4.00000      498.077  8.21299e-10  6.99578e-12
      4.00000      498.492  8.01021e-10  7.26807e-12
      4.00000      498.907  8.07221e-10  6.82197e-12
      4.00000      499.323  7.79942e-10  7.12177e-12
      4.00000      499.740  7.75970e-10  7.72222e-12
      4.00000      500.158  7.90460e-10  7.61453e-12
      4.00000      500.573  7.73751e-10  7.70136e-12
      4.00000      500.992  7.82772e-10  7.65275e-12
      20.0000      501.409  7.98811e-10  5.85103e-12
      20.0000      501.827  7.61952e-10  5.34465e-12
      20.0000      502.245  7.58863e-10  5.30520e-12
      20.0000      502.664  7.51559e-10  5.32792e-12
      20.0000      503.081  7.46448e-10  5.22729e-12
      20.0000      503.502  7.57648e-10  5.28030e-12
      20.0000      503.921  7.50625e-10  5.28776e-12
      20.0000      504.342  7.48594e-10  5.47101e-12
      20.0000      504.762  7.56897e-10  5.63443e-12
      20.0000      505.183  7.45587e-10  5.39396e-12
      20.0000      505.605  7.47900e-10  5.33679e-12
      20.0000      506.027  7.32427e-10  4.94920e-12
      20.0000      506.447  7.26754e-10  4.71974e-12
      20.0000      506.871  7.28045e-10  4.40701e-12
      20.0000      507.292  7.12497e-10          NaN
      20.0000      507.715  7.28633e-10          NaN
      20.0000      508.138  7.36536e-10  3.87472e-12
      20.0000      508.562  6.97098e-10  4.08830e-12
      20.0000      508.986  6.89723e-10  4.32002e-12
      20.0000      509.411  6.90452e-10  4.57920e-12
      20.0000      509.835  6.82918e-10  4.75585e-12
      20.0000      510.261  7.01002e-10  4.76098e-12
      20.0000      510.686  6.76801e-10          NaN
      20.0000      511.112  6.73738e-10          NaN
      20.0000      511.538  6.75109e-10          NaN
      20.0000      511.965  6.60278e-10  4.76659e-12
      20.0000      512.392  6.66047e-10  4.79036e-12
      20.0000      512.818  6.64294e-10  4.61311e-12
      20.0000      513.244  6.69838e-10  4.41038e-12
      20.0000      513.674  6.64215e-10  4.11623e-12
      20.0000      514.102  6.47210e-10  4.04426e-12
      20.0000      514.530  6.57166e-10          NaN
      20.0000      514.960  6.31803e-10          NaN
      20.0000      515.390  6.08342e-10          NaN
      20.0000      515.818  6.16994e-10          NaN
      20.0000      516.249  6.07624e-10  5.54468e-12
      20.0000      516.678  6.24226e-10  5.81039e-12
      20.0000      517.109  6.39608e-10  5.83242e-12
      20.0000      517.539  5.90509e-10  6.63524e-12
      20.0000      517.971  6.12805e-10  7.63980e-12
      20.0000      518.403  6.28904e-10  8.99744e-12
      20.0000      518.836  5.82341e-10  1.14302e-11
      20.0000      519.267  6.00808e-10          NaN
      20.0000      519.702  5.70387e-10          NaN
      20.0000      520.134  5.18467e-10  1.44585e-11
      20.0000      520.568  5.90021e-10          NaN
      20.0000      521.002  5.52969e-10          NaN
      20.0000      521.436  4.89178e-10          NaN
      20.0000      521.872  4.91895e-10          NaN
      20.0000      522.308  4.15321e-10          NaN
      20.0000      522.742  4.16665e-10  2.92496e-11
      20.0000      523.177  5.72580e-10  2.70415e-11
      20.0000      523.615  5.01460e-10  2.90050e-11
      20.0000      524.051  4.33455e-10  3.11717e-11
      20.0000      524.488  3.70720e-10  3.13350e-11
      20.0000      524.923  2.46937e-10          NaN
      20.0000      525.362  2.48670e-10          NaN
      20.0000      525.801  2.48165e-10  5.13968e-11
      20.0000      526.238  1.54537e-10  5.41162e-11
      20.0000      526.676  1.33806e-10  4.91827e-11
