      11.0000      514.419  5.27216e-10  1.73274e-12
      11.0000      514.815  5.12276e-10  1.69330e-12
      11.0000      515.211  5.12485e-10  1.88730e-12
      11.0000      515.607  5.22023e-10  1.85118e-12
      11.0000      516.004  5.39250e-10  2.47112e-12
      11.0000      516.401  5.42257e-10  2.17308e-12
      11.0000      516.799  5.29717e-10  1.88833e-12
      11.0000      517.196  5.43231e-10  1.82016e-12
      11.0000      517.594  5.43246e-10  1.89861e-12
      11.0000      517.992  5.28356e-10  1.90916e-12
      11.0000      518.391  5.72094e-10  2.48172e-12
      11.0000      518.790  5.40890e-10  1.78847e-12
      11.0000      519.189  5.38700e-10  2.07608e-12
      11.0000      519.589  5.39886e-10  1.84980e-12
      11.0000      519.989  5.00410e-10  1.45376e-12
      11.0000      520.389  5.26749e-10  1.74074e-12
      11.0000      520.789  5.20385e-10  1.93878e-12
      11.0000      521.190  5.03120e-10  1.90867e-12
      11.0000      521.591  5.13319e-10  1.86218e-12
      11.0000      521.992  5.18143e-10  1.75109e-12
      11.0000      522.394  5.01290e-10  1.47368e-12
      11.0000      522.796  5.29027e-10  1.64434e-12
      11.0000      523.198  5.19487e-10  2.71709e-12
      11.0000      523.601  5.02321e-10  1.51207e-12
      11.0000      524.004  5.02138e-10          NaN
      11.0000      524.407  5.11529e-10          NaN
      11.0000      524.811  4.97723e-10  1.19664e-12
      11.0000      525.214  4.87376e-10  9.83345e-13
      11.0000      525.619  4.94712e-10  9.52872e-13
      11.0000      526.023  5.40761e-10  1.00113e-12
      11.0000      526.428  5.83147e-10  1.16140e-12
      11.0000      526.833  5.35357e-10  1.10842e-12
      11.0000      527.238  4.98855e-10  1.07350e-12
      11.0000      527.644  5.18544e-10  1.07588e-12
      11.0000      528.050  5.06138e-10  1.02864e-12
      11.0000      528.457  4.78977e-10  9.55814e-13
      11.0000      528.863  4.88222e-10  1.03214e-12
      11.0000      529.270  5.08858e-10  1.08852e-12
      11.0000      529.678  5.03586e-10  1.15223e-12
      11.0000      530.085  4.88747e-10  1.08381e-12
      11.0000      530.493  4.80864e-10  9.70730e-13
      11.0000      530.901  4.82396e-10  1.05054e-12
      11.0000      531.310  4.71185e-10  1.02078e-12
      11.0000      531.719  4.70644e-10  9.43792e-13
      11.0000      532.128  4.63579e-10  9.73423e-13
      11.0000      532.537  4.64475e-10  1.03595e-12
      11.0000      532.947  4.76002e-10  1.04949e-12
      11.0000      533.357  4.72412e-10  9.10213e-13
      11.0000      533.768  4.77109e-10  8.36209e-13
      11.0000      534.179  4.86335e-10  8.59387e-13
      11.0000      534.590  4.74179e-10  9.46371e-13
      11.0000      535.001  4.57560e-10  9.38524e-13
      11.0000      535.413  4.60440e-10  9.26498e-13
      11.0000      535.825  4.60697e-10  9.13239e-13
      11.0000      536.237  4.54889e-10  8.83677e-13
      11.0000      536.650  4.59768e-10  8.21246e-13
      11.0000      537.063  4.65868e-10  8.63845e-13
      11.0000      537.476  4.48547e-10  8.63446e-13
      11.0000      537.889  4.48346e-10          NaN
      11.0000      538.304  4.60615e-10          NaN
      11.0000      538.718  4.56793e-10  8.39662e-13
      11.0000      539.132  4.85753e-10  8.25659e-13
      11.0000      539.547  4.65458e-10  7.80546e-13
      11.0000      539.962  4.42662e-10          NaN
      11.0000      540.378  4.50648e-10          NaN
      11.0000      540.794  4.54118e-10  8.53878e-13
      11.0000      541.210  4.30780e-10  8.44899e-13
      11.0000      541.626  4.40890e-10  8.13957e-13
      11.0000      542.043  4.41569e-10  7.33725e-13
      11.0000      542.460  4.46586e-10  7.35400e-13
      11.0000      542.878  4.43016e-10  7.35588e-13
      11.0000      543.295  4.38290e-10  7.64465e-13
      11.0000      543.713  4.37933e-10  7.94161e-13
      11.0000      544.132  4.49275e-10  8.05386e-13
      11.0000      544.550  4.50108e-10  7.29708e-13
      11.0000      544.970  4.50816e-10  7.03929e-13
      11.0000      545.389  4.37293e-10  6.67829e-13
      11.0000      545.809  4.33066e-10  6.68350e-13
      11.0000      546.229  4.33801e-10  6.96056e-13
      11.0000      546.649  4.38089e-10  7.32193e-13
      11.0000      547.070  4.58061e-10  7.11780e-13
      11.0000      547.491  4.66100e-10  6.70677e-13
      11.0000      547.912  4.61599e-10  6.42941e-13
      11.0000      548.334  4.62299e-10  6.46637e-13
      11.0000      548.756  4.51976e-10  6.37413e-13
      11.0000      549.178  4.46130e-10  6.89891e-13
      11.0000      549.600  4.48314e-10  7.19577e-13
      11.0000      550.024  4.47616e-10  7.23025e-13
      11.0000      550.447  4.45824e-10  7.09851e-13
      11.0000      550.870  4.38829e-10  6.66945e-13
      11.0000      551.294  4.40956e-10  7.10151e-13
      11.0000      551.718  4.46866e-10  7.76842e-13
      11.0000      552.143  4.51465e-10  8.59880e-13
      11.0000      552.568  4.36916e-10  8.78451e-13
      11.0000      552.993  4.33953e-10  8.58303e-13
      11.0000      553.418  4.37398e-10  8.34607e-13
      11.0000      553.844  4.40831e-10  8.46630e-13
      11.0000      554.271  4.46068e-10  8.85735e-13
      11.0000      554.697  4.40717e-10  8.95129e-13
      11.0000      555.124  4.46496e-10  9.50299e-13
      11.0000      555.551  4.35387e-10  9.11127e-13
      11.0000      555.979  4.40036e-10  8.69304e-13
      11.0000      556.407  4.35803e-10  8.54628e-13
      11.0000      556.835  4.34923e-10  8.06429e-13
      11.0000      557.263  4.42383e-10  8.11851e-13
      11.0000      557.692  4.40370e-10  8.16076e-13
      11.0000      558.121  4.40387e-10  8.16481e-13
      11.0000      558.551  4.35616e-10  7.82237e-13
      11.0000      558.981  4.35429e-10  7.51805e-13
      11.0000      559.411  4.43712e-10  7.56182e-13
      4.00000      559.841  4.45774e-10  7.73114e-13
      4.00000      560.272  4.39841e-10  8.69010e-13
      4.00000      560.703  4.46077e-10  8.68725e-13
      12.0000      561.135  4.52216e-10  1.93078e-12
      12.0000      561.567  4.40096e-10  1.79422e-12
      12.0000      561.999  4.50807e-10  1.82678e-12
      12.0000      562.431  4.51428e-10  2.14507e-12
      12.0000      562.864  4.56375e-10  1.64047e-12
      12.0000      563.297  4.58760e-10  1.96056e-12
      12.0000      563.731  4.48339e-10  1.66771e-12
      12.0000      564.164  4.56684e-10  1.54891e-12
      12.0000      564.599  4.47505e-10  1.44289e-12
      12.0000      565.033  4.46736e-10  1.58088e-12
      12.0000      565.468  4.68254e-10  1.51146e-12
      12.0000      565.903  4.62087e-10  1.88850e-12
      12.0000      566.338  4.45010e-10  1.28344e-12
      12.0000      566.774  4.62181e-10  1.34487e-12
      12.0000      567.210  4.94453e-10  6.85833e-12
      12.0000      567.647  5.09164e-10  1.19028e-11
      12.0000      568.084  4.86517e-10  1.09720e-12
      12.0000      568.521  4.75073e-10  1.12388e-12
      12.0000      568.958  4.60015e-10  1.15865e-12
      12.0000      569.396  4.56980e-10  1.09524e-12
      12.0000      569.834  4.61773e-10          NaN
      12.0000      570.273  4.57078e-10          NaN
      12.0000      570.711  4.63310e-10  1.18578e-12
      12.0000      571.151  4.50455e-10  1.08180e-12
      12.0000      571.590  4.45178e-10  9.50395e-13
      12.0000      572.030  4.47308e-10  9.66196e-13
      12.0000      572.470  4.45217e-10  9.30150e-13
      12.0000      572.911  4.45673e-10  9.49065e-13
      12.0000      573.352  4.49808e-10  9.02947e-13
      12.0000      573.793  4.53812e-10  9.12024e-13
      12.0000      574.234  4.43782e-10  8.62064e-13
      12.0000      574.676  4.46908e-10  9.26417e-13
      12.0000      575.119  4.50097e-10  9.36722e-13
      12.0000      575.561  4.53578e-10  9.70629e-13
      12.0000      576.004  4.43468e-10  9.01936e-13
      12.0000      576.447  4.52382e-10  8.88468e-13
      12.0000      576.891  4.48863e-10  8.44357e-13
      12.0000      577.335  4.41677e-10  8.21005e-13
      12.0000      577.779  4.47521e-10  9.67257e-13
      12.0000      578.224  4.42960e-10  9.08294e-13
      12.0000      578.669  4.41451e-10  8.15084e-13
      12.0000      579.114  4.40984e-10          NaN
      12.0000      579.560  4.39575e-10          NaN
      12.0000      580.006  4.39018e-10  8.74319e-13
      12.0000      580.452  4.31466e-10  7.86624e-13
      12.0000      580.899  4.38096e-10  8.26536e-13
      12.0000      581.346  4.30988e-10  8.56810e-13
      12.0000      581.793  4.34037e-10  7.89332e-13
      12.0000      582.241  4.36007e-10          NaN
      12.0000      582.689  4.39342e-10          NaN
      12.0000      583.137  4.42731e-10  7.08239e-13
      12.0000      583.586  4.54609e-10  7.74039e-13
      12.0000      584.035  4.65008e-10  7.51768e-13
      12.0000      584.484  4.61421e-10  7.14231e-13
      12.0000      584.934  4.30499e-10  6.49687e-13
      12.0000      585.384  4.21559e-10  6.88222e-13
      12.0000      585.835  4.20037e-10  6.61247e-13
      12.0000      586.286  5.26511e-10  7.19079e-13
      12.0000      586.737  1.13477e-09  9.19776e-13
      12.0000      587.188  1.23277e-09  9.26247e-13
      12.0000      587.640  5.26228e-10  6.79824e-13
      12.0000      588.092  4.43580e-10  6.38408e-13
      12.0000      588.545  4.29142e-10  6.62685e-13
      12.0000      588.998  4.17900e-10  6.75470e-13
      12.0000      589.451  4.36653e-10  7.00564e-13
      12.0000      589.905  4.30716e-10  6.76055e-13
      12.0000      590.359  4.23966e-10  6.49639e-13
      12.0000      590.813  4.22299e-10  6.21109e-13
      12.0000      591.267  4.03887e-10  6.24060e-13
      12.0000      591.723  3.98451e-10  6.41090e-13
      12.0000      592.178  4.12974e-10  6.78140e-13
      12.0000      592.634  4.08966e-10  6.77800e-13
      12.0000      593.090  4.00135e-10  6.07635e-13
      12.0000      593.546  4.04635e-10  5.68392e-13
      12.0000      594.003  4.06956e-10  5.86108e-13
      12.0000      594.460  3.99457e-10  6.21786e-13
      12.0000      594.917  4.07694e-10  6.14886e-13
      12.0000      595.375  4.00272e-10  5.78248e-13
      12.0000      595.833  4.02473e-10  5.39198e-13
      12.0000      596.292  4.10039e-10  5.18423e-13
      12.0000      596.751  4.08758e-10  5.21847e-13
      12.0000      597.210  4.03976e-10  5.31136e-13
      12.0000      597.669  4.03870e-10  5.51814e-13
      12.0000      598.129  3.96995e-10  5.55506e-13
      12.0000      598.589  3.92663e-10  5.38689e-13
      12.0000      599.050  3.91038e-10  5.12512e-13
      12.0000      599.511  3.91852e-10  5.17831e-13
      12.0000      599.972  3.96320e-10  5.39091e-13
      12.0000      600.434  4.01175e-10  5.78542e-13
      12.0000      600.896  3.86406e-10  6.17761e-13
      12.0000      601.359  3.80040e-10  5.97994e-13
      12.0000      601.822  3.94878e-10  5.94804e-13
      12.0000      602.284  4.34968e-10  6.42672e-13
      12.0000      602.748  4.84048e-10  6.70556e-13
      12.0000      603.212  4.70069e-10  7.57703e-13
      12.0000      603.676  4.59611e-10  7.87922e-13
      12.0000      604.141  4.11919e-10  7.58065e-13
      12.0000      604.606  3.89454e-10  7.37214e-13
      4.00000      605.071  3.88140e-10  7.25322e-13
      4.00000      605.537  4.57191e-10          NaN
      4.00000      606.002  7.11486e-10          NaN
      4.00000      606.469  6.53122e-10          NaN
      4.00000      606.935  5.44941e-10  7.91143e-13
      4.00000      607.402  4.72723e-10  7.20959e-13
      4.00000      607.870  4.15510e-10  6.66909e-13
      4.00000      608.338  3.94997e-10  6.72114e-13
      4.00000      608.806  3.94078e-10  6.78054e-13
      4.00000      609.274  3.82154e-10  6.88412e-13
      4.00000      609.743  3.71221e-10  6.79686e-13
      13.0000      610.212  3.68446e-10  1.78194e-12
      13.0000      610.682  3.40885e-10  1.86694e-12
      13.0000      611.152  3.34904e-10  1.52704e-12
      13.0000      611.622  3.49291e-10  1.60571e-12
      13.0000      612.093  3.29761e-10  1.81432e-12
      13.0000      612.564  3.41731e-10  1.71599e-12
      13.0000      613.035  3.46895e-10  1.56888e-12
      13.0000      613.507  3.43333e-10  1.75816e-12
      13.0000      613.979  3.34557e-10  1.35635e-12
      13.0000      614.451  3.39790e-10  1.30867e-12
      13.0000      614.924  3.27536e-10  1.13592e-12
      13.0000      615.397  3.35474e-10  1.23974e-12
      13.0000      615.871  3.25460e-10  1.15023e-12
      13.0000      616.345  3.35338e-10  1.37063e-12
      13.0000      616.819  3.26854e-10  1.07033e-12
      13.0000      617.294  3.28252e-10  1.04285e-12
      13.0000      617.769  3.22442e-10  8.69055e-13
      13.0000      618.245  3.21481e-10  1.11758e-12
      13.0000      618.720  3.12881e-10  1.29566e-12
      13.0000      619.196  3.08722e-10  9.41704e-13
      13.0000      619.673  3.06284e-10  9.31256e-13
      13.0000      620.150  3.08317e-10  9.97842e-13
      13.0000      620.627  3.16235e-10          NaN
      13.0000      621.105  3.12781e-10          NaN
      13.0000      621.582  3.07548e-10  8.13099e-13
      13.0000      622.061  2.98134e-10  7.96113e-13
      13.0000      622.539  2.95826e-10  7.10617e-13
      13.0000      623.018  2.98873e-10  6.39448e-13
      13.0000      623.498  2.98103e-10  6.47419e-13
      13.0000      623.978  3.04904e-10  6.35416e-13
      13.0000      624.458  3.19398e-10  6.31689e-13
      13.0000      624.938  3.31549e-10  5.97002e-13
      13.0000      625.419  3.12769e-10  5.78131e-13
      13.0000      625.901  2.93445e-10  5.77980e-13
      13.0000      626.382  2.84630e-10  5.84954e-13
      13.0000      626.864  2.80671e-10  5.79597e-13
      13.0000      627.347  2.92605e-10  5.73564e-13
      13.0000      627.830  3.13986e-10  5.48788e-13
      13.0000      628.312  2.98053e-10  5.17354e-13
      13.0000      628.796  2.86339e-10  5.30072e-13
      13.0000      629.280  2.83050e-10  5.31370e-13
      13.0000      629.764  2.82069e-10  5.24872e-13
      13.0000      630.249  2.88375e-10  5.03143e-13
      13.0000      630.734  3.04360e-10  4.80660e-13
      13.0000      631.219  3.27861e-10  4.83809e-13
      13.0000      631.705  3.29686e-10  4.86889e-13
      13.0000      632.191  3.31530e-10  5.05204e-13
      13.0000      632.678  3.60735e-10  4.98577e-13
      13.0000      633.164  3.78636e-10  4.76654e-13
      13.0000      633.652  3.67931e-10  4.70487e-13
      13.0000      634.139  3.53117e-10  4.62728e-13
      13.0000      634.627  3.40311e-10  4.58865e-13
      13.0000      635.115  3.06782e-10  4.63755e-13
      13.0000      635.604  2.83116e-10  4.55247e-13
      13.0000      636.094  2.74008e-10  4.35585e-13
      13.0000      636.583  2.61649e-10  4.16036e-13
      13.0000      637.073  2.47268e-10  4.17962e-13
      13.0000      637.563  2.40350e-10  4.35390e-13
      13.0000      638.054  2.37886e-10  4.31689e-13
      13.0000      638.545  2.26481e-10  4.28215e-13
      13.0000      639.036  2.24075e-10  4.07149e-13
      13.0000      639.528  2.30703e-10  3.98081e-13
      13.0000      640.020  2.27588e-10  4.15470e-13
      13.0000      640.512  2.24873e-10  4.19249e-13
      13.0000      641.005  2.24696e-10  4.29176e-13
      13.0000      641.499  2.25793e-10  4.13301e-13
      13.0000      641.992  2.33469e-10  3.98171e-13
      13.0000      642.486  2.39560e-10  4.13322e-13
      13.0000      642.981  2.47076e-10  4.56147e-13
      13.0000      643.475  2.37045e-10  4.81463e-13
      13.0000      643.971  2.11422e-10  4.76237e-13
      13.0000      644.466  2.07901e-10  4.65151e-13
      13.0000      644.962  1.98711e-10  4.66003e-13
      13.0000      645.459  1.98837e-10  4.94926e-13
      13.0000      645.955  2.03381e-10  5.41603e-13
      13.0000      646.452  1.94065e-10  5.94325e-13
      13.0000      646.950  1.99140e-10  5.58099e-13
      13.0000      647.447  1.97057e-10  5.30781e-13
      13.0000      647.946  1.85970e-10  5.20920e-13
      13.0000      648.445  1.99717e-10  5.66348e-13
      13.0000      648.943  1.98896e-10  6.23204e-13
      13.0000      649.443  1.76315e-10  5.64431e-13
      13.0000      649.942  1.84478e-10  5.36776e-13
      4.00000      650.442  1.91159e-10  4.94589e-13
      4.00000      650.943  2.08097e-10  4.77846e-13
      4.00000      651.444  2.11425e-10  5.04591e-13
      4.00000      651.945  2.18167e-10  4.90801e-13
      4.00000      652.447  2.04403e-10  4.65733e-13
      4.00000      652.949  1.97787e-10  4.41370e-13
      4.00000      653.452  1.91423e-10  4.29941e-13
      4.00000      653.955  1.78262e-10          NaN
      4.00000      654.458  1.79706e-10          NaN
      4.00000      654.961  1.88970e-10  4.84410e-13
      4.00000      655.465  1.77330e-10  4.91770e-13
      4.00000      655.970  1.81668e-10  4.70745e-13
      4.00000      656.475  1.89478e-10  4.90590e-13
      4.00000      656.980  1.72141e-10  5.45272e-13
      4.00000      657.485  1.68172e-10  5.84671e-13
      4.00000      657.991  1.88438e-10  6.49347e-13
      4.00000      658.497  1.78616e-10  6.19445e-13
      4.00000      659.004  1.71193e-10  6.02290e-13
      4.00000      659.511  2.32495e-10  6.47485e-13
      14.0000      660.019  3.10886e-10  1.06015e-12
      14.0000      660.527  2.55759e-10  1.09575e-12
      14.0000      661.035  2.37384e-10  1.05478e-12
      14.0000      661.544  2.21023e-10  1.03610e-12
      14.0000      662.053  1.79210e-10  9.90456e-13
      14.0000      662.562  1.88805e-10  8.78974e-13
      14.0000      663.072  1.76234e-10  8.48658e-13
      14.0000      663.582  1.60218e-10  8.15079e-13
      14.0000      664.093  1.67371e-10  8.22931e-13
      14.0000      664.604  1.73314e-10  8.07954e-13
      14.0000      665.116  1.74167e-10  7.15656e-13
      14.0000      665.627  1.99922e-10  7.19515e-13
      14.0000      666.140  1.72853e-10  6.80290e-13
      14.0000      666.652  2.45271e-10  6.93519e-13
      14.0000      667.165  6.02043e-10  7.77897e-13
      14.0000      667.678  8.34136e-10  8.15070e-13
      14.0000      668.192  4.46093e-10  6.81856e-13
      14.0000      668.707  2.15577e-10  5.81509e-13
      14.0000      669.221  1.71094e-10  5.67757e-13
      14.0000      669.736  2.14413e-10  5.77745e-13
      14.0000      670.252  2.66757e-10  5.57282e-13
      14.0000      670.767  2.22646e-10  5.12984e-13
      14.0000      671.283  1.71785e-10  4.80589e-13
      14.0000      671.800  1.56771e-10  4.82867e-13
      14.0000      672.317  2.05036e-10  4.94506e-13
      14.0000      672.834  2.56958e-10  5.09276e-13
      14.0000      673.352  2.57121e-10  4.99083e-13
      14.0000      673.870  3.02003e-10  4.72875e-13
      14.0000      674.389  3.64663e-10  4.94221e-13
      14.0000      674.908  4.33910e-10  5.10162e-13
      14.0000      675.427  3.26836e-10  4.88769e-13
      14.0000      675.947  2.01317e-10  4.47714e-13
      14.0000      676.467  2.18208e-10  4.27572e-13
      14.0000      676.988  3.10816e-10  4.49918e-13
      14.0000      677.509  3.61337e-10  4.75186e-13
      14.0000      678.030  2.53443e-10  4.55896e-13
      14.0000      678.552  2.04086e-10  4.38636e-13
      14.0000      679.074  4.06694e-10  4.47997e-13
      14.0000      679.597  7.09181e-10  5.22527e-13
      14.0000      680.119  5.49120e-10  5.01915e-13
      14.0000      680.643  2.38645e-10  4.39072e-13
      14.0000      681.166  2.28185e-10  4.23342e-13
      14.0000      681.691  4.11206e-10  4.49613e-13
      14.0000      682.215  5.21987e-10  4.82113e-13
      14.0000      682.740  2.80431e-10  4.30724e-13
      14.0000      683.266  2.02080e-10          NaN
      14.0000      683.792  5.49135e-10          NaN
      14.0000      684.318  1.05966e-09  5.99000e-13
      14.0000      684.844  7.20676e-10          NaN
      14.0000      685.371  2.70403e-10          NaN
      14.0000      685.899  2.89936e-10  4.41784e-13
      14.0000      686.427  6.13698e-10          NaN
      14.0000      686.955  7.52250e-10          NaN
      14.0000      687.484  2.58104e-10  4.40555e-13
      14.0000      688.012  2.60140e-10  4.29689e-13
      14.0000      688.542  7.74764e-10  5.61258e-13
      14.0000      689.072  1.82606e-09          NaN
      14.0000      689.602  8.14908e-10          NaN
      14.0000      690.133  2.10564e-10          NaN
      14.0000      690.664  2.94897e-10          NaN
      14.0000      691.195  1.05788e-09  7.01525e-13
      14.0000      691.727  1.00219e-09  7.18138e-13
      14.0000      692.260  3.04553e-10  5.20927e-13
      14.0000      692.792  2.58157e-10  4.63402e-13
      14.0000      693.326  1.03423e-09  6.96966e-13
      14.0000      693.859  2.22905e-09  9.37159e-13
      14.0000      694.393  7.35817e-10  5.92485e-13
      14.0000      694.927  2.59924e-10  4.62687e-13
      14.0000      695.462  5.40478e-10  5.18433e-13
      4.00000      695.997  1.32492e-09  7.22067e-13
      4.00000      696.533  8.46686e-10  5.42668e-13
      4.00000      697.069  3.42664e-10  4.40709e-13
      4.00000      697.605  4.51540e-10  4.85711e-13
      4.00000      698.142  1.69518e-09  7.58609e-13
      4.00000      698.679  1.84634e-09  6.91752e-13
      4.00000      699.217  6.95319e-10  4.72688e-13
      4.00000      699.755  3.40852e-10  4.17972e-13
      4.00000      700.293  1.01992e-09  5.91217e-13
      4.00000      700.832  1.57989e-09  7.07027e-13
      4.00000      701.371  9.13955e-10  6.00174e-13
      4.00000      701.911  2.97211e-10  4.04615e-13
      4.00000      702.451  8.69008e-10  5.38602e-13
      4.00000      702.992  2.82798e-09  9.49743e-13
      4.00000      703.533  2.32403e-09  1.07342e-12
      4.00000      704.074  4.71690e-10  5.71407e-13
      4.00000      704.616  4.06930e-10  5.35485e-13
      4.00000      705.158  1.56160e-09  8.99712e-13
      4.00000      705.701  2.22917e-09  1.16689e-12
      4.00000      706.244  5.58637e-10  7.33355e-13
      4.00000      706.788  3.02707e-10  5.93964e-13
      4.00000      707.332  1.32032e-09  8.92289e-13
      4.00000      707.876  3.25412e-09          NaN
      4.00000      708.421  1.34865e-09          NaN
      4.00000      708.965  4.12042e-10  5.82646e-13
      15.0000      709.511  7.32903e-10  1.18984e-12
      15.0000      710.057  1.78217e-09          NaN
      15.0000      710.604  1.46076e-09          NaN
      15.0000      711.151  4.87747e-10  9.46355e-13
      15.0000      711.698  1.11260e-09  1.02745e-12
      15.0000      712.245  2.85344e-09  1.32636e-12
      15.0000      712.793  3.19914e-09  1.49220e-12
      15.0000      713.342  9.95312e-10  9.84479e-13
      15.0000      713.891  5.53135e-10  7.91262e-13
      15.0000      714.440  1.22585e-09  8.55111e-13
      15.0000      714.990  1.88067e-09  1.01840e-12
      15.0000      715.540  1.10289e-09  8.77630e-13
      15.0000      716.091  7.69730e-10  7.45956e-13
      15.0000      716.642  1.53128e-09  8.46168e-13
      15.0000      717.193  2.66253e-09  9.97637e-13
      15.0000      717.745  2.07007e-09  9.61093e-13
      15.0000      718.297  4.98760e-10  6.41610e-13
      15.0000      718.850  6.72920e-10  6.46813e-13
      15.0000      719.403  1.77846e-09  7.99834e-13
      15.0000      719.957  1.88457e-09  8.30108e-13
      15.0000      720.511  6.65973e-10  6.16014e-13
      15.0000      721.066  5.55891e-10          NaN
      15.0000      721.620  1.72949e-09          NaN
      15.0000      722.175  2.25124e-09  8.23512e-13
      15.0000      722.731  1.04621e-09  6.53676e-13
      15.0000      723.288  5.87682e-10  5.70510e-13
      15.0000      723.844  8.85978e-10  6.12710e-13
      15.0000      724.401  1.04429e-09  6.22391e-13
      15.0000      724.959  6.05000e-10  5.10778e-13
      15.0000      725.517  2.37286e-10  4.32826e-13
      15.0000      726.075  2.37656e-10  4.86774e-13
      15.0000      726.634  2.46753e-10  4.58365e-13
      15.0000      727.193  3.72401e-10  4.48573e-13
      15.0000      727.752  1.83770e-09  6.67838e-13
      15.0000      728.312  6.74884e-09  1.15770e-12
      15.0000      728.873  2.05186e-08  2.62588e-12
      15.0000      729.434  3.13969e-08  3.81154e-12
      15.0000      729.995  2.25816e-08  2.96606e-12
      15.0000      730.557  1.17834e-08  1.58322e-12
      15.0000      731.119  6.94037e-09          NaN
      15.0000      731.681  3.99110e-09          NaN
      15.0000      732.245  1.50720e-09  6.84741e-13
      15.0000      732.808  9.36017e-10  5.46129e-13
      15.0000      733.372  1.74682e-09  6.33028e-13
      15.0000      733.936  2.67623e-09  8.34448e-13
      15.0000      734.501  1.10686e-09  6.17192e-13
      15.0000      735.067  7.60066e-10  5.53529e-13
      15.0000      735.632  1.57111e-09  6.96225e-13
      15.0000      736.198  2.60112e-09  8.88342e-13
      15.0000      736.764  1.24837e-09  6.94855e-13
      15.0000      737.332  6.58751e-10  5.75771e-13
      15.0000      737.899  1.33867e-09  6.74271e-13
      15.0000      738.467  3.37264e-09  1.05693e-12
      15.0000      739.035  1.60236e-09  7.81548e-13
      15.0000      739.604  5.80627e-10  5.69259e-13
      15.0000      740.173  6.96793e-10  6.11811e-13
      15.0000      740.742  2.22899e-09  9.73355e-13
      15.0000      741.312  1.24816e-09  7.41763e-13
      4.00000      741.883  5.83868e-10  5.62410e-13
      4.00000      742.454  7.03870e-10  6.01550e-13
      4.00000      743.025  2.79311e-09  1.08251e-12
      4.00000      743.597  1.71805e-09  7.96933e-13
      4.00000      744.169  6.73398e-10  5.41866e-13
      4.00000      744.742  5.91768e-10  4.99884e-13
      4.00000      745.315  1.83048e-09          NaN
      4.00000      745.888  1.53090e-09          NaN
      4.00000      746.463  6.99656e-10  4.98748e-13
      4.00000      747.037  8.05529e-10  4.95968e-13
      4.00000      747.612  2.41156e-09  8.08243e-13
      4.00000      748.187  2.44754e-09  7.52233e-13
      4.00000      748.763  8.90076e-10  5.44707e-13
      4.00000      749.339  6.52063e-10  4.74983e-13
      4.00000      749.916  1.61013e-09  6.39371e-13
      4.00000      750.493  1.88559e-09  7.35133e-13
      4.00000      751.070  7.82111e-10  5.56295e-13
      4.00000      751.649  6.57891e-10  5.17715e-13
      4.00000      752.227  1.98184e-09  7.70716e-13
      4.00000      752.806  2.58881e-09  1.04360e-12
      4.00000      753.385  9.04254e-10  6.71499e-13
      4.00000      753.965  4.17519e-10  5.47714e-13
      4.00000      754.545  1.17416e-09  8.30853e-13
      4.00000      755.126  1.67938e-09  1.04954e-12
      4.00000      755.707  6.69309e-10  6.86561e-13
      4.00000      756.288  3.66986e-10  5.83027e-13
      4.00000      756.870  1.54218e-09  9.77424e-13
      4.00000      757.452  2.03143e-09  1.06832e-12
      4.00000      758.035  8.10775e-10  6.48642e-13
      4.00000      758.619  3.52067e-10  5.22327e-13
      16.0000      759.202  9.89495e-10          NaN
      16.0000      759.787  1.39371e-09          NaN
      16.0000      760.371  6.01003e-10  9.26031e-13
      16.0000      760.956  3.20445e-10  8.59435e-13
      16.0000      761.542  1.38355e-09  1.16946e-12
      16.0000      762.128  2.00694e-09  1.26690e-12
      16.0000      762.715  6.33639e-10  8.36561e-13
      16.0000      763.302  3.08305e-10  7.76986e-13
      16.0000      763.889  8.54257e-10  9.62481e-13
      16.0000      764.477  1.30910e-09  1.05128e-12
      16.0000      765.065  4.82067e-10  7.36750e-13
      16.0000      765.654  3.36158e-10  6.78542e-13
      16.0000      766.243  1.16506e-09  9.63623e-13
      16.0000      766.832  1.85494e-09  1.10879e-12
      16.0000      767.423  5.21624e-10  7.16093e-13
      16.0000      768.013  3.46915e-10  6.20340e-13
      16.0000      768.604  7.63784e-10  7.59890e-13
      16.0000      769.196  1.07001e-09  8.38964e-13
      16.0000      769.787  4.32435e-10  6.50359e-13
      16.0000      770.380  4.05925e-10  5.99875e-13
      16.0000      770.973  1.11438e-09  7.88669e-13
      16.0000      771.566  1.46087e-09  8.78364e-13
      16.0000      772.160  5.45909e-10  6.46143e-13
      16.0000      772.754  4.44346e-10  5.86302e-13
      16.0000      773.349  7.63434e-10  6.56983e-13
      16.0000      773.944  8.61900e-10  6.78593e-13
      16.0000      774.539  5.33369e-10  5.98221e-13
      16.0000      775.135  5.61013e-10  5.98893e-13
      16.0000      775.732  1.20091e-09  7.42902e-13
      16.0000      776.329  1.15227e-09  7.12169e-13
      16.0000      776.927  6.57504e-10  5.89958e-13
      16.0000      777.524  6.43360e-10  6.01385e-13
      16.0000      778.122  9.22618e-10  6.48054e-13
      16.0000      778.721  8.33741e-10  5.97050e-13
      16.0000      779.321  7.91947e-10  5.73612e-13
      16.0000      779.920  8.09950e-10  5.97522e-13
      16.0000      780.520  1.23583e-09  6.83368e-13
      16.0000      781.121  9.89127e-10  5.86253e-13
      16.0000      781.722  9.38524e-10          NaN
      16.0000      782.324  9.38583e-10          NaN
      16.0000      782.926  1.11484e-09  6.04883e-13
      16.0000      783.528  1.05890e-09  5.70307e-13
      16.0000      784.131  1.06121e-09  5.47615e-13
      16.0000      784.735  1.10884e-09  5.53773e-13
      16.0000      785.339  1.32129e-09          NaN
      16.0000      785.943  1.24890e-09          NaN
      16.0000      786.548  1.29516e-09  5.68548e-13
      16.0000      787.153  1.35841e-09  5.59128e-13
      16.0000      787.758  1.38220e-09  5.61357e-13
      16.0000      788.365  1.27984e-09  5.48712e-13
      16.0000      788.971  1.37481e-09  5.65884e-13
      16.0000      789.579  1.46800e-09  5.67224e-13
      4.00000      790.186  1.60746e-09  5.76080e-13
      4.00000      790.794  1.67114e-09  6.08967e-13
      4.00000      791.403  1.70928e-09  6.32887e-13
      4.00000      792.011  1.62498e-09          NaN
      4.00000      792.621  1.57292e-09          NaN
      4.00000      793.231  1.79912e-09  6.51958e-13
      4.00000      793.842  1.89232e-09  7.07493e-13
      4.00000      794.452  2.00095e-09  7.60537e-13
      4.00000      795.064  1.86719e-09  7.64478e-13
      4.00000      795.675  2.00002e-09  7.83431e-13
      4.00000      796.288  2.05565e-09          NaN
      4.00000      796.900  2.14296e-09          NaN
      4.00000      797.514  1.93848e-09  9.53290e-13
      4.00000      798.128  2.15149e-09  9.78213e-13
      4.00000      798.742  2.79314e-09  1.13334e-12
      4.00000      799.357  2.37955e-09  1.07269e-12
      4.00000      799.972  1.96593e-09  9.78717e-13
      4.00000      800.587  1.99635e-09  9.48229e-13
      4.00000      801.203  2.93300e-09  1.04580e-12
      4.00000      801.820  2.51429e-09  9.38815e-13
      4.00000      802.437  2.39781e-09  9.22762e-13
      4.00000      803.054  2.18398e-09  8.92651e-13
      4.00000      803.672  3.06509e-09  9.85719e-13
      4.00000      804.291  2.77980e-09  9.02400e-13
      4.00000      804.910  2.36535e-09  8.68722e-13
      4.00000      805.529  2.35999e-09  9.25674e-13
      4.00000      806.149  3.50319e-09  1.07582e-12
      4.00000      806.769  3.81843e-09  1.19506e-12
      4.00000      807.390  2.33933e-09  9.77080e-13
      4.00000      808.012  2.30291e-09  1.08740e-12
      4.00000      808.633  3.12888e-09  1.28533e-12
      17.0000      809.255  4.02546e-09  1.69194e-12
      17.0000      809.878  2.36213e-09  1.32949e-12
      17.0000      810.501  2.37299e-09  1.27389e-12
      17.0000      811.125  3.21685e-09          NaN
      17.0000      811.750  4.21932e-09          NaN
      17.0000      812.374  2.56215e-09          NaN
      17.0000      812.999  2.15422e-09          NaN
      17.0000      813.625  3.82178e-09  1.22318e-12
      17.0000      814.251  5.65384e-09  1.50245e-12
      17.0000      814.878  3.59761e-09  1.26710e-12
      17.0000      815.504  1.85597e-09  9.35639e-13
      17.0000      816.132  3.23636e-09  1.05183e-12
      17.0000      816.760  5.22190e-09  1.30296e-12
      17.0000      817.389  3.94980e-09  1.21080e-12
      17.0000      818.017  1.71955e-09  8.49224e-13
      17.0000      818.647  2.87264e-09  9.45554e-13
      17.0000      819.277  5.22636e-09  1.19626e-12
      17.0000      819.907  4.71282e-09  1.20831e-12
      17.0000      820.538  1.65867e-09  7.99942e-13
      17.0000      821.170  1.98312e-09  7.87263e-13
      17.0000      821.802  5.34111e-09          NaN
      17.0000      822.434  7.14058e-09          NaN
      17.0000      823.067  3.04159e-09  9.74896e-13
      17.0000      823.700  2.47731e-09  8.22012e-13
      17.0000      824.334  5.18825e-09  1.06140e-12
      17.0000      824.969  6.51739e-09  1.28683e-12
      17.0000      825.604  2.85159e-09  9.21379e-13
      17.0000      826.239  2.08254e-09  7.73056e-13
      17.0000      826.875  4.25292e-09  9.56838e-13
      17.0000      827.511  6.52235e-09  1.27636e-12
      17.0000      828.148  3.42188e-09  9.87231e-13
      17.0000      828.785  2.15738e-09  8.03089e-13
      17.0000      829.423  3.77958e-09  9.28070e-13
      17.0000      830.061  6.72012e-09  1.31643e-12
      17.0000      830.700  4.12317e-09  1.09886e-12
      17.0000      831.339  2.15229e-09  8.40204e-13
      17.0000      831.979  2.83110e-09  8.86088e-13
      17.0000      832.619  5.41955e-09  1.25717e-12
      17.0000      833.260  3.97390e-09  1.13399e-12
      17.0000      833.901  2.04310e-09  8.80288e-13
      17.0000      834.543  2.17830e-09  8.96986e-13
      17.0000      835.185  4.55188e-09  1.25451e-12
      17.0000      835.828  3.82835e-09  1.17514e-12
      17.0000      836.471  2.17205e-09  9.43844e-13
      17.0000      837.114  2.05442e-09  9.29367e-13
      17.0000      837.759  3.79182e-09  1.15726e-12
      17.0000      838.404  3.37511e-09  1.04519e-12
      4.00000      839.049  2.24793e-09          NaN
      4.00000      839.694  2.11064e-09          NaN
      4.00000      840.340  2.83422e-09  9.50374e-13
      4.00000      840.987  2.87158e-09  8.64893e-13
      4.00000      841.634  2.21288e-09  7.61558e-13
      4.00000      842.282  1.86801e-09  7.15465e-13
      4.00000      842.930  2.37724e-09  8.03095e-13
      4.00000      843.579  2.60781e-09  7.77825e-13
      4.00000      844.228  2.27105e-09  7.20192e-13
      4.00000      844.877  1.90471e-09  6.89826e-13
      4.00000      845.528  1.97012e-09  7.19396e-13
      4.00000      846.178  2.13877e-09  7.26717e-13
      4.00000      846.830  1.99302e-09          NaN
      4.00000      847.481  1.95979e-09          NaN
      4.00000      848.133  1.85255e-09  7.63131e-13
      4.00000      848.786  1.99890e-09  8.10923e-13
      4.00000      849.439  1.75982e-09  7.73312e-13
      4.00000      850.093  1.70977e-09  8.22567e-13
      4.00000      850.747  1.46948e-09          NaN
      4.00000      851.401  1.85545e-09          NaN
      4.00000      852.057  1.61026e-09  9.43231e-13
      4.00000      852.713  1.68251e-09  1.00844e-12
      4.00000      853.368  1.34835e-09  9.75003e-13
      4.00000      854.026  1.55153e-09  1.02316e-12
      4.00000      854.683  1.27520e-09  8.80669e-13
      4.00000      855.341  1.43782e-09  8.81241e-13
      4.00000      855.999  1.26480e-09  8.40207e-13
      4.00000      856.657  1.28413e-09  8.42831e-13
      4.00000      857.316  1.15642e-09  7.80968e-13
      4.00000      857.976  1.13313e-09  7.44228e-13
      18.0000      858.637  9.80548e-10  1.33636e-12
      18.0000      859.297  1.06090e-09  1.25425e-12
      18.0000      859.958  1.03370e-09  1.19734e-12
      18.0000      860.620  9.58896e-10  1.16710e-12
      18.0000      861.283  8.87436e-10  1.10386e-12
      18.0000      861.945  8.64045e-10  1.01299e-12
      18.0000      862.608  7.86698e-10  9.88272e-13
      18.0000      863.272  7.40569e-10  9.89087e-13
      18.0000      863.937  7.51539e-10  9.62555e-13
      18.0000      864.602  6.85210e-10  8.56864e-13
      18.0000      865.267  6.56693e-10  8.33865e-13
      18.0000      865.933  5.82196e-10  8.58010e-13
      18.0000      866.599  5.56407e-10  8.19190e-13
      18.0000      867.266  5.16772e-10  7.47963e-13
      18.0000      867.934  5.45902e-10  7.31796e-13
      18.0000      868.601  4.78741e-10  7.33068e-13
      18.0000      869.270  4.59318e-10  7.14083e-13
      18.0000      869.938  4.22704e-10  6.65708e-13
      18.0000      870.608  4.06410e-10  6.36782e-13
      18.0000      871.277  3.43265e-10  6.46539e-13
      18.0000      871.948  3.69896e-10  6.37180e-13
      18.0000      872.619  3.48813e-10  6.06776e-13
      18.0000      873.291  3.29387e-10  5.70723e-13
      18.0000      873.962  2.78799e-10  5.89565e-13
      18.0000      874.635  2.61893e-10  5.86513e-13
      18.0000      875.308  2.34715e-10  5.28757e-13
      18.0000      875.982  2.34835e-10  5.05768e-13
      18.0000      876.656  2.11702e-10  5.15994e-13
      18.0000      877.331  1.87831e-10  5.06426e-13
      18.0000      878.005  1.80733e-10  4.61621e-13
      18.0000      878.681  1.73552e-10  4.42626e-13
      18.0000      879.357  1.50705e-10  4.37579e-13
      18.0000      880.035  1.40587e-10  4.40434e-13
      18.0000      880.711  1.41235e-10  3.99014e-13
      18.0000      881.389  1.28977e-10  3.81358e-13
      18.0000      882.068  1.18879e-10  3.85316e-13
      18.0000      882.747  1.06520e-10  3.78014e-13
      18.0000      883.426  9.96185e-11  3.45898e-13
      18.0000      884.105  9.69030e-11  3.29183e-13
      18.0000      884.786  9.27747e-11  3.32617e-13
      18.0000      885.467  8.28002e-11  3.70720e-13
      18.0000      886.148  7.88874e-11  3.26184e-13
      18.0000      886.830  7.75253e-11  2.94189e-13
      18.0000      887.512  6.88065e-11  2.99844e-13
      18.0000      888.195  6.32022e-11  3.04632e-13
      4.00000      888.879  5.32170e-11  2.94495e-13
      4.00000      889.563  6.18845e-11  2.84844e-13
      4.00000      890.248  5.54557e-11  2.96685e-13
      4.00000      890.932  4.54277e-11  3.13640e-13
      4.00000      891.618  4.13940e-11  3.06521e-13
      4.00000      892.304  4.09917e-11  2.92675e-13
      4.00000      892.991  4.92265e-11  3.12405e-13
      4.00000      893.678  4.17186e-11  3.40555e-13
      4.00000      894.366  3.82797e-11  3.48659e-13
      4.00000      895.054  4.23466e-11  3.38259e-13
      4.00000      895.743  4.19269e-11  3.67203e-13
      4.00000      896.432  4.23728e-11  4.22528e-13
      4.00000      897.122  3.86770e-11  4.28875e-13
      4.00000      897.812  4.10355e-11  4.22417e-13
      4.00000      898.503  3.96623e-11  4.36825e-13
      4.00000      899.194  3.75632e-11  4.71562e-13
      4.00000      899.887  2.41694e-11  4.41616e-13
      4.00000      900.579  3.10118e-11  3.97318e-13
      4.00000      901.272  3.31612e-11  3.94535e-13
      4.00000      901.965  3.77064e-11  4.26427e-13
      4.00000      902.660  3.77573e-11  4.05790e-13
      4.00000      903.354  3.39842e-11  3.73389e-13
      4.00000      904.050  3.61037e-11  3.84485e-13
      4.00000      904.745  3.27378e-11  4.14570e-13
      4.00000      905.441  3.56082e-11  4.19711e-13
      4.00000      906.138  3.51977e-11  4.05731e-13
      4.00000      906.835  3.30280e-11  4.26569e-13
      4.00000      907.533  3.56098e-11  4.95456e-13
      4.00000      908.231  4.60384e-11  5.61496e-13
      19.0000      908.931  3.96647e-11  9.75762e-13
      19.0000      909.630  3.60506e-11  8.63470e-13
      19.0000      910.330  3.78176e-11  7.65367e-13
      19.0000      911.031  4.42013e-11  7.98634e-13
      19.0000      911.732  4.18459e-11  7.45464e-13
      19.0000      912.433  3.40190e-11  6.85189e-13
      19.0000      913.135  3.75138e-11  6.22735e-13
      19.0000      913.838  3.54040e-11  5.88394e-13
      19.0000      914.541  4.29353e-11  6.17377e-13
      19.0000      915.245  5.32267e-11  5.73217e-13
      19.0000      915.949  3.84358e-11  4.95836e-13
      19.0000      916.654  3.01488e-11  5.11444e-13
      19.0000      917.360  3.24982e-11  5.08434e-13
      19.0000      918.065  2.96068e-11  4.58055e-13
      19.0000      918.771  2.75146e-11  4.20891e-13
      19.0000      919.479  3.14072e-11  4.38686e-13
      19.0000      920.187  4.22134e-11  4.37596e-13
      19.0000      920.894  4.38142e-11  3.90106e-13
      19.0000      921.603  5.43416e-11  3.72138e-13
      19.0000      922.313  6.61795e-11  3.90397e-13
      19.0000      923.022  5.24119e-11  3.82449e-13
      19.0000      923.732  3.54738e-11  3.45546e-13
      19.0000      924.443  2.78101e-11  3.31870e-13
      19.0000      925.155  2.25467e-11  3.45282e-13
      19.0000      925.867  2.07944e-11  3.38439e-13
      19.0000      926.579  2.63428e-11  3.13038e-13
      19.0000      927.292  2.55855e-11  3.04270e-13
      19.0000      928.005  2.31196e-11  3.13643e-13
      19.0000      928.720  3.35041e-11  3.12157e-13
      19.0000      929.435  4.04579e-11  2.91157e-13
      19.0000      930.149  3.53830e-11  2.88838e-13
      19.0000      930.866  2.75224e-11  3.07360e-13
      19.0000      931.582  2.35754e-11  3.17699e-13
      19.0000      932.298  2.77141e-11  2.95988e-13
      19.0000      933.016  2.43118e-11  2.97837e-13
      19.0000      933.734  2.32440e-11  3.27268e-13
      19.0000      934.453  2.15708e-11  3.27648e-13
      19.0000      935.172  2.00152e-11  3.06919e-13
      19.0000      935.891  2.16936e-11  3.20514e-13
      19.0000      936.611  2.52626e-11  3.62387e-13
      19.0000      937.332  2.22110e-11  3.56556e-13
      4.00000      938.054  1.79872e-11  3.39096e-13
      4.00000      938.775  1.94491e-11  3.81503e-13
      4.00000      939.498  2.94372e-11  4.14608e-13
      4.00000      940.221  3.00797e-11  3.80150e-13
      4.00000      940.944  2.47660e-11  3.52725e-13
      4.00000      941.668  1.89834e-11  3.76313e-13
      4.00000      942.393  2.14553e-11  3.70753e-13
      4.00000      943.118  3.15975e-11  3.27789e-13
      4.00000      943.844  2.84014e-11  3.17557e-13
      4.00000      944.570  3.56377e-11  3.42868e-13
      4.00000      945.298  4.02155e-11  3.35775e-13
      4.00000      946.025  4.74366e-11          NaN
      4.00000      946.753  4.96387e-11          NaN
      4.00000      947.481  5.45013e-11  3.28493e-13
      4.00000      948.211  7.13986e-11  3.30194e-13
      4.00000      948.939  1.18239e-10  3.28174e-13
      4.00000      949.670  1.27317e-10  3.41907e-13
      4.00000      950.401  9.03126e-11  3.62941e-13
      4.00000      951.133  6.71593e-11          NaN
      4.00000      951.864  5.14960e-11          NaN
      4.00000      952.597  4.06958e-11  3.70917e-13
      4.00000      953.330  2.92893e-11  4.48290e-13
      4.00000      954.064  2.37090e-11  4.61914e-13
      4.00000      954.798  2.32848e-11  4.45448e-13
      4.00000      955.532  2.34287e-11  5.21721e-13
      4.00000      956.268  2.06570e-11  6.08039e-13
      4.00000      957.004  2.36673e-11  5.70101e-13
      4.00000      957.740  2.27579e-11  5.20822e-13
      20.0000      958.477  2.93991e-11  5.86545e-13
      20.0000      959.214  2.50808e-11  5.79249e-13
      20.0000      959.953  1.98502e-11  6.28838e-13
      20.0000      960.691  2.03185e-11  5.90896e-13
      20.0000      961.430  2.17349e-11  4.64733e-13
      20.0000      962.170  2.26823e-11  4.89324e-13
      20.0000      962.911  1.97386e-11  5.05645e-13
      20.0000      963.652  2.07861e-11  4.36444e-13
      20.0000      964.394  2.31633e-11  4.52493e-13
      20.0000      965.135  2.23705e-11  4.91840e-13
      20.0000      965.878  1.19436e-11  4.87762e-13
      20.0000      966.622  1.51109e-11  4.25262e-13
      20.0000      967.365 -7.90335e-12  4.65849e-13
      20.0000      968.110  3.09849e-11  4.60927e-13
      20.0000      968.855  4.06189e-11  4.28006e-13
      20.0000      969.600  4.37348e-11  3.86135e-13
      20.0000      970.346  3.41414e-11  3.95160e-13
      20.0000      971.093  2.72334e-11  4.06536e-13
      20.0000      971.840  1.78860e-11  3.74695e-13
      20.0000      972.589  1.36188e-11  3.50348e-13
      20.0000      973.336  1.55746e-11  3.57872e-13
      20.0000      974.085  1.37092e-11  3.54056e-13
      20.0000      974.836  1.38087e-11  3.20137e-13
      20.0000      975.585  1.56711e-11  3.07641e-13
      20.0000      976.337  1.73351e-11  3.27345e-13
      20.0000      977.087  2.14425e-11  3.27822e-13
      20.0000      977.839  2.91657e-11  3.05821e-13
      20.0000      978.592  3.42639e-11  3.04949e-13
      20.0000      979.345  2.56545e-11  3.23131e-13
      20.0000      980.098  1.69026e-11  3.14992e-13
      20.0000      980.853  1.69168e-11          NaN
      20.0000      981.608  1.35280e-11          NaN
      20.0000      982.363  1.19769e-11  3.32211e-13
      20.0000      983.119  1.38101e-11  3.25437e-13
      20.0000      983.875  1.24713e-11  3.09733e-13
      20.0000      984.633  1.18284e-11  3.44105e-13
      20.0000      985.391  1.46040e-11  3.68133e-13
      20.0000      986.149  2.40312e-11  3.43986e-13
      20.0000      986.908  2.90206e-11  3.43271e-13
      20.0000      987.667  3.43919e-11  3.93575e-13
      20.0000      988.427  2.89135e-11  4.06956e-13
      20.0000      989.187  1.59690e-11  3.71117e-13
      20.0000      989.949  1.52572e-11  4.08349e-13
      20.0000      990.710  1.15768e-11  4.68997e-13
      20.0000      991.473  1.72440e-11  4.10755e-13
      20.0000      992.236  1.34734e-11  3.71993e-13
      20.0000      992.999  1.57940e-11  4.09756e-13
      20.0000      993.763  1.37774e-11  4.02403e-13
      20.0000      994.528  1.38825e-11  3.46185e-13
      20.0000      995.293  1.09131e-11  3.56728e-13
      20.0000      996.060  1.65181e-11  3.87880e-13
      20.0000      996.826  2.48003e-11  3.57472e-13
      20.0000      997.593  1.67731e-11  3.28330e-13
      20.0000      998.361  1.34371e-11  3.51885e-13
      20.0000      999.129  1.69879e-11  3.68787e-13
      20.0000      999.898  1.74446e-11  3.51078e-13
      20.0000      1000.67  1.76893e-11  3.40738e-13
      20.0000      1001.44  1.57233e-11  3.83260e-13
      20.0000      1002.21  1.16509e-11  4.36254e-13
      20.0000      1002.98  1.30227e-11  4.26764e-13
      20.0000      1003.75  1.10209e-11  4.39431e-13
      20.0000      1004.52  1.37024e-11  5.47337e-13
      20.0000      1005.30  9.91560e-12  6.16036e-13
      20.0000      1006.07  2.12093e-11  5.92338e-13
      20.0000      1006.84  1.31865e-11  7.01105e-13
      20.0000      1007.62  1.86648e-11  8.24477e-13
