      11.0000      514.419  5.24329e-10  4.80447e-12
      11.0000      514.815  5.72097e-10  4.92841e-12
      11.0000      515.211  5.60815e-10  5.22544e-12
      11.0000      515.607  5.29056e-10  5.01592e-12
      11.0000      516.004  5.41046e-10  6.54994e-12
      11.0000      516.401  5.41768e-10  5.81469e-12
      11.0000      516.799  5.13510e-10  5.10719e-12
      11.0000      517.196  5.31210e-10  5.00795e-12
      11.0000      517.594  5.45686e-10  5.32237e-12
      11.0000      517.992  5.14630e-10  5.22820e-12
      11.0000      518.391  5.62170e-10  6.63873e-12
      11.0000      518.790  5.33726e-10  4.90675e-12
      11.0000      519.189  5.39762e-10  5.62514e-12
      11.0000      519.589  5.34819e-10  5.02620e-12
      11.0000      519.989  4.99776e-10  4.05825e-12
      11.0000      520.389  5.28727e-10  4.73232e-12
      11.0000      520.789  5.19569e-10  5.20517e-12
      11.0000      521.190  4.98953e-10  5.10153e-12
      11.0000      521.591  5.14491e-10  5.02030e-12
      11.0000      521.992  5.05901e-10  4.74663e-12
      11.0000      522.394  4.94194e-10  4.01305e-12
      11.0000      522.796  5.31460e-10  4.39751e-12
      11.0000      523.198  5.15163e-10  6.99998e-12
      11.0000      523.601  4.98266e-10  4.05147e-12
      11.0000      524.004  4.99715e-10          NaN
      11.0000      524.407  5.01933e-10          NaN
      11.0000      524.811  4.94496e-10  3.31138e-12
      11.0000      525.214  4.86783e-10  2.79535e-12
      11.0000      525.619  4.88217e-10  2.77397e-12
      11.0000      526.023  5.24412e-10  2.86582e-12
      11.0000      526.428  5.81214e-10  3.32781e-12
      11.0000      526.833  5.35336e-10  3.15748e-12
      11.0000      527.238  4.89880e-10  3.03346e-12
      11.0000      527.644  5.16952e-10  3.06334e-12
      11.0000      528.050  5.05869e-10  2.94199e-12
      11.0000      528.457  4.71499e-10  2.74886e-12
      11.0000      528.863  4.81904e-10  2.94693e-12
      11.0000      529.270  4.97778e-10  3.09678e-12
      11.0000      529.678  5.04102e-10  3.27734e-12
      11.0000      530.085  4.86607e-10  3.10091e-12
      11.0000      530.493  4.78675e-10  2.81421e-12
      11.0000      530.901  4.73364e-10  2.97860e-12
      11.0000      531.310  4.66416e-10  2.90121e-12
      11.0000      531.719  4.53666e-10  2.70697e-12
      11.0000      532.128  4.52002e-10  2.82935e-12
      11.0000      532.537  4.63996e-10  2.99614e-12
      11.0000      532.947  4.76258e-10  3.02296e-12
      11.0000      533.357  4.60646e-10  2.67485e-12
      11.0000      533.768  4.55726e-10  2.47206e-12
      11.0000      534.179  4.64532e-10  2.52617e-12
      11.0000      534.590  4.61017e-10  2.74961e-12
      11.0000      535.001  4.44195e-10  2.74006e-12
      11.0000      535.413  4.53539e-10  2.74992e-12
      11.0000      535.825  4.57883e-10  2.68376e-12
      11.0000      536.237  4.55805e-10  2.62551e-12
      11.0000      536.650  4.52044e-10  2.43095e-12
      11.0000      537.063  4.59454e-10  2.54245e-12
      11.0000      537.476  4.40250e-10  2.53548e-12
      11.0000      537.889  4.47586e-10          NaN
      11.0000      538.304  4.51730e-10          NaN
      11.0000      538.718  4.41765e-10  2.48453e-12
      11.0000      539.132  4.80252e-10  2.45640e-12
      11.0000      539.547  4.71656e-10  2.35739e-12
      11.0000      539.962  4.40110e-10          NaN
      11.0000      540.378  4.48550e-10          NaN
      11.0000      540.794  4.51373e-10  2.52291e-12
      11.0000      541.210  4.26588e-10  2.47377e-12
      11.0000      541.626  4.31580e-10  2.38553e-12
      11.0000      542.043  4.33279e-10  2.18193e-12
      11.0000      542.460  4.36077e-10  2.18006e-12
      11.0000      542.878  4.33784e-10  2.17787e-12
      11.0000      543.295  4.27106e-10  2.24264e-12
      11.0000      543.713  4.25004e-10  2.32810e-12
      11.0000      544.132  4.43598e-10  2.36558e-12
      11.0000      544.550  4.45814e-10  2.17217e-12
      11.0000      544.970  4.44159e-10  2.09261e-12
      11.0000      545.389  4.30414e-10  1.98551e-12
      11.0000      545.809  4.22368e-10  1.99134e-12
      11.0000      546.229  4.22636e-10  2.06021e-12
      11.0000      546.649  4.31461e-10  2.13824e-12
      11.0000      547.070  4.59909e-10  2.09871e-12
      11.0000      547.491  4.65986e-10  2.01101e-12
      11.0000      547.912  4.53866e-10  1.90823e-12
      11.0000      548.334  4.49311e-10  1.90809e-12
      11.0000      548.756  4.41190e-10  1.89862e-12
      11.0000      549.178  4.41370e-10  2.04184e-12
      11.0000      549.600  4.42991e-10  2.11949e-12
      11.0000      550.024  4.43661e-10  2.12675e-12
      11.0000      550.447  4.40508e-10  2.09008e-12
      11.0000      550.870  4.35343e-10  2.01154e-12
      11.0000      551.294  4.29220e-10  2.09420e-12
      11.0000      551.718  4.36659e-10  2.27819e-12
      11.0000      552.143  4.46251e-10  2.50769e-12
      11.0000      552.568  4.34502e-10  2.56716e-12
      11.0000      552.993  4.31996e-10  2.51368e-12
      11.0000      553.418  4.30359e-10  2.46169e-12
      11.0000      553.844  4.30130e-10  2.50012e-12
      11.0000      554.271  4.33940e-10  2.61675e-12
      11.0000      554.697  4.27566e-10  2.65431e-12
      11.0000      555.124  4.32879e-10  2.79413e-12
      11.0000      555.551  4.26351e-10  2.68523e-12
      11.0000      555.979  4.36826e-10  2.58525e-12
      11.0000      556.407  4.32055e-10  2.52343e-12
      11.0000      556.835  4.35646e-10  2.41076e-12
      11.0000      557.263  4.32233e-10  2.39485e-12
      11.0000      557.692  4.32064e-10  2.39688e-12
      11.0000      558.121  4.34622e-10  2.39229e-12
      11.0000      558.551  4.36193e-10  2.30348e-12
      11.0000      558.981  4.32270e-10  2.20679e-12
      11.0000      559.411  4.34447e-10  2.21183e-12
      4.00000      559.841  4.32658e-10  2.24542e-12
      4.00000      560.272  4.32883e-10  2.49510e-12
      4.00000      560.703  4.37695e-10  2.51136e-12
      12.0000      561.135  4.48460e-10  5.23234e-12
      12.0000      561.567  4.35387e-10  4.87526e-12
      12.0000      561.999  4.49896e-10  4.94881e-12
      12.0000      562.431  4.43621e-10  5.63108e-12
      12.0000      562.864  4.57249e-10  4.48987e-12
      12.0000      563.297  4.52582e-10  5.21754e-12
      12.0000      563.731  4.47802e-10  4.45661e-12
      12.0000      564.164  4.49620e-10  4.22088e-12
      12.0000      564.599  4.47177e-10  3.91405e-12
      12.0000      565.033  4.51386e-10  4.25514e-12
      12.0000      565.468  4.60960e-10  4.02428e-12
      12.0000      565.903  4.48630e-10  4.64913e-12
      12.0000      566.338  4.31649e-10  3.47425e-12
      12.0000      566.774  4.47599e-10  3.65234e-12
      12.0000      567.210  4.75427e-10  1.76235e-11
      12.0000      567.647  5.02372e-10  3.05375e-11
      12.0000      568.084  4.86506e-10  3.04353e-12
      12.0000      568.521  4.72313e-10  3.10135e-12
      12.0000      568.958  4.55739e-10  3.16978e-12
      12.0000      569.396  4.51919e-10  3.02464e-12
      12.0000      569.834  4.56950e-10          NaN
      12.0000      570.273  4.49816e-10          NaN
      12.0000      570.711  4.63136e-10  3.25595e-12
      12.0000      571.151  4.47427e-10  2.99853e-12
      12.0000      571.590  4.39466e-10  2.70079e-12
      12.0000      572.030  4.35499e-10  2.74843e-12
      12.0000      572.470  4.37302e-10  2.68649e-12
      12.0000      572.911  4.35743e-10  2.74350e-12
      12.0000      573.352  4.44695e-10  2.63411e-12
      12.0000      573.793  4.49943e-10  2.68142e-12
      12.0000      574.234  4.39981e-10  2.52794e-12
      12.0000      574.676  4.37862e-10  2.67525e-12
      12.0000      575.119  4.43711e-10  2.71296e-12
      12.0000      575.561  4.50208e-10  2.81627e-12
      12.0000      576.004  4.37578e-10  2.63262e-12
      12.0000      576.447  4.52304e-10  2.62987e-12
      12.0000      576.891  4.45232e-10  2.47320e-12
      12.0000      577.335  4.39306e-10  2.41826e-12
      12.0000      577.779  4.43442e-10  2.76610e-12
      12.0000      578.224  4.39793e-10  2.62896e-12
      12.0000      578.669  4.26463e-10  2.38144e-12
      12.0000      579.114  4.43022e-10          NaN
      12.0000      579.560  4.30339e-10          NaN
      12.0000      580.006  4.25778e-10  2.48257e-12
      12.0000      580.452  4.26954e-10  2.29691e-12
      12.0000      580.899  4.36281e-10  2.40338e-12
      12.0000      581.346  4.31467e-10  2.46498e-12
      12.0000      581.793  4.32924e-10  2.29573e-12
      12.0000      582.241  4.31308e-10          NaN
      12.0000      582.689  4.29103e-10          NaN
      12.0000      583.137  4.38145e-10  2.10468e-12
      12.0000      583.586  4.43828e-10  2.26166e-12
      12.0000      584.035  4.57937e-10  2.24018e-12
      12.0000      584.484  4.64972e-10  2.16349e-12
      12.0000      584.934  4.33387e-10  1.97535e-12
      12.0000      585.384  4.07438e-10  2.02198e-12
      12.0000      585.835  4.07384e-10  1.98482e-12
      12.0000      586.286  4.83587e-10  2.14562e-12
      12.0000      586.737  1.03519e-09  2.87936e-12
      12.0000      587.188  1.39724e-09  3.24839e-12
      12.0000      587.640  6.10957e-10  2.23622e-12
      12.0000      588.092  4.43585e-10  1.95805e-12
      12.0000      588.545  4.20841e-10  1.99842e-12
      12.0000      588.998  4.05774e-10  2.02516e-12
      12.0000      589.451  4.30484e-10  2.12189e-12
      12.0000      589.905  4.27903e-10  2.06030e-12
      12.0000      590.359  4.25499e-10  1.98854e-12
      12.0000      590.813  4.17583e-10  1.89977e-12
      12.0000      591.267  3.94680e-10  1.88105e-12
      12.0000      591.723  3.89581e-10  1.93161e-12
      12.0000      592.178  4.05641e-10  2.02993e-12
      12.0000      592.634  4.03869e-10  2.01037e-12
      12.0000      593.090  4.01100e-10  1.84004e-12
      12.0000      593.546  4.00183e-10  1.72172e-12
      12.0000      594.003  3.99351e-10  1.74866e-12
      12.0000      594.460  3.92018e-10  1.83585e-12
      12.0000      594.917  4.03221e-10  1.83817e-12
      12.0000      595.375  3.97538e-10  1.74017e-12
      12.0000      595.833  4.02068e-10  1.63910e-12
      12.0000      596.292  4.04827e-10  1.57682e-12
      12.0000      596.751  4.00036e-10  1.58157e-12
      12.0000      597.210  3.95890e-10  1.60612e-12
      12.0000      597.669  3.97891e-10  1.66077e-12
      12.0000      598.129  3.91795e-10  1.66081e-12
      12.0000      598.589  3.89061e-10  1.60613e-12
      12.0000      599.050  3.87845e-10  1.53945e-12
      12.0000      599.511  3.83973e-10  1.55681e-12
      12.0000      599.972  3.84349e-10  1.63481e-12
      12.0000      600.434  3.91716e-10  1.74860e-12
      12.0000      600.896  3.81606e-10  1.81528e-12
      12.0000      601.359  3.76083e-10  1.76982e-12
      12.0000      601.822  3.88508e-10  1.77007e-12
      12.0000      602.284  4.20533e-10  1.91069e-12
      12.0000      602.748  4.60384e-10  2.00808e-12
      12.0000      603.212  4.50928e-10  2.24943e-12
      12.0000      603.676  4.52598e-10  2.35561e-12
      12.0000      604.141  4.08978e-10  2.26961e-12
      12.0000      604.606  3.87240e-10  2.21031e-12
      4.00000      605.071  3.81813e-10  2.15789e-12
      4.00000      605.537  4.25695e-10          NaN
      4.00000      606.002  6.69806e-10          NaN
      4.00000      606.469  6.52792e-10          NaN
      4.00000      606.935  5.32413e-10  2.43068e-12
      4.00000      607.402  4.68418e-10  2.17775e-12
      4.00000      607.870  4.08585e-10  1.98129e-12
      4.00000      608.338  3.86579e-10  1.96096e-12
      4.00000      608.806  3.72636e-10  1.98752e-12
      4.00000      609.274  3.74456e-10  2.01466e-12
      4.00000      609.743  3.63466e-10  1.98878e-12
      13.0000      610.212  3.66718e-10  4.74875e-12
      13.0000      610.682  3.28904e-10  4.95936e-12
      13.0000      611.152  3.28553e-10  4.13882e-12
      13.0000      611.622  3.51158e-10  4.36903e-12
      13.0000      612.093  3.18526e-10  4.83054e-12
      13.0000      612.564  3.36760e-10  4.64473e-12
      13.0000      613.035  3.39294e-10  4.25585e-12
      13.0000      613.507  3.37255e-10  4.65861e-12
      13.0000      613.979  3.35475e-10  3.79336e-12
      13.0000      614.451  3.32399e-10  3.66393e-12
      13.0000      614.924  3.23741e-10  3.10612e-12
      13.0000      615.397  3.26431e-10  3.32599e-12
      13.0000      615.871  3.23134e-10  3.09517e-12
      13.0000      616.345  3.31707e-10  3.62024e-12
      13.0000      616.819  3.18753e-10  2.87813e-12
      13.0000      617.294  3.18421e-10  2.80878e-12
      13.0000      617.769  3.15858e-10  2.39347e-12
      13.0000      618.245  3.16101e-10  2.97736e-12
      13.0000      618.720  3.11533e-10  3.41284e-12
      13.0000      619.196  3.04828e-10  2.52973e-12
      13.0000      619.673  3.06209e-10  2.50439e-12
      13.0000      620.150  3.08158e-10  2.65029e-12
      13.0000      620.627  3.05370e-10          NaN
      13.0000      621.105  3.05278e-10          NaN
      13.0000      621.582  3.06290e-10  2.21421e-12
      13.0000      622.061  3.06046e-10  2.16763e-12
      13.0000      622.539  3.00114e-10  1.96112e-12
      13.0000      623.018  2.94571e-10  1.79518e-12
      13.0000      623.498  2.93217e-10  1.81671e-12
      13.0000      623.978  2.99261e-10  1.79261e-12
      13.0000      624.458  3.07969e-10  1.78963e-12
      13.0000      624.938  3.27865e-10  1.72316e-12
      13.0000      625.419  3.14036e-10  1.65737e-12
      13.0000      625.901  2.89418e-10  1.63788e-12
      13.0000      626.382  2.80542e-10  1.65825e-12
      13.0000      626.864  2.75212e-10  1.63509e-12
      13.0000      627.347  2.85157e-10  1.62779e-12
      13.0000      627.830  3.09192e-10  1.58211e-12
      13.0000      628.312  2.99106e-10  1.50248e-12
      13.0000      628.796  2.85862e-10  1.52754e-12
      13.0000      629.280  2.77548e-10  1.52020e-12
      13.0000      629.764  2.79638e-10  1.51068e-12
      13.0000      630.249  2.88607e-10  1.45558e-12
      13.0000      630.734  2.96881e-10  1.39778e-12
      13.0000      631.219  3.21921e-10  1.42314e-12
      13.0000      631.705  3.22841e-10  1.42364e-12
      13.0000      632.191  3.21092e-10  1.47138e-12
      13.0000      632.678  3.50579e-10  1.46941e-12
      13.0000      633.164  3.78768e-10  1.43015e-12
      13.0000      633.652  3.71812e-10  1.39651e-12
      13.0000      634.139  3.53274e-10  1.36607e-12
      13.0000      634.627  3.38694e-10  1.36362e-12
      13.0000      635.115  3.11307e-10  1.36520e-12
      13.0000      635.604  2.82299e-10  1.31594e-12
      13.0000      636.094  2.70415e-10  1.26067e-12
      13.0000      636.583  2.59857e-10  1.20446e-12
      13.0000      637.073  2.42198e-10  1.20025e-12
      13.0000      637.563  2.33508e-10  1.24236e-12
      13.0000      638.054  2.34074e-10  1.23363e-12
      13.0000      638.545  2.25303e-10  1.21963e-12
      13.0000      639.036  2.20368e-10  1.16005e-12
      13.0000      639.528  2.22877e-10  1.14032e-12
      13.0000      640.020  2.19733e-10  1.19468e-12
      13.0000      640.512  2.19245e-10  1.20716e-12
      13.0000      641.005  2.18314e-10  1.22871e-12
      13.0000      641.499  2.18708e-10  1.19110e-12
      13.0000      641.992  2.16658e-10  1.14358e-12
      13.0000      642.486  2.14245e-10  1.16876e-12
      13.0000      642.981  2.28511e-10  1.29031e-12
      13.0000      643.475  2.30383e-10  1.37886e-12
      13.0000      643.971  2.07985e-10  1.35853e-12
      13.0000      644.466  2.08084e-10  1.33295e-12
      13.0000      644.962  1.95078e-10  1.32572e-12
      13.0000      645.459  1.95136e-10  1.40488e-12
      13.0000      645.955  1.96990e-10  1.52688e-12
      13.0000      646.452  1.89326e-10  1.65374e-12
      13.0000      646.950  1.96556e-10  1.57779e-12
      13.0000      647.447  1.90487e-10  1.51896e-12
      13.0000      647.946  1.83549e-10  1.48909e-12
      13.0000      648.445  1.89394e-10  1.60099e-12
      13.0000      648.943  1.97722e-10  1.75857e-12
      13.0000      649.443  1.73438e-10  1.57757e-12
      13.0000      649.942  1.79784e-10  1.51242e-12
      4.00000      650.442  1.82231e-10  1.42079e-12
      4.00000      650.943  1.61262e-10  1.35616e-12
      4.00000      651.444  1.62266e-10  1.41236e-12
      4.00000      651.945  1.69857e-10  1.38406e-12
      4.00000      652.447  1.58600e-10  1.30285e-12
      4.00000      652.949  1.64448e-10  1.23673e-12
      4.00000      653.452  1.87435e-10  1.21731e-12
      4.00000      653.955  1.75155e-10          NaN
      4.00000      654.458  1.73676e-10          NaN
      4.00000      654.961  1.83973e-10  1.34941e-12
      4.00000      655.465  1.76662e-10  1.36892e-12
      4.00000      655.970  1.71397e-10  1.30537e-12
      4.00000      656.475  1.89237e-10  1.37457e-12
      4.00000      656.980  1.74070e-10  1.51493e-12
      4.00000      657.485  1.58464e-10  1.59976e-12
      4.00000      657.991  1.85367e-10  1.79294e-12
      4.00000      658.497  1.84131e-10  1.74137e-12
      4.00000      659.004  1.65887e-10  1.66556e-12
      4.00000      659.511  2.07447e-10  1.82002e-12
      14.0000      660.019  2.94239e-10  2.94895e-12
      14.0000      660.527  2.49197e-10  2.96970e-12
      14.0000      661.035  2.30843e-10  2.86780e-12
      14.0000      661.544  2.19578e-10  2.82229e-12
      14.0000      662.053  1.77060e-10  2.65546e-12
      14.0000      662.562  1.79424e-10  2.37124e-12
      14.0000      663.072  1.77211e-10  2.29192e-12
      14.0000      663.582  1.56041e-10  2.17375e-12
      14.0000      664.093  1.62625e-10  2.20649e-12
      14.0000      664.604  1.81891e-10  2.25341e-12
      14.0000      665.116  1.72913e-10  1.93512e-12
      14.0000      665.627  1.96562e-10  1.95537e-12
      14.0000      666.140  1.72676e-10  1.83589e-12
      14.0000      666.652  2.05955e-10  1.84902e-12
      14.0000      667.165  5.27231e-10  2.19153e-12
      14.0000      667.678  8.61803e-10  2.57666e-12
      14.0000      668.192  5.30091e-10  2.12842e-12
      14.0000      668.707  2.35199e-10  1.63520e-12
      14.0000      669.221  1.67604e-10  1.53593e-12
      14.0000      669.736  2.01269e-10  1.57204e-12
      14.0000      670.252  2.67914e-10  1.57261e-12
      14.0000      670.767  2.39038e-10  1.46380e-12
      14.0000      671.283  1.72361e-10  1.31653e-12
      14.0000      671.800  1.51329e-10  1.29990e-12
      14.0000      672.317  1.92653e-10  1.35417e-12
      14.0000      672.834  2.53916e-10  1.44056e-12
      14.0000      673.352  2.56081e-10  1.41181e-12
      14.0000      673.870  2.99216e-10  1.36754e-12
      14.0000      674.389  3.63538e-10  1.45033e-12
      14.0000      674.908  4.55103e-10  1.55132e-12
      14.0000      675.427  3.76529e-10  1.49140e-12
      14.0000      675.947  2.13958e-10  1.27865e-12
      14.0000      676.467  2.12320e-10  1.24369e-12
      14.0000      676.988  3.02160e-10  1.29475e-12
      14.0000      677.509  3.80330e-10  1.42907e-12
      14.0000      678.030  2.79342e-10  1.35085e-12
      14.0000      678.552  1.97313e-10  1.22186e-12
      14.0000      679.074  3.64926e-10  1.29152e-12
      14.0000      679.597  7.31942e-10  1.66670e-12
      14.0000      680.119  6.53076e-10  1.65586e-12
      14.0000      680.643  2.67373e-10  1.29145e-12
      14.0000      681.166  2.20563e-10  1.20072e-12
      14.0000      681.691  3.87406e-10  1.31309e-12
      14.0000      682.215  5.52717e-10  1.52287e-12
      14.0000      682.740  3.32225e-10  1.32330e-12
      14.0000      683.266  1.89524e-10          NaN
      14.0000      683.792  4.67011e-10          NaN
      14.0000      684.318  1.03892e-09  1.91967e-12
      14.0000      684.844  8.85149e-10          NaN
      14.0000      685.371  2.86860e-10          NaN
      14.0000      685.899  2.68133e-10  1.26417e-12
      14.0000      686.427  5.46869e-10          NaN
      14.0000      686.955  8.02049e-10          NaN
      14.0000      687.484  3.15955e-10  1.37521e-12
      14.0000      688.012  2.32876e-10  1.21448e-12
      14.0000      688.542  6.60386e-10  1.62911e-12
      14.0000      689.072  1.82358e-09          NaN
      14.0000      689.602  1.11629e-09          NaN
      14.0000      690.133  2.30131e-10          NaN
      14.0000      690.664  2.55654e-10          NaN
      14.0000      691.195  9.88700e-10  2.28030e-12
      14.0000      691.727  1.25497e-09  2.64909e-12
      14.0000      692.260  3.52452e-10  1.66350e-12
      14.0000      692.792  2.53132e-10  1.38123e-12
      14.0000      693.326  8.39327e-10  2.15240e-12
      14.0000      693.859  2.49329e-09  3.48215e-12
      14.0000      694.393  1.02300e-09  2.23244e-12
      14.0000      694.927  2.97177e-10  1.38714e-12
      14.0000      695.462  4.21563e-10  1.53309e-12
      4.00000      695.997  1.33442e-09  2.51451e-12
      4.00000      696.533  1.06486e-09  1.99991e-12
      4.00000      697.069  3.98297e-10  1.39227e-12
      4.00000      697.605  3.63721e-10  1.39409e-12
      4.00000      698.142  1.50273e-09  2.50369e-12
      4.00000      698.679  2.02316e-09  2.56173e-12
      4.00000      699.217  9.10124e-10  1.70933e-12
      4.00000      699.755  3.33611e-10  1.26078e-12
      4.00000      700.293  8.50745e-10  1.86372e-12
      4.00000      700.832  1.57304e-09  2.42277e-12
      4.00000      701.371  1.08502e-09  2.18945e-12
      4.00000      701.911  3.31965e-10  1.26288e-12
      4.00000      702.451  6.50036e-10  1.57286e-12
      4.00000      702.992  2.53441e-09  3.05554e-12
      4.00000      703.533  2.72076e-09  3.96153e-12
      4.00000      704.074  6.36547e-10  2.00025e-12
      4.00000      704.616  3.66014e-10  1.55258e-12
      4.00000      705.158  1.35424e-09  2.81783e-12
      4.00000      705.701  2.55785e-09  4.25690e-12
      4.00000      706.244  8.08370e-10  2.73320e-12
      4.00000      706.788  2.96275e-10  1.72243e-12
      4.00000      707.332  1.09224e-09  2.77186e-12
      4.00000      707.876  3.56805e-09          NaN
      4.00000      708.421  1.90900e-09          NaN
      4.00000      708.965  4.90919e-10  1.83656e-12
      15.0000      709.511  6.48940e-10  3.32818e-12
      15.0000      710.057  1.77053e-09          NaN
      15.0000      710.604  1.86279e-09          NaN
      15.0000      711.151  5.72189e-10  2.82589e-12
      15.0000      711.698  9.54049e-10  2.92199e-12
      15.0000      712.245  2.66052e-09  4.22108e-12
      15.0000      712.793  3.53272e-09  5.23958e-12
      15.0000      713.342  1.35501e-09  3.41943e-12
      15.0000      713.891  5.43008e-10  2.32440e-12
      15.0000      714.440  1.08478e-09  2.58643e-12
      15.0000      714.990  1.85934e-09  3.29574e-12
      15.0000      715.540  1.30821e-09  2.97350e-12
      15.0000      716.091  7.72354e-10  2.26886e-12
      15.0000      716.642  1.36542e-09  2.65650e-12
      15.0000      717.193  2.49256e-09  3.27875e-12
      15.0000      717.745  2.30931e-09  3.37129e-12
      15.0000      718.297  6.23559e-10  2.05628e-12
      15.0000      718.850  5.68547e-10  1.89969e-12
      15.0000      719.403  1.64653e-09  2.57751e-12
      15.0000      719.957  2.02605e-09  2.87770e-12
      15.0000      720.511  8.45321e-10  2.07384e-12
      15.0000      721.066  4.87989e-10          NaN
      15.0000      721.620  1.62152e-09          NaN
      15.0000      722.175  2.48853e-09  2.92635e-12
      15.0000      722.731  1.36811e-09  2.36113e-12
      15.0000      723.288  6.16795e-10  1.81757e-12
      15.0000      723.844  8.81275e-10  1.96363e-12
      15.0000      724.401  1.19143e-09  2.11155e-12
      15.0000      724.959  7.92722e-10  1.73923e-12
      15.0000      725.517  2.66744e-10  1.27389e-12
      15.0000      726.075  2.37884e-10  1.38561e-12
      15.0000      726.634  2.53350e-10  1.32414e-12
      15.0000      727.193  3.30538e-10  1.29752e-12
      15.0000      727.752  1.51847e-09  2.06527e-12
      15.0000      728.312  5.74884e-09  3.81328e-12
      15.0000      728.873  1.91753e-08  9.15670e-12
      15.0000      729.434  3.27201e-08  1.41177e-11
      15.0000      729.995  2.62285e-08  1.22789e-11
      15.0000      730.557  1.37290e-08  6.49062e-12
      15.0000      731.119  7.95132e-09          NaN
      15.0000      731.681  4.65847e-09          NaN
      15.0000      732.245  1.87512e-09  2.55912e-12
      15.0000      732.808  9.41580e-10  1.82696e-12
      15.0000      733.372  1.51860e-09  1.99901e-12
      15.0000      733.936  2.59709e-09  2.84954e-12
      15.0000      734.501  1.38336e-09  2.32591e-12
      15.0000      735.067  7.04086e-10  1.77761e-12
      15.0000      735.632  1.42869e-09  2.26244e-12
      15.0000      736.198  2.60232e-09  3.12713e-12
      15.0000      736.764  1.57645e-09  2.61377e-12
      15.0000      737.332  6.56728e-10  1.87233e-12
      15.0000      737.899  1.20683e-09  2.10821e-12
      15.0000      738.467  3.44872e-09  3.73733e-12
      15.0000      739.035  2.24085e-09  3.12343e-12
      15.0000      739.604  6.35137e-10  1.88484e-12
      15.0000      740.173  6.64502e-10  1.93014e-12
      15.0000      740.742  2.31414e-09  3.45281e-12
      15.0000      741.312  1.69194e-09  2.89530e-12
      4.00000      741.883  6.91696e-10  1.89047e-12
      4.00000      742.454  6.08174e-10  1.86125e-12
      4.00000      743.025  2.67891e-09  3.73926e-12
      4.00000      743.597  2.23721e-09  3.12357e-12
      4.00000      744.169  7.72448e-10  1.83207e-12
      4.00000      744.742  5.55293e-10  1.53926e-12
      4.00000      745.315  1.69125e-09          NaN
      4.00000      745.888  1.78691e-09          NaN
      4.00000      746.463  7.80353e-10  1.69215e-12
      4.00000      747.037  6.70625e-10  1.47801e-12
      4.00000      747.612  2.11458e-09  2.67036e-12
      4.00000      748.187  2.62089e-09  2.71804e-12
      4.00000      748.763  1.09631e-09  1.97500e-12
      4.00000      749.339  5.94003e-10  1.47477e-12
      4.00000      749.916  1.46826e-09  2.08842e-12
      4.00000      750.493  1.98816e-09  2.59310e-12
      4.00000      751.070  9.84729e-10  2.04977e-12
      4.00000      751.649  6.06428e-10  1.65924e-12
      4.00000      752.227  1.82135e-09  2.45177e-12
      4.00000      752.806  2.87285e-09  3.83549e-12
      4.00000      753.385  1.22022e-09  2.59258e-12
      4.00000      753.965  4.37224e-10  1.75873e-12
      4.00000      754.545  1.08400e-09  2.62030e-12
      4.00000      755.126  1.96723e-09  3.91335e-12
      4.00000      755.707  8.63725e-10  2.46561e-12
      4.00000      756.288  3.72627e-10  1.77101e-12
      4.00000      756.870  1.37708e-09  3.14173e-12
      4.00000      757.452  2.38591e-09  4.01290e-12
      4.00000      758.035  1.06949e-09  2.26983e-12
      4.00000      758.619  3.65297e-10  1.54821e-12
      16.0000      759.202  8.57540e-10          NaN
      16.0000      759.787  1.59284e-09          NaN
      16.0000      760.371  7.52629e-10  2.91468e-12
      16.0000      760.956  3.29474e-10  2.35234e-12
      16.0000      761.542  1.14511e-09  3.53897e-12
      16.0000      762.128  2.24428e-09  4.51780e-12
      16.0000      762.715  8.24581e-10  2.78126e-12
      16.0000      763.302  3.33036e-10  2.26146e-12
      16.0000      763.889  7.24301e-10  2.88361e-12
      16.0000      764.477  1.44859e-09  3.65692e-12
      16.0000      765.065  6.11907e-10  2.42595e-12
      16.0000      765.654  3.20942e-10  1.99985e-12
      16.0000      766.243  9.73065e-10  2.94669e-12
      16.0000      766.832  2.08538e-09  3.98142e-12
      16.0000      767.423  6.89987e-10  2.43730e-12
      16.0000      768.013  3.56856e-10  1.87933e-12
      16.0000      768.604  6.95203e-10  2.36436e-12
      16.0000      769.196  1.21106e-09  2.93395e-12
      16.0000      769.787  5.26230e-10  2.13494e-12
      16.0000      770.380  4.06342e-10  1.84293e-12
      16.0000      770.973  1.01515e-09  2.55360e-12
      16.0000      771.566  1.71412e-09  3.21432e-12
      16.0000      772.160  6.74791e-10  2.23716e-12
      16.0000      772.754  4.57872e-10  1.85808e-12
      16.0000      773.349  7.41573e-10  2.14066e-12
      16.0000      773.944  9.83427e-10  2.37961e-12
      16.0000      774.539  5.93437e-10  1.98182e-12
      16.0000      775.135  5.66495e-10  1.92759e-12
      16.0000      775.732  1.15834e-09  2.49287e-12
      16.0000      776.329  1.34288e-09  2.59109e-12
      16.0000      776.927  7.29623e-10  2.00074e-12
      16.0000      777.524  6.60991e-10  1.97860e-12
      16.0000      778.122  9.49058e-10  2.21450e-12
      16.0000      778.721  9.08979e-10  2.10549e-12
      16.0000      779.321  8.22066e-10  1.93889e-12
      16.0000      779.920  8.07465e-10  1.98821e-12
      16.0000      780.520  1.26177e-09  2.36559e-12
      16.0000      781.121  1.09455e-09  2.07249e-12
      16.0000      781.722  9.84009e-10          NaN
      16.0000      782.324  9.71472e-10          NaN
      16.0000      782.926  1.14824e-09  2.08891e-12
      16.0000      783.528  1.13323e-09  2.01940e-12
      16.0000      784.131  1.11533e-09  1.91237e-12
      16.0000      784.735  1.14794e-09  1.91813e-12
      16.0000      785.339  1.37984e-09          NaN
      16.0000      785.943  1.32977e-09          NaN
      16.0000      786.548  1.35124e-09  1.98750e-12
      16.0000      787.153  1.42243e-09  1.97174e-12
      16.0000      787.758  1.45485e-09  1.98073e-12
      16.0000      788.365  1.35168e-09  1.92720e-12
      16.0000      788.971  1.43303e-09  2.00880e-12
      16.0000      789.579  1.54322e-09  2.02290e-12
      4.00000      790.186  1.67548e-09  2.03197e-12
      4.00000      790.794  1.74554e-09  2.14374e-12
      4.00000      791.403  1.79928e-09  2.24284e-12
      4.00000      792.011  1.72892e-09          NaN
      4.00000      792.621  1.63377e-09          NaN
      4.00000      793.231  1.84978e-09  2.26648e-12
      4.00000      793.842  1.97607e-09  2.50557e-12
      4.00000      794.452  2.08163e-09  2.67760e-12
      4.00000      795.064  1.97806e-09  2.74949e-12
      4.00000      795.675  2.03456e-09  2.72980e-12
      4.00000      796.288  2.16634e-09          NaN
      4.00000      796.900  2.20850e-09          NaN
      4.00000      797.514  2.07442e-09  3.42389e-12
      4.00000      798.128  2.07723e-09  3.34832e-12
      4.00000      798.742  2.90303e-09  4.04734e-12
      4.00000      799.357  2.53246e-09  3.85368e-12
      4.00000      799.972  2.12373e-09  3.52830e-12
      4.00000      800.587  1.90497e-09  3.19911e-12
      4.00000      801.203  2.96754e-09  3.72492e-12
      4.00000      801.820  2.65175e-09  3.34339e-12
      4.00000      802.437  2.49975e-09  3.28586e-12
      4.00000      803.054  2.16168e-09  3.04216e-12
      4.00000      803.672  3.03140e-09  3.51742e-12
      4.00000      804.291  2.96090e-09  3.23027e-12
      4.00000      804.910  2.43921e-09  3.07142e-12
      4.00000      805.529  2.33468e-09  3.17146e-12
      4.00000      806.149  3.36418e-09  3.73977e-12
      4.00000      806.769  4.12998e-09  4.38919e-12
      4.00000      807.390  2.54161e-09  3.54817e-12
      4.00000      808.012  2.32834e-09  3.77838e-12
      4.00000      808.633  2.96021e-09  4.26960e-12
      17.0000      809.255  4.25272e-09  5.94856e-12
      17.0000      809.878  2.69555e-09  4.66170e-12
      17.0000      810.501  2.43165e-09  4.30321e-12
      17.0000      811.125  3.12610e-09          NaN
      17.0000      811.750  4.41833e-09          NaN
      17.0000      812.374  3.08104e-09          NaN
      17.0000      812.999  2.20093e-09          NaN
      17.0000      813.625  3.67357e-09  4.14640e-12
      17.0000      814.251  5.91499e-09  5.34563e-12
      17.0000      814.878  4.44703e-09  4.89374e-12
      17.0000      815.504  2.03772e-09  3.28897e-12
      17.0000      816.132  3.12126e-09  3.59361e-12
      17.0000      816.760  5.45832e-09  4.64370e-12
      17.0000      817.389  4.84462e-09  4.66627e-12
      17.0000      818.017  2.02534e-09  3.08119e-12
      17.0000      818.647  2.75794e-09  3.22868e-12
      17.0000      819.277  5.39654e-09  4.25440e-12
      17.0000      819.907  5.64061e-09  4.65825e-12
      17.0000      820.538  2.15203e-09  3.07071e-12
      17.0000      821.170  1.83396e-09  2.65407e-12
      17.0000      821.802  5.14655e-09          NaN
      17.0000      822.434  7.91221e-09          NaN
      17.0000      823.067  4.04948e-09  3.95295e-12
      17.0000      823.700  2.36445e-09  2.83619e-12
      17.0000      824.334  5.05068e-09  3.69311e-12
      17.0000      824.969  7.16599e-09  4.79693e-12
      17.0000      825.604  3.69618e-09  3.74031e-12
      17.0000      826.239  2.00618e-09  2.69025e-12
      17.0000      826.875  4.03164e-09  3.28090e-12
      17.0000      827.511  6.72872e-09  4.60059e-12
      17.0000      828.148  4.23463e-09  3.91510e-12
      17.0000      828.785  2.10123e-09  2.78204e-12
      17.0000      829.423  3.53300e-09  3.18727e-12
      17.0000      830.061  6.51547e-09  4.61791e-12
      17.0000      830.700  4.90016e-09  4.28778e-12
      17.0000      831.339  2.13221e-09  2.91657e-12
      17.0000      831.979  2.70764e-09  3.08884e-12
      17.0000      832.619  4.96118e-09  4.26891e-12
      17.0000      833.260  4.57515e-09  4.33869e-12
      17.0000      833.901  1.99015e-09  3.04296e-12
      17.0000      834.543  2.15403e-09  3.13909e-12
      17.0000      835.185  4.06530e-09  4.23452e-12
      17.0000      835.828  4.37913e-09  4.47406e-12
      17.0000      836.471  2.13057e-09  3.28438e-12
      17.0000      837.114  2.12182e-09  3.31062e-12
      17.0000      837.759  3.47564e-09  3.94773e-12
      17.0000      838.404  3.87455e-09  4.00523e-12
      17.0000      839.049  2.29071e-09          NaN
      4.00000      839.694  2.20856e-09          NaN
      4.00000      840.340  2.81611e-09  3.29953e-12
      4.00000      840.987  3.18684e-09  3.28885e-12
      4.00000      841.634  2.42128e-09  2.72655e-12
      4.00000      842.282  1.99423e-09  2.56985e-12
      4.00000      842.930  2.40071e-09  2.82525e-12
      4.00000      843.579  2.87915e-09  2.91197e-12
      4.00000      844.228  2.53474e-09  2.63929e-12
      4.00000      844.877  2.13828e-09  2.50363e-12
      4.00000      845.528  2.09506e-09  2.58548e-12
      4.00000      846.178  2.34954e-09  2.64298e-12
      4.00000      846.830  2.19221e-09          NaN
      4.00000      847.481  2.17063e-09          NaN
      4.00000      848.133  2.03713e-09  2.80037e-12
      4.00000      848.786  2.19063e-09  2.94419e-12
      4.00000      849.439  1.94953e-09  2.87585e-12
      4.00000      850.093  1.89377e-09  2.94297e-12
      4.00000      850.747  1.62142e-09          NaN
      4.00000      851.401  1.97637e-09          NaN
      4.00000      852.057  1.77244e-09  3.39844e-12
      4.00000      852.713  1.81454e-09  3.55351e-12
      4.00000      853.368  1.47470e-09  3.42902e-12
      4.00000      854.026  1.65962e-09  3.58018e-12
      4.00000      854.683  1.37825e-09  3.07720e-12
      4.00000      855.341  1.51722e-09  3.05697e-12
      4.00000      855.999  1.35975e-09  2.88497e-12
      4.00000      856.657  1.34634e-09  2.88211e-12
      4.00000      857.316  1.22984e-09  2.66805e-12
      4.00000      857.976  1.19985e-09  2.53891e-12
      18.0000      858.637  1.05916e-09  4.14073e-12
      18.0000      859.297  1.10483e-09  3.88986e-12
      18.0000      859.958  1.10743e-09  3.78385e-12
      18.0000      860.620  1.02324e-09  3.64975e-12
      18.0000      861.283  9.65316e-10  3.48258e-12
      18.0000      861.945  9.15383e-10  3.19344e-12
      18.0000      862.608  8.41849e-10  3.08397e-12
      18.0000      863.272  7.81968e-10  3.03439e-12
      18.0000      863.937  8.26455e-10  3.02363e-12
      18.0000      864.602  7.49234e-10  2.70533e-12
      18.0000      865.267  7.16750e-10  2.62959e-12
      18.0000      865.933  6.33019e-10  2.67036e-12
      18.0000      866.599  6.19529e-10  2.57511e-12
      18.0000      867.266  5.60773e-10  2.32550e-12
      18.0000      867.934  5.84276e-10  2.28283e-12
      18.0000      868.601  5.14379e-10  2.25350e-12
      18.0000      869.270  4.97733e-10  2.18208e-12
      18.0000      869.938  4.58189e-10  2.04174e-12
      18.0000      870.608  4.38229e-10  1.96986e-12
      18.0000      871.277  3.66110e-10  1.94979e-12
      18.0000      871.948  3.89251e-10  1.93894e-12
      18.0000      872.619  3.75591e-10  1.86542e-12
      18.0000      873.291  3.48197e-10  1.75475e-12
      18.0000      873.962  2.95141e-10  1.76119e-12
      18.0000      874.635  2.76239e-10  1.74314e-12
      18.0000      875.308  2.53613e-10  1.58662e-12
      18.0000      875.982  2.43767e-10  1.51012e-12
      18.0000      876.656  2.26673e-10  1.52927e-12
      18.0000      877.331  1.98792e-10  1.47905e-12
      18.0000      878.005  1.95586e-10  1.35950e-12
      18.0000      878.681  1.84391e-10  1.29447e-12
      18.0000      879.357  1.51816e-10  1.24976e-12
      18.0000      880.035  1.44144e-10  1.24652e-12
      18.0000      880.711  1.51867e-10  1.15567e-12
      18.0000      881.389  1.36610e-10  1.08292e-12
      18.0000      882.068  1.21421e-10  1.08125e-12
      18.0000      882.747  1.12536e-10  1.05333e-12
      18.0000      883.426  1.06864e-10  9.67790e-13
      18.0000      884.105  1.01109e-10  9.18398e-13
      18.0000      884.786  9.41730e-11  9.17411e-13
      18.0000      885.467  8.50368e-11  9.14504e-13
      18.0000      886.148  7.99536e-11  8.51954e-13
      18.0000      886.830  7.69335e-11  7.99561e-13
      18.0000      887.512  6.85164e-11  8.05599e-13
      18.0000      888.195  6.42226e-11  8.17721e-13
      4.00000      888.879  5.36866e-11  7.90887e-13
      4.00000      889.563  6.57093e-11  7.58877e-13
      4.00000      890.248  6.55861e-11  7.80461e-13
      4.00000      890.932  4.73431e-11  8.29787e-13
      4.00000      891.618  3.39896e-11  8.23047e-13
      4.00000      892.304  3.07052e-11  7.77014e-13
      4.00000      892.991  4.72901e-11  8.15864e-13
      4.00000      893.678  4.56367e-11  8.86083e-13
      4.00000      894.366  4.24003e-11  9.10350e-13
      4.00000      895.054  4.11377e-11  8.86000e-13
      4.00000      895.743  4.17606e-11  9.54992e-13
      4.00000      896.432  4.29092e-11  1.09572e-12
      4.00000      897.122  4.00373e-11  1.12262e-12
      4.00000      897.812  4.41546e-11  1.09656e-12
      4.00000      898.503  3.99816e-11  1.13571e-12
      4.00000      899.194  3.13253e-11  1.21505e-12
      4.00000      899.887  3.37654e-11  1.13850e-12
      4.00000      900.579  3.43626e-11  1.03131e-12
      4.00000      901.272  2.83850e-11  1.01214e-12
      4.00000      901.965  3.25623e-11  1.09691e-12
      4.00000      902.660  3.51651e-11  1.04642e-12
      4.00000      903.354  2.99201e-11  9.51911e-13
      4.00000      904.050  3.22171e-11  9.83272e-13
      4.00000      904.745  3.04567e-11  1.05994e-12
      4.00000      905.441  3.23010e-11  1.07811e-12
      4.00000      906.138  3.30670e-11  1.04549e-12
      4.00000      906.835  2.62709e-11  1.09546e-12
      4.00000      907.533  3.05818e-11  1.27242e-12
      4.00000      908.231  4.17156e-11  1.44066e-12
      19.0000      908.931  1.62070e-11  2.50138e-12
      19.0000      909.630  3.26259e-11  2.21758e-12
      19.0000      910.330  3.79387e-11  1.93948e-12
      19.0000      911.031  4.18924e-11  1.99607e-12
      19.0000      911.732  3.99456e-11  1.89653e-12
      19.0000      912.433  3.29085e-11  1.74669e-12
      19.0000      913.135  3.44107e-11  1.59398e-12
      19.0000      913.838  3.39798e-11  1.50877e-12
      19.0000      914.541  3.99261e-11  1.57180e-12
      19.0000      915.245  5.17613e-11  1.46575e-12
      19.0000      915.949  3.73886e-11  1.26600e-12
      19.0000      916.654  2.90240e-11  1.29089e-12
      19.0000      917.360  3.29722e-11  1.29479e-12
      19.0000      918.065  2.89827e-11  1.17271e-12
      19.0000      918.771  2.35339e-11  1.07329e-12
      19.0000      919.479  2.80889e-11  1.11891e-12
      19.0000      920.187  4.01989e-11  1.12643e-12
      19.0000      920.894  4.13588e-11  1.00470e-12
      19.0000      921.603  4.37596e-11  9.59477e-13
      19.0000      922.313  6.17543e-11  1.03131e-12
      19.0000      923.022  5.28250e-11  9.99431e-13
      19.0000      923.732  3.42393e-11  8.93310e-13
      19.0000      924.443  2.60060e-11  8.55581e-13
      19.0000      925.155  2.03959e-11  8.89219e-13
      19.0000      925.867  1.78151e-11  8.69662e-13
      19.0000      926.579  2.32534e-11  8.02250e-13
      19.0000      927.292  2.30836e-11  7.76321e-13
      19.0000      928.005  1.83415e-11  8.04798e-13
      19.0000      928.720  2.50810e-11  8.08406e-13
      19.0000      929.435  3.52529e-11  7.62292e-13
      19.0000      930.149  3.57076e-11  7.70652e-13
      19.0000      930.866  2.71507e-11  8.11075e-13
      19.0000      931.582  2.21271e-11  8.17808e-13
      19.0000      932.298  2.27592e-11  7.65994e-13
      19.0000      933.016  1.92104e-11  7.66262e-13
      19.0000      933.734  1.84905e-11  8.41419e-13
      19.0000      934.453  1.89864e-11  8.38556e-13
      19.0000      935.172  1.57639e-11  7.85576e-13
      19.0000      935.891  1.78279e-11  8.18303e-13
      19.0000      936.611  2.07242e-11  9.29710e-13
      19.0000      937.332  1.95555e-11  9.21881e-13
      4.00000      938.054  9.24714e-12  8.70468e-13
      4.00000      938.775  1.05427e-11  9.73425e-13
      4.00000      939.498  2.25153e-11  1.05825e-12
      4.00000      940.221  2.59041e-11  9.94140e-13
      4.00000      940.944  1.75393e-11  9.15458e-13
      4.00000      941.668  1.49395e-11  9.73872e-13
      4.00000      942.393  1.44275e-11  9.50017e-13
      4.00000      943.118  2.45867e-11  8.43826e-13
      4.00000      943.844  2.56363e-11  8.11825e-13
      4.00000      944.570  3.06380e-11  8.84279e-13
      4.00000      945.298  3.26794e-11  8.75287e-13
      4.00000      946.025  4.28031e-11          NaN
      4.00000      946.753  4.87918e-11          NaN
      4.00000      947.481  5.15832e-11  8.65939e-13
      4.00000      948.211  6.33005e-11  8.77654e-13
      4.00000      948.939  1.08209e-10  8.96497e-13
      4.00000      949.670  1.26183e-10  9.48613e-13
      4.00000      950.401  8.83724e-11  9.89083e-13
      4.00000      951.133  6.17307e-11          NaN
      4.00000      951.864  5.07031e-11          NaN
      4.00000      952.597  3.76434e-11  9.75525e-13
      4.00000      953.330  2.39669e-11  1.15822e-12
      4.00000      954.064  1.80189e-11  1.20155e-12
      4.00000      954.798  1.60961e-11  1.15020e-12
      4.00000      955.532  1.97507e-11  1.32989e-12
      4.00000      956.268  1.77196e-11  1.55765e-12
      4.00000      957.004  2.26840e-11  1.46161e-12
      4.00000      957.740  2.20294e-11  1.32992e-12
      20.0000      958.477  2.81666e-11  1.49693e-12
      20.0000      959.214  2.56547e-11  1.47041e-12
      20.0000      959.953  2.02294e-11  1.59676e-12
      20.0000      960.691  1.81341e-11  1.50965e-12
      20.0000      961.430  1.95724e-11  1.18916e-12
      20.0000      962.170  2.14934e-11  1.24405e-12
      20.0000      962.911  1.90150e-11  1.28987e-12
      20.0000      963.652  1.73192e-11  1.13061e-12
      20.0000      964.394  1.94326e-11  1.15540e-12
      20.0000      965.135  1.79521e-11  1.25725e-12
      20.0000      965.878  1.15425e-11  1.24182e-12
      20.0000      966.622  1.11338e-11  1.09584e-12
      20.0000      967.365 -1.89938e-11  1.13044e-12
      20.0000      968.110  2.80306e-11  1.18623e-12
      20.0000      968.855  3.99903e-11  1.10088e-12
      20.0000      969.600  4.14492e-11  1.01036e-12
      20.0000      970.346  2.74515e-11  1.02669e-12
      20.0000      971.093  2.54454e-11  1.04930e-12
      20.0000      971.840  1.57533e-11  9.58385e-13
      20.0000      972.589  8.73344e-12  8.82511e-13
      20.0000      973.336  1.15998e-11  9.04746e-13
      20.0000      974.085  9.55244e-12  8.99325e-13
      20.0000      974.836  1.04206e-11  8.16489e-13
      20.0000      975.585  1.32325e-11  7.94973e-13
      20.0000      976.337  1.39662e-11  8.49149e-13
      20.0000      977.087  1.68172e-11  8.53473e-13
      20.0000      977.839  2.37923e-11  7.94142e-13
      20.0000      978.592  2.89388e-11  7.88961e-13
      20.0000      979.345  2.10475e-11  8.33415e-13
      20.0000      980.098  1.35096e-11  8.12628e-13
      20.0000      980.853  1.34463e-11          NaN
      20.0000      981.608  9.58608e-12          NaN
      20.0000      982.363  9.22192e-12  8.41568e-13
      20.0000      983.119  9.80620e-12  8.29467e-13
      20.0000      983.875  8.35806e-12  7.88553e-13
      20.0000      984.633  8.74067e-12  8.72891e-13
      20.0000      985.391  1.05062e-11  9.44965e-13
      20.0000      986.149  2.10585e-11  8.86097e-13
      20.0000      986.908  2.45906e-11  8.84880e-13
      20.0000      987.667  2.84219e-11  1.01618e-12
      20.0000      988.427  2.78278e-11  1.05636e-12
      20.0000      989.187  1.20126e-11  9.51792e-13
      20.0000      989.949  9.91303e-12  1.03972e-12
      20.0000      990.710  3.72423e-12  1.18812e-12
      20.0000      991.473  1.02634e-11  1.05043e-12
      20.0000      992.236  1.05137e-11  9.49483e-13
      20.0000      992.999  1.16784e-11  1.04435e-12
      20.0000      993.763  1.05866e-11  1.02761e-12
      20.0000      994.528  9.30954e-12  8.85954e-13
      20.0000      995.293  8.58682e-12  9.02192e-13
      20.0000      996.060  1.27576e-11  9.86624e-13
      20.0000      996.826  2.09783e-11  9.40206e-13
      20.0000      997.593  1.57231e-11  8.50484e-13
      20.0000      998.361  1.42499e-11  9.00571e-13
      20.0000      999.129  1.65946e-11  9.52861e-13
      20.0000      999.898  1.42886e-11  9.12309e-13
      20.0000      1000.67  1.46523e-11  8.80557e-13
      20.0000      1001.44  1.44134e-11  9.84545e-13
      20.0000      1002.21  9.34214e-12  1.11144e-12
      20.0000      1002.98  8.23073e-12  1.10057e-12
      20.0000      1003.75  5.57209e-12  1.14463e-12
      20.0000      1004.52  7.02458e-12  1.40672e-12
      20.0000      1005.30  3.15395e-12  1.57853e-12
      20.0000      1006.07  1.74761e-11  1.51052e-12
      20.0000      1006.84  1.38840e-11  1.78010e-12
      20.0000      1007.62  1.69305e-11  2.10246e-12
