      11.0000      514.419  5.49553e-10  3.47545e-12
      11.0000      514.815  5.74323e-10  3.53196e-12
      11.0000      515.211  5.57778e-10  3.87507e-12
      11.0000      515.607  5.36717e-10  3.71163e-12
      11.0000      516.004  5.66807e-10  4.98695e-12
      11.0000      516.401  5.61012e-10  4.36938e-12
      11.0000      516.799  5.54855e-10  3.81112e-12
      11.0000      517.196  5.65889e-10  3.65894e-12
      11.0000      517.594  5.57460e-10  3.81459e-12
      11.0000      517.992  5.51800e-10  3.84792e-12
      11.0000      518.391  6.02755e-10  5.00186e-12
      11.0000      518.790  5.66348e-10  3.61700e-12
      11.0000      519.189  5.48219e-10  4.18860e-12
      11.0000      519.589  5.55179e-10  3.70870e-12
      11.0000      519.989  5.19593e-10  2.92144e-12
      11.0000      520.389  5.51378e-10  3.49485e-12
      11.0000      520.789  5.36925e-10  3.87927e-12
      11.0000      521.190  5.14233e-10  3.82891e-12
      11.0000      521.591  5.20736e-10  3.65562e-12
      11.0000      521.992  5.27125e-10  3.41659e-12
      11.0000      522.394  5.17876e-10  2.94811e-12
      11.0000      522.796  5.51278e-10  3.28918e-12
      11.0000      523.198  5.34667e-10  5.42476e-12
      11.0000      523.601  5.13244e-10  3.03019e-12
      11.0000      524.004  5.15770e-10          NaN
      11.0000      524.407  5.24206e-10          NaN
      11.0000      524.811  5.12854e-10  2.40310e-12
      11.0000      525.214  5.06103e-10  1.97501e-12
      11.0000      525.619  5.14506e-10  1.91433e-12
      11.0000      526.023  5.58379e-10  2.01204e-12
      11.0000      526.428  6.08887e-10  2.35136e-12
      11.0000      526.833  5.53480e-10  2.23393e-12
      11.0000      527.238  5.13839e-10  2.16658e-12
      11.0000      527.644  5.35328e-10  2.16628e-12
      11.0000      528.050  5.29972e-10  2.07732e-12
      11.0000      528.457  4.97392e-10  1.93098e-12
      11.0000      528.863  5.04344e-10  2.08514e-12
      11.0000      529.270  5.24154e-10  2.19811e-12
      11.0000      529.678  5.23474e-10  2.32564e-12
      11.0000      530.085  5.05353e-10  2.18581e-12
      11.0000      530.493  5.00819e-10  1.96346e-12
      11.0000      530.901  5.02338e-10  2.12274e-12
      11.0000      531.310  4.86003e-10  2.06033e-12
      11.0000      531.719  4.84007e-10  1.90440e-12
      11.0000      532.128  4.71743e-10  1.95497e-12
      11.0000      532.537  4.78924e-10  2.08965e-12
      11.0000      532.947  4.97509e-10  2.12571e-12
      11.0000      533.357  4.96861e-10  1.84703e-12
      11.0000      533.768  5.00334e-10  1.69480e-12
      11.0000      534.179  5.09039e-10  1.73392e-12
      11.0000      534.590  4.91723e-10  1.90578e-12
      11.0000      535.001  4.85416e-10  1.89680e-12
      11.0000      535.413  4.83601e-10  1.87993e-12
      11.0000      535.825  4.77874e-10  1.85011e-12
      11.0000      536.237  4.73706e-10  1.78903e-12
      11.0000      536.650  4.78449e-10  1.66106e-12
      11.0000      537.063  4.81265e-10  1.74258e-12
      11.0000      537.476  4.61533e-10  1.74389e-12
      11.0000      537.889  4.62758e-10          NaN
      11.0000      538.304  4.84151e-10          NaN
      11.0000      538.718  4.73868e-10  1.70013e-12
      11.0000      539.132  5.09491e-10  1.68000e-12
      11.0000      539.547  4.81515e-10  1.57637e-12
      11.0000      539.962  4.55873e-10          NaN
      11.0000      540.378  4.62045e-10          NaN
      11.0000      540.794  4.64968e-10  1.72532e-12
      11.0000      541.210  4.42254e-10  1.70778e-12
      11.0000      541.626  4.62150e-10  1.64837e-12
      11.0000      542.043  4.57887e-10  1.48049e-12
      11.0000      542.460  4.61649e-10  1.49068e-12
      11.0000      542.878  4.60049e-10  1.49033e-12
      11.0000      543.295  4.51771e-10  1.54442e-12
      11.0000      543.713  4.51782e-10  1.60664e-12
      11.0000      544.132  4.68129e-10  1.62810e-12
      11.0000      544.550  4.67745e-10  1.47685e-12
      11.0000      544.970  4.67535e-10  1.42606e-12
      11.0000      545.389  4.55411e-10  1.35367e-12
      11.0000      545.809  4.52320e-10  1.35441e-12
      11.0000      546.229  4.58537e-10  1.41050e-12
      11.0000      546.649  4.55116e-10  1.48028e-12
      11.0000      547.070  4.73189e-10  1.44048e-12
      11.0000      547.491  4.89934e-10  1.35599e-12
      11.0000      547.912  4.82772e-10  1.29728e-12
      11.0000      548.334  4.80692e-10  1.30320e-12
      11.0000      548.756  4.71069e-10  1.28597e-12
      11.0000      549.178  4.64183e-10  1.38858e-12
      11.0000      549.600  4.66814e-10  1.44580e-12
      11.0000      550.024  4.68388e-10  1.45067e-12
      11.0000      550.447  4.67787e-10  1.42627e-12
      11.0000      550.870  4.57843e-10  1.33814e-12
      11.0000      551.294  4.58650e-10  1.42431e-12
      11.0000      551.718  4.63918e-10  1.55456e-12
      11.0000      552.143  4.71390e-10  1.73922e-12
      11.0000      552.568  4.55022e-10  1.75793e-12
      11.0000      552.993  4.51418e-10  1.72294e-12
      11.0000      553.418  4.53034e-10  1.67432e-12
      11.0000      553.844  4.62438e-10  1.70597e-12
      11.0000      554.271  4.64294e-10  1.78183e-12
      11.0000      554.697  4.64060e-10  1.80896e-12
      11.0000      555.124  4.66991e-10  1.92076e-12
      11.0000      555.551  4.55360e-10  1.84418e-12
      11.0000      555.979  4.61450e-10  1.76336e-12
      11.0000      556.407  4.53622e-10  1.72903e-12
      11.0000      556.835  4.54611e-10  1.63532e-12
      11.0000      557.263  4.61263e-10  1.64463e-12
      11.0000      557.692  4.58970e-10  1.65110e-12
      11.0000      558.121  4.58864e-10  1.65060e-12
      11.0000      558.551  4.54716e-10  1.58139e-12
      11.0000      558.981  4.52905e-10  1.51918e-12
      11.0000      559.411  4.62846e-10  1.52827e-12
      4.00000      559.841  4.60384e-10  1.55926e-12
      4.00000      560.272  4.63135e-10  1.75347e-12
      4.00000      560.703  4.60620e-10  1.74870e-12
      12.0000      561.135  4.60264e-10  3.87646e-12
      12.0000      561.567  4.55782e-10  3.61763e-12
      12.0000      561.999  4.65872e-10  3.67600e-12
      12.0000      562.431  4.65604e-10  4.29676e-12
      12.0000      562.864  4.92087e-10  3.31027e-12
      12.0000      563.297  4.72305e-10  3.93925e-12
      12.0000      563.731  4.59557e-10  3.34458e-12
      12.0000      564.164  4.75466e-10  3.10802e-12
      12.0000      564.599  4.63567e-10  2.89610e-12
      12.0000      565.033  4.67917e-10  3.17839e-12
      12.0000      565.468  4.84721e-10  3.03521e-12
      12.0000      565.903  4.82006e-10  3.78362e-12
      12.0000      566.338  4.64083e-10  2.58553e-12
      12.0000      566.774  4.80453e-10  2.70449e-12
      12.0000      567.210  5.15501e-10  1.36913e-11
      12.0000      567.647  5.31837e-10  2.37544e-11
      12.0000      568.084  5.05101e-10  2.20550e-12
      12.0000      568.521  4.93795e-10  2.26473e-12
      12.0000      568.958  4.76545e-10  2.33854e-12
      12.0000      569.396  4.77306e-10  2.21089e-12
      12.0000      569.834  4.83563e-10          NaN
      12.0000      570.273  4.74009e-10          NaN
      12.0000      570.711  4.82963e-10  2.39195e-12
      12.0000      571.151  4.68368e-10  2.17771e-12
      12.0000      571.590  4.60991e-10  1.91833e-12
      12.0000      572.030  4.61119e-10  1.95196e-12
      12.0000      572.470  4.59379e-10  1.87301e-12
      12.0000      572.911  4.61119e-10  1.91615e-12
      12.0000      573.352  4.67022e-10  1.82505e-12
      12.0000      573.793  4.73048e-10  1.84142e-12
      12.0000      574.234  4.59714e-10  1.73666e-12
      12.0000      574.676  4.62379e-10  1.86256e-12
      12.0000      575.119  4.70132e-10  1.88521e-12
      12.0000      575.561  4.70064e-10  1.95500e-12
      12.0000      576.004  4.62554e-10  1.81572e-12
      12.0000      576.447  4.70759e-10  1.78468e-12
      12.0000      576.891  4.66262e-10  1.69942e-12
      12.0000      577.335  4.60087e-10  1.65529e-12
      12.0000      577.779  4.63477e-10  1.93940e-12
      12.0000      578.224  4.63402e-10  1.82359e-12
      12.0000      578.669  4.65071e-10  1.63944e-12
      12.0000      579.114  4.56175e-10          NaN
      12.0000      579.560  4.54979e-10          NaN
      12.0000      580.006  4.56404e-10  1.75754e-12
      12.0000      580.452  4.47221e-10  1.57847e-12
      12.0000      580.899  4.50099e-10  1.65829e-12
      12.0000      581.346  4.48027e-10  1.71761e-12
      12.0000      581.793  4.51183e-10  1.58467e-12
      12.0000      582.241  4.49179e-10          NaN
      12.0000      582.689  4.56176e-10          NaN
      12.0000      583.137  4.60157e-10  1.42684e-12
      12.0000      583.586  4.70300e-10  1.54694e-12
      12.0000      584.035  4.81700e-10  1.50489e-12
      12.0000      584.484  4.80474e-10  1.43198e-12
      12.0000      584.934  4.47063e-10  1.30153e-12
      12.0000      585.384  4.38351e-10  1.37528e-12
      12.0000      585.835  4.37390e-10  1.32247e-12
      12.0000      586.286  5.48983e-10  1.43488e-12
      12.0000      586.737  1.18733e-09  1.83752e-12
      12.0000      587.188  1.28441e-09  1.86858e-12
      12.0000      587.640  5.35694e-10  1.36368e-12
      12.0000      588.092  4.58915e-10  1.28292e-12
      12.0000      588.545  4.44708e-10  1.33092e-12
      12.0000      588.998  4.34867e-10  1.36086e-12
      12.0000      589.451  4.51868e-10  1.41100e-12
      12.0000      589.905  4.49028e-10  1.36833e-12
      12.0000      590.359  4.40247e-10  1.31652e-12
      12.0000      590.813  4.39020e-10  1.25834e-12
      12.0000      591.267  4.20368e-10  1.26506e-12
      12.0000      591.723  4.14215e-10  1.29872e-12
      12.0000      592.178  4.30722e-10  1.37983e-12
      12.0000      592.634  4.26437e-10  1.37566e-12
      12.0000      593.090  4.16443e-10  1.23320e-12
      12.0000      593.546  4.21843e-10  1.15289e-12
      12.0000      594.003  4.20445e-10  1.19479e-12
      12.0000      594.460  4.14929e-10  1.26209e-12
      12.0000      594.917  4.21578e-10  1.24428e-12
      12.0000      595.375  4.17186e-10  1.16955e-12
      12.0000      595.833  4.20635e-10  1.09137e-12
      12.0000      596.292  4.25499e-10  1.05017e-12
      12.0000      596.751  4.25883e-10  1.05625e-12
      12.0000      597.210  4.20780e-10  1.07310e-12
      12.0000      597.669  4.19093e-10  1.11295e-12
      12.0000      598.129  4.15922e-10  1.12204e-12
      12.0000      598.589  4.12158e-10  1.08780e-12
      12.0000      599.050  4.06987e-10  1.03258e-12
      12.0000      599.511  4.08043e-10  1.04319e-12
      12.0000      599.972  4.14383e-10  1.08580e-12
      12.0000      600.434  4.18665e-10  1.16536e-12
      12.0000      600.896  4.05005e-10  1.24435e-12
      12.0000      601.359  3.97561e-10  1.20450e-12
      12.0000      601.822  4.08149e-10  1.19542e-12
      12.0000      602.284  4.47968e-10  1.29212e-12
      12.0000      602.748  5.04697e-10  1.34625e-12
      12.0000      603.212  4.86739e-10  1.51790e-12
      12.0000      603.676  4.79193e-10  1.58293e-12
      12.0000      604.141  4.29700e-10  1.52874e-12
      12.0000      604.606  4.04264e-10  1.48516e-12
      4.00000      605.071  4.08618e-10  1.46701e-12
      4.00000      605.537  4.75498e-10          NaN
      4.00000      606.002  7.53661e-10          NaN
      4.00000      606.469  6.80013e-10          NaN
      4.00000      606.935  5.68445e-10  1.60010e-12
      4.00000      607.402  4.94350e-10  1.46855e-12
      4.00000      607.870  4.36031e-10  1.35095e-12
      4.00000      608.338  4.12268e-10  1.35796e-12
      4.00000      608.806  4.11804e-10  1.37221e-12
      4.00000      609.274  3.98700e-10  1.38613e-12
      4.00000      609.743  3.85692e-10  1.36528e-12
      13.0000      610.212  3.82391e-10  3.57656e-12
      13.0000      610.682  3.58470e-10  3.75509e-12
      13.0000      611.152  3.49576e-10  3.07910e-12
      13.0000      611.622  3.72873e-10  3.23788e-12
      13.0000      612.093  3.45937e-10  3.64479e-12
      13.0000      612.564  3.58568e-10  3.45206e-12
      13.0000      613.035  3.58917e-10  3.14985e-12
      13.0000      613.507  3.52107e-10  3.52545e-12
      13.0000      613.979  3.49952e-10  2.71611e-12
      13.0000      614.451  3.52216e-10  2.62618e-12
      13.0000      614.924  3.39669e-10  2.27681e-12
      13.0000      615.397  3.48740e-10  2.48485e-12
      13.0000      615.871  3.41498e-10  2.30824e-12
      13.0000      616.345  3.47049e-10  2.74582e-12
      13.0000      616.819  3.41353e-10  2.14257e-12
      13.0000      617.294  3.40634e-10  2.09213e-12
      13.0000      617.769  3.34896e-10  1.74239e-12
      13.0000      618.245  3.34110e-10  2.24347e-12
      13.0000      618.720  3.29139e-10  2.61076e-12
      13.0000      619.196  3.28516e-10  1.88907e-12
      13.0000      619.673  3.22314e-10  1.86752e-12
      13.0000      620.150  3.23951e-10  1.99334e-12
      13.0000      620.627  3.26700e-10          NaN
      13.0000      621.105  3.20211e-10          NaN
      13.0000      621.582  3.16677e-10  1.63361e-12
      13.0000      622.061  3.08069e-10  1.59583e-12
      13.0000      622.539  3.08499e-10  1.42612e-12
      13.0000      623.018  3.09740e-10  1.28480e-12
      13.0000      623.498  3.07344e-10  1.30090e-12
      13.0000      623.978  3.18795e-10  1.27971e-12
      13.0000      624.458  3.32509e-10  1.27028e-12
      13.0000      624.938  3.47073e-10  1.20348e-12
      13.0000      625.419  3.27120e-10  1.16280e-12
      13.0000      625.901  3.04880e-10  1.16124e-12
      13.0000      626.382  2.95125e-10  1.17547e-12
      13.0000      626.864  2.90711e-10  1.16599e-12
      13.0000      627.347  3.04139e-10  1.15952e-12
      13.0000      627.830  3.30625e-10  1.11163e-12
      13.0000      628.312  3.12238e-10  1.04530e-12
      13.0000      628.796  2.98987e-10  1.07324e-12
      13.0000      629.280  2.96391e-10  1.07406e-12
      13.0000      629.764  2.93700e-10  1.05963e-12
      13.0000      630.249  3.04309e-10  1.01804e-12
      13.0000      630.734  3.19173e-10  9.72730e-13
      13.0000      631.219  3.40792e-10  9.78713e-13
      13.0000      631.705  3.42825e-10  9.85502e-13
      13.0000      632.191  3.43569e-10  1.02233e-12
      13.0000      632.678  3.76612e-10  1.01023e-12
      13.0000      633.164  3.96170e-10  9.65556e-13
      13.0000      633.652  3.80789e-10  9.52762e-13
      13.0000      634.139  3.63613e-10  9.34214e-13
      13.0000      634.627  3.53004e-10  9.26928e-13
      13.0000      635.115  3.19156e-10  9.37025e-13
      13.0000      635.604  2.94605e-10  9.19604e-13
      13.0000      636.094  2.84684e-10  8.79282e-13
      13.0000      636.583  2.71772e-10  8.39101e-13
      13.0000      637.073  2.52640e-10  8.43064e-13
      13.0000      637.563  2.48904e-10  8.80033e-13
      13.0000      638.054  2.48855e-10  8.68920e-13
      13.0000      638.545  2.34736e-10  8.61339e-13
      13.0000      639.036  2.32380e-10  8.18676e-13
      13.0000      639.528  2.38969e-10  8.02123e-13
      13.0000      640.020  2.36757e-10  8.46165e-13
      13.0000      640.512  2.37501e-10  8.52098e-13
      13.0000      641.005  2.36025e-10  8.68648e-13
      13.0000      641.499  2.37177e-10  8.34851e-13
      13.0000      641.992  2.48245e-10  8.03277e-13
      13.0000      642.486  2.59255e-10  8.36830e-13
      13.0000      642.981  2.65266e-10  9.21761e-13
      13.0000      643.475  2.47543e-10  9.67659e-13
      13.0000      643.971  2.20017e-10  9.54626e-13
      13.0000      644.466  2.18829e-10  9.33306e-13
      13.0000      644.962  2.08791e-10  9.35065e-13
      13.0000      645.459  2.11431e-10  9.94019e-13
      13.0000      645.955  2.13460e-10  1.08672e-12
      13.0000      646.452  2.00793e-10  1.19128e-12
      13.0000      646.950  2.08788e-10  1.12307e-12
      13.0000      647.447  2.08540e-10  1.07368e-12
      13.0000      647.946  1.94064e-10  1.05192e-12
      13.0000      648.445  2.08760e-10  1.14127e-12
      13.0000      648.943  2.03009e-10  1.25375e-12
      13.0000      649.443  1.82970e-10  1.14116e-12
      13.0000      649.942  1.94527e-10  1.08690e-12
      4.00000      650.442  2.06954e-10  1.00738e-12
      4.00000      650.943  2.15786e-10  9.67195e-13
      4.00000      651.444  2.22652e-10  1.02050e-12
      4.00000      651.945  2.34415e-10  9.93267e-13
      4.00000      652.447  2.14461e-10  9.42106e-13
      4.00000      652.949  2.06171e-10  8.93271e-13
      4.00000      653.452  2.01512e-10  8.68440e-13
      4.00000      653.955  1.87606e-10          NaN
      4.00000      654.458  1.89257e-10          NaN
      4.00000      654.961  1.98305e-10  9.74071e-13
      4.00000      655.465  1.83658e-10  9.88394e-13
      4.00000      655.970  1.87553e-10  9.47619e-13
      4.00000      656.475  2.00918e-10  9.88198e-13
      4.00000      656.980  1.83214e-10  1.09773e-12
      4.00000      657.485  1.77910e-10  1.17658e-12
      4.00000      657.991  1.99085e-10  1.31243e-12
      4.00000      658.497  1.86031e-10  1.24785e-12
      4.00000      659.004  1.79811e-10  1.21476e-12
      4.00000      659.511  2.42655e-10  1.30424e-12
      14.0000      660.019  3.26081e-10  2.13516e-12
      14.0000      660.527  2.65109e-10  2.21214e-12
      14.0000      661.035  2.51015e-10  2.12476e-12
      14.0000      661.544  2.30626e-10  2.08619e-12
      14.0000      662.053  1.84585e-10  1.98484e-12
      14.0000      662.562  1.97930e-10  1.76270e-12
      14.0000      663.072  1.86061e-10  1.70198e-12
      14.0000      663.582  1.65235e-10  1.63103e-12
      14.0000      664.093  1.73084e-10  1.64768e-12
      14.0000      664.604  1.79925e-10  1.61821e-12
      14.0000      665.116  1.80482e-10  1.43345e-12
      14.0000      665.627  2.08222e-10  1.44322e-12
      14.0000      666.140  1.79109e-10  1.36306e-12
      14.0000      666.652  2.57125e-10  1.39591e-12
      14.0000      667.165  6.41328e-10  1.56898e-12
      14.0000      667.678  8.80629e-10  1.64186e-12
      14.0000      668.192  4.52750e-10  1.36067e-12
      14.0000      668.707  2.20492e-10  1.16712e-12
      14.0000      669.221  1.73733e-10  1.13717e-12
      14.0000      669.736  2.24600e-10  1.16257e-12
      14.0000      670.252  2.82558e-10  1.12415e-12
      14.0000      670.767  2.32966e-10  1.02987e-12
      14.0000      671.283  1.82578e-10  9.66037e-13
      14.0000      671.800  1.64126e-10  9.72711e-13
      14.0000      672.317  2.17461e-10  9.97719e-13
      14.0000      672.834  2.70144e-10  1.02474e-12
      14.0000      673.352  2.72542e-10  1.00600e-12
      14.0000      673.870  3.18986e-10  9.54608e-13
      14.0000      674.389  3.82969e-10  9.97267e-13
      14.0000      674.908  4.52985e-10  1.02849e-12
      14.0000      675.427  3.36495e-10  9.82710e-13
      14.0000      675.947  2.08647e-10  9.00807e-13
      14.0000      676.467  2.27947e-10  8.62122e-13
      14.0000      676.988  3.29136e-10  9.11428e-13
      14.0000      677.509  3.76104e-10  9.59859e-13
      14.0000      678.030  2.58062e-10  9.16170e-13
      14.0000      678.552  2.11257e-10  8.83079e-13
      14.0000      679.074  4.35147e-10  9.12148e-13
      14.0000      679.597  7.49478e-10  1.06175e-12
      14.0000      680.119  5.63723e-10  1.00955e-12
      14.0000      680.643  2.40168e-10  8.79469e-13
      14.0000      681.166  2.35583e-10  8.50925e-13
      14.0000      681.691  4.36693e-10  9.09759e-13
      14.0000      682.215  5.47659e-10  9.72204e-13
      14.0000      682.740  2.89227e-10  8.62226e-13
      14.0000      683.266  2.15297e-10          NaN
      14.0000      683.792  5.96487e-10          NaN
      14.0000      684.318  1.10826e-09  1.20906e-12
      14.0000      684.844  7.22871e-10          NaN
      14.0000      685.371  2.80049e-10          NaN
      14.0000      685.899  3.00548e-10  8.84574e-13
      14.0000      686.427  6.48396e-10          NaN
      14.0000      686.955  7.77617e-10          NaN
      14.0000      687.484  2.53576e-10  8.78684e-13
      14.0000      688.012  2.70721e-10  8.61438e-13
      14.0000      688.542  8.31219e-10  1.12568e-12
      14.0000      689.072  1.92986e-09          NaN
      14.0000      689.602  8.02949e-10          NaN
      14.0000      690.133  2.12418e-10          NaN
      14.0000      690.664  3.07568e-10          NaN
      14.0000      691.195  1.12059e-09  1.42185e-12
      14.0000      691.727  1.01913e-09  1.44706e-12
      14.0000      692.260  3.02136e-10  1.04363e-12
      14.0000      692.792  2.69890e-10  9.33309e-13
      14.0000      693.326  1.09375e-09  1.42139e-12
      14.0000      693.859  2.36866e-09  1.93561e-12
      14.0000      694.393  6.96811e-10  1.17328e-12
      14.0000      694.927  2.48822e-10  9.23522e-13
      14.0000      695.462  5.63577e-10  1.04869e-12
      4.00000      695.997  1.41687e-09  1.49768e-12
      4.00000      696.533  8.54058e-10  1.08311e-12
      4.00000      697.069  3.35232e-10  8.81210e-13
      4.00000      697.605  4.67165e-10  9.79230e-13
      4.00000      698.142  1.83483e-09  1.57799e-12
      4.00000      698.679  1.91345e-09  1.39356e-12
      4.00000      699.217  6.75742e-10  9.33006e-13
      4.00000      699.755  3.44326e-10  8.37967e-13
      4.00000      700.293  1.09604e-09  1.21740e-12
      4.00000      700.832  1.62223e-09  1.43576e-12
      4.00000      701.371  8.99865e-10  1.19739e-12
      4.00000      701.911  2.85473e-10  8.02351e-13
      4.00000      702.451  9.22350e-10  1.09791e-12
      4.00000      702.992  3.05159e-09  1.92443e-12
      4.00000      703.533  2.35991e-09  2.16185e-12
      4.00000      704.074  4.39063e-10  1.11701e-12
      4.00000      704.616  4.19800e-10  1.06934e-12
      4.00000      705.158  1.67553e-09  1.81323e-12
      4.00000      705.701  2.35213e-09  2.36630e-12
      4.00000      706.244  5.27509e-10  1.46058e-12
      4.00000      706.788  3.05220e-10  1.18949e-12
      4.00000      707.332  1.41185e-09  1.85242e-12
      4.00000      707.876  3.50921e-09          NaN
      4.00000      708.421  1.31448e-09          NaN
      4.00000      708.965  4.01111e-10  1.16292e-12
      15.0000      709.511  7.94770e-10  2.39706e-12
      15.0000      710.057  1.92331e-09          NaN
      15.0000      710.604  1.49615e-09          NaN
      15.0000      711.151  4.90138e-10  1.89142e-12
      15.0000      711.698  1.18461e-09  2.08016e-12
      15.0000      712.245  3.02958e-09  2.71394e-12
      15.0000      712.793  3.34306e-09  3.03303e-12
      15.0000      713.342  9.66653e-10  1.94834e-12
      15.0000      713.891  5.70855e-10  1.58476e-12
      15.0000      714.440  1.31789e-09  1.74555e-12
      15.0000      714.990  1.97283e-09  2.07074e-12
      15.0000      715.540  1.11053e-09  1.75547e-12
      15.0000      716.091  8.05928e-10  1.50660e-12
      15.0000      716.642  1.63843e-09  1.73370e-12
      15.0000      717.193  2.83774e-09  2.05177e-12
      15.0000      717.745  2.12608e-09  1.93677e-12
      15.0000      718.297  4.72431e-10  1.26511e-12
      15.0000      718.850  7.05033e-10  1.30722e-12
      15.0000      719.403  1.94033e-09  1.65086e-12
      15.0000      719.957  1.99462e-09  1.68531e-12
      15.0000      720.511  6.32836e-10  1.22437e-12
      15.0000      721.066  5.69458e-10          NaN
      15.0000      721.620  1.87935e-09          NaN
      15.0000      722.175  2.36622e-09  1.67918e-12
      15.0000      722.731  1.03409e-09  1.30418e-12
      15.0000      723.288  5.96496e-10  1.14078e-12
      15.0000      723.844  9.50969e-10  1.24251e-12
      15.0000      724.401  1.11603e-09  1.26201e-12
      15.0000      724.959  6.19973e-10  1.02226e-12
      15.0000      725.517  2.38660e-10  8.62723e-13
      15.0000      726.075  2.36306e-10  9.70012e-13
      15.0000      726.634  2.46358e-10  9.16356e-13
      15.0000      727.193  3.80719e-10  9.02768e-13
      15.0000      727.752  1.97548e-09  1.37919e-12
      15.0000      728.312  7.13251e-09  2.38212e-12
      15.0000      728.873  2.18850e-08  5.67023e-12
      15.0000      729.434  3.28855e-08  7.99780e-12
      15.0000      729.995  2.30217e-08  5.71425e-12
      15.0000      730.557  1.19378e-08  3.16514e-12
      15.0000      731.119  7.03831e-09          NaN
      15.0000      731.681  3.98938e-09          NaN
      15.0000      732.245  1.46574e-09  1.34258e-12
      15.0000      732.808  9.42590e-10  1.08711e-12
      15.0000      733.372  1.85314e-09  1.28583e-12
      15.0000      733.936  2.79369e-09  1.69484e-12
      15.0000      734.501  1.05065e-09  1.20582e-12
      15.0000      735.067  7.71115e-10  1.10021e-12
      15.0000      735.632  1.63759e-09  1.38510e-12
      15.0000      736.198  2.75709e-09  1.78709e-12
      15.0000      736.764  1.19717e-09  1.35516e-12
      15.0000      737.332  6.74959e-10  1.14707e-12
      15.0000      737.899  1.41618e-09  1.34552e-12
      15.0000      738.467  3.56880e-09  2.15604e-12
      15.0000      739.035  1.54514e-09  1.53260e-12
      15.0000      739.604  5.92665e-10  1.13818e-12
      15.0000      740.173  7.22399e-10  1.21758e-12
      15.0000      740.742  2.39538e-09  2.00212e-12
      15.0000      741.312  1.22497e-09  1.48083e-12
      4.00000      741.883  6.09666e-10  1.13968e-12
      4.00000      742.454  7.10356e-10  1.21320e-12
      4.00000      743.025  3.02534e-09  2.25492e-12
      4.00000      743.597  1.68754e-09  1.58827e-12
      4.00000      744.169  6.78851e-10  1.09655e-12
      4.00000      744.742  6.06268e-10  1.00709e-12
      4.00000      745.315  1.98400e-09          NaN
      4.00000      745.888  1.54366e-09          NaN
      4.00000      746.463  6.93509e-10  1.00206e-12
      4.00000      747.037  8.42016e-10  1.00429e-12
      4.00000      747.612  2.58930e-09  1.68050e-12
      4.00000      748.187  2.51671e-09  1.50313e-12
      4.00000      748.763  8.62007e-10  1.07279e-12
      4.00000      749.339  6.71629e-10  9.54711e-13
      4.00000      749.916  1.72253e-09  1.31465e-12
      4.00000      750.493  1.94558e-09  1.47945e-12
      4.00000      751.070  7.59403e-10  1.08736e-12
      4.00000      751.649  6.74572e-10  1.03744e-12
      4.00000      752.227  2.13098e-09  1.56265e-12
      4.00000      752.806  2.69728e-09  2.11005e-12
      4.00000      753.385  8.73348e-10  1.30299e-12
      4.00000      753.965  4.24564e-10  1.08452e-12
      4.00000      754.545  1.26924e-09  1.67359e-12
      4.00000      755.126  1.75336e-09  2.12534e-12
      4.00000      755.707  6.50099e-10  1.36810e-12
      4.00000      756.288  3.61195e-10  1.16198e-12
      4.00000      756.870  1.67553e-09  2.00754e-12
      4.00000      757.452  2.09900e-09  2.17205e-12
      4.00000      758.035  7.91784e-10  1.28630e-12
      4.00000      758.619  3.24475e-10  1.04034e-12
      16.0000      759.202  1.06265e-09          NaN
      16.0000      759.787  1.48464e-09          NaN
      16.0000      760.371  5.94658e-10  1.85718e-12
      16.0000      760.956  3.20329e-10  1.73719e-12
      16.0000      761.542  1.50358e-09  2.41845e-12
      16.0000      762.128  2.11803e-09  2.59510e-12
      16.0000      762.715  6.14753e-10  1.66533e-12
      16.0000      763.302  3.08029e-10  1.55623e-12
      16.0000      763.889  9.20924e-10  1.97703e-12
      16.0000      764.477  1.38912e-09  2.15217e-12
      16.0000      765.065  4.70505e-10  1.47237e-12
      16.0000      765.654  3.20147e-10  1.36295e-12
      16.0000      766.243  1.27152e-09  1.97787e-12
      16.0000      766.832  1.97338e-09  2.26489e-12
      16.0000      767.423  5.03859e-10  1.41714e-12
      16.0000      768.013  3.56676e-10  1.24320e-12
      16.0000      768.604  8.17157e-10  1.54601e-12
      16.0000      769.196  1.12693e-09  1.70633e-12
      16.0000      769.787  4.25649e-10  1.29652e-12
      16.0000      770.380  4.19587e-10  1.20731e-12
      16.0000      770.973  1.19448e-09  1.61195e-12
      16.0000      771.566  1.51768e-09  1.78564e-12
      16.0000      772.160  5.28358e-10  1.28902e-12
      16.0000      772.754  4.56092e-10  1.18157e-12
      16.0000      773.349  8.09303e-10  1.34291e-12
      16.0000      773.944  8.94865e-10  1.37748e-12
      16.0000      774.539  5.43539e-10  1.20202e-12
      16.0000      775.135  5.86352e-10  1.21220e-12
      16.0000      775.732  1.29023e-09  1.53229e-12
      16.0000      776.329  1.17662e-09  1.44264e-12
      16.0000      776.927  6.68731e-10  1.18986e-12
      16.0000      777.524  6.68801e-10  1.21965e-12
      16.0000      778.122  9.80084e-10  1.33150e-12
      16.0000      778.721  8.62679e-10  1.21447e-12
      16.0000      779.321  8.25363e-10  1.17066e-12
      16.0000      779.920  8.50486e-10  1.21753e-12
      16.0000      780.520  1.32080e-09  1.40818e-12
      16.0000      781.121  1.01121e-09  1.18545e-12
      16.0000      781.722  9.81416e-10          NaN
      16.0000      782.324  9.64734e-10          NaN
      16.0000      782.926  1.17174e-09  1.24112e-12
      16.0000      783.528  1.10040e-09  1.15881e-12
      16.0000      784.131  1.11289e-09  1.11994e-12
      16.0000      784.735  1.15095e-09  1.12795e-12
      16.0000      785.339  1.38526e-09          NaN
      16.0000      785.943  1.28765e-09          NaN
      16.0000      786.548  1.35963e-09  1.16255e-12
      16.0000      787.153  1.42145e-09  1.13732e-12
      16.0000      787.758  1.44563e-09  1.14408e-12
      16.0000      788.365  1.31916e-09  1.10971e-12
      16.0000      788.971  1.43886e-09  1.15250e-12
      16.0000      789.579  1.53073e-09  1.15139e-12
      4.00000      790.186  1.67562e-09  1.17026e-12
      4.00000      790.794  1.74740e-09  1.23305e-12
      4.00000      791.403  1.78686e-09  1.28023e-12
      4.00000      792.011  1.69397e-09          NaN
      4.00000      792.621  1.64364e-09          NaN
      4.00000      793.231  1.90373e-09  1.31956e-12
      4.00000      793.842  1.98075e-09  1.41901e-12
      4.00000      794.452  2.10357e-09  1.53326e-12
      4.00000      795.064  1.93245e-09  1.53533e-12
      4.00000      795.675  2.11078e-09  1.58508e-12
      4.00000      796.288  2.15353e-09          NaN
      4.00000      796.900  2.26234e-09          NaN
      4.00000      797.514  1.99838e-09  1.90667e-12
      4.00000      798.128  2.27129e-09  1.98519e-12
      4.00000      798.742  2.94708e-09  2.30396e-12
      4.00000      799.357  2.47029e-09  2.17911e-12
      4.00000      799.972  2.02142e-09  1.97924e-12
      4.00000      800.587  2.09146e-09  1.94896e-12
      4.00000      801.203  3.10608e-09  2.14546e-12
      4.00000      801.820  2.60636e-09  1.90921e-12
      4.00000      802.437  2.50445e-09  1.86928e-12
      4.00000      803.054  2.27607e-09  1.81963e-12
      4.00000      803.672  3.25617e-09  2.01968e-12
      4.00000      804.291  2.87378e-09  1.82103e-12
      4.00000      804.910  2.44372e-09  1.74816e-12
      4.00000      805.529  2.44153e-09  1.87123e-12
      4.00000      806.149  3.73057e-09  2.19655e-12
      4.00000      806.769  3.96455e-09  2.41252e-12
      4.00000      807.390  2.35269e-09  1.93709e-12
      4.00000      808.012  2.37665e-09  2.17823e-12
      4.00000      808.633  3.29790e-09  2.59794e-12
      17.0000      809.255  4.22961e-09  3.44948e-12
      17.0000      809.878  2.38862e-09  2.65343e-12
      17.0000      810.501  2.49534e-09  2.58935e-12
      17.0000      811.125  3.44478e-09          NaN
      17.0000      811.750  4.47552e-09          NaN
      17.0000      812.374  2.54937e-09          NaN
      17.0000      812.999  2.25924e-09          NaN
      17.0000      813.625  4.08336e-09  2.51655e-12
      17.0000      814.251  5.91524e-09  3.08164e-12
      17.0000      814.878  3.55462e-09  2.52291e-12
      17.0000      815.504  1.90646e-09  1.88212e-12
      17.0000      816.132  3.45278e-09  2.16508e-12
      17.0000      816.760  5.49785e-09  2.67976e-12
      17.0000      817.389  3.99027e-09  2.42871e-12
      17.0000      818.017  1.73061e-09  1.68834e-12
      17.0000      818.647  3.05638e-09  1.94336e-12
      17.0000      819.277  5.54882e-09  2.46645e-12
      17.0000      819.907  4.83766e-09  2.43668e-12
      17.0000      820.538  1.58595e-09  1.55765e-12
      17.0000      821.170  2.10506e-09  1.60200e-12
      17.0000      821.802  5.79689e-09          NaN
      17.0000      822.434  7.45965e-09          NaN
      17.0000      823.067  2.86478e-09  1.88009e-12
      17.0000      823.700  2.59426e-09  1.66901e-12
      17.0000      824.334  5.55784e-09  2.18651e-12
      17.0000      824.969  6.80692e-09  2.62595e-12
      17.0000      825.604  2.66434e-09  1.78515e-12
      17.0000      826.239  2.16798e-09  1.56205e-12
      17.0000      826.875  4.53482e-09  1.96295e-12
      17.0000      827.511  6.86611e-09  2.62067e-12
      17.0000      828.148  3.26252e-09  1.91905e-12
      17.0000      828.785  2.23199e-09  1.62107e-12
      17.0000      829.423  3.99283e-09  1.88326e-12
      17.0000      830.061  7.12082e-09  2.70851e-12
      17.0000      830.700  3.97345e-09  2.14686e-12
      17.0000      831.339  2.21705e-09  1.69242e-12
      17.0000      831.979  2.95805e-09  1.77733e-12
      17.0000      832.619  5.80195e-09  2.59151e-12
      17.0000      833.260  3.88389e-09  2.23260e-12
      17.0000      833.901  2.11895e-09  1.77315e-12
      17.0000      834.543  2.24029e-09  1.78977e-12
      17.0000      835.185  4.89676e-09  2.58245e-12
      17.0000      835.828  3.76539e-09  2.32718e-12
      17.0000      836.471  2.23320e-09  1.91168e-12
      17.0000      837.114  2.05800e-09  1.86094e-12
      17.0000      837.759  4.07993e-09  2.40482e-12
      17.0000      838.404  3.38370e-09  2.09981e-12
      4.00000      839.049  2.32432e-09          NaN
      4.00000      839.694  2.17250e-09          NaN
      4.00000      840.340  3.02129e-09  1.96707e-12
      4.00000      840.987  2.97825e-09  1.74468e-12
      4.00000      841.634  2.26906e-09  1.54282e-12
      4.00000      842.282  1.91006e-09  1.43344e-12
      4.00000      842.930  2.51059e-09  1.65007e-12
      4.00000      843.579  2.70209e-09  1.57756e-12
      4.00000      844.228  2.32638e-09  1.45615e-12
      4.00000      844.877  1.96134e-09  1.38462e-12
      4.00000      845.528  2.06611e-09  1.45988e-12
      4.00000      846.178  2.23453e-09  1.47318e-12
      4.00000      846.830  2.07201e-09          NaN
      4.00000      847.481  2.04000e-09          NaN
      4.00000      848.133  1.91880e-09  1.53260e-12
      4.00000      848.786  2.09065e-09  1.64022e-12
      4.00000      849.439  1.79731e-09  1.54718e-12
      4.00000      850.093  1.78848e-09  1.66079e-12
      4.00000      850.747  1.50231e-09          NaN
      4.00000      851.401  1.97026e-09          NaN
      4.00000      852.057  1.63171e-09  1.88295e-12
      4.00000      852.713  1.76915e-09  2.05224e-12
      4.00000      853.368  1.36055e-09  1.94895e-12
      4.00000      854.026  1.64032e-09  2.09141e-12
      4.00000      854.683  1.30079e-09  1.78247e-12
      4.00000      855.341  1.51475e-09  1.79814e-12
      4.00000      855.999  1.28923e-09  1.68299e-12
      4.00000      856.657  1.33520e-09  1.70488e-12
      4.00000      857.316  1.18593e-09  1.57709e-12
      4.00000      857.976  1.17444e-09  1.50147e-12
      18.0000      858.637  1.00935e-09  2.68982e-12
      18.0000      859.297  1.11436e-09  2.53691e-12
      18.0000      859.958  1.06160e-09  2.40822e-12
      18.0000      860.620  9.93234e-10  2.35321e-12
      18.0000      861.283  9.26405e-10  2.23114e-12
      18.0000      861.945  9.02618e-10  2.04433e-12
      18.0000      862.608  8.06011e-10  1.98886e-12
      18.0000      863.272  7.66221e-10  1.99783e-12
      18.0000      863.937  7.90047e-10  1.95038e-12
      18.0000      864.602  7.06049e-10  1.72763e-12
      18.0000      865.267  6.78146e-10  1.67999e-12
      18.0000      865.933  5.97318e-10  1.72470e-12
      18.0000      866.599  5.75888e-10  1.64575e-12
      18.0000      867.266  5.35173e-10  1.50219e-12
      18.0000      867.934  5.70443e-10  1.47624e-12
      18.0000      868.601  4.88782e-10  1.47109e-12
      18.0000      869.270  4.79597e-10  1.44085e-12
      18.0000      869.938  4.37843e-10  1.33895e-12
      18.0000      870.608  4.21831e-10  1.28470e-12
      18.0000      871.277  3.49511e-10  1.29650e-12
      18.0000      871.948  3.85988e-10  1.28865e-12
      18.0000      872.619  3.62762e-10  1.22795e-12
      18.0000      873.291  3.43700e-10  1.14965e-12
      18.0000      873.962  2.80753e-10  1.18232e-12
      18.0000      874.635  2.68358e-10  1.18231e-12
      18.0000      875.308  2.45076e-10  1.06740e-12
      18.0000      875.982  2.42904e-10  1.01741e-12
      18.0000      876.656  2.13507e-10  1.03278e-12
      18.0000      877.331  1.91684e-10  1.01694e-12
      18.0000      878.005  1.90260e-10  9.32135e-13
      18.0000      878.681  1.77460e-10  8.88904e-13
      18.0000      879.357  1.52023e-10  8.74808e-13
      18.0000      880.035  1.41100e-10  8.82728e-13
      18.0000      880.711  1.45756e-10  8.02816e-13
      18.0000      881.389  1.33156e-10  7.66580e-13
      18.0000      882.068  1.19260e-10  7.72168e-13
      18.0000      882.747  1.07980e-10  7.58889e-13
      18.0000      883.426  1.02898e-10  6.95629e-13
      18.0000      884.105  1.00892e-10  6.62196e-13
      18.0000      884.786  9.44066e-11  6.66391e-13
      18.0000      885.467  8.36979e-11  7.42615e-13
      18.0000      886.148  7.97919e-11  6.53363e-13
      18.0000      886.830  7.89243e-11  5.89385e-13
      18.0000      887.512  7.01210e-11  6.00461e-13
      18.0000      888.195  6.36225e-11  6.09780e-13
      4.00000      888.879  5.00481e-11  5.89975e-13
      4.00000      889.563  6.05013e-11  5.71922e-13
      4.00000      890.248  5.06849e-11  5.95241e-13
      4.00000      890.932  3.94672e-11  6.27988e-13
      4.00000      891.618  3.77810e-11  6.14431e-13
      4.00000      892.304  4.60659e-11  5.88566e-13
      4.00000      892.991  5.02954e-11  6.24460e-13
      4.00000      893.678  4.22354e-11  6.82131e-13
      4.00000      894.366  3.74195e-11  6.96466e-13
      4.00000      895.054  4.22807e-11  6.78070e-13
      4.00000      895.743  4.45416e-11  7.34550e-13
      4.00000      896.432  4.42893e-11  8.46041e-13
      4.00000      897.122  3.85631e-11  8.59330e-13
      4.00000      897.812  4.51081e-11  8.50046e-13
      4.00000      898.503  4.45779e-11  8.77028e-13
      4.00000      899.194  4.02225e-11  9.47982e-13
      4.00000      899.887  3.25980e-11  8.87510e-13
      4.00000      900.579  3.74405e-11  7.98041e-13
      4.00000      901.272  3.32733e-11  7.91516e-13
      4.00000      901.965  3.82625e-11  8.55033e-13
      4.00000      902.660  3.87479e-11  8.12364e-13
      4.00000      903.354  3.51199e-11  7.48869e-13
      4.00000      904.050  3.82582e-11  7.70889e-13
      4.00000      904.745  3.51046e-11  8.28323e-13
      4.00000      905.441  4.06925e-11  8.39389e-13
      4.00000      906.138  3.98351e-11  8.13178e-13
      4.00000      906.835  3.60041e-11  8.54536e-13
      4.00000      907.533  3.89713e-11  9.92587e-13
      4.00000      908.231  4.87642e-11  1.12564e-12
      19.0000      908.931  3.99974e-11  1.94650e-12
      19.0000      909.630  3.77812e-11  1.72469e-12
      19.0000      910.330  3.88933e-11  1.53074e-12
      19.0000      911.031  4.55837e-11  1.59459e-12
      19.0000      911.732  4.05553e-11  1.49040e-12
      19.0000      912.433  3.33680e-11  1.37134e-12
      19.0000      913.135  4.04786e-11  1.24785e-12
      19.0000      913.838  3.67553e-11  1.17807e-12
      19.0000      914.541  4.00779e-11  1.23935e-12
      19.0000      915.245  5.50389e-11  1.14868e-12
      19.0000      915.949  3.86563e-11  9.94214e-13
      19.0000      916.654  3.19810e-11  1.02537e-12
      19.0000      917.360  3.47047e-11  1.01881e-12
      19.0000      918.065  3.00452e-11  9.18612e-13
      19.0000      918.771  2.83762e-11  8.44166e-13
      19.0000      919.479  3.17823e-11  8.79585e-13
      19.0000      920.187  4.26823e-11  8.77263e-13
      19.0000      920.894  4.43865e-11  7.82895e-13
      19.0000      921.603  5.48106e-11  7.44806e-13
      19.0000      922.313  6.80383e-11  7.81609e-13
      19.0000      923.022  5.63054e-11  7.66351e-13
      19.0000      923.732  3.64041e-11  6.92261e-13
      19.0000      924.443  2.71169e-11  6.65345e-13
      19.0000      925.155  2.27716e-11  6.92718e-13
      19.0000      925.867  1.87109e-11  6.78863e-13
      19.0000      926.579  2.40069e-11  6.27273e-13
      19.0000      927.292  2.47102e-11  6.08152e-13
      19.0000      928.005  2.24968e-11  6.26198e-13
      19.0000      928.720  3.49375e-11  6.24923e-13
      19.0000      929.435  4.38005e-11  5.83683e-13
      19.0000      930.149  3.64061e-11  5.77617e-13
      19.0000      930.866  2.79272e-11  6.15244e-13
      19.0000      931.582  2.52015e-11  6.36330e-13
      19.0000      932.298  2.73021e-11  5.93344e-13
      19.0000      933.016  2.45690e-11  5.97073e-13
      19.0000      933.734  2.41897e-11  6.58115e-13
      19.0000      934.453  2.18718e-11  6.58002e-13
      19.0000      935.172  1.96001e-11  6.14212e-13
      19.0000      935.891  2.12316e-11  6.41932e-13
      19.0000      936.611  2.85424e-11  7.27586e-13
      19.0000      937.332  2.26506e-11  7.14743e-13
      4.00000      938.054  1.77177e-11  6.81073e-13
      4.00000      938.775  2.21213e-11  7.64141e-13
      4.00000      939.498  2.77914e-11  8.34040e-13
      4.00000      940.221  2.43054e-11  7.64948e-13
      4.00000      940.944  1.96545e-11  7.05658e-13
      4.00000      941.668  1.59299e-11  7.53879e-13
      4.00000      942.393  2.18215e-11  7.41997e-13
      4.00000      943.118  3.20605e-11  6.58938e-13
      4.00000      943.844  2.64527e-11  6.35635e-13
      4.00000      944.570  3.30703e-11  6.89690e-13
      4.00000      945.298  3.89223e-11  6.74075e-13
      4.00000      946.025  4.75464e-11          NaN
      4.00000      946.753  4.95392e-11          NaN
      4.00000      947.481  5.56831e-11  6.57420e-13
      4.00000      948.211  7.14429e-11  6.61730e-13
      4.00000      948.939  1.21662e-10  6.60329e-13
      4.00000      949.670  1.30710e-10  6.85846e-13
      4.00000      950.401  9.39588e-11  7.25104e-13
      4.00000      951.133  6.90284e-11          NaN
      4.00000      951.864  5.33813e-11          NaN
      4.00000      952.597  4.34062e-11  7.42696e-13
      4.00000      953.330  3.09721e-11  8.95897e-13
      4.00000      954.064  2.58882e-11  9.23155e-13
      4.00000      954.798  2.49930e-11  8.94516e-13
      4.00000      955.532  2.57675e-11  1.04501e-12
      4.00000      956.268  2.42185e-11  1.21780e-12
      4.00000      957.004  2.40806e-11  1.14312e-12
      4.00000      957.740  2.25308e-11  1.04199e-12
      20.0000      958.477  2.65490e-11  1.17853e-12
      20.0000      959.214  2.46285e-11  1.15698e-12
      20.0000      959.953  2.21249e-11  1.25916e-12
      20.0000      960.691  2.48160e-11  1.18272e-12
      20.0000      961.430  2.23342e-11  9.30968e-13
      20.0000      962.170  2.19763e-11  9.79892e-13
      20.0000      962.911  2.33098e-11  1.01077e-12
      20.0000      963.652  2.14548e-11  8.72833e-13
      20.0000      964.394  2.36125e-11  9.04516e-13
      20.0000      965.135  1.94698e-11  9.86186e-13
      20.0000      965.878  8.85266e-12  9.78028e-13
      20.0000      966.622  1.53483e-11  8.53258e-13
      20.0000      967.365 -1.07848e-11  9.33765e-13
      20.0000      968.110  3.14114e-11  9.23635e-13
      20.0000      968.855  4.24165e-11  8.57920e-13
      20.0000      969.600  4.11949e-11  7.73452e-13
      20.0000      970.346  3.10962e-11  7.90577e-13
      20.0000      971.093  2.78848e-11  8.15280e-13
      20.0000      971.840  1.87230e-11  7.51968e-13
      20.0000      972.589  1.44192e-11  7.01233e-13
      20.0000      973.336  1.50874e-11  7.15582e-13
      20.0000      974.085  1.27763e-11  7.09773e-13
      20.0000      974.836  1.42286e-11  6.43088e-13
      20.0000      975.585  1.72455e-11  6.16873e-13
      20.0000      976.337  1.76692e-11  6.55673e-13
      20.0000      977.087  2.15279e-11  6.56252e-13
      20.0000      977.839  3.13590e-11  6.11165e-13
      20.0000      978.592  3.56752e-11  6.09186e-13
      20.0000      979.345  2.54439e-11  6.46468e-13
      20.0000      980.098  1.78875e-11  6.30747e-13
      20.0000      980.853  1.73880e-11          NaN
      20.0000      981.608  1.29016e-11          NaN
      20.0000      982.363  1.19856e-11  6.66863e-13
      20.0000      983.119  1.43124e-11  6.54989e-13
      20.0000      983.875  1.42278e-11  6.19903e-13
      20.0000      984.633  1.15071e-11  6.88528e-13
      20.0000      985.391  1.50660e-11  7.36417e-13
      20.0000      986.149  2.61762e-11  6.89223e-13
      20.0000      986.908  2.96738e-11  6.87939e-13
      20.0000      987.667  3.68908e-11  7.91634e-13
      20.0000      988.427  2.94759e-11  8.17149e-13
      20.0000      989.187  1.56811e-11  7.41763e-13
      20.0000      989.949  1.79402e-11  8.15283e-13
      20.0000      990.710  9.64303e-12  9.38898e-13
      20.0000      991.473  1.87306e-11  8.20633e-13
      20.0000      992.236  1.36049e-11  7.44675e-13
      20.0000      992.999  1.68723e-11  8.19591e-13
      20.0000      993.763  1.39824e-11  8.03983e-13
      20.0000      994.528  1.58785e-11  6.95047e-13
      20.0000      995.293  1.27285e-11  7.14769e-13
      20.0000      996.060  1.82338e-11  7.77420e-13
      20.0000      996.826  2.63894e-11  7.16717e-13
      20.0000      997.593  1.51689e-11  6.58115e-13
      20.0000      998.361  1.25376e-11  7.04965e-13
      20.0000      999.129  1.60709e-11  7.38508e-13
      20.0000      999.898  1.73838e-11  7.03318e-13
      20.0000      1000.67  1.92528e-11  6.82349e-13
      20.0000      1001.44  1.66882e-11  7.67041e-13
      20.0000      1002.21  1.40080e-11  8.73182e-13
      20.0000      1002.98  1.68083e-11  8.53258e-13
      20.0000      1003.75  1.46131e-11  8.82495e-13
      20.0000      1004.52  1.27179e-11  1.09627e-12
      20.0000      1005.30  1.01257e-11  1.23177e-12
      20.0000      1006.07  2.25740e-11  1.18598e-12
      20.0000      1006.84  1.26643e-11  1.40492e-12
      20.0000      1007.62  2.01580e-11  1.64640e-12
