      11.0000      514.419  5.59832e-10  3.48292e-12
      11.0000      514.815  5.73513e-10  3.52893e-12
      11.0000      515.211  5.68286e-10  3.87891e-12
      11.0000      515.607  5.47118e-10  3.70556e-12
      11.0000      516.004  5.68953e-10  4.94596e-12
      11.0000      516.401  5.72833e-10  4.35065e-12
      11.0000      516.799  5.61757e-10  3.77046e-12
      11.0000      517.196  5.63741e-10  3.64233e-12
      11.0000      517.594  5.85229e-10  3.81939e-12
      11.0000      517.992  5.54488e-10  3.82519e-12
      11.0000      518.391  5.87018e-10  4.95346e-12
      11.0000      518.790  5.75627e-10  3.59296e-12
      11.0000      519.189  5.73773e-10  4.15764e-12
      11.0000      519.589  5.71456e-10  3.71481e-12
      11.0000      519.989  5.34102e-10  2.92239e-12
      11.0000      520.389  5.58640e-10  3.48699e-12
      11.0000      520.789  5.52213e-10  3.88036e-12
      11.0000      521.190  5.34428e-10  3.82614e-12
      11.0000      521.591  5.44157e-10  3.75665e-12
      11.0000      521.992  5.53956e-10  3.54227e-12
      11.0000      522.394  5.33663e-10  2.97605e-12
      11.0000      522.796  5.55384e-10  3.31392e-12
      11.0000      523.198  5.49995e-10  5.47897e-12
      11.0000      523.601  5.34892e-10  3.03677e-12
      11.0000      524.004  5.29870e-10          NaN
      11.0000      524.407  5.44611e-10          NaN
      11.0000      524.811  5.27630e-10  2.40096e-12
      11.0000      525.214  5.14895e-10  1.97306e-12
      11.0000      525.619  5.20732e-10  1.91276e-12
      11.0000      526.023  5.66285e-10  2.01283e-12
      11.0000      526.428  6.07170e-10  2.32141e-12
      11.0000      526.833  5.62825e-10  2.22226e-12
      11.0000      527.238  5.26420e-10  2.15155e-12
      11.0000      527.644  5.46559e-10  2.16471e-12
      11.0000      528.050  5.30856e-10  2.06690e-12
      11.0000      528.457  5.04201e-10  1.91301e-12
      11.0000      528.863  5.12820e-10  2.06410e-12
      11.0000      529.270  5.39009e-10  2.18154e-12
      11.0000      529.678  5.37391e-10  2.30980e-12
      11.0000      530.085  5.15351e-10  2.17730e-12
      11.0000      530.493  5.04721e-10  1.94829e-12
      11.0000      530.901  5.07715e-10  2.10355e-12
      11.0000      531.310  4.96006e-10  2.04290e-12
      11.0000      531.719  4.97340e-10  1.89250e-12
      11.0000      532.128  4.91616e-10  1.95874e-12
      11.0000      532.537  4.91205e-10  2.07967e-12
      11.0000      532.947  5.05777e-10  2.10286e-12
      11.0000      533.357  4.98416e-10  1.82923e-12
      11.0000      533.768  5.12242e-10  1.68659e-12
      11.0000      534.179  5.22724e-10  1.74042e-12
      11.0000      534.590  4.99506e-10  1.90002e-12
      11.0000      535.001  4.76823e-10  1.88336e-12
      11.0000      535.413  4.82214e-10  1.85649e-12
      11.0000      535.825  4.87020e-10  1.83413e-12
      11.0000      536.237  4.80533e-10  1.77444e-12
      11.0000      536.650  4.81078e-10  1.64488e-12
      11.0000      537.063  4.89473e-10  1.73240e-12
      11.0000      537.476  4.71493e-10  1.73278e-12
      11.0000      537.889  4.74542e-10          NaN
      11.0000      538.304  4.81713e-10          NaN
      11.0000      538.718  4.86317e-10  1.68659e-12
      11.0000      539.132  5.03346e-10  1.65597e-12
      11.0000      539.547  4.87451e-10  1.56759e-12
      11.0000      539.962  4.70019e-10          NaN
      11.0000      540.378  4.77474e-10          NaN
      11.0000      540.794  4.79360e-10  1.71153e-12
      11.0000      541.210  4.60439e-10  1.69369e-12
      11.0000      541.626  4.69342e-10  1.63207e-12
      11.0000      542.043  4.65739e-10  1.46943e-12
      11.0000      542.460  4.69170e-10  1.47304e-12
      11.0000      542.878  4.65570e-10  1.47386e-12
      11.0000      543.295  4.62305e-10  1.52818e-12
      11.0000      543.713  4.61758e-10  1.58957e-12
      11.0000      544.132  4.74551e-10  1.61191e-12
      11.0000      544.550  4.72292e-10  1.45930e-12
      11.0000      544.970  4.75973e-10  1.41596e-12
      11.0000      545.389  4.62507e-10  1.34280e-12
      11.0000      545.809  4.61523e-10  1.34363e-12
      11.0000      546.229  4.58903e-10  1.39895e-12
      11.0000      546.649  4.64047e-10  1.46991e-12
      11.0000      547.070  4.83050e-10  1.42855e-12
      11.0000      547.491  4.91151e-10  1.34911e-12
      11.0000      547.912  4.89079e-10  1.29666e-12
      11.0000      548.334  4.87059e-10  1.30599e-12
      11.0000      548.756  4.76079e-10  1.28408e-12
      11.0000      549.178  4.70759e-10  1.38797e-12
      11.0000      549.600  4.73558e-10  1.45254e-12
      11.0000      550.024  4.71955e-10  1.46591e-12
      11.0000      550.447  4.68404e-10  1.43078e-12
      11.0000      550.870  4.65277e-10  1.35532e-12
      11.0000      551.294  4.64725e-10  1.43442e-12
      11.0000      551.718  4.66929e-10  1.56470e-12
      11.0000      552.143  4.71068e-10  1.72445e-12
      11.0000      552.568  4.60635e-10  1.76856e-12
      11.0000      552.993  4.59118e-10  1.73164e-12
      11.0000      553.418  4.63655e-10  1.68523e-12
      11.0000      553.844  4.63722e-10  1.70789e-12
      11.0000      554.271  4.66132e-10  1.78380e-12
      11.0000      554.697  4.59388e-10  1.79821e-12
      11.0000      555.124  4.70216e-10  1.90876e-12
      11.0000      555.551  4.56744e-10  1.83589e-12
      11.0000      555.979  4.65233e-10  1.74996e-12
      11.0000      556.407  4.58094e-10  1.71746e-12
      11.0000      556.835  4.59275e-10  1.61965e-12
      11.0000      557.263  4.65093e-10  1.62783e-12
      11.0000      557.692  4.64719e-10  1.63964e-12
      11.0000      558.121  4.64753e-10  1.63777e-12
      11.0000      558.551  4.58598e-10  1.57255e-12
      11.0000      558.981  4.57219e-10  1.51509e-12
      11.0000      559.411  4.66010e-10  1.52287e-12
      4.00000      559.841  4.79264e-10  1.55856e-12
      4.00000      560.272  4.65909e-10  1.75005e-12
      4.00000      560.703  4.69197e-10  1.74788e-12
      12.0000      561.135  4.84811e-10  3.87700e-12
      12.0000      561.567  4.70441e-10  3.60474e-12
      12.0000      561.999  4.76906e-10  3.66412e-12
      12.0000      562.431  4.80360e-10  4.30445e-12
      12.0000      562.864  4.75341e-10  3.28718e-12
      12.0000      563.297  4.89224e-10  3.93252e-12
      12.0000      563.731  4.74279e-10  3.34254e-12
      12.0000      564.164  4.81470e-10  3.10686e-12
      12.0000      564.599  4.77656e-10  2.89842e-12
      12.0000      565.033  4.76022e-10  3.16984e-12
      12.0000      565.468  4.94099e-10  3.02343e-12
      12.0000      565.903  4.88210e-10  3.78164e-12
      12.0000      566.338  4.71034e-10  2.57165e-12
      12.0000      566.774  4.90653e-10  2.69589e-12
      12.0000      567.210  5.23977e-10  1.36672e-11
      12.0000      567.647  5.41348e-10  2.37148e-11
      12.0000      568.084  5.15416e-10  2.20474e-12
      12.0000      568.521  4.99125e-10  2.25092e-12
      12.0000      568.958  4.84898e-10  2.31849e-12
      12.0000      569.396  4.83490e-10  2.19409e-12
      12.0000      569.834  4.85551e-10          NaN
      12.0000      570.273  4.82770e-10          NaN
      12.0000      570.711  4.88878e-10  2.37255e-12
      12.0000      571.151  4.75357e-10  2.16704e-12
      12.0000      571.590  4.72350e-10  1.90690e-12
      12.0000      572.030  4.72636e-10  1.93392e-12
      12.0000      572.470  4.69550e-10  1.86204e-12
      12.0000      572.911  4.71025e-10  1.90376e-12
      12.0000      573.352  4.75062e-10  1.81124e-12
      12.0000      573.793  4.79590e-10  1.83117e-12
      12.0000      574.234  4.69750e-10  1.73272e-12
      12.0000      574.676  4.74670e-10  1.86684e-12
      12.0000      575.119  4.69281e-10  1.88707e-12
      12.0000      575.561  4.82315e-10  1.95667e-12
      12.0000      576.004  4.72862e-10  1.81984e-12
      12.0000      576.447  4.77326e-10  1.78236e-12
      12.0000      576.891  4.74693e-10  1.70212e-12
      12.0000      577.335  4.64947e-10  1.65527e-12
      12.0000      577.779  4.73907e-10  1.94921e-12
      12.0000      578.224  4.70861e-10  1.83204e-12
      12.0000      578.669  4.62136e-10  1.63918e-12
      12.0000      579.114  4.69605e-10          NaN
      12.0000      579.560  4.65147e-10          NaN
      12.0000      580.006  4.64655e-10  1.75774e-12
      12.0000      580.452  4.57130e-10  1.58498e-12
      12.0000      580.899  4.64490e-10  1.66719e-12
      12.0000      581.346  4.59393e-10  1.73017e-12
      12.0000      581.793  4.59480e-10  1.59297e-12
      12.0000      582.241  4.63484e-10          NaN
      12.0000      582.689  4.66145e-10          NaN
      12.0000      583.137  4.68721e-10  1.43105e-12
      12.0000      583.586  4.80920e-10  1.56305e-12
      12.0000      584.035  4.91564e-10  1.52137e-12
      12.0000      584.484  4.89650e-10  1.44425e-12
      12.0000      584.934  4.56070e-10  1.31372e-12
      12.0000      585.384  4.46825e-10  1.39504e-12
      12.0000      585.835  4.43443e-10  1.33898e-12
      12.0000      586.286  5.57852e-10  1.46148e-12
      12.0000      586.737  1.23096e-09  1.89247e-12
      12.0000      587.188  1.29170e-09  1.87650e-12
      12.0000      587.640  5.44090e-10  1.36925e-12
      12.0000      588.092  4.69740e-10  1.29164e-12
      12.0000      588.545  4.52499e-10  1.33885e-12
      12.0000      588.998  4.38774e-10  1.36220e-12
      12.0000      589.451  4.61240e-10  1.41267e-12
      12.0000      589.905  4.54484e-10  1.36088e-12
      12.0000      590.359  4.48711e-10  1.30832e-12
      12.0000      590.813  4.45472e-10  1.25052e-12
      12.0000      591.267  4.26490e-10  1.25414e-12
      12.0000      591.723  4.19483e-10  1.28926e-12
      12.0000      592.178  4.34003e-10  1.36112e-12
      12.0000      592.634  4.31156e-10  1.35729e-12
      12.0000      593.090  4.22521e-10  1.22015e-12
      12.0000      593.546  4.27682e-10  1.14197e-12
      12.0000      594.003  4.29249e-10  1.17298e-12
      12.0000      594.460  4.20768e-10  1.24703e-12
      12.0000      594.917  4.29969e-10  1.23503e-12
      12.0000      595.375  4.24041e-10  1.16490e-12
      12.0000      595.833  4.26821e-10  1.08871e-12
      12.0000      596.292  4.34686e-10  1.04350e-12
      12.0000      596.751  4.31729e-10  1.04874e-12
      12.0000      597.210  4.27400e-10  1.06987e-12
      12.0000      597.669  4.27392e-10  1.11231e-12
      12.0000      598.129  4.21337e-10  1.11957e-12
      12.0000      598.589  4.18866e-10  1.08734e-12
      12.0000      599.050  4.17249e-10  1.03621e-12
      12.0000      599.511  4.14874e-10  1.04352e-12
      12.0000      599.972  4.18011e-10  1.08553e-12
      12.0000      600.434  4.23398e-10  1.16598e-12
      12.0000      600.896  4.08018e-10  1.24435e-12
      12.0000      601.359  4.00299e-10  1.20410e-12
      12.0000      601.822  4.17801e-10  1.19966e-12
      12.0000      602.284  4.61497e-10  1.29704e-12
      12.0000      602.748  5.10355e-10  1.36066e-12
      12.0000      603.212  4.95787e-10  1.53092e-12
      12.0000      603.676  4.85416e-10  1.59196e-12
      12.0000      604.141  4.35913e-10  1.53048e-12
      12.0000      604.606  4.10358e-10  1.48748e-12
      4.00000      605.071  4.08152e-10  1.46061e-12
      4.00000      605.537  4.94012e-10          NaN
      4.00000      606.002  7.59523e-10          NaN
      4.00000      606.469  6.85706e-10          NaN
      4.00000      606.935  5.76829e-10  1.59685e-12
      4.00000      607.402  4.97155e-10  1.44654e-12
      4.00000      607.870  4.33877e-10  1.33941e-12
      4.00000      608.338  4.19192e-10  1.35146e-12
      4.00000      608.806  4.18248e-10  1.36251e-12
      4.00000      609.274  4.02326e-10  1.38601e-12
      4.00000      609.743  3.92701e-10  1.37104e-12
      13.0000      610.212  3.91461e-10  3.57461e-12
      13.0000      610.682  3.62307e-10  3.73597e-12
      13.0000      611.152  3.56876e-10  3.05699e-12
      13.0000      611.622  3.63770e-10  3.19995e-12
      13.0000      612.093  3.50171e-10  3.62750e-12
      13.0000      612.564  3.59670e-10  3.43437e-12
      13.0000      613.035  3.72484e-10  3.13986e-12
      13.0000      613.507  3.65406e-10  3.50779e-12
      13.0000      613.979  3.54506e-10  2.71722e-12
      13.0000      614.451  3.58498e-10  2.61898e-12
      13.0000      614.924  3.44929e-10  2.27647e-12
      13.0000      615.397  3.55546e-10  2.48756e-12
      13.0000      615.871  3.49723e-10  2.30610e-12
      13.0000      616.345  3.57638e-10  2.74282e-12
      13.0000      616.819  3.47001e-10  2.14086e-12
      13.0000      617.294  3.46549e-10  2.09297e-12
      13.0000      617.769  3.41574e-10  1.74640e-12
      13.0000      618.245  3.47014e-10  2.23935e-12
      13.0000      618.720  3.31108e-10  2.59088e-12
      13.0000      619.196  3.24582e-10  1.89237e-12
      13.0000      619.673  3.25871e-10  1.87086e-12
      13.0000      620.150  3.29857e-10  2.00906e-12
      13.0000      620.627  3.38786e-10          NaN
      13.0000      621.105  3.34512e-10          NaN
      13.0000      621.582  3.26313e-10  1.63207e-12
      13.0000      622.061  3.18641e-10  1.59981e-12
      13.0000      622.539  3.14254e-10  1.42494e-12
      13.0000      623.018  3.15596e-10  1.28316e-12
      13.0000      623.498  3.16706e-10  1.29970e-12
      13.0000      623.978  3.23074e-10  1.27560e-12
      13.0000      624.458  3.36840e-10  1.26676e-12
      13.0000      624.938  3.51318e-10  1.19987e-12
      13.0000      625.419  3.30470e-10  1.16027e-12
      13.0000      625.901  3.10559e-10  1.16073e-12
      13.0000      626.382  3.01326e-10  1.17435e-12
      13.0000      626.864  2.96678e-10  1.16352e-12
      13.0000      627.347  3.11620e-10  1.14965e-12
      13.0000      627.830  3.33144e-10  1.10319e-12
      13.0000      628.312  3.14515e-10  1.04109e-12
      13.0000      628.796  3.01886e-10  1.06180e-12
      13.0000      629.280  2.97905e-10  1.06179e-12
      13.0000      629.764  2.98265e-10  1.05061e-12
      13.0000      630.249  3.05371e-10  1.00808e-12
      13.0000      630.734  3.24020e-10  9.66034e-13
      13.0000      631.219  3.48217e-10  9.71505e-13
      13.0000      631.705  3.48502e-10  9.76515e-13
      13.0000      632.191  3.50381e-10  1.01286e-12
      13.0000      632.678  3.82577e-10  1.00226e-12
      13.0000      633.164  4.01409e-10  9.58573e-13
      13.0000      633.652  3.90559e-10  9.44713e-13
      13.0000      634.139  3.73857e-10  9.28286e-13
      13.0000      634.627  3.57765e-10  9.20479e-13
      13.0000      635.115  3.25530e-10  9.31320e-13
      13.0000      635.604  3.01132e-10  9.14795e-13
      13.0000      636.094  2.89301e-10  8.74252e-13
      13.0000      636.583  2.76918e-10  8.36259e-13
      13.0000      637.073  2.63882e-10  8.39985e-13
      13.0000      637.563  2.56809e-10  8.75289e-13
      13.0000      638.054  2.52162e-10  8.70524e-13
      13.0000      638.545  2.39043e-10  8.61426e-13
      13.0000      639.036  2.35938e-10  8.19138e-13
      13.0000      639.528  2.42946e-10  7.95577e-13
      13.0000      640.020  2.38281e-10  8.04868e-13
      13.0000      640.512  2.35876e-10  8.24110e-13
      13.0000      641.005  2.35081e-10  8.47823e-13
      13.0000      641.499  2.37048e-10  8.24813e-13
      13.0000      641.992  2.50486e-10  8.08026e-13
      13.0000      642.486  2.56929e-10  8.35857e-13
      13.0000      642.981  2.61594e-10  9.24120e-13
      13.0000      643.475  2.49723e-10  9.72747e-13
      13.0000      643.971  2.22929e-10  9.61639e-13
      13.0000      644.466  2.20947e-10  9.36536e-13
      13.0000      644.962  2.11949e-10  9.41096e-13
      13.0000      645.459  2.08909e-10  9.94299e-13
      13.0000      645.955  2.15294e-10  1.08922e-12
      13.0000      646.452  2.06009e-10  1.19697e-12
      13.0000      646.950  2.09900e-10  1.12275e-12
      13.0000      647.447  2.09057e-10  1.06571e-12
      13.0000      647.946  1.98636e-10  1.04656e-12
      13.0000      648.445  2.13018e-10  1.14637e-12
      13.0000      648.943  2.13681e-10  1.25368e-12
      13.0000      649.443  1.88341e-10  1.12681e-12
      13.0000      649.942  1.95252e-10  1.07274e-12
      4.00000      650.442  1.96549e-10  9.88635e-13
      4.00000      650.943  2.15651e-10  9.56142e-13
      4.00000      651.444  2.22793e-10  1.01077e-12
      4.00000      651.945  2.22558e-10  9.80826e-13
      4.00000      652.447  2.07134e-10  9.30849e-13
      4.00000      652.949  2.04631e-10  8.84944e-13
      4.00000      653.452  2.00131e-10  8.61412e-13
      4.00000      653.955  1.87024e-10          NaN
      4.00000      654.458  1.92097e-10          NaN
      4.00000      654.961  1.99995e-10  9.72709e-13
      4.00000      655.465  1.86609e-10  9.87264e-13
      4.00000      655.970  1.92855e-10  9.46037e-13
      4.00000      656.475  2.02201e-10  9.86180e-13
      4.00000      656.980  1.83496e-10  1.09478e-12
      4.00000      657.485  1.78480e-10  1.17625e-12
      4.00000      657.991  2.03171e-10  1.30870e-12
      4.00000      658.497  1.88617e-10  1.24718e-12
      4.00000      659.004  1.81386e-10  1.20960e-12
      4.00000      659.511  2.48244e-10  1.30642e-12
      14.0000      660.019  3.27362e-10  2.12942e-12
      14.0000      660.527  2.66835e-10  2.19127e-12
      14.0000      661.035  2.46288e-10  2.11350e-12
      14.0000      661.544  2.32718e-10  2.07304e-12
      14.0000      662.053  1.89758e-10  1.98664e-12
      14.0000      662.562  2.00885e-10  1.77048e-12
      14.0000      663.072  1.81448e-10  1.70027e-12
      14.0000      663.582  1.69728e-10  1.63253e-12
      14.0000      664.093  1.79103e-10  1.64897e-12
      14.0000      664.604  1.92563e-10  1.62066e-12
      14.0000      665.116  1.87343e-10  1.43872e-12
      14.0000      665.627  2.10717e-10  1.44519e-12
      14.0000      666.140  1.82146e-10  1.36462e-12
      14.0000      666.652  2.62697e-10  1.39084e-12
      14.0000      667.165  6.51839e-10  1.58283e-12
      14.0000      667.678  8.89164e-10  1.66129e-12
      14.0000      668.192  4.58425e-10  1.36577e-12
      14.0000      668.707  2.23251e-10  1.16268e-12
      14.0000      669.221  1.79033e-10  1.13559e-12
      14.0000      669.736  2.30419e-10  1.15998e-12
      14.0000      670.252  2.86236e-10  1.11968e-12
      14.0000      670.767  2.34073e-10  1.02593e-12
      14.0000      671.283  1.81989e-10  9.62026e-13
      14.0000      671.800  1.64590e-10  9.65343e-13
      14.0000      672.317  2.18060e-10  9.91697e-13
      14.0000      672.834  2.72049e-10  1.02293e-12
      14.0000      673.352  2.69938e-10  9.99845e-13
      14.0000      673.870  3.17691e-10  9.52245e-13
      14.0000      674.389  3.84470e-10  9.92226e-13
      14.0000      674.908  4.59607e-10  1.02866e-12
      14.0000      675.427  3.42877e-10  9.81066e-13
      14.0000      675.947  2.12309e-10  8.96026e-13
      14.0000      676.467  2.30196e-10  8.55298e-13
      14.0000      676.988  3.28976e-10  9.02873e-13
      14.0000      677.509  3.81855e-10  9.55812e-13
      14.0000      678.030  2.63840e-10  9.12219e-13
      14.0000      678.552  2.15774e-10  8.77744e-13
      14.0000      679.074  4.36069e-10  9.01503e-13
      14.0000      679.597  7.53720e-10  1.06030e-12
      14.0000      680.119  5.69120e-10  1.01160e-12
      14.0000      680.643  2.44589e-10  8.79488e-13
      14.0000      681.166  2.41438e-10  8.48882e-13
      14.0000      681.691  4.40997e-10  9.08425e-13
      14.0000      682.215  5.53335e-10  9.78890e-13
      14.0000      682.740  2.83361e-10  8.62114e-13
      14.0000      683.266  2.07607e-10          NaN
      14.0000      683.792  5.84662e-10          NaN
      14.0000      684.318  1.14243e-09  1.23436e-12
      14.0000      684.844  7.40535e-10          NaN
      14.0000      685.371  2.70453e-10          NaN
      14.0000      685.899  3.07065e-10  8.89493e-13
      14.0000      686.427  6.61663e-10          NaN
      14.0000      686.955  7.93423e-10          NaN
      14.0000      687.484  2.58761e-10  8.78193e-13
      14.0000      688.012  2.73659e-10  8.63825e-13
      14.0000      688.542  8.27040e-10  1.14965e-12
      14.0000      689.072  1.97656e-09          NaN
      14.0000      689.602  7.99571e-10          NaN
      14.0000      690.133  2.12813e-10          NaN
      14.0000      690.664  3.11554e-10          NaN
      14.0000      691.195  1.16089e-09  1.45478e-12
      14.0000      691.727  1.03896e-09  1.44563e-12
      14.0000      692.260  3.10609e-10  1.04491e-12
      14.0000      692.792  2.66196e-10  9.32633e-13
      14.0000      693.326  1.13183e-09  1.44731e-12
      14.0000      693.859  2.35416e-09  1.90660e-12
      14.0000      694.393  7.21376e-10  1.16575e-12
      14.0000      694.927  2.58258e-10  9.21880e-13
      14.0000      695.462  5.88354e-10  1.06399e-12
      4.00000      695.997  1.43793e-09  1.47215e-12
      4.00000      696.533  8.82358e-10  1.08348e-12
      4.00000      697.069  3.43569e-10  8.82063e-13
      4.00000      697.605  4.77473e-10  9.88955e-13
      4.00000      698.142  1.82644e-09  1.55679e-12
      4.00000      698.679  1.95541e-09  1.40515e-12
      4.00000      699.217  7.18424e-10  9.45318e-13
      4.00000      699.755  3.69144e-10  8.42801e-13
      4.00000      700.293  1.10299e-09  1.20536e-12
      4.00000      700.832  1.73261e-09  1.45195e-12
      4.00000      701.371  9.66596e-10  1.20989e-12
      4.00000      701.911  3.12200e-10  8.07997e-13
      4.00000      702.451  9.41723e-10  1.09739e-12
      4.00000      702.992  3.04832e-09  1.98688e-12
      4.00000      703.533  2.39364e-09  2.18362e-12
      4.00000      704.074  4.58289e-10  1.12846e-12
      4.00000      704.616  4.25389e-10  1.08060e-12
      4.00000      705.158  1.70721e-09  1.87742e-12
      4.00000      705.701  2.33796e-09  2.38781e-12
      4.00000      706.244  5.44164e-10  1.44149e-12
      4.00000      706.788  3.10923e-10  1.19431e-12
      4.00000      707.332  1.41340e-09  1.77534e-12
      4.00000      707.876  3.44114e-09          NaN
      4.00000      708.421  1.33770e-09          NaN
      4.00000      708.965  4.12477e-10  1.16037e-12
      15.0000      709.511  7.69154e-10  2.39570e-12
      15.0000      710.057  1.90580e-09          NaN
      15.0000      710.604  1.51514e-09          NaN
      15.0000      711.151  4.92743e-10  1.88697e-12
      15.0000      711.698  1.18274e-09  2.07625e-12
      15.0000      712.245  3.07319e-09  2.71344e-12
      15.0000      712.793  3.41589e-09  3.04736e-12
      15.0000      713.342  9.74548e-10  1.95794e-12
      15.0000      713.891  5.75342e-10  1.59017e-12
      15.0000      714.440  1.30704e-09  1.73230e-12
      15.0000      714.990  1.99311e-09  2.08047e-12
      15.0000      715.540  1.12048e-09  1.75432e-12
      15.0000      716.091  8.07771e-10  1.50481e-12
      15.0000      716.642  1.63023e-09  1.71233e-12
      15.0000      717.193  2.82951e-09  2.03325e-12
      15.0000      717.745  2.14792e-09  1.94349e-12
      15.0000      718.297  4.89619e-10  1.27864e-12
      15.0000      718.850  7.10519e-10  1.30294e-12
      15.0000      719.403  1.88711e-09  1.62265e-12
      15.0000      719.957  1.97020e-09  1.68437e-12
      15.0000      720.511  6.60724e-10  1.22466e-12
      15.0000      721.066  5.89957e-10          NaN
      15.0000      721.620  1.86135e-09          NaN
      15.0000      722.175  2.39105e-09  1.68209e-12
      15.0000      722.731  1.05898e-09  1.31919e-12
      15.0000      723.288  6.19461e-10  1.16130e-12
      15.0000      723.844  9.39637e-10  1.24563e-12
      15.0000      724.401  1.09677e-09  1.26308e-12
      15.0000      724.959  6.19093e-10  1.02513e-12
      15.0000      725.517  2.44021e-10  8.69781e-13
      15.0000      726.075  2.47073e-10  9.80760e-13
      15.0000      726.634  2.55160e-10  9.18238e-13
      15.0000      727.193  3.93625e-10  9.02888e-13
      15.0000      727.752  1.98837e-09  1.36226e-12
      15.0000      728.312  7.33363e-09  2.39323e-12
      15.0000      728.873  2.22412e-08  5.52909e-12
      15.0000      729.434  3.37954e-08  8.08660e-12
      15.0000      729.995  2.36575e-08  6.30891e-12
      15.0000      730.557  1.22387e-08  3.22587e-12
      15.0000      731.119  7.21854e-09          NaN
      15.0000      731.681  4.11308e-09          NaN
      15.0000      732.245  1.49725e-09  1.36691e-12
      15.0000      732.808  9.61923e-10  1.09882e-12
      15.0000      733.372  1.86896e-09  1.29452e-12
      15.0000      733.936  2.87061e-09  1.72723e-12
      15.0000      734.501  1.08513e-09  1.22422e-12
      15.0000      735.067  8.08094e-10  1.13006e-12
      15.0000      735.632  1.70845e-09  1.44932e-12
      15.0000      736.198  2.80562e-09  1.84772e-12
      15.0000      736.764  1.24272e-09  1.39540e-12
      15.0000      737.332  6.90267e-10  1.17210e-12
      15.0000      737.899  1.43602e-09  1.39136e-12
      15.0000      738.467  3.67322e-09  2.20953e-12
      15.0000      739.035  1.58626e-09  1.55524e-12
      15.0000      739.604  6.03093e-10  1.15000e-12
      15.0000      740.173  7.38958e-10  1.24822e-12
      15.0000      740.742  2.42121e-09  2.01746e-12
      15.0000      741.312  1.25439e-09  1.47810e-12
      4.00000      741.883  5.98934e-10  1.13532e-12
      4.00000      742.454  7.51185e-10  1.22562e-12
      4.00000      743.025  3.02926e-09  2.23855e-12
      4.00000      743.597  1.75753e-09  1.58449e-12
      4.00000      744.169  6.97669e-10  1.08978e-12
      4.00000      744.742  6.19971e-10  1.01063e-12
      4.00000      745.315  1.96101e-09          NaN
      4.00000      745.888  1.58090e-09          NaN
      4.00000      746.463  7.18150e-10  1.00010e-12
      4.00000      747.037  8.51539e-10  1.00994e-12
      4.00000      747.612  2.62163e-09  1.66237e-12
      4.00000      748.187  2.58497e-09  1.52538e-12
      4.00000      748.763  8.81056e-10  1.08455e-12
      4.00000      749.339  6.82637e-10  9.62637e-13
      4.00000      749.916  1.73469e-09  1.31566e-12
      4.00000      750.493  2.00717e-09  1.51549e-12
      4.00000      751.070  7.74083e-10  1.10857e-12
      4.00000      751.649  6.91140e-10  1.04691e-12
      4.00000      752.227  2.14694e-09  1.60901e-12
      4.00000      752.806  2.75237e-09  2.16241e-12
      4.00000      753.385  8.84973e-10  1.33198e-12
      4.00000      753.965  4.21147e-10  1.09052e-12
      4.00000      754.545  1.27027e-09  1.73360e-12
      4.00000      755.126  1.76832e-09  2.15043e-12
      4.00000      755.707  6.81578e-10  1.36938e-12
      4.00000      756.288  3.73688e-10  1.16802e-12
      4.00000      756.870  1.68528e-09  2.02475e-12
      4.00000      757.452  2.13468e-09  2.16093e-12
      4.00000      758.035  8.27844e-10  1.29065e-12
      4.00000      758.619  4.23698e-10  1.04837e-12
      16.0000      759.202  1.11165e-09          NaN
      16.0000      759.787  1.45865e-09          NaN
      16.0000      760.371  6.18593e-10  1.84594e-12
      16.0000      760.956  3.32706e-10  1.71442e-12
      16.0000      761.542  1.49374e-09  2.38151e-12
      16.0000      762.128  2.13233e-09  2.56871e-12
      16.0000      762.715  6.47400e-10  1.66825e-12
      16.0000      763.302  3.15106e-10  1.55837e-12
      16.0000      763.889  9.13328e-10  1.94625e-12
      16.0000      764.477  1.37286e-09  2.12222e-12
      16.0000      765.065  4.87496e-10  1.46817e-12
      16.0000      765.654  4.06645e-10  1.36100e-12
      16.0000      766.243  1.26470e-09  1.97206e-12
      16.0000      766.832  1.93454e-09  2.25729e-12
      16.0000      767.423  5.03668e-10  1.42203e-12
      16.0000      768.013  3.58149e-10  1.25217e-12
      16.0000      768.604  8.15882e-10  1.55294e-12
      16.0000      769.196  1.12276e-09  1.70215e-12
      16.0000      769.787  4.38254e-10  1.30039e-12
      16.0000      770.380  4.25461e-10  1.21276e-12
      16.0000      770.973  1.21192e-09  1.62185e-12
      16.0000      771.566  1.53724e-09  1.78346e-12
      16.0000      772.160  5.49372e-10  1.29456e-12
      16.0000      772.754  4.60860e-10  1.18498e-12
      16.0000      773.349  8.15718e-10  1.33602e-12
      16.0000      773.944  9.02029e-10  1.37079e-12
      16.0000      774.539  5.53502e-10  1.20766e-12
      16.0000      775.135  5.93552e-10  1.21421e-12
      16.0000      775.732  1.28526e-09  1.52001e-12
      16.0000      776.329  1.20231e-09  1.43521e-12
      16.0000      776.927  6.81672e-10  1.18715e-12
      16.0000      777.524  6.70874e-10  1.21944e-12
      16.0000      778.122  9.79131e-10  1.31572e-12
      16.0000      778.721  8.69942e-10  1.20302e-12
      16.0000      779.321  8.36466e-10  1.16175e-12
      16.0000      779.920  8.51840e-10  1.20845e-12
      16.0000      780.520  1.31160e-09  1.39244e-12
      16.0000      781.121  1.02822e-09  1.17895e-12
      16.0000      781.722  9.84312e-10          NaN
      16.0000      782.324  9.88100e-10          NaN
      16.0000      782.926  1.17743e-09  1.22898e-12
      16.0000      783.528  1.10241e-09  1.15174e-12
      16.0000      784.131  1.11438e-09  1.10898e-12
      16.0000      784.735  1.16341e-09  1.11991e-12
      16.0000      785.339  1.39272e-09          NaN
      16.0000      785.943  1.30976e-09          NaN
      16.0000      786.548  1.36217e-09  1.15551e-12
      16.0000      787.153  1.42449e-09  1.13568e-12
      16.0000      787.758  1.44921e-09  1.13932e-12
      16.0000      788.365  1.33844e-09  1.11301e-12
      16.0000      788.971  1.44540e-09  1.15193e-12
      16.0000      789.579  1.54535e-09  1.15524e-12
      4.00000      790.186  1.69257e-09  1.17395e-12
      4.00000      790.794  1.74680e-09  1.24331e-12
      4.00000      791.403  1.77739e-09  1.28943e-12
      4.00000      792.011  1.69812e-09          NaN
      4.00000      792.621  1.64123e-09          NaN
      4.00000      793.231  1.90280e-09  1.34081e-12
      4.00000      793.842  1.98188e-09  1.44446e-12
      4.00000      794.452  2.10740e-09  1.56471e-12
      4.00000      795.064  1.94246e-09  1.56104e-12
      4.00000      795.675  2.10645e-09  1.61023e-12
      4.00000      796.288  2.13104e-09          NaN
      4.00000      796.900  2.24265e-09          NaN
      4.00000      797.514  2.00574e-09  1.94020e-12
      4.00000      798.128  2.26565e-09  2.01634e-12
      4.00000      798.742  2.92320e-09  2.31729e-12
      4.00000      799.357  2.46988e-09  2.17001e-12
      4.00000      799.972  2.03721e-09  1.97162e-12
      4.00000      800.587  2.09634e-09  1.93286e-12
      4.00000      801.203  3.09017e-09  2.12731e-12
      4.00000      801.820  2.60986e-09  1.89785e-12
      4.00000      802.437  2.49877e-09  1.86570e-12
      4.00000      803.054  2.26717e-09  1.81556e-12
      4.00000      803.672  3.24642e-09  2.01002e-12
      4.00000      804.291  2.89208e-09  1.83513e-12
      4.00000      804.910  2.47053e-09  1.76147e-12
      4.00000      805.529  2.47115e-09  1.88618e-12
      4.00000      806.149  3.71424e-09  2.21012e-12
      4.00000      806.769  4.00198e-09  2.45416e-12
      4.00000      807.390  2.40116e-09  1.97422e-12
      4.00000      808.012  2.39723e-09  2.20731e-12
      4.00000      808.633  3.32483e-09  2.65787e-12
      17.0000      809.255  4.23211e-09  3.45173e-12
      17.0000      809.878  2.41119e-09  2.66578e-12
      17.0000      810.501  2.49266e-09  2.59238e-12
      17.0000      811.125  3.37997e-09          NaN
      17.0000      811.750  4.45482e-09          NaN
      17.0000      812.374  2.59737e-09          NaN
      17.0000      812.999  2.25607e-09          NaN
      17.0000      813.625  4.04331e-09  2.48398e-12
      17.0000      814.251  6.03375e-09  3.08298e-12
      17.0000      814.878  3.72443e-09  2.55643e-12
      17.0000      815.504  1.91085e-09  1.88731e-12
      17.0000      816.132  3.42399e-09  2.13484e-12
      17.0000      816.760  5.54718e-09  2.66615e-12
      17.0000      817.389  4.10243e-09  2.45684e-12
      17.0000      818.017  1.75020e-09  1.69912e-12
      17.0000      818.647  3.03833e-09  1.91729e-12
      17.0000      819.277  5.56965e-09  2.45014e-12
      17.0000      819.907  4.94639e-09  2.47370e-12
      17.0000      820.538  1.63790e-09  1.59317e-12
      17.0000      821.170  2.05208e-09  1.59470e-12
      17.0000      821.802  5.74649e-09          NaN
      17.0000      822.434  7.70522e-09          NaN
      17.0000      823.067  2.98833e-09  1.93592e-12
      17.0000      823.700  2.61448e-09  1.66788e-12
      17.0000      824.334  5.57221e-09  2.17424e-12
      17.0000      824.969  6.94288e-09  2.65907e-12
      17.0000      825.604  2.83204e-09  1.83490e-12
      17.0000      826.239  2.18114e-09  1.57460e-12
      17.0000      826.875  4.53916e-09  1.95635e-12
      17.0000      827.511  6.99793e-09  2.64669e-12
      17.0000      828.148  3.43244e-09  1.97562e-12
      17.0000      828.785  2.26306e-09  1.64010e-12
      17.0000      829.423  4.00997e-09  1.89487e-12
      17.0000      830.061  7.24641e-09  2.73927e-12
      17.0000      830.700  4.17058e-09  2.20661e-12
      17.0000      831.339  2.27499e-09  1.71497e-12
      17.0000      831.979  2.95242e-09  1.79944e-12
      17.0000      832.619  5.85650e-09  2.61757e-12
      17.0000      833.260  4.04816e-09  2.28666e-12
      17.0000      833.901  2.13491e-09  1.80087e-12
      17.0000      834.543  2.24109e-09  1.81172e-12
      17.0000      835.185  4.93365e-09  2.60909e-12
      17.0000      835.828  3.92451e-09  2.37811e-12
      17.0000      836.471  2.28593e-09  1.92640e-12
      17.0000      837.114  2.11093e-09  1.87172e-12
      17.0000      837.759  4.09733e-09  2.38009e-12
      17.0000      838.404  3.49959e-09  2.10426e-12
      4.00000      839.049  2.33097e-09          NaN
      4.00000      839.694  2.18283e-09          NaN
      4.00000      840.340  2.97227e-09  1.94435e-12
      4.00000      840.987  2.98030e-09  1.74633e-12
      4.00000      841.634  2.32311e-09  1.54808e-12
      4.00000      842.282  1.95554e-09  1.44145e-12
      4.00000      842.930  2.50020e-09  1.64067e-12
      4.00000      843.579  2.73196e-09  1.58302e-12
      4.00000      844.228  2.37520e-09  1.46456e-12
      4.00000      844.877  1.98396e-09  1.39775e-12
      4.00000      845.528  2.05798e-09  1.46158e-12
      4.00000      846.178  2.23815e-09  1.48412e-12
      4.00000      846.830  2.07102e-09          NaN
      4.00000      847.481  2.05213e-09          NaN
      4.00000      848.133  1.91686e-09  1.54818e-12
      4.00000      848.786  2.09304e-09  1.66488e-12
      4.00000      849.439  1.82558e-09  1.57059e-12
      4.00000      850.093  1.79529e-09  1.68697e-12
      4.00000      850.747  1.51288e-09          NaN
      4.00000      851.401  1.95790e-09          NaN
      4.00000      852.057  1.65192e-09  1.91307e-12
      4.00000      852.713  1.76969e-09  2.06051e-12
      4.00000      853.368  1.38400e-09  1.96101e-12
      4.00000      854.026  1.63183e-09  2.07404e-12
      4.00000      854.683  1.31539e-09  1.77078e-12
      4.00000      855.341  1.50752e-09  1.78972e-12
      4.00000      855.999  1.31479e-09  1.69644e-12
      4.00000      856.657  1.34662e-09  1.70748e-12
      4.00000      857.316  1.20666e-09  1.57901e-12
      4.00000      857.976  1.18309e-09  1.50431e-12
      18.0000      858.637  1.01387e-09  2.68230e-12
      18.0000      859.297  1.11740e-09  2.53168e-12
      18.0000      859.958  1.07708e-09  2.41880e-12
      18.0000      860.620  9.97356e-10  2.35251e-12
      18.0000      861.283  9.19679e-10  2.21767e-12
      18.0000      861.945  9.00911e-10  2.04263e-12
      18.0000      862.608  8.19819e-10  1.98734e-12
      18.0000      863.272  7.68400e-10  1.98616e-12
      18.0000      863.937  7.82290e-10  1.93485e-12
      18.0000      864.602  7.13775e-10  1.72492e-12
      18.0000      865.267  6.86816e-10  1.67942e-12
      18.0000      865.933  6.01967e-10  1.72453e-12
      18.0000      866.599  5.81269e-10  1.65275e-12
      18.0000      867.266  5.38221e-10  1.50264e-12
      18.0000      867.934  5.72982e-10  1.47658e-12
      18.0000      868.601  4.94475e-10  1.47137e-12
      18.0000      869.270  4.81168e-10  1.43660e-12
      18.0000      869.938  4.38834e-10  1.34234e-12
      18.0000      870.608  4.24874e-10  1.28217e-12
      18.0000      871.277  3.53448e-10  1.29647e-12
      18.0000      871.948  3.85547e-10  1.27978e-12
      18.0000      872.619  3.59286e-10  1.21857e-12
      18.0000      873.291  3.42052e-10  1.14691e-12
      18.0000      873.962  2.88589e-10  1.18435e-12
      18.0000      874.635  2.73943e-10  1.17782e-12
      18.0000      875.308  2.44565e-10  1.06182e-12
      18.0000      875.982  2.46193e-10  1.01781e-12
      18.0000      876.656  2.20167e-10  1.03373e-12
      18.0000      877.331  1.94320e-10  1.01415e-12
      18.0000      878.005  1.88419e-10  9.24699e-13
      18.0000      878.681  1.81952e-10  8.88913e-13
      18.0000      879.357  1.57757e-10  8.78219e-13
      18.0000      880.035  1.47503e-10  8.82655e-13
      18.0000      880.711  1.48174e-10  7.99797e-13
      18.0000      881.389  1.35130e-10  7.65768e-13
      18.0000      882.068  1.24389e-10  7.72061e-13
      18.0000      882.747  1.12677e-10  7.57751e-13
      18.0000      883.426  1.03622e-10  6.91320e-13
      18.0000      884.105  1.00573e-10  6.59882e-13
      18.0000      884.786  9.71616e-11  6.67447e-13
      18.0000      885.467  8.84773e-11  7.43182e-13
      18.0000      886.148  8.38453e-11  6.54950e-13
      18.0000      886.830  8.12108e-11  5.90098e-13
      18.0000      887.512  7.17508e-11  6.00120e-13
      18.0000      888.195  6.69486e-11  6.09786e-13
      4.00000      888.879  5.62071e-11  5.90104e-13
      4.00000      889.563  6.53749e-11  5.70768e-13
      4.00000      890.248  6.39049e-11  5.93756e-13
      4.00000      890.932  5.08663e-11  6.27563e-13
      4.00000      891.618  4.89211e-11  6.13982e-13
      4.00000      892.304  4.79280e-11  5.86260e-13
      4.00000      892.991  4.88172e-11  6.25504e-13
      4.00000      893.678  4.53549e-11  6.82011e-13
      4.00000      894.366  3.97506e-11  6.97058e-13
      4.00000      895.054  4.28532e-11  6.77592e-13
      4.00000      895.743  4.42725e-11  7.35718e-13
      4.00000      896.432  4.59290e-11  8.45359e-13
      4.00000      897.122  4.04259e-11  8.57221e-13
      4.00000      897.812  4.26494e-11  8.43830e-13
      4.00000      898.503  4.04088e-11  8.74697e-13
      4.00000      899.194  3.68977e-11  9.42745e-13
      4.00000      899.887  2.98750e-11  8.83205e-13
      4.00000      900.579  3.78408e-11  7.94894e-13
      4.00000      901.272  3.67603e-11  7.89181e-13
      4.00000      901.965  4.16491e-11  8.53052e-13
      4.00000      902.660  4.01491e-11  8.11430e-13
      4.00000      903.354  3.47226e-11  7.45259e-13
      4.00000      904.050  3.63726e-11  7.68558e-13
      4.00000      904.745  3.28640e-11  8.28907e-13
      4.00000      905.441  3.59778e-11  8.38922e-13
      4.00000      906.138  3.71558e-11  8.11549e-13
      4.00000      906.835  3.45899e-11  8.53252e-13
      4.00000      907.533  3.54446e-11  9.91077e-13
      4.00000      908.231  4.60805e-11  1.12727e-12
      19.0000      908.931  4.19279e-11  1.94638e-12
      19.0000      909.630  4.17234e-11  1.72704e-12
      19.0000      910.330  4.26369e-11  1.53127e-12
      19.0000      911.031  4.64820e-11  1.60144e-12
      19.0000      911.732  4.42864e-11  1.49378e-12
      19.0000      912.433  3.70557e-11  1.37181e-12
      19.0000      913.135  4.03171e-11  1.24588e-12
      19.0000      913.838  3.68163e-11  1.17807e-12
      19.0000      914.541  4.66660e-11  1.23621e-12
      19.0000      915.245  6.02944e-11  1.14864e-12
      19.0000      915.949  4.27466e-11  9.90593e-13
      19.0000      916.654  3.22058e-11  1.02268e-12
      19.0000      917.360  3.39743e-11  1.01574e-12
      19.0000      918.065  3.24694e-11  9.14767e-13
      19.0000      918.771  2.93489e-11  8.41956e-13
      19.0000      919.479  3.49345e-11  8.78068e-13
      19.0000      920.187  4.70942e-11  8.75509e-13
      19.0000      920.894  4.88816e-11  7.79977e-13
      19.0000      921.603  6.07269e-11  7.45259e-13
      19.0000      922.313  6.99846e-11  7.80675e-13
      19.0000      923.022  5.41562e-11  7.62965e-13
      19.0000      923.732  3.79774e-11  6.90969e-13
      19.0000      924.443  2.99514e-11  6.64057e-13
      19.0000      925.155  2.48443e-11  6.90737e-13
      19.0000      925.867  2.51818e-11  6.77338e-13
      19.0000      926.579  3.03509e-11  6.28418e-13
      19.0000      927.292  2.79179e-11  6.11296e-13
      19.0000      928.005  2.46113e-11  6.29243e-13
      19.0000      928.720  3.48918e-11  6.26094e-13
      19.0000      929.435  4.38953e-11  5.82861e-13
      19.0000      930.149  3.90158e-11  5.78081e-13
      19.0000      930.866  2.88890e-11  6.15128e-13
      19.0000      931.582  2.49412e-11  6.35399e-13
      19.0000      932.298  3.01534e-11  5.92526e-13
      19.0000      933.016  2.58926e-11  5.96255e-13
      19.0000      933.734  2.46881e-11  6.54620e-13
      19.0000      934.453  2.32847e-11  6.55212e-13
      19.0000      935.172  2.08110e-11  6.16100e-13
      19.0000      935.891  2.36035e-11  6.41696e-13
      19.0000      936.611  2.67442e-11  7.24415e-13
      19.0000      937.332  2.37896e-11  7.12059e-13
      4.00000      938.054  2.09357e-11  6.78855e-13
      4.00000      938.775  2.02277e-11  7.62977e-13
      4.00000      939.498  3.23895e-11  8.31494e-13
      4.00000      940.221  3.60576e-11  7.59717e-13
      4.00000      940.944  2.73258e-11  7.04600e-13
      4.00000      941.668  2.08280e-11  7.52478e-13
      4.00000      942.393  2.43297e-11  7.43986e-13
      4.00000      943.118  3.33715e-11  6.55923e-13
      4.00000      943.844  2.89845e-11  6.34601e-13
      4.00000      944.570  3.56011e-11  6.84329e-13
      4.00000      945.298  4.16178e-11  6.71981e-13
      4.00000      946.025  4.91591e-11          NaN
      4.00000      946.753  5.31747e-11          NaN
      4.00000      947.481  5.84855e-11  6.58121e-13
      4.00000      948.211  7.63661e-11  6.62792e-13
      4.00000      948.939  1.28940e-10  6.61423e-13
      4.00000      949.670  1.35430e-10  6.87973e-13
      4.00000      950.401  9.25102e-11  7.26036e-13
      4.00000      951.133  7.07154e-11          NaN
      4.00000      951.864  5.41065e-11          NaN
      4.00000      952.597  4.33715e-11  7.40483e-13
      4.00000      953.330  3.12715e-11  8.93808e-13
      4.00000      954.064  2.50096e-11  9.20823e-13
      4.00000      954.798  2.50981e-11  8.89020e-13
      4.00000      955.532  2.60867e-11  1.04315e-12
      4.00000      956.268  2.23308e-11  1.21558e-12
      4.00000      957.004  2.35998e-11  1.13881e-12
      4.00000      957.740  2.16670e-11  1.04398e-12
      20.0000      958.477  3.02100e-11  1.17305e-12
      20.0000      959.214  2.84386e-11  1.15744e-12
      20.0000      959.953  2.16996e-11  1.25625e-12
      20.0000      960.691  2.28746e-11  1.18481e-12
      20.0000      961.430  2.46720e-11  9.31339e-13
      20.0000      962.170  2.51945e-11  9.80021e-13
      20.0000      962.911  2.12570e-11  1.01344e-12
      20.0000      963.652  2.26119e-11  8.73642e-13
      20.0000      964.394  2.58169e-11  9.06733e-13
      20.0000      965.135  2.39911e-11  9.85018e-13
      20.0000      965.878  1.36839e-11  9.74881e-13
      20.0000      966.622  1.93348e-11  8.49765e-13
      20.0000      967.365  1.00327e-11  9.32368e-13
      20.0000      968.110  3.77709e-11  9.22465e-13
      20.0000      968.855  4.47366e-11  8.57245e-13
      20.0000      969.600  4.76756e-11  7.74285e-13
      20.0000      970.346  3.80216e-11  7.93034e-13
      20.0000      971.093  2.96900e-11  8.13660e-13
      20.0000      971.840  1.95333e-11  7.50439e-13
      20.0000      972.589  1.30747e-11  7.00910e-13
      20.0000      973.336  1.55583e-11  7.14659e-13
      20.0000      974.085  1.45978e-11  7.07321e-13
      20.0000      974.836  1.49224e-11  6.40537e-13
      20.0000      975.585  1.58486e-11  6.15481e-13
      20.0000      976.337  1.80180e-11  6.56619e-13
      20.0000      977.087  2.27420e-11  6.58122e-13
      20.0000      977.839  3.10847e-11  6.12568e-13
      20.0000      978.592  3.64768e-11  6.09075e-13
      20.0000      979.345  2.61676e-11  6.45185e-13
      20.0000      980.098  1.69075e-11  6.29693e-13
      20.0000      980.853  1.76687e-11          NaN
      20.0000      981.608  1.39248e-11          NaN
      20.0000      982.363  1.27042e-11  6.65109e-13
      20.0000      983.119  1.44969e-11  6.49380e-13
      20.0000      983.875  1.21300e-11  6.20369e-13
      20.0000      984.633  1.28588e-11  6.91560e-13
      20.0000      985.391  1.60354e-11  7.37467e-13
      20.0000      986.149  2.59298e-11  6.88755e-13
      20.0000      986.908  2.96359e-11  6.87007e-13
      20.0000      987.667  3.58181e-11  7.86386e-13
      20.0000      988.427  2.96996e-11  8.12597e-13
      20.0000      989.187  1.59237e-11  7.45151e-13
      20.0000      989.949  1.57224e-11  8.21960e-13
      20.0000      990.710  1.30870e-11  9.43314e-13
      20.0000      991.473  1.80930e-11  8.24483e-13
      20.0000      992.236  1.45991e-11  7.46560e-13
      20.0000      992.999  1.58618e-11  8.24033e-13
      20.0000      993.763  1.36302e-11  8.09009e-13
      20.0000      994.528  1.41371e-11  6.93650e-13
      20.0000      995.293  1.09125e-11  7.13482e-13
      20.0000      996.060  1.78257e-11  7.75788e-13
      20.0000      996.826  2.65005e-11  7.15668e-13
      20.0000      997.593  1.62435e-11  6.56251e-13
      20.0000      998.361  1.21142e-11  7.03568e-13
      20.0000      999.129  1.75474e-11  7.37926e-13
      20.0000      999.898  1.91946e-11  7.02735e-13
      20.0000      1000.67  1.80274e-11  6.81882e-13
      20.0000      1001.44  1.46427e-11  7.67279e-13
      20.0000      1002.21  1.12278e-11  8.74109e-13
      20.0000      1002.98  1.21285e-11  8.55483e-13
      20.0000      1003.75  1.08949e-11  8.78889e-13
      20.0000      1004.52  1.54922e-11  1.09453e-12
      20.0000      1005.30  1.28199e-11  1.22804e-12
      20.0000      1006.07  2.22215e-11  1.18587e-12
      20.0000      1006.84  1.22140e-11  1.40165e-12
      20.0000      1007.62  1.69116e-11  1.64942e-12
