      11.0000      514.419  5.39175e-10  3.47431e-12
      11.0000      514.815  4.11377e-10  2.96613e-12
      11.0000      515.211  4.34126e-10  3.46757e-12
      11.0000      515.607  5.31307e-10  3.70098e-12
      11.0000      516.004  5.46298e-10  4.93755e-12
      11.0000      516.401  5.53403e-10  4.35401e-12
      11.0000      516.799  5.41333e-10  3.79430e-12
      11.0000      517.196  5.58403e-10  3.65091e-12
      11.0000      517.594  5.53387e-10  3.79831e-12
      11.0000      517.992  5.35657e-10  3.81078e-12
      11.0000      518.391  5.86634e-10  4.93644e-12
      11.0000      518.790  5.51034e-10  3.56202e-12
      11.0000      519.189  5.53590e-10  4.13814e-12
      11.0000      519.589  5.53375e-10  3.70222e-12
      11.0000      519.989  5.15894e-10  2.91330e-12
      11.0000      520.389  5.31488e-10  3.48164e-12
      11.0000      520.789  5.25065e-10  3.89743e-12
      11.0000      521.190  5.20808e-10  3.82240e-12
      11.0000      521.591  5.32377e-10  3.75371e-12
      11.0000      521.992  5.33592e-10  3.53350e-12
      11.0000      522.394  5.16943e-10  2.94446e-12
      11.0000      522.796  5.42396e-10  3.28435e-12
      11.0000      523.198  5.28693e-10  5.41557e-12
      11.0000      523.601  5.11220e-10  3.02450e-12
      11.0000      524.004  5.11621e-10          NaN
      11.0000      524.407  5.21860e-10          NaN
      11.0000      524.811  5.14109e-10  2.40179e-12
      11.0000      525.214  4.99488e-10  1.97598e-12
      11.0000      525.619  5.06420e-10  1.91109e-12
      11.0000      526.023  5.56463e-10  2.01023e-12
      11.0000      526.428  5.99585e-10  2.33377e-12
      11.0000      526.833  5.45929e-10  2.22326e-12
      11.0000      527.238  5.13151e-10  2.15576e-12
      11.0000      527.644  5.37432e-10  2.16097e-12
      11.0000      528.050  5.21858e-10  2.06268e-12
      11.0000      528.457  4.89816e-10  1.92157e-12
      11.0000      528.863  4.98856e-10  2.07310e-12
      11.0000      529.270  5.18849e-10  2.18529e-12
      11.0000      529.678  5.11642e-10  2.31083e-12
      11.0000      530.085  5.03506e-10  2.17609e-12
      11.0000      530.493  4.96389e-10  1.94948e-12
      11.0000      530.901  4.95151e-10  2.10991e-12
      11.0000      531.310  4.87213e-10  2.05348e-12
      11.0000      531.719  4.83773e-10  1.89821e-12
      11.0000      532.128  4.75103e-10  1.95897e-12
      11.0000      532.537  4.80255e-10  2.08408e-12
      11.0000      532.947  4.90239e-10  2.10909e-12
      11.0000      533.357  4.84887e-10  1.82826e-12
      11.0000      533.768  4.96674e-10  1.68743e-12
      11.0000      534.179  5.03461e-10  1.72845e-12
      11.0000      534.590  4.84878e-10  1.90541e-12
      11.0000      535.001  4.67420e-10  1.88181e-12
      11.0000      535.413  4.73229e-10  1.86000e-12
      11.0000      535.825  4.74355e-10  1.83620e-12
      11.0000      536.237  4.71304e-10  1.78066e-12
      11.0000      536.650  4.75776e-10  1.65565e-12
      11.0000      537.063  4.77214e-10  1.73457e-12
      11.0000      537.476  4.55087e-10  1.73517e-12
      11.0000      537.889  4.58865e-10          NaN
      11.0000      538.304  4.74677e-10          NaN
      11.0000      538.718  4.75581e-10  1.69376e-12
      11.0000      539.132  4.91449e-10  1.65981e-12
      11.0000      539.547  4.76642e-10  1.57518e-12
      11.0000      539.962  4.53948e-10          NaN
      11.0000      540.378  4.58210e-10          NaN
      11.0000      540.794  4.60253e-10  1.71503e-12
      11.0000      541.210  4.40562e-10  1.70251e-12
      11.0000      541.626  4.49488e-10  1.63617e-12
      11.0000      542.043  4.52792e-10  1.47773e-12
      11.0000      542.460  4.60954e-10  1.48161e-12
      11.0000      542.878  4.52846e-10  1.48166e-12
      11.0000      543.295  4.44945e-10  1.54580e-12
      11.0000      543.713  4.47122e-10  1.60138e-12
      11.0000      544.132  4.59623e-10  1.62988e-12
      11.0000      544.550  4.66974e-10  1.47441e-12
      11.0000      544.970  4.64620e-10  1.41710e-12
      11.0000      545.389  4.45878e-10  1.34198e-12
      11.0000      545.809  4.37750e-10  1.33909e-12
      11.0000      546.229  4.35117e-10  1.39457e-12
      11.0000      546.649  4.47039e-10  1.47040e-12
      11.0000      547.070  4.73130e-10  1.43032e-12
      11.0000      547.491  4.76550e-10  1.35061e-12
      11.0000      547.912  4.70136e-10  1.29271e-12
      11.0000      548.334  4.70579e-10  1.29658e-12
      11.0000      548.756  4.56034e-10  1.27862e-12
      11.0000      549.178  4.53222e-10  1.38789e-12
      11.0000      549.600  4.58796e-10  1.44732e-12
      11.0000      550.024  4.59321e-10  1.45030e-12
      11.0000      550.447  4.62350e-10  1.43076e-12
      11.0000      550.870  4.48559e-10  1.33772e-12
      11.0000      551.294  4.48122e-10  1.42350e-12
      11.0000      551.718  4.56850e-10  1.56177e-12
      11.0000      552.143  4.57875e-10  1.72187e-12
      11.0000      552.568  4.44939e-10  1.76966e-12
      11.0000      552.993  4.47870e-10  1.72619e-12
      11.0000      553.418  4.50749e-10  1.67738e-12
      11.0000      553.844  4.50133e-10  1.69857e-12
      11.0000      554.271  4.55045e-10  1.77830e-12
      11.0000      554.697  4.46026e-10  1.79132e-12
      11.0000      555.124  4.51400e-10  1.90504e-12
      11.0000      555.551  4.49225e-10  1.83038e-12
      11.0000      555.979  4.54867e-10  1.75134e-12
      11.0000      556.407  4.46193e-10  1.71625e-12
      11.0000      556.835  4.39885e-10  1.61992e-12
      11.0000      557.263  4.50111e-10  1.63137e-12
      11.0000      557.692  4.48050e-10  1.63746e-12
      11.0000      558.121  4.51002e-10  1.64205e-12
      11.0000      558.551  4.47073e-10  1.57009e-12
      11.0000      558.981  4.47332e-10  1.50766e-12
      11.0000      559.411  4.54668e-10  1.51689e-12
      4.00000      559.841  4.52832e-10  1.54844e-12
      4.00000      560.272  4.43742e-10  1.73673e-12
      4.00000      560.703  4.56437e-10  1.74156e-12
      12.0000      561.135  4.58284e-10  3.86505e-12
      12.0000      561.567  4.50121e-10  3.58644e-12
      12.0000      561.999  4.63897e-10  3.65272e-12
      12.0000      562.431  4.61294e-10  4.29326e-12
      12.0000      562.864  4.58641e-10  3.27990e-12
      12.0000      563.297  4.67730e-10  3.91318e-12
      12.0000      563.731  4.60305e-10  3.34163e-12
      12.0000      564.164  4.66256e-10  3.10002e-12
      12.0000      564.599  4.63449e-10  2.88986e-12
      12.0000      565.033  4.60355e-10  3.16686e-12
      12.0000      565.468  4.85943e-10  3.03140e-12
      12.0000      565.903  4.74811e-10  3.78012e-12
      12.0000      566.338  4.54431e-10  2.56861e-12
      12.0000      566.774  4.77643e-10  2.69501e-12
      12.0000      567.210  5.14390e-10  1.36753e-11
      12.0000      567.647  5.23635e-10  2.37294e-11
      12.0000      568.084  4.97755e-10  2.19942e-12
      12.0000      568.521  4.85578e-10  2.25189e-12
      12.0000      568.958  4.69526e-10  2.31968e-12
      12.0000      569.396  4.68363e-10  2.19547e-12
      12.0000      569.834  4.75281e-10          NaN
      12.0000      570.273  4.76628e-10          NaN
      12.0000      570.711  4.80868e-10  2.37737e-12
      12.0000      571.151  4.65396e-10  2.17116e-12
      12.0000      571.590  4.56547e-10  1.90589e-12
      12.0000      572.030  4.61443e-10  1.94337e-12
      12.0000      572.470  4.62510e-10  1.88605e-12
      12.0000      572.911  4.60042e-10  1.90809e-12
      12.0000      573.352  4.66327e-10  1.81880e-12
      12.0000      573.793  4.69511e-10  1.83717e-12
      12.0000      574.234  4.56540e-10  1.73149e-12
      12.0000      574.676  4.53480e-10  1.85540e-12
      12.0000      575.119  4.58631e-10  1.87800e-12
      12.0000      575.561  4.70606e-10  1.95152e-12
      12.0000      576.004  4.55298e-10  1.81089e-12
      12.0000      576.447  4.67720e-10  1.79587e-12
      12.0000      576.891  4.64992e-10  1.69860e-12
      12.0000      577.335  4.51313e-10  1.64574e-12
      12.0000      577.779  4.56784e-10  1.93793e-12
      12.0000      578.224  4.51110e-10  1.82136e-12
      12.0000      578.669  4.55898e-10  1.64162e-12
      12.0000      579.114  4.59084e-10          NaN
      12.0000      579.560  4.57501e-10          NaN
      12.0000      580.006  4.45299e-10  1.74938e-12
      12.0000      580.452  4.40308e-10  1.57666e-12
      12.0000      580.899  4.51166e-10  1.65925e-12
      12.0000      581.346  4.42277e-10  1.71889e-12
      12.0000      581.793  4.54291e-10  1.58890e-12
      12.0000      582.241  4.54297e-10          NaN
      12.0000      582.689  4.52173e-10          NaN
      12.0000      583.137  4.54301e-10  1.42011e-12
      12.0000      583.586  4.68451e-10  1.55552e-12
      12.0000      584.035  4.79542e-10  1.51138e-12
      12.0000      584.484  4.79262e-10  1.43969e-12
      12.0000      584.934  4.43823e-10  1.31401e-12
      12.0000      585.384  4.31009e-10  1.38408e-12
      12.0000      585.835  4.31204e-10  1.33245e-12
      12.0000      586.286  5.66317e-10  1.46312e-12
      12.0000      586.737  1.26460e-09  1.91245e-12
      12.0000      587.188  1.20152e-09  1.84438e-12
      12.0000      587.640  5.08777e-10  1.35055e-12
      12.0000      588.092  4.48322e-10  1.28119e-12
      12.0000      588.545  4.37294e-10  1.33041e-12
      12.0000      588.998  4.27303e-10  1.35857e-12
      12.0000      589.451  4.51023e-10  1.41468e-12
      12.0000      589.905  4.46513e-10  1.36353e-12
      12.0000      590.359  4.38136e-10  1.30938e-12
      12.0000      590.813  4.39062e-10  1.25448e-12
      12.0000      591.267  4.11834e-10  1.25215e-12
      12.0000      591.723  4.04501e-10  1.28603e-12
      12.0000      592.178  4.23864e-10  1.36394e-12
      12.0000      592.634  4.22814e-10  1.36530e-12
      12.0000      593.090  4.14957e-10  1.22643e-12
      12.0000      593.546  4.17408e-10  1.14468e-12
      12.0000      594.003  4.14010e-10  1.17762e-12
      12.0000      594.460  4.07183e-10  1.24923e-12
      12.0000      594.917  4.19019e-10  1.23862e-12
      12.0000      595.375  4.09418e-10  1.16522e-12
      12.0000      595.833  4.16632e-10  1.08820e-12
      12.0000      596.292  4.23697e-10  1.04437e-12
      12.0000      596.751  4.16024e-10  1.05245e-12
      12.0000      597.210  4.10338e-10  1.06750e-12
      12.0000      597.669  4.11151e-10  1.10899e-12
      12.0000      598.129  4.05681e-10  1.11889e-12
      12.0000      598.589  4.02922e-10  1.08638e-12
      12.0000      599.050  4.01321e-10  1.03222e-12
      12.0000      599.511  3.99659e-10  1.04050e-12
      12.0000      599.972  4.04059e-10  1.08190e-12
      12.0000      600.434  4.09819e-10  1.16374e-12
      12.0000      600.896  3.94892e-10  1.24056e-12
      12.0000      601.359  3.97089e-10  1.20843e-12
      12.0000      601.822  4.10921e-10  1.19952e-12
      12.0000      602.284  4.58387e-10  1.29872e-12
      12.0000      602.748  4.99449e-10  1.35188e-12
      12.0000      603.212  4.79078e-10  1.51955e-12
      12.0000      603.676  4.73095e-10  1.58821e-12
      12.0000      604.141  4.21613e-10  1.52249e-12
      12.0000      604.606  4.02918e-10  1.48476e-12
      4.00000      605.071  4.00316e-10  1.45731e-12
      4.00000      605.537  4.89396e-10          NaN
      4.00000      606.002  7.59918e-10          NaN
      4.00000      606.469  6.64566e-10          NaN
      4.00000      606.935  5.59284e-10  1.59580e-12
      4.00000      607.402  4.81394e-10  1.44514e-12
      4.00000      607.870  4.21792e-10  1.33815e-12
      4.00000      608.338  4.00802e-10  1.35188e-12
      4.00000      608.806  4.06246e-10  1.36539e-12
      4.00000      609.274  3.90098e-10  1.38429e-12
      4.00000      609.743  3.83855e-10  1.36734e-12
      13.0000      610.212  3.80071e-10  3.58047e-12
      13.0000      610.682  3.48349e-10  3.74350e-12
      13.0000      611.152  3.49025e-10  3.06310e-12
      13.0000      611.622  3.58405e-10  3.22848e-12
      13.0000      612.093  3.39516e-10  3.63555e-12
      13.0000      612.564  3.49918e-10  3.43819e-12
      13.0000      613.035  3.55448e-10  3.14833e-12
      13.0000      613.507  3.56916e-10  3.54393e-12
      13.0000      613.979  3.46313e-10  2.73656e-12
      13.0000      614.451  3.47785e-10  2.62238e-12
      13.0000      614.924  3.37551e-10  2.28647e-12
      13.0000      615.397  3.40622e-10  2.48148e-12
      13.0000      615.871  3.34945e-10  2.30149e-12
      13.0000      616.345  3.48718e-10  2.74710e-12
      13.0000      616.819  3.36692e-10  2.13803e-12
      13.0000      617.294  3.42986e-10  2.08770e-12
      13.0000      617.769  3.37481e-10  1.74521e-12
      13.0000      618.245  3.28887e-10  2.23697e-12
      13.0000      618.720  3.24259e-10  2.58703e-12
      13.0000      619.196  3.18345e-10  1.88592e-12
      13.0000      619.673  3.15932e-10  1.86601e-12
      13.0000      620.150  3.18919e-10  2.00250e-12
      13.0000      620.627  3.24281e-10          NaN
      13.0000      621.105  3.24600e-10          NaN
      13.0000      621.582  3.21291e-10  1.62810e-12
      13.0000      622.061  3.07850e-10  1.59374e-12
      13.0000      622.539  3.06892e-10  1.42586e-12
      13.0000      623.018  3.08206e-10  1.28279e-12
      13.0000      623.498  3.06434e-10  1.30073e-12
      13.0000      623.978  3.12869e-10  1.27638e-12
      13.0000      624.458  3.32850e-10  1.27501e-12
      13.0000      624.938  3.42967e-10  1.20069e-12
      13.0000      625.419  3.19691e-10  1.16434e-12
      13.0000      625.901  2.99475e-10  1.16478e-12
      13.0000      626.382  2.92843e-10  1.17923e-12
      13.0000      626.864  2.89934e-10  1.16851e-12
      13.0000      627.347  3.07871e-10  1.15721e-12
      13.0000      627.830  3.26008e-10  1.10353e-12
      13.0000      628.312  3.01355e-10  1.03502e-12
      13.0000      628.796  2.93094e-10  1.06487e-12
      13.0000      629.280  2.92837e-10  1.06860e-12
      13.0000      629.764  2.91301e-10  1.05404e-12
      13.0000      630.249  2.99260e-10  1.01164e-12
      13.0000      630.734  3.15825e-10  9.68041e-13
      13.0000      631.219  3.41089e-10  9.77074e-13
      13.0000      631.705  3.40451e-10  9.81373e-13
      13.0000      632.191  3.42741e-10  1.01781e-12
      13.0000      632.678  3.80456e-10  1.00818e-12
      13.0000      633.164  3.91586e-10  9.59790e-13
      13.0000      633.652  3.75737e-10  9.47065e-13
      13.0000      634.139  3.60575e-10  9.32520e-13
      13.0000      634.627  3.43341e-10  9.21910e-13
      13.0000      635.115  3.08945e-10  9.31670e-13
      13.0000      635.604  2.88020e-10  9.14654e-13
      13.0000      636.094  2.82219e-10  8.76672e-13
      13.0000      636.583  2.68714e-10  8.36252e-13
      13.0000      637.073  2.49329e-10  8.37295e-13
      13.0000      637.563  2.42248e-10  8.71315e-13
      13.0000      638.054  2.43632e-10  8.65604e-13
      13.0000      638.545  2.34110e-10  8.59667e-13
      13.0000      639.036  2.34343e-10  8.19937e-13
      13.0000      639.528  2.36983e-10  8.02460e-13
      13.0000      640.020  2.30422e-10  8.42893e-13
      13.0000      640.512  2.27923e-10  8.46392e-13
      13.0000      641.005  2.29147e-10  8.67004e-13
      13.0000      641.499  2.33129e-10  8.33585e-13
      13.0000      641.992  2.46105e-10  8.02016e-13
      13.0000      642.486  2.50053e-10  8.30787e-13
      13.0000      642.981  2.57364e-10  9.15955e-13
      13.0000      643.475  2.40371e-10  9.61887e-13
      13.0000      643.971  2.18611e-10  9.55867e-13
      13.0000      644.466  2.12466e-10  9.36365e-13
      13.0000      644.962  2.00814e-10  9.33073e-13
      13.0000      645.459  2.01244e-10  9.94761e-13
      13.0000      645.955  2.02764e-10  1.08357e-12
      13.0000      646.452  1.99864e-10  1.18969e-12
      13.0000      646.950  2.07796e-10  1.12102e-12
      13.0000      647.447  1.99136e-10  1.06133e-12
      13.0000      647.946  1.89937e-10  1.04513e-12
      13.0000      648.445  2.02123e-10  1.13101e-12
      13.0000      648.943  2.01263e-10  1.24481e-12
      13.0000      649.443  1.83394e-10  1.13549e-12
      13.0000      649.942  1.90651e-10  1.07996e-12
      4.00000      650.442  1.94757e-10  9.90468e-13
      4.00000      650.943  2.14467e-10  9.57352e-13
      4.00000      651.444  2.16250e-10  1.01242e-12
      4.00000      651.945  2.20966e-10  9.84129e-13
      4.00000      652.447  2.08537e-10  9.34024e-13
      4.00000      652.949  2.06293e-10  8.88357e-13
      4.00000      653.452  1.96047e-10  8.59780e-13
      4.00000      653.955  1.79351e-10          NaN
      4.00000      654.458  1.85133e-10          NaN
      4.00000      654.961  1.94530e-10  9.73026e-13
      4.00000      655.465  1.83364e-10  9.85376e-13
      4.00000      655.970  1.91081e-10  9.45660e-13
      4.00000      656.475  1.85125e-10  9.82393e-13
      4.00000      656.980  1.65634e-10  1.08726e-12
      4.00000      657.485  1.71279e-10  1.16905e-12
      4.00000      657.991  1.91771e-10  1.29704e-12
      4.00000      658.497  1.79837e-10  1.23650e-12
      4.00000      659.004  1.76225e-10  1.20526e-12
      4.00000      659.511  2.56281e-10  1.31046e-12
      14.0000      660.019  3.24580e-10  2.12813e-12
      14.0000      660.527  2.58293e-10  2.18870e-12
      14.0000      661.035  2.44496e-10  2.11393e-12
      14.0000      661.544  2.19665e-10  2.06906e-12
      14.0000      662.053  1.86471e-10  1.98523e-12
      14.0000      662.562  1.94694e-10  1.75936e-12
      14.0000      663.072  1.76319e-10  1.69430e-12
      14.0000      663.582  1.65377e-10  1.62954e-12
      14.0000      664.093  1.69045e-10  1.65085e-12
      14.0000      664.604  1.76577e-10  1.61698e-12
      14.0000      665.116  1.83954e-10  1.43746e-12
      14.0000      665.627  2.07932e-10  1.44066e-12
      14.0000      666.140  1.74629e-10  1.35934e-12
      14.0000      666.652  2.76315e-10  1.39662e-12
      14.0000      667.165  6.75664e-10  1.59800e-12
      14.0000      667.678  8.33522e-10  1.63432e-12
      14.0000      668.192  4.09515e-10  1.34909e-12
      14.0000      668.707  2.04728e-10  1.15500e-12
      14.0000      669.221  1.70820e-10  1.13871e-12
      14.0000      669.736  2.26137e-10  1.16211e-12
      14.0000      670.252  2.75158e-10  1.11989e-12
      14.0000      670.767  2.23481e-10  1.02499e-12
      14.0000      671.283  1.73827e-10  9.61868e-13
      14.0000      671.800  1.58127e-10  9.64793e-13
      14.0000      672.317  2.18901e-10  9.95734e-13
      14.0000      672.834  2.64440e-10  1.02195e-12
      14.0000      673.352  2.67609e-10  1.00203e-12
      14.0000      673.870  3.15291e-10  9.52577e-13
      14.0000      674.389  3.84392e-10  9.97839e-13
      14.0000      674.908  4.46645e-10  1.02934e-12
      14.0000      675.427  3.06512e-10  9.66962e-13
      14.0000      675.947  2.05981e-10  8.96824e-13
      14.0000      676.467  2.28557e-10  8.58152e-13
      14.0000      676.988  3.33410e-10  9.10225e-13
      14.0000      677.509  3.67907e-10  9.54767e-13
      14.0000      678.030  2.42449e-10  9.06966e-13
      14.0000      678.552  2.15550e-10  8.82265e-13
      14.0000      679.074  4.67745e-10  9.21529e-13
      14.0000      679.597  7.46765e-10  1.06593e-12
      14.0000      680.119  5.09282e-10  9.86194e-13
      14.0000      680.643  2.34221e-10  8.73889e-13
      14.0000      681.166  2.45618e-10  8.52337e-13
      14.0000      681.691  4.51724e-10  9.19456e-13
      14.0000      682.215  5.24212e-10  9.68804e-13
      14.0000      682.740  2.50324e-10  8.46398e-13
      14.0000      683.266  2.12482e-10          NaN
      14.0000      683.792  6.43135e-10          NaN
      14.0000      684.318  1.13583e-09  1.23937e-12
      14.0000      684.844  6.21181e-10          NaN
      14.0000      685.371  2.68577e-10          NaN
      14.0000      685.899  3.11051e-10  8.87294e-13
      14.0000      686.427  6.92320e-10          NaN
      14.0000      686.955  7.28755e-10          NaN
      14.0000      687.484  2.30875e-10  8.66072e-13
      14.0000      688.012  2.85817e-10  8.66709e-13
      14.0000      688.542  9.14595e-10  1.18569e-12
      14.0000      689.072  1.93605e-09          NaN
      14.0000      689.602  6.19246e-10          NaN
      14.0000      690.133  2.08591e-10          NaN
      14.0000      690.664  3.41243e-10          NaN
      14.0000      691.195  1.21392e-09  1.48028e-12
      14.0000      691.727  8.63233e-10  1.36770e-12
      14.0000      692.260  3.00057e-10  1.03978e-12
      14.0000      692.792  2.67746e-10  9.34365e-13
      14.0000      693.326  1.30702e-09  1.51971e-12
      14.0000      693.859  2.18795e-09  1.85691e-12
      14.0000      694.393  6.14818e-10  1.10817e-12
      14.0000      694.927  2.46683e-10  9.19310e-13
      14.0000      695.462  6.70347e-10  1.10529e-12
      4.00000      695.997  1.40102e-09  1.47928e-12
      4.00000      696.533  7.34851e-10  1.02989e-12
      4.00000      697.069  3.23951e-10  8.61894e-13
      4.00000      697.605  5.42391e-10  1.02881e-12
      4.00000      698.142  1.92776e-09  1.61224e-12
      4.00000      698.679  1.80092e-09  1.34198e-12
      4.00000      699.217  5.69631e-10  8.91236e-13
      4.00000      699.755  3.62645e-10  8.51938e-13
      4.00000      700.293  1.20122e-09  1.25367e-12
      4.00000      700.832  1.58137e-09  1.44119e-12
      4.00000      701.371  7.82685e-10  1.13496e-12
      4.00000      701.911  2.88531e-10  8.00208e-13
      4.00000      702.451  1.09439e-09  1.14308e-12
      4.00000      702.992  3.15078e-09  2.02638e-12
      4.00000      703.533  2.01441e-09  2.04425e-12
      4.00000      704.074  3.98738e-10  1.08871e-12
      4.00000      704.616  4.61539e-10  1.08891e-12
      4.00000      705.158  1.87589e-09  1.93235e-12
      4.00000      705.701  2.08890e-09  2.28465e-12
      4.00000      706.244  4.46893e-10  1.39094e-12
      4.00000      706.788  3.19443e-10  1.19369e-12
      4.00000      707.332  1.67215e-09  1.99077e-12
      4.00000      707.876  3.36422e-09          NaN
      4.00000      708.421  1.08034e-09          NaN
      4.00000      708.965  3.80817e-10  1.14860e-12
      15.0000      709.511  8.56790e-10  2.42932e-12
      15.0000      710.057  1.96761e-09          NaN
      15.0000      710.604  1.28551e-09          NaN
      15.0000      711.151  4.96902e-10  1.88149e-12
      15.0000      711.698  1.31834e-09  2.12448e-12
      15.0000      712.245  3.13931e-09  2.76054e-12
      15.0000      712.793  3.08224e-09  2.96346e-12
      15.0000      713.342  8.14933e-10  1.88781e-12
      15.0000      713.891  5.78923e-10  1.58693e-12
      15.0000      714.440  1.39463e-09  1.76755e-12
      15.0000      714.990  1.94753e-09  2.07141e-12
      15.0000      715.540  9.55763e-10  1.69254e-12
      15.0000      716.091  8.35171e-10  1.52427e-12
      15.0000      716.642  1.76012e-09  1.75646e-12
      15.0000      717.193  2.81474e-09  2.05449e-12
      15.0000      717.745  1.83257e-09  1.85058e-12
      15.0000      718.297  4.44399e-10  1.26062e-12
      15.0000      718.850  7.95076e-10  1.33648e-12
      15.0000      719.403  1.96038e-09  1.66212e-12
      15.0000      719.957  1.81944e-09  1.64591e-12
      15.0000      720.511  5.55350e-10  1.18613e-12
      15.0000      721.066  6.35839e-10          NaN
      15.0000      721.620  1.98055e-09          NaN
      15.0000      722.175  2.27009e-09  1.65790e-12
      15.0000      722.731  8.69999e-10  1.25029e-12
      15.0000      723.288  5.92453e-10  1.14416e-12
      15.0000      723.844  9.28971e-10  1.25798e-12
      15.0000      724.401  1.01184e-09  1.25593e-12
      15.0000      724.959  5.18175e-10  9.89911e-13
      15.0000      725.517  2.26874e-10  8.65018e-13
      15.0000      726.075  2.46741e-10  9.78245e-13
      15.0000      726.634  2.56268e-10  9.17307e-13
      15.0000      727.193  4.29793e-10  9.16186e-13
      15.0000      727.752  2.26908e-09  1.44300e-12
      15.0000      728.312  8.16373e-09  2.52211e-12
      15.0000      728.873  2.35468e-08  5.64692e-12
      15.0000      729.434  3.30811e-08  7.87145e-12
      15.0000      729.995  2.13211e-08  5.66517e-12
      15.0000      730.557  1.10517e-08  3.08134e-12
      15.0000      731.119  6.59163e-09          NaN
      15.0000      731.681  3.61237e-09          NaN
      15.0000      732.245  1.30755e-09  1.30280e-12
      15.0000      732.808  9.72544e-10  1.08818e-12
      15.0000      733.372  1.96406e-09  1.32739e-12
      15.0000      733.936  2.70877e-09  1.69120e-12
      15.0000      734.501  8.69848e-10  1.13591e-12
      15.0000      735.067  8.29328e-10  1.12976e-12
      15.0000      735.632  1.77258e-09  1.46542e-12
      15.0000      736.198  2.66188e-09  1.80885e-12
      15.0000      736.764  9.79085e-10  1.28821e-12
      15.0000      737.332  7.00235e-10  1.15426e-12
      15.0000      737.899  1.58212e-09  1.43178e-12
      15.0000      738.467  3.64935e-09  2.20797e-12
      15.0000      739.035  1.20194e-09  1.40582e-12
      15.0000      739.604  5.87869e-10  1.13939e-12
      15.0000      740.173  8.13039e-10  1.27472e-12
      15.0000      740.742  2.47373e-09  2.03830e-12
      15.0000      741.312  1.01006e-09  1.37064e-12
      4.00000      741.883  5.55267e-10  1.12097e-12
      4.00000      742.454  8.55386e-10  1.27226e-12
      4.00000      743.025  3.19567e-09  2.28556e-12
      4.00000      743.597  1.41876e-09  1.45845e-12
      4.00000      744.169  6.30098e-10  1.07449e-12
      4.00000      744.742  6.68859e-10  1.04626e-12
      4.00000      745.315  2.07952e-09          NaN
      4.00000      745.888  1.35555e-09          NaN
      4.00000      746.463  6.47304e-10  9.69791e-13
      4.00000      747.037  9.49378e-10  1.06828e-12
      4.00000      747.612  2.71776e-09  1.69963e-12
      4.00000      748.187  2.31221e-09  1.45189e-12
      4.00000      748.763  7.46595e-10  1.01356e-12
      4.00000      749.339  7.36424e-10  9.87625e-13
      4.00000      749.916  1.80053e-09  1.34500e-12
      4.00000      750.493  1.85149e-09  1.46197e-12
      4.00000      751.070  6.55870e-10  1.03962e-12
      4.00000      751.649  7.57372e-10  1.05342e-12
      4.00000      752.227  2.28628e-09  1.68279e-12
      4.00000      752.806  2.50989e-09  2.06712e-12
      4.00000      753.385  7.28287e-10  1.24115e-12
      4.00000      753.965  4.25942e-10  1.06775e-12
      4.00000      754.545  1.41221e-09  1.80668e-12
      4.00000      755.126  1.58912e-09  2.05255e-12
      4.00000      755.707  5.76319e-10  1.29422e-12
      4.00000      756.288  3.85861e-10  1.16503e-12
      4.00000      756.870  1.89552e-09  2.13802e-12
      4.00000      757.452  1.86635e-09  2.03669e-12
      4.00000      758.035  6.90077e-10  1.24381e-12
      4.00000      758.619  3.38371e-10  1.05707e-12
      16.0000      759.202  1.18940e-09          NaN
      16.0000      759.787  1.30163e-09          NaN
      16.0000      760.371  5.27951e-10  1.80933e-12
      16.0000      760.956  3.38706e-10  1.73587e-12
      16.0000      761.542  1.74506e-09  2.51734e-12
      16.0000      762.128  1.84844e-09  2.44932e-12
      16.0000      762.715  5.33532e-10  1.62130e-12
      16.0000      763.302  3.07655e-10  1.55539e-12
      16.0000      763.889  1.05223e-09  2.03841e-12
      16.0000      764.477  1.22862e-09  2.05854e-12
      16.0000      765.065  4.31199e-10  1.44444e-12
      16.0000      765.654  3.30865e-10  1.36489e-12
      16.0000      766.243  1.46524e-09  2.07441e-12
      16.0000      766.832  1.70676e-09  2.14842e-12
      16.0000      767.423  4.59372e-10  1.38721e-12
      16.0000      768.013  3.59858e-10  1.24599e-12
      16.0000      768.604  9.11930e-10  1.59726e-12
      16.0000      769.196  9.91426e-10  1.63725e-12
      16.0000      769.787  4.03197e-10  1.28468e-12
      16.0000      770.380  4.41199e-10  1.22072e-12
      16.0000      770.973  1.33506e-09  1.68147e-12
      16.0000      771.566  1.32792e-09  1.69754e-12
      16.0000      772.160  5.14031e-10  1.26462e-12
      16.0000      772.754  4.79856e-10  1.18754e-12
      16.0000      773.349  8.61015e-10  1.36260e-12
      16.0000      773.944  8.08564e-10  1.32685e-12
      16.0000      774.539  5.16386e-10  1.18948e-12
      16.0000      775.135  6.07143e-10  1.22763e-12
      16.0000      775.732  1.37377e-09  1.55913e-12
      16.0000      776.329  1.04816e-09  1.37733e-12
      16.0000      776.927  6.32725e-10  1.17188e-12
      16.0000      777.524  6.81444e-10  1.22415e-12
      16.0000      778.122  9.78013e-10  1.32068e-12
      16.0000      778.721  8.24929e-10  1.18968e-12
      16.0000      779.321  7.98318e-10  1.15285e-12
      16.0000      779.920  8.51912e-10  1.21803e-12
      16.0000      780.520  1.29382e-09  1.39405e-12
      16.0000      781.121  9.65406e-10  1.16101e-12
      16.0000      781.722  9.51130e-10          NaN
      16.0000      782.324  9.52930e-10          NaN
      16.0000      782.926  1.14973e-09  1.22590e-12
      16.0000      783.528  1.06270e-09  1.14363e-12
      16.0000      784.131  1.08568e-09  1.10894e-12
      16.0000      784.735  1.14531e-09  1.12214e-12
      16.0000      785.339  1.34113e-09          NaN
      16.0000      785.943  1.25413e-09          NaN
      16.0000      786.548  1.34057e-09  1.15792e-12
      16.0000      787.153  1.38063e-09  1.12564e-12
      16.0000      787.758  1.38585e-09  1.12831e-12
      16.0000      788.365  1.28206e-09  1.09880e-12
      16.0000      788.971  1.42275e-09  1.15092e-12
      16.0000      789.579  1.50172e-09  1.14613e-12
      4.00000      790.186  1.66602e-09  1.16602e-12
      4.00000      790.794  1.71009e-09  1.22514e-12
      4.00000      791.403  1.74072e-09  1.26962e-12
      4.00000      792.011  1.63811e-09          NaN
      4.00000      792.621  1.63071e-09          NaN
      4.00000      793.231  1.85175e-09  1.32866e-12
      4.00000      793.842  1.92647e-09  1.40354e-12
      4.00000      794.452  2.05870e-09  1.55358e-12
      4.00000      795.064  1.87047e-09  1.51141e-12
      4.00000      795.675  2.10695e-09  1.61557e-12
      4.00000      796.288  2.06516e-09          NaN
      4.00000      796.900  2.24356e-09          NaN
      4.00000      797.514  1.86099e-09  1.87278e-12
      4.00000      798.128  2.39828e-09  2.05182e-12
      4.00000      798.742  2.79302e-09  2.25898e-12
      4.00000      799.357  2.42987e-09  2.15329e-12
      4.00000      799.972  1.83647e-09  1.89881e-12
      4.00000      800.587  2.22323e-09  2.00855e-12
      4.00000      801.203  2.97755e-09  2.08925e-12
      4.00000      801.820  2.54675e-09  1.89408e-12
      4.00000      802.437  2.35296e-09  1.80254e-12
      4.00000      803.054  2.29763e-09  1.86545e-12
      4.00000      803.672  3.19865e-09  1.98768e-12
      4.00000      804.291  2.71808e-09  1.80757e-12
      4.00000      804.910  2.36912e-09  1.71175e-12
      4.00000      805.529  2.45092e-09  1.89000e-12
      4.00000      806.149  3.78843e-09  2.23805e-12
      4.00000      806.769  3.67133e-09  2.36611e-12
      4.00000      807.390  2.29812e-09  1.92818e-12
      4.00000      808.012  2.32053e-09  2.13352e-12
      4.00000      808.633  3.48940e-09  2.74942e-12
      17.0000      809.255  3.93165e-09  3.36854e-12
      17.0000      809.878  2.25656e-09  2.62015e-12
      17.0000      810.501  2.49140e-09  2.57509e-12
      17.0000      811.125  3.49714e-09          NaN
      17.0000      811.750  4.21652e-09          NaN
      17.0000      812.374  2.28359e-09          NaN
      17.0000      812.999  2.33651e-09          NaN
      17.0000      813.625  4.29984e-09  2.55069e-12
      17.0000      814.251  5.84726e-09  3.07436e-12
      17.0000      814.878  3.08767e-09  2.37634e-12
      17.0000      815.504  1.94854e-09  1.90247e-12
      17.0000      816.132  3.68269e-09  2.20164e-12
      17.0000      816.760  5.47768e-09  2.69002e-12
      17.0000      817.389  3.45196e-09  2.30447e-12
      17.0000      818.017  1.70400e-09  1.70475e-12
      17.0000      818.647  3.31339e-09  1.99113e-12
      17.0000      819.277  5.58182e-09  2.49194e-12
      17.0000      819.907  4.28465e-09  2.33404e-12
      17.0000      820.538  1.47871e-09  1.53593e-12
      17.0000      821.170  2.33659e-09  1.65135e-12
      17.0000      821.802  6.07757e-09          NaN
      17.0000      822.434  7.12763e-09          NaN
      17.0000      823.067  2.43572e-09  1.78211e-12
      17.0000      823.700  2.79241e-09  1.71097e-12
      17.0000      824.334  5.75927e-09  2.24740e-12
      17.0000      824.969  6.44448e-09  2.59147e-12
      17.0000      825.604  2.30349e-09  1.68253e-12
      17.0000      826.239  2.32312e-09  1.59800e-12
      17.0000      826.875  4.80598e-09  2.02711e-12
      17.0000      827.511  6.74078e-09  2.63241e-12
      17.0000      828.148  2.73403e-09  1.78091e-12
      17.0000      828.785  2.37219e-09  1.66088e-12
      17.0000      829.423  4.23984e-09  1.94004e-12
      17.0000      830.061  7.21949e-09  2.76428e-12
      17.0000      830.700  3.28977e-09  1.98263e-12
      17.0000      831.339  2.34927e-09  1.73747e-12
      17.0000      831.979  2.99376e-09  1.78904e-12
      17.0000      832.619  6.06923e-09  2.68080e-12
      17.0000      833.260  3.19938e-09  2.06003e-12
      17.0000      833.901  2.20799e-09  1.81919e-12
      17.0000      834.543  2.19679e-09  1.78492e-12
      17.0000      835.185  5.24993e-09  2.68557e-12
      17.0000      835.828  3.13317e-09  2.16595e-12
      17.0000      836.471  2.35352e-09  1.95463e-12
      17.0000      837.114  1.95601e-09  1.82227e-12
      17.0000      837.759  4.40561e-09  2.47320e-12
      17.0000      838.404  2.96916e-09  1.96437e-12
      4.00000      839.049  2.31539e-09          NaN
      4.00000      839.694  2.12454e-09          NaN
      4.00000      840.340  3.08082e-09  2.00545e-12
      4.00000      840.987  2.79707e-09  1.66540e-12
      4.00000      841.634  2.18970e-09  1.54402e-12
      4.00000      842.282  1.87247e-09  1.41357e-12
      4.00000      842.930  2.56590e-09  1.67622e-12
      4.00000      843.579  2.60119e-09  1.53841e-12
      4.00000      844.228  2.28518e-09  1.44272e-12
      4.00000      844.877  1.90878e-09  1.36875e-12
      4.00000      845.528  2.06827e-09  1.46229e-12
      4.00000      846.178  2.15842e-09  1.47331e-12
      4.00000      846.830  2.01740e-09          NaN
      4.00000      847.481  1.97485e-09          NaN
      4.00000      848.133  1.89182e-09  1.50752e-12
      4.00000      848.786  2.03707e-09  1.66177e-12
      4.00000      849.439  1.74269e-09  1.52000e-12
      4.00000      850.093  1.72376e-09  1.66681e-12
      4.00000      850.747  1.47690e-09          NaN
      4.00000      851.401  1.93516e-09          NaN
      4.00000      852.057  1.58023e-09  1.86375e-12
      4.00000      852.713  1.71952e-09  2.03102e-12
      4.00000      853.368  1.33596e-09  1.91980e-12
      4.00000      854.026  1.56420e-09  2.05404e-12
      4.00000      854.683  1.28047e-09  1.78109e-12
      4.00000      855.341  1.46118e-09  1.76594e-12
      4.00000      855.999  1.26017e-09  1.67614e-12
      4.00000      856.657  1.29306e-09  1.67832e-12
      4.00000      857.316  1.15646e-09  1.57716e-12
      4.00000      857.976  1.13524e-09  1.48117e-12
      18.0000      858.637  9.94985e-10  2.68007e-12
      18.0000      859.297  1.10318e-09  2.53094e-12
      18.0000      859.958  1.02602e-09  2.38740e-12
      18.0000      860.620  9.63869e-10  2.33355e-12
      18.0000      861.283  9.00576e-10  2.21542e-12
      18.0000      861.945  8.77791e-10  2.03396e-12
      18.0000      862.608  7.74068e-10  1.96793e-12
      18.0000      863.272  7.50934e-10  1.98015e-12
      18.0000      863.937  7.68848e-10  1.93383e-12
      18.0000      864.602  6.92115e-10  1.71718e-12
      18.0000      865.267  6.58634e-10  1.67320e-12
      18.0000      865.933  5.75920e-10  1.70959e-12
      18.0000      866.599  5.69987e-10  1.64247e-12
      18.0000      867.266  5.29845e-10  1.50113e-12
      18.0000      867.934  5.51539e-10  1.46653e-12
      18.0000      868.601  4.66362e-10  1.45631e-12
      18.0000      869.270  4.70395e-10  1.43376e-12
      18.0000      869.938  4.26367e-10  1.33222e-12
      18.0000      870.608  4.03470e-10  1.26878e-12
      18.0000      871.277  3.40311e-10  1.28912e-12
      18.0000      871.948  3.81122e-10  1.28237e-12
      18.0000      872.619  3.51393e-10  1.21253e-12
      18.0000      873.291  3.26969e-10  1.13883e-12
      18.0000      873.962  2.74780e-10  1.17291e-12
      18.0000      874.635  2.62374e-10  1.17055e-12
      18.0000      875.308  2.38328e-10  1.05981e-12
      18.0000      875.982  2.31739e-10  1.00915e-12
      18.0000      876.656  2.08143e-10  1.02662e-12
      18.0000      877.331  1.89137e-10  1.01554e-12
      18.0000      878.005  1.82396e-10  9.26416e-13
      18.0000      878.681  1.72066e-10  8.83896e-13
      18.0000      879.357  1.48053e-10  8.71449e-13
      18.0000      880.035  1.42179e-10  8.81346e-13
      18.0000      880.711  1.41739e-10  7.98384e-13
      18.0000      881.389  1.28089e-10  7.61685e-13
      18.0000      882.068  1.16855e-10  7.68791e-13
      18.0000      882.747  1.06217e-10  7.55530e-13
      18.0000      883.426  9.97543e-11  6.91552e-13
      18.0000      884.105  9.96767e-11  6.59397e-13
      18.0000      884.786  9.09467e-11  6.61736e-13
      18.0000      885.467  8.18606e-11  7.40971e-13
      18.0000      886.148  7.97778e-11  6.51834e-13
      18.0000      886.830  7.73644e-11  5.86364e-13
      18.0000      887.512  6.72533e-11  5.98388e-13
      18.0000      888.195  6.16177e-11  6.08152e-13
      4.00000      888.879  5.65606e-11  5.88457e-13
      4.00000      889.563  6.55265e-11  5.68431e-13
      4.00000      890.248  5.71360e-11  5.90957e-13
      4.00000      890.932  4.75162e-11  6.25090e-13
      4.00000      891.618  3.91823e-11  6.11285e-13
      4.00000      892.304  3.51905e-11  5.84032e-13
      4.00000      892.991  4.82556e-11  6.21776e-13
      4.00000      893.678  4.15032e-11  6.78861e-13
      4.00000      894.366  3.83490e-11  6.98819e-13
      4.00000      895.054  4.42825e-11  6.75141e-13
      4.00000      895.743  4.32700e-11  7.33845e-13
      4.00000      896.432  4.33547e-11  8.44645e-13
      4.00000      897.122  3.84209e-11  8.58495e-13
      4.00000      897.812  4.19731e-11  8.43004e-13
      4.00000      898.503  3.96662e-11  8.70379e-13
      4.00000      899.194  3.93979e-11  9.39474e-13
      4.00000      899.887  3.23159e-11  8.82266e-13
      4.00000      900.579  3.48905e-11  7.93606e-13
      4.00000      901.272  3.16598e-11  7.87322e-13
      4.00000      901.965  4.04837e-11  8.54557e-13
      4.00000      902.660  3.65966e-11  8.12139e-13
      4.00000      903.354  3.46215e-11  7.48992e-13
      4.00000      904.050  3.66974e-11  7.68213e-13
      4.00000      904.745  3.14985e-11  8.29376e-13
      4.00000      905.441  3.46575e-11  8.41262e-13
      4.00000      906.138  3.45749e-11  8.11080e-13
      4.00000      906.835  3.32206e-11  8.52557e-13
      4.00000      907.533  3.60005e-11  9.93780e-13
      4.00000      908.231  4.79550e-11  1.12051e-12
      19.0000      908.931  2.83625e-11  1.94906e-12
      19.0000      909.630  2.61215e-11  1.73157e-12
      19.0000      910.330  3.68975e-11  1.53262e-12
      19.0000      911.031  4.55408e-11  1.59926e-12
      19.0000      911.732  4.41986e-11  1.49215e-12
      19.0000      912.433  3.59201e-11  1.37169e-12
      19.0000      913.135  3.90473e-11  1.24657e-12
      19.0000      913.838  3.55573e-11  1.17492e-12
      19.0000      914.541  4.94700e-11  1.23445e-12
      19.0000      915.245  5.46488e-11  1.14667e-12
      19.0000      915.949  3.63957e-11  9.89065e-13
      19.0000      916.654  2.88382e-11  1.02222e-12
      19.0000      917.360  3.30064e-11  1.01623e-12
      19.0000      918.065  3.02480e-11  9.16752e-13
      19.0000      918.771  2.78613e-11  8.41139e-13
      19.0000      919.479  3.32603e-11  8.77251e-13
      19.0000      920.187  4.43672e-11  8.74577e-13
      19.0000      920.894  4.51085e-11  7.79275e-13
      19.0000      921.603  5.75934e-11  7.45728e-13
      19.0000      922.313  6.46569e-11  7.77529e-13
      19.0000      923.022  4.80039e-11  7.61102e-13
      19.0000      923.732  3.32183e-11  6.87944e-13
      19.0000      924.443  2.68092e-11  6.61262e-13
      19.0000      925.155  2.05187e-11  6.88405e-13
      19.0000      925.867  2.02368e-11  6.76289e-13
      19.0000      926.579  2.71300e-11  6.25397e-13
      19.0000      927.292  2.51917e-11  6.08055e-13
      19.0000      928.005  2.29687e-11  6.27960e-13
      19.0000      928.720  3.54333e-11  6.25032e-13
      19.0000      929.435  3.75453e-11  5.83672e-13
      19.0000      930.149  2.88820e-11  5.76915e-13
      19.0000      930.866  2.67448e-11  6.12913e-13
      19.0000      931.582  2.37909e-11  6.35631e-13
      19.0000      932.298  2.63582e-11  5.90552e-13
      19.0000      933.016  2.32604e-11  5.95206e-13
      19.0000      933.734  2.33083e-11  6.53222e-13
      19.0000      934.453  2.20422e-11  6.54853e-13
      19.0000      935.172  2.13420e-11  6.13036e-13
      19.0000      935.891  2.12971e-11  6.40295e-13
      19.0000      936.611  2.45251e-11  7.23948e-13
      19.0000      937.332  2.15011e-11  7.13459e-13
      4.00000      938.054  2.68451e-11  6.77342e-13
      4.00000      938.775  2.63358e-11  7.61579e-13
      4.00000      939.498  3.57038e-11  8.26116e-13
      4.00000      940.221  2.89052e-11  7.60172e-13
      4.00000      940.944  2.47639e-11  7.06230e-13
      4.00000      941.668  2.16234e-11  7.51899e-13
      4.00000      942.393  2.24673e-11  7.40016e-13
      4.00000      943.118  3.18664e-11  6.55105e-13
      4.00000      943.844  3.13829e-11  6.35747e-13
      4.00000      944.570  4.20049e-11  6.87358e-13
      4.00000      945.298  4.42015e-11  6.73726e-13
      4.00000      946.025  5.10896e-11          NaN
      4.00000      946.753  5.46790e-11          NaN
      4.00000      947.481  5.73723e-11  6.58349e-13
      4.00000      948.211  7.84020e-11  6.65109e-13
      4.00000      948.939  1.29677e-10  6.62663e-13
      4.00000      949.670  1.27032e-10  6.82941e-13
      4.00000      950.401  8.32825e-11  7.18700e-13
      4.00000      951.133  6.54139e-11          NaN
      4.00000      951.864  5.09172e-11          NaN
      4.00000      952.597  3.73548e-11  7.37686e-13
      4.00000      953.330  2.61689e-11  8.94148e-13
      4.00000      954.064  2.31102e-11  9.23856e-13
      4.00000      954.798  2.30870e-11  8.92515e-13
      4.00000      955.532  2.32073e-11  1.04269e-12
      4.00000      956.268  1.71245e-11  1.21523e-12
      4.00000      957.004  2.42728e-11  1.14090e-12
      4.00000      957.740  2.46395e-11  1.04140e-12
      20.0000      958.477  3.43944e-11  1.17340e-12
      20.0000      959.214  2.51750e-11  1.16351e-12
      20.0000      959.953  1.90087e-11  1.26044e-12
      20.0000      960.691  1.83691e-11  1.18190e-12
      20.0000      961.430  2.23053e-11  9.28533e-13
      20.0000      962.170  2.41132e-11  9.77338e-13
      20.0000      962.911  2.13071e-11  1.01100e-12
      20.0000      963.652  2.22552e-11  8.73174e-13
      20.0000      964.394  2.44329e-11  9.04517e-13
      20.0000      965.135  2.55028e-11  9.82222e-13
      20.0000      965.878  1.49588e-11  9.73485e-13
      20.0000      966.622  1.59437e-11  8.49301e-13
      20.0000      967.365 -9.33761e-12  9.31430e-13
      20.0000      968.110  3.00089e-11  9.21296e-13
      20.0000      968.855  4.04957e-11  8.58735e-13
      20.0000      969.600  4.50946e-11  7.73919e-13
      20.0000      970.346  3.36806e-11  7.88133e-13
      20.0000      971.093  2.46673e-11  8.11437e-13
      20.0000      971.840  1.55142e-11  7.48791e-13
      20.0000      972.589  1.46453e-11  7.00648e-13
      20.0000      973.336  1.48233e-11  7.14069e-13
      20.0000      974.085  1.32667e-11  7.07546e-13
      20.0000      974.836  1.30148e-11  6.40648e-13
      20.0000      975.585  1.35042e-11  6.14666e-13
      20.0000      976.337  1.67136e-11  6.53460e-13
      20.0000      977.087  2.30005e-11  6.55087e-13
      20.0000      977.839  3.14348e-11  6.15364e-13
      20.0000      978.592  3.33787e-11  6.14327e-13
      20.0000      979.345  2.22331e-11  6.45883e-13
      20.0000      980.098  1.67235e-11  6.28991e-13
      20.0000      980.853  1.81296e-11          NaN
      20.0000      981.608  1.32581e-11          NaN
      20.0000      982.363  1.29190e-11  6.64439e-13
      20.0000      983.119  1.37337e-11  6.49612e-13
      20.0000      983.875  1.26655e-11  6.18039e-13
      20.0000      984.633  1.18554e-11  6.87012e-13
      20.0000      985.391  1.53420e-11  7.35938e-13
      20.0000      986.149  2.61585e-11  6.88289e-13
      20.0000      986.908  2.91107e-11  6.85726e-13
      20.0000      987.667  3.38722e-11  7.87781e-13
      20.0000      988.427  2.59491e-11  8.11897e-13
      20.0000      989.187  1.52817e-11  7.41647e-13
      20.0000      989.949  1.41891e-11  8.15408e-13
      20.0000      990.710  1.42819e-11  9.37142e-13
      20.0000      991.473  1.60633e-11  8.20983e-13
      20.0000      992.236  1.38387e-11  7.42697e-13
      20.0000      992.999  1.70439e-11  8.17022e-13
      20.0000      993.763  1.47063e-11  8.03051e-13
      20.0000      994.528  1.40967e-11  6.91668e-13
      20.0000      995.293  1.18046e-11  7.12204e-13
      20.0000      996.060  1.79993e-11  7.76135e-13
      20.0000      996.826  2.67796e-11  7.15784e-13
      20.0000      997.593  1.86512e-11  6.55668e-13
      20.0000      998.361  1.63055e-11  7.03454e-13
      20.0000      999.129  1.88233e-11  7.36873e-13
      20.0000      999.898  1.83355e-11  7.01340e-13
      20.0000      1000.67  1.84013e-11  6.81649e-13
      20.0000      1001.44  1.56416e-11  7.66111e-13
      20.0000      1002.21  1.13771e-11  8.71895e-13
      20.0000      1002.98  1.07589e-11  8.52091e-13
      20.0000      1003.75  8.83254e-12  8.78539e-13
      20.0000      1004.52  1.30719e-11  1.09464e-12
      20.0000      1005.30  8.22880e-12  1.23854e-12
      20.0000      1006.07  2.30509e-11  1.18610e-12
      20.0000      1006.84  1.43729e-11  1.40582e-12
      20.0000      1007.62  1.82994e-11  1.66178e-12
