      11.0000      514.419  4.60306e-10  3.42899e-12
      11.0000      514.815  4.89893e-10  3.48574e-12
      11.0000      515.211  4.89750e-10  3.86058e-12
      11.0000      515.607  4.72951e-10  3.69128e-12
      11.0000      516.004  4.74941e-10  4.89812e-12
      11.0000      516.401  4.81783e-10  4.31041e-12
      11.0000      516.799  4.60923e-10  3.73028e-12
      11.0000      517.196  4.84890e-10  3.60886e-12
      11.0000      517.594  4.76907e-10  3.75630e-12
      11.0000      517.992  4.71480e-10  3.78919e-12
      11.0000      518.391  5.11970e-10  4.96179e-12
      11.0000      518.790  4.70552e-10  3.53523e-12
      11.0000      519.189  4.79216e-10  4.12395e-12
      11.0000      519.589  4.79533e-10  3.67256e-12
      11.0000      519.989  4.32053e-10  2.87266e-12
      11.0000      520.389  4.65491e-10  3.46239e-12
      11.0000      520.789  4.67336e-10  3.85309e-12
      11.0000      521.190  4.43010e-10  3.79180e-12
      11.0000      521.591  4.56007e-10  3.73059e-12
      11.0000      521.992  4.57898e-10  3.51495e-12
      11.0000      522.394  4.36679e-10  2.92053e-12
      11.0000      522.796  4.67049e-10  3.26707e-12
      11.0000      523.198  4.64591e-10  5.41719e-12
      11.0000      523.601  4.49928e-10  3.00498e-12
      11.0000      524.004  4.51293e-10          NaN
      11.0000      524.407  4.55437e-10          NaN
      11.0000      524.811  4.36298e-10  2.36711e-12
      11.0000      525.214  4.29019e-10  1.94251e-12
      11.0000      525.619  4.37190e-10  1.88464e-12
      11.0000      526.023  4.81917e-10  1.97367e-12
      11.0000      526.428  5.16946e-10  2.28413e-12
      11.0000      526.833  4.79195e-10  2.18768e-12
      11.0000      527.238  4.42009e-10  2.11374e-12
      11.0000      527.644  4.54859e-10  2.11466e-12
      11.0000      528.050  4.41866e-10  2.02177e-12
      11.0000      528.457  4.24498e-10  1.88057e-12
      11.0000      528.863  4.36871e-10  2.03447e-12
      11.0000      529.270  4.53421e-10  2.14282e-12
      11.0000      529.678  4.41839e-10  2.27120e-12
      11.0000      530.085  4.30778e-10  2.13082e-12
      11.0000      530.493  4.21527e-10  1.90410e-12
      11.0000      530.901  4.24382e-10  2.06771e-12
      11.0000      531.310  4.15516e-10  2.00918e-12
      11.0000      531.719  4.17456e-10  1.85483e-12
      11.0000      532.128  4.15853e-10  1.91435e-12
      11.0000      532.537  4.07515e-10  2.03376e-12
      11.0000      532.947  4.10484e-10  2.05765e-12
      11.0000      533.357  4.09485e-10  1.77641e-12
      11.0000      533.768  3.99187e-10  1.61974e-12
      11.0000      534.179  4.10117e-10  1.67142e-12
      11.0000      534.590  4.20609e-10  1.85937e-12
      11.0000      535.001  4.00582e-10  1.84584e-12
      11.0000      535.413  4.02714e-10  1.81497e-12
      11.0000      535.825  4.03540e-10  1.78480e-12
      11.0000      536.237  3.94012e-10  1.72457e-12
      11.0000      536.650  4.03772e-10  1.60786e-12
      11.0000      537.063  4.15520e-10  1.70093e-12
      11.0000      537.476  4.06076e-10  1.69533e-12
      11.0000      537.889  3.97219e-10          NaN
      11.0000      538.304  4.01918e-10          NaN
      11.0000      538.718  3.91404e-10  1.63604e-12
      11.0000      539.132  4.38727e-10  1.60865e-12
      11.0000      539.547  4.16223e-10  1.52465e-12
      11.0000      539.962  3.90807e-10          NaN
      11.0000      540.378  4.04863e-10          NaN
      11.0000      540.794  4.11890e-10  1.67879e-12
      11.0000      541.210  3.79866e-10  1.65469e-12
      11.0000      541.626  3.82579e-10  1.59456e-12
      11.0000      542.043  3.89858e-10  1.44183e-12
      11.0000      542.460  3.94572e-10  1.43731e-12
      11.0000      542.878  3.93600e-10  1.43833e-12
      11.0000      543.295  3.94139e-10  1.49681e-12
      11.0000      543.713  3.91071e-10  1.55518e-12
      11.0000      544.132  3.94798e-10  1.57253e-12
      11.0000      544.550  3.93421e-10  1.42656e-12
      11.0000      544.970  3.95135e-10  1.37169e-12
      11.0000      545.389  3.85374e-10  1.30365e-12
      11.0000      545.809  3.80672e-10  1.30924e-12
      11.0000      546.229  3.82645e-10  1.36401e-12
      11.0000      546.649  3.86153e-10  1.43658e-12
      11.0000      547.070  4.02874e-10  1.39447e-12
      11.0000      547.491  4.06766e-10  1.30920e-12
      11.0000      547.912  4.04410e-10  1.25642e-12
      11.0000      548.334  4.10867e-10  1.26696e-12
      11.0000      548.756  4.04723e-10  1.25032e-12
      11.0000      549.178  3.96357e-10  1.35438e-12
      11.0000      549.600  3.94090e-10  1.41057e-12
      11.0000      550.024  3.90800e-10  1.41687e-12
      11.0000      550.447  3.84756e-10  1.39060e-12
      11.0000      550.870  3.83638e-10  1.30386e-12
      11.0000      551.294  3.92328e-10  1.39873e-12
      11.0000      551.718  3.99765e-10  1.53351e-12
      11.0000      552.143  4.05526e-10  1.69317e-12
      11.0000      552.568  3.87067e-10  1.73118e-12
      11.0000      552.993  3.77406e-10  1.68526e-12
      11.0000      553.418  3.82156e-10  1.63956e-12
      11.0000      553.844  3.87029e-10  1.66017e-12
      11.0000      554.271  3.98802e-10  1.74161e-12
      11.0000      554.697  3.93396e-10  1.76221e-12
      11.0000      555.124  3.97377e-10  1.86741e-12
      11.0000      555.551  3.80217e-10  1.77782e-12
      11.0000      555.979  3.78593e-10  1.68880e-12
      11.0000      556.407  3.85302e-10  1.67377e-12
      11.0000      556.835  3.85924e-10  1.57594e-12
      11.0000      557.263  3.93066e-10  1.59048e-12
      11.0000      557.692  3.89742e-10  1.59996e-12
      11.0000      558.121  3.86931e-10  1.60099e-12
      11.0000      558.551  3.82075e-10  1.53345e-12
      11.0000      558.981  3.84259e-10  1.47205e-12
      11.0000      559.411  3.91322e-10  1.48097e-12
      4.00000      559.841  3.90614e-10  1.51829e-12
      4.00000      560.272  3.86581e-10  1.71151e-12
      4.00000      560.703  3.98053e-10  1.71138e-12
      12.0000      561.135  4.05504e-10  3.82755e-12
      12.0000      561.567  3.84039e-10  3.54456e-12
      12.0000      561.999  3.96554e-10  3.62120e-12
      12.0000      562.431  3.98453e-10  4.26600e-12
      12.0000      562.864  3.99430e-10  3.24609e-12
      12.0000      563.297  4.05781e-10  3.89941e-12
      12.0000      563.731  3.99214e-10  3.31283e-12
      12.0000      564.164  4.03543e-10  3.07626e-12
      12.0000      564.599  3.85350e-10  2.85855e-12
      12.0000      565.033  3.82649e-10  3.13175e-12
      12.0000      565.468  4.08252e-10  3.00156e-12
      12.0000      565.903  4.03321e-10  3.76261e-12
      12.0000      566.338  3.90492e-10  2.54152e-12
      12.0000      566.774  3.99976e-10  2.66338e-12
      12.0000      567.210  4.23945e-10  1.38321e-11
      12.0000      567.647  4.39836e-10  2.40227e-11
      12.0000      568.084  4.27797e-10  2.16771e-12
      12.0000      568.521  4.21794e-10  2.22331e-12
      12.0000      568.958  4.09090e-10  2.29229e-12
      12.0000      569.396  3.98762e-10  2.16113e-12
      12.0000      569.834  4.02697e-10          NaN
      12.0000      570.273  3.94903e-10          NaN
      12.0000      570.711  4.00533e-10  2.34413e-12
      12.0000      571.151  3.92700e-10  2.13827e-12
      12.0000      571.590  3.90823e-10  1.87172e-12
      12.0000      572.030  3.94033e-10  1.89992e-12
      12.0000      572.470  3.89427e-10  1.81943e-12
      12.0000      572.911  3.90507e-10  1.86409e-12
      12.0000      573.352  3.90819e-10  1.76792e-12
      12.0000      573.793  3.93097e-10  1.78589e-12
      12.0000      574.234  3.89125e-10  1.69532e-12
      12.0000      574.676  3.97102e-10  1.82627e-12
      12.0000      575.119  4.02341e-10  1.84316e-12
      12.0000      575.561  3.91327e-10  1.90129e-12
      12.0000      576.004  3.83157e-10  1.76856e-12
      12.0000      576.447  3.93723e-10  1.74442e-12
      12.0000      576.891  3.89506e-10  1.65424e-12
      12.0000      577.335  3.90360e-10  1.61134e-12
      12.0000      577.779  3.95917e-10  1.91132e-12
      12.0000      578.224  3.86466e-10  1.78906e-12
      12.0000      578.669  3.82701e-10  1.60007e-12
      12.0000      579.114  3.79071e-10          NaN
      12.0000      579.560  3.80673e-10          NaN
      12.0000      580.006  3.89716e-10  1.72974e-12
      12.0000      580.452  3.81207e-10  1.55269e-12
      12.0000      580.899  3.86631e-10  1.62728e-12
      12.0000      581.346  3.74255e-10  1.68752e-12
      12.0000      581.793  3.71194e-10  1.54770e-12
      12.0000      582.241  3.77067e-10          NaN
      12.0000      582.689  3.82875e-10          NaN
      12.0000      583.137  3.87745e-10  1.38749e-12
      12.0000      583.586  3.98764e-10  1.52655e-12
      12.0000      584.035  4.07225e-10  1.47613e-12
      12.0000      584.484  3.96298e-10  1.39744e-12
      12.0000      584.934  3.75043e-10  1.26768e-12
      12.0000      585.384  3.70051e-10  1.35099e-12
      12.0000      585.835  3.68110e-10  1.29567e-12
      12.0000      586.286  4.32891e-10  1.39201e-12
      12.0000      586.737  8.56188e-10  1.70892e-12
      12.0000      587.188  1.15343e-09  1.81999e-12
      12.0000      587.640  5.16349e-10  1.35504e-12
      12.0000      588.092  3.97341e-10  1.25116e-12
      12.0000      588.545  3.82068e-10  1.30098e-12
      12.0000      588.998  3.70657e-10  1.32171e-12
      12.0000      589.451  3.82480e-10  1.36556e-12
      12.0000      589.905  3.72838e-10  1.31501e-12
      12.0000      590.359  3.68771e-10  1.26217e-12
      12.0000      590.813  3.65642e-10  1.20477e-12
      12.0000      591.267  3.56858e-10  1.22070e-12
      12.0000      591.723  3.55603e-10  1.25428e-12
      12.0000      592.178  3.63306e-10  1.31950e-12
      12.0000      592.634  3.55459e-10  1.32358e-12
      12.0000      593.090  3.46620e-10  1.18062e-12
      12.0000      593.546  3.51605e-10  1.10705e-12
      12.0000      594.003  3.64122e-10  1.14288e-12
      12.0000      594.460  3.54948e-10  1.21546e-12
      12.0000      594.917  3.60209e-10  1.20069e-12
      12.0000      595.375  3.50442e-10  1.12576e-12
      12.0000      595.833  3.45804e-10  1.04460e-12
      12.0000      596.292  3.56273e-10  1.00883e-12
      12.0000      596.751  3.61395e-10  1.01686e-12
      12.0000      597.210  3.57387e-10  1.03826e-12
      12.0000      597.669  3.57846e-10  1.07993e-12
      12.0000      598.129  3.45039e-10  1.08309e-12
      12.0000      598.589  3.36706e-10  1.04746e-12
      12.0000      599.050  3.38596e-10  9.98629e-13
      12.0000      599.511  3.44832e-10  1.01517e-12
      12.0000      599.972  3.48827e-10  1.05928e-12
      12.0000      600.434  3.52819e-10  1.13292e-12
      12.0000      600.896  3.37709e-10  1.21254e-12
      12.0000      601.359  3.25209e-10  1.16642e-12
      12.0000      601.822  3.42640e-10  1.16345e-12
      12.0000      602.284  3.72018e-10  1.25295e-12
      12.0000      602.748  4.21693e-10  1.30498e-12
      12.0000      603.212  4.18672e-10  1.49300e-12
      12.0000      603.676  4.00740e-10  1.53972e-12
      12.0000      604.141  3.60452e-10  1.48229e-12
      12.0000      604.606  3.40277e-10  1.43977e-12
      4.00000      605.071  3.35476e-10  1.41712e-12
      4.00000      605.537  3.69859e-10          NaN
      4.00000      606.002  5.72839e-10          NaN
      4.00000      606.469  5.82204e-10          NaN
      4.00000      606.935  4.75204e-10  1.53548e-12
      4.00000      607.402  4.17993e-10  1.40675e-12
      4.00000      607.870  3.70339e-10  1.30635e-12
      4.00000      608.338  3.47728e-10  1.31518e-12
      4.00000      608.806  3.40016e-10  1.32378e-12
      4.00000      609.274  3.37497e-10  1.35052e-12
      4.00000      609.743  3.22638e-10  1.33350e-12
      13.0000      610.212  3.19862e-10  3.52359e-12
      13.0000      610.682  2.94416e-10  3.70078e-12
      13.0000      611.152  2.84138e-10  3.01681e-12
      13.0000      611.622  3.02115e-10  3.17901e-12
      13.0000      612.093  2.83421e-10  3.60665e-12
      13.0000      612.564  2.98768e-10  3.40312e-12
      13.0000      613.035  3.00731e-10  3.11288e-12
      13.0000      613.507  2.98904e-10  3.48787e-12
      13.0000      613.979  2.87458e-10  2.68064e-12
      13.0000      614.451  3.00662e-10  2.60179e-12
      13.0000      614.924  2.87994e-10  2.24740e-12
      13.0000      615.397  2.96987e-10  2.46396e-12
      13.0000      615.871  2.75675e-10  2.28595e-12
      13.0000      616.345  2.87946e-10  2.72924e-12
      13.0000      616.819  2.82369e-10  2.14117e-12
      13.0000      617.294  2.82841e-10  2.06992e-12
      13.0000      617.769  2.75816e-10  1.71829e-12
      13.0000      618.245  2.75915e-10  2.22076e-12
      13.0000      618.720  2.67017e-10  2.57646e-12
      13.0000      619.196  2.63446e-10  1.86616e-12
      13.0000      619.673  2.61021e-10  1.84556e-12
      13.0000      620.150  2.60540e-10  1.97769e-12
      13.0000      620.627  2.75173e-10          NaN
      13.0000      621.105  2.71803e-10          NaN
      13.0000      621.582  2.65912e-10  1.61090e-12
      13.0000      622.061  2.57975e-10  1.57944e-12
      13.0000      622.539  2.53659e-10  1.40793e-12
      13.0000      623.018  2.61951e-10  1.26472e-12
      13.0000      623.498  2.61927e-10  1.27787e-12
      13.0000      623.978  2.64880e-10  1.25143e-12
      13.0000      624.458  2.75393e-10  1.24119e-12
      13.0000      624.938  2.84839e-10  1.17171e-12
      13.0000      625.419  2.73794e-10  1.13743e-12
      13.0000      625.901  2.58866e-10  1.13687e-12
      13.0000      626.382  2.49226e-10  1.15036e-12
      13.0000      626.864  2.45362e-10  1.13851e-12
      13.0000      627.347  2.46792e-10  1.12173e-12
      13.0000      627.830  2.66165e-10  1.07152e-12
      13.0000      628.312  2.64103e-10  1.01720e-12
      13.0000      628.796  2.51387e-10  1.04039e-12
      13.0000      629.280  2.45068e-10  1.04630e-12
      13.0000      629.764  2.45012e-10  1.03453e-12
      13.0000      630.249  2.44561e-10  9.87115e-13
      13.0000      630.734  2.58419e-10  9.38088e-13
      13.0000      631.219  2.81347e-10  9.42745e-13
      13.0000      631.705  2.86967e-10  9.51358e-13
      13.0000      632.191  2.89429e-10  9.88290e-13
      13.0000      632.678  3.03295e-10  9.67341e-13
      13.0000      633.164  3.25377e-10  9.28886e-13
      13.0000      633.652  3.24641e-10  9.18994e-13
      13.0000      634.139  3.14423e-10  9.06538e-13
      13.0000      634.627  3.07134e-10  9.01396e-13
      13.0000      635.115  2.73497e-10  9.09786e-13
      13.0000      635.604  2.48707e-10  8.92687e-13
      13.0000      636.094  2.39828e-10  8.54249e-13
      13.0000      636.583  2.29192e-10  8.16475e-13
      13.0000      637.073  2.23220e-10  8.23217e-13
      13.0000      637.563  2.13439e-10  8.56303e-13
      13.0000      638.054  2.06895e-10  8.48279e-13
      13.0000      638.545  1.98035e-10  8.43153e-13
      13.0000      639.036  1.93639e-10  7.99255e-13
      13.0000      639.528  2.03914e-10  7.84351e-13
      13.0000      640.020  2.04891e-10  8.29198e-13
      13.0000      640.512  1.98191e-10  8.31086e-13
      13.0000      641.005  1.98532e-10  8.49717e-13
      13.0000      641.499  1.95818e-10  8.12973e-13
      13.0000      641.992  1.89040e-10  7.71529e-13
      13.0000      642.486  1.92005e-10  8.02626e-13
      13.0000      642.981  2.04078e-10  8.86856e-13
      13.0000      643.475  2.10543e-10  9.49250e-13
      13.0000      643.971  1.84133e-10  9.37593e-13
      13.0000      644.466  1.79361e-10  9.14830e-13
      13.0000      644.962  1.73291e-10  9.18646e-13
      13.0000      645.459  1.73763e-10  9.76206e-13
      13.0000      645.955  1.82004e-10  1.07324e-12
      13.0000      646.452  1.69596e-10  1.17657e-12
      13.0000      646.950  1.70078e-10  1.09774e-12
      13.0000      647.447  1.71495e-10  1.04533e-12
      13.0000      647.946  1.61243e-10  1.02353e-12
      13.0000      648.445  1.74968e-10  1.11181e-12
      13.0000      648.943  1.77629e-10  1.23329e-12
      13.0000      649.443  1.50554e-10  1.11177e-12
      13.0000      649.942  1.57480e-10  1.05434e-12
      4.00000      650.442  1.66373e-10  9.69872e-13
      4.00000      650.943  1.86480e-10  9.41912e-13
      4.00000      651.444  1.84002e-10  9.92842e-13
      4.00000      651.945  1.94728e-10  9.68016e-13
      4.00000      652.447  1.87482e-10  9.18731e-13
      4.00000      652.949  1.74055e-10  8.64104e-13
      4.00000      653.452  1.68000e-10  8.49791e-13
      4.00000      653.955  1.59067e-10          NaN
      4.00000      654.458  1.52340e-10          NaN
      4.00000      654.961  1.63051e-10  9.55352e-13
      4.00000      655.465  1.55693e-10  9.73052e-13
      4.00000      655.970  1.55188e-10  9.26481e-13
      4.00000      656.475  1.69667e-10  9.67820e-13
      4.00000      656.980  1.56223e-10  1.08234e-12
      4.00000      657.485  1.45017e-10  1.15536e-12
      4.00000      657.991  1.59726e-10  1.27630e-12
      4.00000      658.497  1.59978e-10  1.22387e-12
      4.00000      659.004  1.47349e-10  1.18853e-12
      4.00000      659.511  1.82800e-10  1.25806e-12
      14.0000      660.019  2.65521e-10  2.08817e-12
      14.0000      660.527  2.32797e-10  2.17369e-12
      14.0000      661.035  2.07736e-10  2.08581e-12
      14.0000      661.544  2.01084e-10  2.06046e-12
      14.0000      662.053  1.56028e-10  1.96686e-12
      14.0000      662.562  1.61712e-10  1.73910e-12
      14.0000      663.072  1.61108e-10  1.69270e-12
      14.0000      663.582  1.40531e-10  1.62752e-12
      14.0000      664.093  1.48250e-10  1.63590e-12
      14.0000      664.604  1.44190e-10  1.60775e-12
      14.0000      665.116  1.44888e-10  1.41550e-12
      14.0000      665.627  1.72818e-10  1.42698e-12
      14.0000      666.140  1.55530e-10  1.35529e-12
      14.0000      666.652  1.84946e-10  1.36453e-12
      14.0000      667.165  4.39342e-10  1.47015e-12
      14.0000      667.678  7.33229e-10  1.58203e-12
      14.0000      668.192  4.63684e-10  1.37916e-12
      14.0000      668.707  2.13838e-10  1.16722e-12
      14.0000      669.221  1.60790e-10  1.13057e-12
      14.0000      669.736  1.76498e-10  1.13711e-12
      14.0000      670.252  2.23076e-10  1.09430e-12
      14.0000      670.767  2.00064e-10  1.02306e-12
      14.0000      671.283  1.48746e-10  9.54747e-13
      14.0000      671.800  1.40240e-10  9.60044e-13
      14.0000      672.317  1.65722e-10  9.70661e-13
      14.0000      672.834  2.21197e-10  1.00445e-12
      14.0000      673.352  2.18395e-10  9.84658e-13
      14.0000      673.870  2.56045e-10  9.23211e-13
      14.0000      674.389  3.06822e-10  9.66093e-13
      14.0000      674.908  3.76402e-10  9.94374e-13
      14.0000      675.427  3.21458e-10  9.79336e-13
      14.0000      675.947  1.78330e-10  8.88008e-13
      14.0000      676.467  1.86134e-10  8.44907e-13
      14.0000      676.988  2.51741e-10  8.74314e-13
      14.0000      677.509  3.19482e-10  9.30773e-13
      14.0000      678.030  2.49421e-10  9.11786e-13
      14.0000      678.552  1.73764e-10  8.65893e-13
      14.0000      679.074  2.87813e-10  8.46926e-13
      14.0000      679.597  5.86762e-10  9.90347e-13
      14.0000      680.119  5.54357e-10  1.00777e-12
      14.0000      680.643  2.35602e-10  8.79718e-13
      14.0000      681.166  1.90102e-10  8.34470e-13
      14.0000      681.691  3.15410e-10  8.57986e-13
      14.0000      682.215  4.62740e-10  9.36454e-13
      14.0000      682.740  2.98812e-10  8.74817e-13
      14.0000      683.266  1.72934e-10          NaN
      14.0000      683.792  3.72254e-10          NaN
      14.0000      684.318  8.52115e-10  1.10423e-12
      14.0000      684.844  7.98117e-10          NaN
      14.0000      685.371  2.62532e-10          NaN
      14.0000      685.899  2.41079e-10  8.72814e-13
      14.0000      686.427  4.52413e-10          NaN
      14.0000      686.955  7.09207e-10          NaN
      14.0000      687.484  2.89203e-10  9.01129e-13
      14.0000      688.012  2.10363e-10  8.45383e-13
      14.0000      688.542  5.26204e-10  1.02247e-12
      14.0000      689.072  1.46176e-09          NaN
      14.0000      689.602  1.03787e-09          NaN
      14.0000      690.133  2.08436e-10          NaN
      14.0000      690.664  2.19225e-10          NaN
      14.0000      691.195  7.36117e-10  1.24295e-12
      14.0000      691.727  1.08745e-09  1.48227e-12
      14.0000      692.260  3.05412e-10  1.03909e-12
      14.0000      692.792  2.28796e-10  9.06615e-13
      14.0000      693.326  6.04312e-10  1.16086e-12
      14.0000      693.859  2.00541e-09  1.79512e-12
      14.0000      694.393  9.10264e-10  1.28569e-12
      14.0000      694.927  2.85932e-10  9.36684e-13
      14.0000      695.462  3.39635e-10  9.20261e-13
      4.00000      695.997  1.04388e-09  1.32044e-12
      4.00000      696.533  9.15478e-10  1.14197e-12
      4.00000      697.069  3.67902e-10  9.00090e-13
      4.00000      697.605  3.19131e-10  8.82765e-13
      4.00000      698.142  1.19170e-09  1.30185e-12
      4.00000      698.679  1.71557e-09  1.39247e-12
      4.00000      699.217  8.17483e-10  1.00823e-12
      4.00000      699.755  2.87292e-10  8.10502e-13
      4.00000      700.293  6.79446e-10  1.04209e-12
      4.00000      700.832  1.38333e-09  1.32347e-12
      4.00000      701.371  1.00667e-09  1.25604e-12
      4.00000      701.911  3.02638e-10  8.26110e-13
      4.00000      702.451  5.17572e-10  9.61853e-13
      4.00000      702.992  2.06125e-09  1.63550e-12
      4.00000      703.533  2.52817e-09  2.19434e-12
      4.00000      704.074  5.90672e-10  1.23193e-12
      4.00000      704.616  3.20995e-10  1.04451e-12
      4.00000      705.158  9.87760e-10  1.55087e-12
      4.00000      705.701  2.13769e-09  2.29467e-12
      4.00000      706.244  7.15982e-10  1.56813e-12
      4.00000      706.788  2.75245e-10  1.17411e-12
      4.00000      707.332  7.83876e-10  1.48069e-12
      4.00000      707.876  2.70191e-09          NaN
      4.00000      708.421  1.66206e-09          NaN
      4.00000      708.965  4.53760e-10  1.18891e-12
      15.0000      709.511  5.10898e-10  2.29447e-12
      15.0000      710.057  1.33196e-09          NaN
      15.0000      710.604  1.54625e-09          NaN
      15.0000      711.151  4.71206e-10  1.91083e-12
      15.0000      711.698  7.64697e-10  1.93365e-12
      15.0000      712.245  2.17169e-09  2.40811e-12
      15.0000      712.793  2.95537e-09  2.89112e-12
      15.0000      713.342  1.22512e-09  2.07697e-12
      15.0000      713.891  4.87421e-10  1.56816e-12
      15.0000      714.440  8.83831e-10  1.58978e-12
      15.0000      714.990  1.60920e-09  1.92023e-12
      15.0000      715.540  1.22479e-09  1.81653e-12
      15.0000      716.091  6.30052e-10  1.43022e-12
      15.0000      716.642  1.09632e-09  1.55983e-12
      15.0000      717.193  2.16812e-09  1.83295e-12
      15.0000      717.745  2.17369e-09  1.95610e-12
      15.0000      718.297  5.88590e-10  1.32742e-12
      15.0000      718.850  4.81053e-10  1.22524e-12
      15.0000      719.403  1.32601e-09  1.45423e-12
      15.0000      719.957  1.75403e-09  1.62446e-12
      15.0000      720.511  8.14982e-10  1.29066e-12
      15.0000      721.066  4.28308e-10          NaN
      15.0000      721.620  1.19671e-09          NaN
      15.0000      722.175  1.97760e-09  1.56622e-12
      15.0000      722.731  1.22176e-09  1.35363e-12
      15.0000      723.288  5.42318e-10  1.11741e-12
      15.0000      723.844  7.24334e-10  1.15268e-12
      15.0000      724.401  9.52539e-10  1.19688e-12
      15.0000      724.959  6.62760e-10  1.04809e-12
      15.0000      725.517  2.39588e-10  8.65073e-13
      15.0000      726.075  2.20504e-10  9.65096e-13
      15.0000      726.634  2.29227e-10  9.15018e-13
      15.0000      727.193  2.85469e-10  8.65963e-13
      15.0000      727.752  1.11788e-09  1.13841e-12
      15.0000      728.312  4.36549e-09  1.91861e-12
      15.0000      728.873  1.44014e-08  3.96401e-12
      15.0000      729.434  2.58257e-08  6.41310e-12
      15.0000      729.995  2.23260e-08  6.01754e-12
      15.0000      730.557  1.19054e-08  3.19162e-12
      15.0000      731.119  6.91300e-09          NaN
      15.0000      731.681  4.24957e-09          NaN
      15.0000      732.245  1.75825e-09  1.46071e-12
      15.0000      732.808  8.67009e-10  1.09488e-12
      15.0000      733.372  1.30111e-09  1.14913e-12
      15.0000      733.936  2.33184e-09  1.55721e-12
      15.0000      734.501  1.42181e-09  1.36081e-12
      15.0000      735.067  6.31726e-10  1.06697e-12
      15.0000      735.632  1.16582e-09  1.26063e-12
      15.0000      736.198  2.17989e-09  1.65733e-12
      15.0000      736.764  1.57450e-09  1.51066e-12
      15.0000      737.332  5.69545e-10  1.13238e-12
      15.0000      737.899  9.20357e-10  1.21572e-12
      15.0000      738.467  2.59920e-09  1.86224e-12
      15.0000      739.035  2.07609e-09  1.74043e-12
      15.0000      739.604  5.38879e-10  1.12637e-12
      15.0000      740.173  5.12776e-10  1.15044e-12
      15.0000      740.742  1.62564e-09  1.71038e-12
      15.0000      741.312  1.50323e-09  1.59596e-12
      4.00000      741.883  5.71605e-10  1.10295e-12
      4.00000      742.454  4.98554e-10  1.09415e-12
      4.00000      743.025  1.92216e-09  1.85198e-12
      4.00000      743.597  2.00836e-09  1.73243e-12
      4.00000      744.169  6.86972e-10  1.07393e-12
      4.00000      744.742  4.71975e-10  9.31601e-13
      4.00000      745.315  1.29739e-09          NaN
      4.00000      745.888  1.64350e-09          NaN
      4.00000      746.463  7.39658e-10  1.01743e-12
      4.00000      747.037  5.79182e-10  8.75191e-13
      4.00000      747.612  1.71754e-09  1.40564e-12
      4.00000      748.187  2.37624e-09  1.53607e-12
      4.00000      748.763  1.07064e-09  1.18019e-12
      4.00000      749.339  5.17561e-10  8.92298e-13
      4.00000      749.916  1.18278e-09  1.12803e-12
      4.00000      750.493  1.73812e-09  1.42263e-12
      4.00000      751.070  9.39092e-10  1.20803e-12
      4.00000      751.649  5.08479e-10  1.00323e-12
      4.00000      752.227  1.36318e-09  1.28121e-12
      4.00000      752.806  2.39572e-09  2.00604e-12
      4.00000      753.385  1.13040e-09  1.48397e-12
      4.00000      753.965  3.98422e-10  1.13769e-12
      4.00000      754.545  7.44935e-10  1.40524e-12
      4.00000      755.126  1.60673e-09  2.06642e-12
      4.00000      755.707  7.69243e-10  1.45600e-12
      4.00000      756.288  3.47201e-10  1.16917e-12
      4.00000      756.870  9.12385e-10  1.60771e-12
      4.00000      757.452  2.02567e-09  2.17382e-12
      4.00000      758.035  9.33392e-10  1.36542e-12
      4.00000      758.619  3.21725e-10  1.03267e-12
      16.0000      759.202  5.94284e-10          NaN
      16.0000      759.787  1.32992e-09          NaN
      16.0000      760.371  6.62811e-10  1.89478e-12
      16.0000      760.956  2.90038e-10  1.68752e-12
      16.0000      761.542  7.91823e-10  2.00619e-12
      16.0000      762.128  1.92896e-09  2.51967e-12
      16.0000      762.715  7.38872e-10  1.73561e-12
      16.0000      763.302  3.02428e-10  1.54587e-12
      16.0000      763.889  5.30540e-10  1.72345e-12
      16.0000      764.477  1.24578e-09  2.07597e-12
      16.0000      765.065  5.39068e-10  1.50830e-12
      16.0000      765.654  2.86975e-10  1.33933e-12
      16.0000      766.243  6.58775e-10  1.65919e-12
      16.0000      766.832  1.80509e-09  2.19765e-12
      16.0000      767.423  6.19595e-10  1.49994e-12
      16.0000      768.013  3.12978e-10  1.22113e-12
      16.0000      768.604  5.10168e-10  1.37327e-12
      16.0000      769.196  1.03892e-09  1.66503e-12
      16.0000      769.787  4.62639e-10  1.32101e-12
      16.0000      770.380  3.37454e-10  1.15718e-12
      16.0000      770.973  7.16065e-10  1.37690e-12
      16.0000      771.566  1.46065e-09  1.75883e-12
      16.0000      772.160  5.91875e-10  1.32034e-12
      16.0000      772.754  3.80577e-10  1.13555e-12
      16.0000      773.349  5.67700e-10  1.20871e-12
      16.0000      773.944  8.42144e-10  1.35306e-12
      16.0000      774.539  5.20050e-10  1.18647e-12
      16.0000      775.135  4.57006e-10  1.13488e-12
      16.0000      775.732  8.54374e-10  1.31955e-12
      16.0000      776.329  1.18199e-09  1.44113e-12
      16.0000      776.927  6.46889e-10  1.17064e-12
      16.0000      777.524  5.52322e-10  1.14608e-12
      16.0000      778.122  7.53244e-10  1.21301e-12
      16.0000      778.721  7.77412e-10  1.16874e-12
      16.0000      779.321  7.07640e-10  1.10242e-12
      16.0000      779.920  6.85562e-10  1.13410e-12
      16.0000      780.520  1.01710e-09  1.26752e-12
      16.0000      781.121  9.51677e-10  1.16444e-12
      16.0000      781.722  8.37237e-10          NaN
      16.0000      782.324  8.48571e-10          NaN
      16.0000      782.926  9.60460e-10  1.14042e-12
      16.0000      783.528  9.70100e-10  1.10758e-12
      16.0000      784.131  9.31894e-10  1.04128e-12
      16.0000      784.735  9.75687e-10  1.05875e-12
      16.0000      785.339  1.16606e-09          NaN
      16.0000      785.943  1.14406e-09          NaN
      16.0000      786.548  1.11826e-09  1.06979e-12
      16.0000      787.153  1.20706e-09  1.07316e-12
      16.0000      787.758  1.24810e-09  1.07792e-12
      16.0000      788.365  1.17968e-09  1.06759e-12
      16.0000      788.971  1.19221e-09  1.06947e-12
      16.0000      789.579  1.29421e-09  1.08352e-12
      4.00000      790.186  1.39559e-09  1.09665e-12
      4.00000      790.794  1.48024e-09  1.16887e-12
      4.00000      791.403  1.53218e-09  1.22277e-12
      4.00000      792.011  1.46970e-09          NaN
      4.00000      792.621  1.37611e-09          NaN
      4.00000      793.231  1.53819e-09  1.22330e-12
      4.00000      793.842  1.68017e-09  1.39240e-12
      4.00000      794.452  1.73417e-09  1.42893e-12
      4.00000      795.064  1.72336e-09  1.50744e-12
      4.00000      795.675  1.67588e-09  1.45081e-12
      4.00000      796.288  1.87285e-09          NaN
      4.00000      796.900  1.82327e-09          NaN
      4.00000      797.514  1.88881e-09  1.90607e-12
      4.00000      798.128  1.67077e-09  1.75894e-12
      4.00000      798.742  2.50927e-09  2.18410e-12
      4.00000      799.357  2.14815e-09  2.07765e-12
      4.00000      799.972  1.96866e-09  1.97889e-12
      4.00000      800.587  1.57440e-09  1.67856e-12
      4.00000      801.203  2.55818e-09  2.00147e-12
      4.00000      801.820  2.29422e-09  1.80763e-12
      4.00000      802.437  2.23509e-09  1.84382e-12
      4.00000      803.054  1.89506e-09  1.63155e-12
      4.00000      803.672  2.55910e-09  1.86443e-12
      4.00000      804.291  2.63529e-09  1.75444e-12
      4.00000      804.910  2.17804e-09  1.72799e-12
      4.00000      805.529  2.07638e-09  1.75461e-12
      4.00000      806.149  2.77951e-09  1.94935e-12
      4.00000      806.769  3.63584e-09  2.32573e-12
      4.00000      807.390  2.30534e-09  1.97668e-12
      4.00000      808.012  2.11722e-09  2.17952e-12
      4.00000      808.633  2.40340e-09  2.24953e-12
      17.0000      809.255  3.70847e-09  3.26220e-12
      17.0000      809.878  2.39216e-09  2.69596e-12
      17.0000      810.501  2.01257e-09  2.43072e-12
      17.0000      811.125  2.54553e-09          NaN
      17.0000      811.750  3.73041e-09          NaN
      17.0000      812.374  2.81827e-09          NaN
      17.0000      812.999  1.76506e-09          NaN
      17.0000      813.625  2.86061e-09  2.22025e-12
      17.0000      814.251  4.81913e-09  2.76848e-12
      17.0000      814.878  4.02372e-09  2.67229e-12
      17.0000      815.504  1.65804e-09  1.81191e-12
      17.0000      816.132  2.38599e-09  1.89978e-12
      17.0000      816.760  4.36490e-09  2.37433e-12
      17.0000      817.389  4.25453e-09  2.49226e-12
      17.0000      818.017  1.69338e-09  1.70154e-12
      17.0000      818.647  2.08248e-09  1.69939e-12
      17.0000      819.277  4.20513e-09  2.14486e-12
      17.0000      819.907  4.78256e-09  2.41992e-12
      17.0000      820.538  1.93213e-09  1.70732e-12
      17.0000      821.170  1.43876e-09  1.44225e-12
      17.0000      821.802  3.74350e-09          NaN
      17.0000      822.434  6.26981e-09          NaN
      17.0000      823.067  3.87753e-09  2.17906e-12
      17.0000      823.700  1.90809e-09  1.52198e-12
      17.0000      824.334  3.86368e-09  1.86175e-12
      17.0000      824.969  5.87526e-09  2.41099e-12
      17.0000      825.604  3.60649e-09  2.04903e-12
      17.0000      826.239  1.65791e-09  1.44530e-12
      17.0000      826.875  3.13173e-09  1.69087e-12
      17.0000      827.511  5.48460e-09  2.29417e-12
      17.0000      828.148  4.25851e-09  2.19921e-12
      17.0000      828.785  1.76229e-09  1.49764e-12
      17.0000      829.423  2.87569e-09  1.69708e-12
      17.0000      830.061  5.29376e-09  2.29061e-12
      17.0000      830.700  5.05886e-09  2.43126e-12
      17.0000      831.339  1.76787e-09  1.57190e-12
      17.0000      831.979  2.42018e-09  1.72188e-12
      17.0000      832.619  3.95053e-09  2.12913e-12
      17.0000      833.260  4.76415e-09  2.47344e-12
      17.0000      833.901  1.71053e-09  1.64373e-12
      17.0000      834.543  2.03503e-09  1.78935e-12
      17.0000      835.185  3.12719e-09  2.11940e-12
      17.0000      835.828  4.49034e-09  2.51650e-12
      17.0000      836.471  1.81555e-09  1.75138e-12
      17.0000      837.114  2.09274e-09  1.87949e-12
      17.0000      837.759  2.58440e-09  1.96557e-12
      17.0000      838.404  3.64798e-09  2.18698e-12
      4.00000      839.049  2.02103e-09          NaN
      4.00000      839.694  1.96266e-09          NaN
      4.00000      840.340  2.26252e-09  1.66723e-12
      4.00000      840.987  2.73073e-09  1.76111e-12
      4.00000      841.634  2.06966e-09  1.45557e-12
      4.00000      842.282  1.73395e-09  1.43511e-12
      4.00000      842.930  1.93226e-09  1.44746e-12
      4.00000      843.579  2.39598e-09  1.52278e-12
      4.00000      844.228  2.09741e-09  1.39717e-12
      4.00000      844.877  1.76476e-09  1.36727e-12
      4.00000      845.528  1.68814e-09  1.36920e-12
      4.00000      846.178  1.92400e-09  1.38072e-12
      4.00000      846.830  1.81166e-09          NaN
      4.00000      847.481  1.77216e-09          NaN
      4.00000      848.133  1.68274e-09  1.51642e-12
      4.00000      848.786  1.77482e-09  1.51589e-12
      4.00000      849.439  1.67369e-09  1.54832e-12
      4.00000      850.093  1.53158e-09  1.56317e-12
      4.00000      850.747  1.38585e-09          NaN
      4.00000      851.401  1.55849e-09          NaN
      4.00000      852.057  1.57715e-09  1.88575e-12
      4.00000      852.713  1.47168e-09  1.92061e-12
      4.00000      853.368  1.31291e-09  1.96989e-12
      4.00000      854.026  1.36975e-09  1.96341e-12
      4.00000      854.683  1.20413e-09  1.71001e-12
      4.00000      855.341  1.26786e-09  1.69423e-12
      4.00000      855.999  1.19499e-09  1.66594e-12
      4.00000      856.657  1.16163e-09  1.65135e-12
      4.00000      857.316  1.07664e-09  1.51349e-12
      4.00000      857.976  1.03975e-09  1.46656e-12
      18.0000      858.637  9.03989e-10  2.63841e-12
      18.0000      859.297  9.08653e-10  2.43300e-12
      18.0000      859.958  9.70110e-10  2.36397e-12
      18.0000      860.620  8.81126e-10  2.29706e-12
      18.0000      861.283  8.03086e-10  2.16607e-12
      18.0000      861.945  7.74860e-10  1.98236e-12
      18.0000      862.608  7.46894e-10  1.96191e-12
      18.0000      863.272  6.76721e-10  1.94822e-12
      18.0000      863.937  6.64971e-10  1.88065e-12
      18.0000      864.602  6.28900e-10  1.68485e-12
      18.0000      865.267  6.03178e-10  1.63795e-12
      18.0000      865.933  5.53580e-10  1.70517e-12
      18.0000      866.599  4.98485e-10  1.61224e-12
      18.0000      867.266  4.63851e-10  1.47759e-12
      18.0000      867.934  4.88645e-10  1.43461e-12
      18.0000      868.601  4.65346e-10  1.46573e-12
      18.0000      869.270  4.06113e-10  1.40111e-12
      18.0000      869.938  3.87770e-10  1.31195e-12
      18.0000      870.608  3.75466e-10  1.25842e-12
      18.0000      871.277  3.29791e-10  1.29020e-12
      18.0000      871.948  3.26926e-10  1.24623e-12
      18.0000      872.619  3.21811e-10  1.19491e-12
      18.0000      873.291  3.04828e-10  1.13030e-12
      18.0000      873.962  2.71073e-10  1.17690e-12
      18.0000      874.635  2.42896e-10  1.16132e-12
      18.0000      875.308  2.10892e-10  1.04084e-12
      18.0000      875.982  2.18506e-10  1.00168e-12
      18.0000      876.656  2.04993e-10  1.03480e-12
      18.0000      877.331  1.76181e-10  1.00473e-12
      18.0000      878.005  1.61858e-10  9.09565e-13
      18.0000      878.681  1.62731e-10  8.79259e-13
      18.0000      879.357  1.44987e-10  8.76143e-13
      18.0000      880.035  1.31564e-10  8.76730e-13
      18.0000      880.711  1.29272e-10  7.91069e-13
      18.0000      881.389  1.19532e-10  7.56793e-13
      18.0000      882.068  1.15011e-10  7.69501e-13
      18.0000      882.747  9.92070e-11  7.51923e-13
      18.0000      883.426  9.22003e-11  6.88666e-13
      18.0000      884.105  8.64699e-11  6.51941e-13
      18.0000      884.786  8.85840e-11  6.65345e-13
      18.0000      885.467  7.71651e-11  7.38989e-13
      18.0000      886.148  7.21349e-11  6.49311e-13
      18.0000      886.830  7.26019e-11  5.87658e-13
      18.0000      887.512  6.61008e-11  5.99781e-13
      18.0000      888.195  6.06201e-11  6.09333e-13
      4.00000      888.879  5.00520e-11  5.87421e-13
      4.00000      889.563  5.61355e-11  5.67623e-13
      4.00000      890.248  5.00967e-11  5.93519e-13
      4.00000      890.932  4.38612e-11  6.28473e-13
      4.00000      891.618  3.96914e-11  6.12462e-13
      4.00000      892.304  3.47824e-11  5.82528e-13
      4.00000      892.991  4.95377e-11  6.27486e-13
      4.00000      893.678  3.77809e-11  6.81432e-13
      4.00000      894.366  3.75995e-11  6.96927e-13
      4.00000      895.054  3.99701e-11  6.75264e-13
      4.00000      895.743  3.56238e-11  7.33505e-13
      4.00000      896.432  3.59180e-11  8.44181e-13
      4.00000      897.122  3.72981e-11  8.55954e-13
      4.00000      897.812  3.44115e-11  8.42438e-13
      4.00000      898.503  3.39965e-11  8.72485e-13
      4.00000      899.194  3.37343e-11  9.42275e-13
      4.00000      899.887  1.88835e-12  8.79934e-13
      4.00000      900.579  1.38753e-11  7.91990e-13
      4.00000      901.272  3.09512e-11  7.88255e-13
      4.00000      901.965  3.04302e-11  8.48756e-13
      4.00000      902.660  3.55356e-11  8.10385e-13
      4.00000      903.354  3.14729e-11  7.43976e-13
      4.00000      904.050  3.30863e-11  7.68215e-13
      4.00000      904.745  3.14837e-11  8.29953e-13
      4.00000      905.441  3.11050e-11  8.38109e-13
      4.00000      906.138  2.92253e-11  8.10035e-13
      4.00000      906.835  2.82975e-11  8.52206e-13
      4.00000      907.533  3.20228e-11  9.86184e-13
      4.00000      908.231  4.13539e-11  1.11853e-12
      19.0000      908.931  4.83711e-11  1.96410e-12
      19.0000      909.630  3.85764e-11  1.72446e-12
      19.0000      910.330  3.28427e-11  1.52830e-12
      19.0000      911.031  3.91987e-11  1.59377e-12
      19.0000      911.732  3.83435e-11  1.48738e-12
      19.0000      912.433  2.97322e-11  1.36668e-12
      19.0000      913.135  3.02120e-11  1.24157e-12
      19.0000      913.838  3.24872e-11  1.17609e-12
      19.0000      914.541  3.55272e-11  1.22898e-12
      19.0000      915.245  4.29246e-11  1.14174e-12
      19.0000      915.949  3.59444e-11  9.92807e-13
      19.0000      916.654  2.75703e-11  1.02128e-12
      19.0000      917.360  2.83074e-11  1.01668e-12
      19.0000      918.065  2.56648e-11  9.14303e-13
      19.0000      918.771  2.44719e-11  8.39862e-13
      19.0000      919.479  2.56517e-11  8.74576e-13
      19.0000      920.187  3.47101e-11  8.73414e-13
      19.0000      920.894  3.68803e-11  7.78695e-13
      19.0000      921.603  4.42356e-11  7.41299e-13
      19.0000      922.313  6.20384e-11  7.83354e-13
      19.0000      923.022  5.11821e-11  7.69147e-13
      19.0000      923.732  3.42954e-11  6.93183e-13
      19.0000      924.443  2.73630e-11  6.64290e-13
      19.0000      925.155  2.20523e-11  6.90387e-13
      19.0000      925.867  1.90482e-11  6.75019e-13
      19.0000      926.579  2.38835e-11  6.23205e-13
      19.0000      927.292  2.45223e-11  6.06651e-13
      19.0000      928.005  2.24018e-11  6.25736e-13
      19.0000      928.720  2.87540e-11  6.21195e-13
      19.0000      929.435  3.65903e-11  5.79026e-13
      19.0000      930.149  3.72282e-11  5.78091e-13
      19.0000      930.866  2.65285e-11  6.15595e-13
      19.0000      931.582  2.03680e-11  6.34232e-13
      19.0000      932.298  2.70427e-11  5.91480e-13
      19.0000      933.016  2.35250e-11  5.94159e-13
      19.0000      933.734  2.07899e-11  6.52174e-13
      19.0000      934.453  1.90846e-11  6.53107e-13
      19.0000      935.172  1.83079e-11  6.11994e-13
      19.0000      935.891  2.06424e-11  6.40185e-13
      19.0000      936.611  2.12387e-11  7.23136e-13
      19.0000      937.332  2.09028e-11  7.12184e-13
      4.00000      938.054  6.45041e-12  6.75488e-13
      4.00000      938.775  9.11135e-12  7.63324e-13
      4.00000      939.498  2.18637e-11  8.25184e-13
      4.00000      940.221  3.10506e-11  7.56338e-13
      4.00000      940.944  2.73197e-11  7.05309e-13
      4.00000      941.668  1.75523e-11  7.52245e-13
      4.00000      942.393  1.72027e-11  7.40016e-13
      4.00000      943.118  2.90914e-11  6.52328e-13
      4.00000      943.844  2.67857e-11  6.34473e-13
      4.00000      944.570  3.18742e-11  6.81537e-13
      4.00000      945.298  3.61206e-11  6.66389e-13
      4.00000      946.025  4.19512e-11          NaN
      4.00000      946.753  4.11622e-11          NaN
      4.00000      947.481  4.64642e-11  6.54046e-13
      4.00000      948.211  5.93836e-11  6.51841e-13
      4.00000      948.939  9.26755e-11  6.40731e-13
      4.00000      949.670  1.16097e-10  6.78458e-13
      4.00000      950.401  9.14986e-11  7.33615e-13
      4.00000      951.133  6.34793e-11          NaN
      4.00000      951.864  4.75791e-11          NaN
      4.00000      952.597  3.86508e-11  7.46441e-13
      4.00000      953.330  2.87446e-11  9.02436e-13
      4.00000      954.064  2.08277e-11  9.27466e-13
      4.00000      954.798  1.99612e-11  8.87514e-13
      4.00000      955.532  1.86536e-11  1.04292e-12
      4.00000      956.268  1.89539e-11  1.21570e-12
      4.00000      957.004  2.27161e-11  1.13798e-12
      4.00000      957.740  2.21945e-11  1.03919e-12
      20.0000      958.477  2.64433e-11  1.16735e-12
      20.0000      959.214  2.20809e-11  1.15605e-12
      20.0000      959.953  1.65677e-11  1.25484e-12
      20.0000      960.691  1.52145e-11  1.17772e-12
      20.0000      961.430  1.76281e-11  9.27017e-13
      20.0000      962.170  1.94452e-11  9.77335e-13
      20.0000      962.911  1.30804e-11  1.00995e-12
      20.0000      963.652  1.68223e-11  8.71898e-13
      20.0000      964.394  1.87907e-11  9.04179e-13
      20.0000      965.135  2.05181e-11  9.81289e-13
      20.0000      965.878  1.02792e-11  9.75696e-13
      20.0000      966.622  9.81687e-12  8.49766e-13
      20.0000      967.365 -2.15237e-11  9.29221e-13
      20.0000      968.110  2.47484e-11  9.20019e-13
      20.0000      968.855  3.48268e-11  8.50119e-13
      20.0000      969.600  4.09739e-11  7.67403e-13
      20.0000      970.346  3.37674e-11  7.89531e-13
      20.0000      971.093  2.66914e-11  8.11903e-13
      20.0000      971.840  1.77735e-11  7.46350e-13
      20.0000      972.589  1.23360e-11  6.99993e-13
      20.0000      973.336  1.68296e-11  7.18656e-13
      20.0000      974.085  1.41961e-11  7.07805e-13
      20.0000      974.836  1.30687e-11  6.36806e-13
      20.0000      975.585  1.60860e-11  6.14100e-13
      20.0000      976.337  1.69397e-11  6.53005e-13
      20.0000      977.087  1.84998e-11  6.53107e-13
      20.0000      977.839  2.27843e-11  6.07441e-13
      20.0000      978.592  3.15250e-11  6.06980e-13
      20.0000      979.345  2.87733e-11  6.47514e-13
      20.0000      980.098  1.60918e-11  6.30504e-13
      20.0000      980.853  1.44811e-11          NaN
      20.0000      981.608  1.40274e-11          NaN
      20.0000      982.363  1.02987e-11  6.61266e-13
      20.0000      983.119  1.26974e-11  6.49494e-13
      20.0000      983.875  1.08618e-11  6.19554e-13
      20.0000      984.633  1.10924e-11  6.85727e-13
      20.0000      985.391  1.19726e-11  7.35240e-13
      20.0000      986.149  1.78605e-11  6.85612e-13
      20.0000      986.908  2.76618e-11  6.85492e-13
      20.0000      987.667  3.09865e-11  7.82775e-13
      20.0000      988.427  3.05293e-11  8.13993e-13
      20.0000      989.187  1.69897e-11  7.40366e-13
      20.0000      989.949  1.31769e-11  8.14121e-13
      20.0000      990.710  9.29530e-12  9.32591e-13
      20.0000      991.473  1.60892e-11  8.19937e-13
      20.0000      992.236  1.18509e-11  7.42000e-13
      20.0000      992.999  1.33980e-11  8.17381e-13
      20.0000      993.763  1.27908e-11  8.03163e-13
      20.0000      994.528  1.14178e-11  6.89104e-13
      20.0000      995.293  8.20686e-12  7.13367e-13
      20.0000      996.060  1.20136e-11  7.73691e-13
      20.0000      996.826  1.95318e-11  7.11592e-13
      20.0000      997.593  1.70290e-11  6.56601e-13
      20.0000      998.361  1.27910e-11  7.03091e-13
      20.0000      999.129  1.55099e-11  7.36986e-13
      20.0000      999.898  1.48644e-11  7.01228e-13
      20.0000      1000.67  1.50757e-11  6.80020e-13
      20.0000      1001.44  1.59209e-11  7.65648e-13
      20.0000      1002.21  9.99054e-12  8.70847e-13
      20.0000      1002.98  1.23949e-11  8.53278e-13
      20.0000      1003.75  9.74327e-12  8.75512e-13
      20.0000      1004.52  1.35275e-11  1.09325e-12
      20.0000      1005.30  8.48805e-12  1.22991e-12
      20.0000      1006.07  1.69909e-11  1.18075e-12
      20.0000      1006.84  1.34948e-11  1.39643e-12
      20.0000      1007.62  1.92900e-11  1.63812e-12
