      11.0000      514.419  5.09460e-10  8.20205e-12
      11.0000      514.815  5.47053e-10  8.41154e-12
      11.0000      515.211  5.37277e-10  9.02236e-12
      11.0000      515.607  5.05313e-10  8.64432e-12
      11.0000      516.004  5.23175e-10  1.12916e-11
      11.0000      516.401  5.39938e-10  1.00799e-11
      11.0000      516.799  5.04882e-10  8.82378e-12
      11.0000      517.196  5.16561e-10  8.67050e-12
      11.0000      517.594  5.34274e-10  9.48208e-12
      11.0000      517.992  4.87425e-10  9.04287e-12
      11.0000      518.391  5.44440e-10  1.15377e-11
      11.0000      518.790  5.08233e-10  8.50904e-12
      11.0000      519.189  5.08248e-10  9.68717e-12
      11.0000      519.589  5.08002e-10  8.70141e-12
      11.0000      519.989  4.94232e-10  7.08368e-12
      11.0000      520.389  5.15147e-10  8.26781e-12
      11.0000      520.789  4.89790e-10  9.12554e-12
      11.0000      521.190  4.78034e-10  8.85003e-12
      11.0000      521.591  4.80488e-10  8.66119e-12
      11.0000      521.992  4.80746e-10  8.14835e-12
      11.0000      522.394  4.76919e-10  6.89920e-12
      11.0000      522.796  5.03863e-10  7.57194e-12
      11.0000      523.198  4.83896e-10  1.20405e-11
      11.0000      523.601  4.69045e-10  6.97442e-12
      11.0000      524.004  4.88696e-10          NaN
      11.0000      524.407  4.85734e-10          NaN
      11.0000      524.811  4.78240e-10  5.72925e-12
      11.0000      525.214  4.70069e-10  4.82491e-12
      11.0000      525.619  4.68720e-10  4.70683e-12
      11.0000      526.023  5.10681e-10  4.96013e-12
      11.0000      526.428  5.60385e-10  5.72766e-12
      11.0000      526.833  5.05660e-10  5.42909e-12
      11.0000      527.238  4.62598e-10  5.19688e-12
      11.0000      527.644  5.05021e-10  5.30714e-12
      11.0000      528.050  4.86842e-10  5.06156e-12
      11.0000      528.457  4.48071e-10  4.69720e-12
      11.0000      528.863  4.68190e-10  5.06822e-12
      11.0000      529.270  4.73495e-10  5.30084e-12
      11.0000      529.678  4.73304e-10  5.61092e-12
      11.0000      530.085  4.76115e-10  5.35054e-12
      11.0000      530.493  4.65975e-10  4.84501e-12
      11.0000      530.901  4.49493e-10  5.08941e-12
      11.0000      531.310  4.39604e-10  4.96791e-12
      11.0000      531.719  4.27445e-10  4.62323e-12
      11.0000      532.128  4.30591e-10  4.91621e-12
      11.0000      532.537  4.38423e-10  5.12914e-12
      11.0000      532.947  4.53376e-10  5.18037e-12
      11.0000      533.357  4.41786e-10  4.58513e-12
      11.0000      533.768  4.37588e-10  4.23362e-12
      11.0000      534.179  4.51378e-10  4.36634e-12
      11.0000      534.590  4.39984e-10  4.72468e-12
      11.0000      535.001  4.13368e-10  4.71699e-12
      11.0000      535.413  4.45359e-10  4.77772e-12
      11.0000      535.825  4.45581e-10  4.62232e-12
      11.0000      536.237  4.40896e-10  4.49118e-12
      11.0000      536.650  4.28156e-10  4.14185e-12
      11.0000      537.063  4.38254e-10  4.35844e-12
      11.0000      537.476  4.15205e-10  4.32867e-12
      11.0000      537.889  4.26930e-10          NaN
      11.0000      538.304  4.25155e-10          NaN
      11.0000      538.718  4.29329e-10  4.25974e-12
      11.0000      539.132  4.31245e-10  4.21434e-12
      11.0000      539.547  4.49239e-10  4.01676e-12
      11.0000      539.962  4.25006e-10          NaN
      11.0000      540.378  4.39621e-10          NaN
      11.0000      540.794  4.42287e-10  4.36789e-12
      11.0000      541.210  4.14982e-10  4.25465e-12
      11.0000      541.626  4.17854e-10  4.10334e-12
      11.0000      542.043  4.20380e-10  3.75649e-12
      11.0000      542.460  4.23992e-10  3.76206e-12
      11.0000      542.878  4.19180e-10  3.74761e-12
      11.0000      543.295  4.07380e-10  3.83631e-12
      11.0000      543.713  4.12008e-10  4.01140e-12
      11.0000      544.132  4.33500e-10  4.06880e-12
      11.0000      544.550  4.36654e-10  3.74547e-12
      11.0000      544.970  4.28806e-10  3.58657e-12
      11.0000      545.389  4.18965e-10  3.42135e-12
      11.0000      545.809  4.05574e-10  3.41778e-12
      11.0000      546.229  4.07210e-10  3.53613e-12
      11.0000      546.649  4.20984e-10  3.68401e-12
      11.0000      547.070  4.38625e-10  3.60910e-12
      11.0000      547.491  4.42112e-10  3.43802e-12
      11.0000      547.912  4.36936e-10  3.28237e-12
      11.0000      548.334  4.34976e-10  3.29469e-12
      11.0000      548.756  4.24624e-10  3.27352e-12
      11.0000      549.178  4.25563e-10  3.52865e-12
      11.0000      549.600  4.27904e-10  3.67476e-12
      11.0000      550.024  4.31918e-10  3.69184e-12
      11.0000      550.447  4.32904e-10  3.67445e-12
      11.0000      550.870  4.17194e-10  3.57552e-12
      11.0000      551.294  4.12385e-10  3.63189e-12
      11.0000      551.718  4.19974e-10  3.94829e-12
      11.0000      552.143  4.30592e-10  4.35845e-12
      11.0000      552.568  4.20447e-10  4.55734e-12
      11.0000      552.993  4.22230e-10  4.37724e-12
      11.0000      553.418  4.13763e-10  4.25075e-12
      11.0000      553.844  4.13177e-10  4.31013e-12
      11.0000      554.271  4.11631e-10  4.48924e-12
      11.0000      554.697  4.04514e-10  4.53484e-12
      11.0000      555.124  4.18695e-10  4.79040e-12
      11.0000      555.551  4.11973e-10  4.59754e-12
      11.0000      555.979  4.25587e-10  4.43722e-12
      11.0000      556.407  4.15577e-10  4.31778e-12
      11.0000      556.835  4.16030e-10  4.19091e-12
      11.0000      557.263  4.04166e-10  4.08866e-12
      11.0000      557.692  4.07805e-10  4.09562e-12
      11.0000      558.121  4.15703e-10  4.11438e-12
      11.0000      558.551  4.19479e-10  3.96980e-12
      11.0000      558.981  4.14145e-10  3.79417e-12
      11.0000      559.411  4.15109e-10  3.81185e-12
      4.00000      559.841  4.14956e-10  3.88177e-12
      4.00000      560.272  4.17505e-10  4.31842e-12
      4.00000      560.703  4.19588e-10  4.32566e-12
      12.0000      561.135  4.45410e-10  9.06749e-12
      12.0000      561.567  4.20651e-10  8.39778e-12
      12.0000      561.999  4.31520e-10  8.54741e-12
      12.0000      562.431  4.33251e-10  9.76477e-12
      12.0000      562.864  4.49966e-10  7.84166e-12
      12.0000      563.297  4.44675e-10  9.04211e-12
      12.0000      563.731  4.24979e-10  7.69389e-12
      12.0000      564.164  4.25233e-10  7.31820e-12
      12.0000      564.599  4.22411e-10  6.74131e-12
      12.0000      565.033  4.36399e-10  7.31995e-12
      12.0000      565.468  4.50153e-10  7.02915e-12
      12.0000      565.903  4.37845e-10  8.55914e-12
      12.0000      566.338  4.21721e-10  5.98503e-12
      12.0000      566.774  4.32728e-10  6.28078e-12
      12.0000      567.210  4.62967e-10  3.06608e-11
      12.0000      567.647  4.83377e-10  5.31387e-11
      12.0000      568.084  4.57449e-10  5.21577e-12
      12.0000      568.521  4.43073e-10  5.32717e-12
      12.0000      568.958  4.34281e-10  5.45924e-12
      12.0000      569.396  4.34929e-10  5.20845e-12
      12.0000      569.834  4.38179e-10          NaN
      12.0000      570.273  4.27629e-10          NaN
      12.0000      570.711  4.50628e-10  5.61827e-12
      12.0000      571.151  4.33138e-10  5.16578e-12
      12.0000      571.590  4.21080e-10  4.64873e-12
      12.0000      572.030  4.18334e-10  4.72188e-12
      12.0000      572.470  4.18174e-10  4.61326e-12
      12.0000      572.911  4.26329e-10  4.74046e-12
      12.0000      573.352  4.25624e-10  4.51245e-12
      12.0000      573.793  4.22428e-10  4.54031e-12
      12.0000      574.234  4.18676e-10  4.34040e-12
      12.0000      574.676  4.14960e-10  4.59111e-12
      12.0000      575.119  4.27966e-10  4.65003e-12
      12.0000      575.561  4.33810e-10  4.86632e-12
      12.0000      576.004  4.22435e-10  4.60996e-12
      12.0000      576.447  4.37976e-10  4.67604e-12
      12.0000      576.891  4.34340e-10  4.29276e-12
      12.0000      577.335  4.18321e-10  4.16934e-12
      12.0000      577.779  4.32358e-10  4.80068e-12
      12.0000      578.224  4.21948e-10  4.51662e-12
      12.0000      578.669  4.06976e-10  4.11196e-12
      12.0000      579.114  4.20067e-10          NaN
      12.0000      579.560  4.12066e-10          NaN
      12.0000      580.006  3.99351e-10  4.25412e-12
      12.0000      580.452  4.00973e-10  3.93867e-12
      12.0000      580.899  4.13588e-10  4.13745e-12
      12.0000      581.346  4.18854e-10  4.28322e-12
      12.0000      581.793  4.19824e-10  3.96714e-12
      12.0000      582.241  4.15205e-10          NaN
      12.0000      582.689  4.06983e-10          NaN
      12.0000      583.137  4.18862e-10  3.64655e-12
      12.0000      583.586  4.20806e-10  3.90772e-12
      12.0000      584.035  4.44744e-10  3.90141e-12
      12.0000      584.484  4.44538e-10  3.73786e-12
      12.0000      584.934  4.13747e-10  3.42252e-12
      12.0000      585.384  3.87289e-10  3.48968e-12
      12.0000      585.835  3.94588e-10  3.48149e-12
      12.0000      586.286  4.82587e-10  3.76791e-12
      12.0000      586.737  1.09839e-09  5.16259e-12
      12.0000      587.188  1.29441e-09  5.49836e-12
      12.0000      587.640  5.39236e-10  3.72699e-12
      12.0000      588.092  4.19553e-10  3.35874e-12
      12.0000      588.545  4.03287e-10  3.45069e-12
      12.0000      588.998  3.86095e-10  3.47441e-12
      12.0000      589.451  4.12857e-10  3.64167e-12
      12.0000      589.905  4.13635e-10  3.53777e-12
      12.0000      590.359  4.09254e-10  3.41704e-12
      12.0000      590.813  3.99606e-10  3.24693e-12
      12.0000      591.267  3.72397e-10  3.19248e-12
      12.0000      591.723  3.68598e-10  3.27671e-12
      12.0000      592.178  3.87082e-10  3.45889e-12
      12.0000      592.634  3.89953e-10  3.43740e-12
      12.0000      593.090  3.89020e-10  3.15317e-12
      12.0000      593.546  3.82578e-10  2.93270e-12
      12.0000      594.003  3.75678e-10  2.97458e-12
      12.0000      594.460  3.72032e-10  3.13220e-12
      12.0000      594.917  3.90118e-10  3.15369e-12
      12.0000      595.375  3.89732e-10  3.00294e-12
      12.0000      595.833  3.93039e-10  2.82378e-12
      12.0000      596.292  3.90461e-10  2.70614e-12
      12.0000      596.751  3.83162e-10  2.71024e-12
      12.0000      597.210  3.79373e-10  2.75495e-12
      12.0000      597.669  3.81102e-10  2.85836e-12
      12.0000      598.129  3.80852e-10  2.87762e-12
      12.0000      598.589  3.78781e-10  2.78000e-12
      12.0000      599.050  3.72756e-10  2.66050e-12
      12.0000      599.511  3.68513e-10  2.67443e-12
      12.0000      599.972  3.70443e-10  2.77478e-12
      12.0000      600.434  3.74610e-10  2.96045e-12
      12.0000      600.896  3.68233e-10  3.14598e-12
      12.0000      601.359  3.60792e-10  3.05547e-12
      12.0000      601.822  3.70177e-10  3.05729e-12
      12.0000      602.284  4.09409e-10  3.34758e-12
      12.0000      602.748  4.32777e-10  3.43502e-12
      12.0000      603.212  4.29772e-10  3.87955e-12
      12.0000      603.676  4.25286e-10  4.03372e-12
      12.0000      604.141  3.83375e-10  3.87952e-12
      12.0000      604.606  3.70670e-10  3.79600e-12
      4.00000      605.071  3.59863e-10  3.68171e-12
      4.00000      605.537  4.18026e-10          NaN
      4.00000      606.002  6.48561e-10          NaN
      4.00000      606.469  5.96565e-10          NaN
      4.00000      606.935  4.91173e-10  4.09650e-12
      4.00000      607.402  4.33019e-10  3.68383e-12
      4.00000      607.870  3.81489e-10  3.37400e-12
      4.00000      608.338  3.63580e-10  3.35814e-12
      4.00000      608.806  3.57360e-10  3.41498e-12
      4.00000      609.274  3.56636e-10  3.47386e-12
      4.00000      609.743  3.46158e-10  3.42442e-12
      13.0000      610.212  3.32448e-10  8.13176e-12
      13.0000      610.682  3.07614e-10  8.48053e-12
      13.0000      611.152  3.19319e-10  7.11773e-12
      13.0000      611.622  3.17176e-10  7.44659e-12
      13.0000      612.093  2.88480e-10  8.16323e-12
      13.0000      612.564  3.25372e-10  7.96277e-12
      13.0000      613.035  3.25871e-10  7.44278e-12
      13.0000      613.507  3.25904e-10  8.07027e-12
      13.0000      613.979  3.22155e-10  7.06340e-12
      13.0000      614.451  3.15181e-10  6.82186e-12
      13.0000      614.924  3.11073e-10  5.33420e-12
      13.0000      615.397  3.10841e-10  5.72071e-12
      13.0000      615.871  3.06956e-10  5.31398e-12
      13.0000      616.345  3.22300e-10  6.26915e-12
      13.0000      616.819  3.00561e-10  4.97889e-12
      13.0000      617.294  2.99793e-10  4.85968e-12
      13.0000      617.769  3.00790e-10  4.12292e-12
      13.0000      618.245  2.99993e-10  5.12875e-12
      13.0000      618.720  2.96143e-10  5.86001e-12
      13.0000      619.196  2.86365e-10  4.37198e-12
      13.0000      619.673  2.87440e-10  4.33217e-12
      13.0000      620.150  2.95431e-10  4.58160e-12
      13.0000      620.627  2.91096e-10          NaN
      13.0000      621.105  2.95665e-10          NaN
      13.0000      621.582  2.91288e-10  3.80820e-12
      13.0000      622.061  3.01703e-10  3.75055e-12
      13.0000      622.539  2.94671e-10  3.40540e-12
      13.0000      623.018  2.78231e-10  3.10325e-12
      13.0000      623.498  2.74155e-10  3.12621e-12
      13.0000      623.978  2.76118e-10  3.06408e-12
      13.0000      624.458  2.87945e-10  3.05996e-12
      13.0000      624.938  3.07737e-10  2.93967e-12
      13.0000      625.419  2.94416e-10  2.84181e-12
      13.0000      625.901  2.70630e-10  2.81401e-12
      13.0000      626.382  2.68371e-10  2.86984e-12
      13.0000      626.864  2.64978e-10  2.82620e-12
      13.0000      627.347  2.76666e-10  2.81850e-12
      13.0000      627.830  2.96736e-10  2.72177e-12
      13.0000      628.312  2.81547e-10  2.57510e-12
      13.0000      628.796  2.69927e-10  2.61875e-12
      13.0000      629.280  2.64294e-10  2.61580e-12
      13.0000      629.764  2.70430e-10  2.61126e-12
      13.0000      630.249  2.75828e-10  2.49743e-12
      13.0000      630.734  2.82543e-10  2.38956e-12
      13.0000      631.219  3.06904e-10  2.42732e-12
      13.0000      631.705  3.02459e-10  2.42201e-12
      13.0000      632.191  3.03306e-10  2.51506e-12
      13.0000      632.678  3.40245e-10  2.53561e-12
      13.0000      633.164  3.62983e-10  2.45875e-12
      13.0000      633.652  3.62863e-10  2.40879e-12
      13.0000      634.139  3.42355e-10  2.34913e-12
      13.0000      634.627  3.17898e-10  2.32405e-12
      13.0000      635.115  2.93623e-10  2.33413e-12
      13.0000      635.604  2.68962e-10  2.25785e-12
      13.0000      636.094  2.58115e-10  2.16404e-12
      13.0000      636.583  2.46132e-10  2.06357e-12
      13.0000      637.073  2.29294e-10  2.05286e-12
      13.0000      637.563  2.23903e-10  2.13340e-12
      13.0000      638.054  2.25176e-10  2.12682e-12
      13.0000      638.545  2.19248e-10  2.09989e-12
      13.0000      639.036  2.14606e-10  1.99693e-12
      13.0000      639.528  2.12941e-10  1.95979e-12
      13.0000      640.020  2.04465e-10  2.04137e-12
      13.0000      640.512  2.10640e-10  2.08236e-12
      13.0000      641.005  2.18149e-10  2.13620e-12
      13.0000      641.499  2.17283e-10  2.06284e-12
      13.0000      641.992  2.05159e-10  1.96963e-12
      13.0000      642.486  2.01686e-10  2.01036e-12
      13.0000      642.981  2.18628e-10  2.23793e-12
      13.0000      643.475  2.20985e-10  2.39650e-12
      13.0000      643.971  1.99094e-10  2.35688e-12
      13.0000      644.466  2.00677e-10  2.32569e-12
      13.0000      644.962  1.83997e-10  2.29373e-12
      13.0000      645.459  1.89610e-10  2.45386e-12
      13.0000      645.955  1.85346e-10  2.63462e-12
      13.0000      646.452  1.75821e-10  2.84418e-12
      13.0000      646.950  1.89814e-10  2.72853e-12
      13.0000      647.447  1.81834e-10  2.64471e-12
      13.0000      647.946  1.76893e-10  2.57642e-12
      13.0000      648.445  1.76711e-10  2.77713e-12
      13.0000      648.943  1.87385e-10  3.02858e-12
      13.0000      649.443  1.65151e-10  2.71195e-12
      13.0000      649.942  1.72286e-10  2.59691e-12
      4.00000      650.442  1.75550e-10  2.43803e-12
      4.00000      650.943  1.51521e-10  2.31118e-12
      4.00000      651.444  1.53856e-10  2.40960e-12
      4.00000      651.945  1.64275e-10  2.36794e-12
      4.00000      652.447  1.51702e-10  2.23065e-12
      4.00000      652.949  1.60385e-10  2.13256e-12
      4.00000      653.452  1.78720e-10  2.08630e-12
      4.00000      653.955  1.63902e-10          NaN
      4.00000      654.458  1.68556e-10          NaN
      4.00000      654.961  1.72132e-10  2.32680e-12
      4.00000      655.465  1.61563e-10  2.34762e-12
      4.00000      655.970  1.65120e-10  2.24734e-12
      4.00000      656.475  1.81375e-10  2.38004e-12
      4.00000      656.980  1.62428e-10  2.58809e-12
      4.00000      657.485  1.52327e-10  2.75904e-12
      4.00000      657.991  1.79210e-10  3.13131e-12
      4.00000      658.497  1.72255e-10  3.00829e-12
      4.00000      659.004  1.57043e-10  2.86276e-12
      4.00000      659.511  2.10296e-10  3.17829e-12
      14.0000      660.019  2.82332e-10  5.07039e-12
      14.0000      660.527  2.33542e-10  5.10211e-12
      14.0000      661.035  2.18146e-10  4.93292e-12
      14.0000      661.544  2.03441e-10  4.83096e-12
      14.0000      662.053  1.63570e-10  4.57496e-12
      14.0000      662.562  1.78764e-10  4.14359e-12
      14.0000      663.072  1.67024e-10  3.97555e-12
      14.0000      663.582  1.40677e-10  3.73868e-12
      14.0000      664.093  1.53477e-10  3.81075e-12
      14.0000      664.604  1.80948e-10  3.75231e-12
      14.0000      665.116  1.60813e-10  3.35730e-12
      14.0000      665.627  1.89343e-10  3.41856e-12
      14.0000      666.140  1.58040e-10  3.16923e-12
      14.0000      666.652  2.09722e-10  3.20565e-12
      14.0000      667.165  5.65359e-10  3.94797e-12
      14.0000      667.678  8.38614e-10  4.51669e-12
      14.0000      668.192  4.51548e-10  3.55604e-12
      14.0000      668.707  2.08268e-10  2.78686e-12
      14.0000      669.221  1.52855e-10  2.63737e-12
      14.0000      669.736  1.94562e-10  2.73199e-12
      14.0000      670.252  2.56496e-10  2.75503e-12
      14.0000      670.767  2.14100e-10  2.48724e-12
      14.0000      671.283  1.61126e-10  2.27030e-12
      14.0000      671.800  1.41786e-10  2.24234e-12
      14.0000      672.317  1.93743e-10  2.36074e-12
      14.0000      672.834  2.51130e-10  2.51579e-12
      14.0000      673.352  2.51800e-10  2.45371e-12
      14.0000      673.870  2.92555e-10  2.37621e-12
      14.0000      674.389  3.57525e-10  2.50769e-12
      14.0000      674.908  4.42068e-10  2.69966e-12
      14.0000      675.427  3.33065e-10  2.50834e-12
      14.0000      675.947  1.99286e-10  2.18611e-12
      14.0000      676.467  2.04631e-10  2.06565e-12
      14.0000      676.988  3.02609e-10  2.24543e-12
      14.0000      677.509  3.61710e-10  2.45267e-12
      14.0000      678.030  2.42346e-10  2.25136e-12
      14.0000      678.552  1.88047e-10  2.10512e-12
      14.0000      679.074  3.95751e-10  2.29579e-12
      14.0000      679.597  7.28302e-10  2.95255e-12
      14.0000      680.119  5.62615e-10  2.74902e-12
      14.0000      680.643  2.28532e-10  2.17854e-12
      14.0000      681.166  2.17411e-10  2.08285e-12
      14.0000      681.691  4.04984e-10  2.31395e-12
      14.0000      682.215  5.38154e-10  2.64607e-12
      14.0000      682.740  2.81513e-10  2.21732e-12
      14.0000      683.266  1.87838e-10          NaN
      14.0000      683.792  5.21394e-10          NaN
      14.0000      684.318  1.07067e-09  3.46852e-12
      14.0000      684.844  7.34016e-10          NaN
      14.0000      685.371  2.56018e-10          NaN
      14.0000      685.899  2.70513e-10  2.19125e-12
      14.0000      686.427  5.90255e-10          NaN
      14.0000      686.955  7.54858e-10          NaN
      14.0000      687.484  2.53995e-10  2.27719e-12
      14.0000      688.012  2.42983e-10  2.12875e-12
      14.0000      688.542  7.36343e-10  2.99793e-12
      14.0000      689.072  1.90314e-09          NaN
      14.0000      689.602  8.10109e-10          NaN
      14.0000      690.133  2.16800e-10          NaN
      14.0000      690.664  2.77281e-10          NaN
      14.0000      691.195  1.12291e-09  4.25087e-12
      14.0000      691.727  1.04205e-09  4.25387e-12
      14.0000      692.260  3.13479e-10  2.77940e-12
      14.0000      692.792  2.37504e-10  2.35532e-12
      14.0000      693.326  1.05295e-09  4.11942e-12
      14.0000      693.859  2.38045e-09  5.86052e-12
      14.0000      694.393  7.83755e-10  3.38978e-12
      14.0000      694.927  2.52842e-10  2.36176e-12
      14.0000      695.462  4.99042e-10  2.86672e-12
      4.00000      695.997  1.40845e-09  4.40097e-12
      4.00000      696.533  9.02243e-10  3.13981e-12
      4.00000      697.069  3.41876e-10  2.31413e-12
      4.00000      697.605  4.04317e-10  2.54410e-12
      4.00000      698.142  1.67015e-09  4.56800e-12
      4.00000      698.679  1.86839e-09  4.19844e-12
      4.00000      699.217  7.04329e-10  2.71803e-12
      4.00000      699.755  3.39663e-10  2.18960e-12
      4.00000      700.293  9.66249e-10  3.40783e-12
      4.00000      700.832  1.53760e-09  4.30875e-12
      4.00000      701.371  9.16423e-10  3.60055e-12
      4.00000      701.911  2.91273e-10  2.11345e-12
      4.00000      702.451  7.76598e-10  2.87937e-12
      4.00000      702.992  2.75096e-09  5.69824e-12
      4.00000      703.533  2.28408e-09  6.48684e-12
      4.00000      704.074  4.88195e-10  3.10627e-12
      4.00000      704.616  3.73626e-10  2.71219e-12
      4.00000      705.158  1.59404e-09  5.33624e-12
      4.00000      705.701  2.34134e-09  7.11389e-12
      4.00000      706.244  6.04694e-10  4.22088e-12
      4.00000      706.788  2.85906e-10  2.96271e-12
      4.00000      707.332  1.32272e-09  5.30028e-12
      4.00000      707.876  3.61841e-09          NaN
      4.00000      708.421  1.44755e-09          NaN
      4.00000      708.965  4.14114e-10  3.05288e-12
      15.0000      709.511  7.17815e-10  5.92395e-12
      15.0000      710.057  1.89658e-09          NaN
      15.0000      710.604  1.57878e-09          NaN
      15.0000      711.151  5.29864e-10  4.76707e-12
      15.0000      711.698  1.12526e-09  5.27343e-12
      15.0000      712.245  2.79261e-09  7.57338e-12
      15.0000      712.793  3.30754e-09  8.98051e-12
      15.0000      713.342  1.01479e-09  5.43043e-12
      15.0000      713.891  5.26999e-10  4.02670e-12
      15.0000      714.440  1.16798e-09  4.58746e-12
      15.0000      714.990  1.82392e-09  5.77240e-12
      15.0000      715.540  1.07466e-09  4.80950e-12
      15.0000      716.091  7.81012e-10  3.98326e-12
      15.0000      716.642  1.46206e-09  4.71652e-12
      15.0000      717.193  2.48999e-09  5.74924e-12
      15.0000      717.745  1.99561e-09  5.55135e-12
      15.0000      718.297  4.95172e-10  3.38895e-12
      15.0000      718.850  6.28799e-10  3.39814e-12
      15.0000      719.403  1.74094e-09  4.58078e-12
      15.0000      719.957  1.89908e-09  4.89159e-12
      15.0000      720.511  6.50731e-10  3.32605e-12
      15.0000      721.066  5.22233e-10          NaN
      15.0000      721.620  1.79179e-09          NaN
      15.0000      722.175  2.39304e-09  5.04372e-12
      15.0000      722.731  1.06381e-09  3.80819e-12
      15.0000      723.288  5.85353e-10  3.14102e-12
      15.0000      723.844  9.05508e-10  3.45910e-12
      15.0000      724.401  1.11805e-09  3.64203e-12
      15.0000      724.959  6.47984e-10  2.86034e-12
      15.0000      725.517  2.42634e-10  2.19539e-12
      15.0000      726.075  2.39186e-10  2.43941e-12
      15.0000      726.634  2.51055e-10  2.28606e-12
      15.0000      727.193  3.53838e-10  2.28631e-12
      15.0000      727.752  1.80192e-09  3.82289e-12
      15.0000      728.312  6.54646e-09  7.03284e-12
      15.0000      728.873  2.07643e-08  1.65701e-11
      15.0000      729.434  3.25530e-08  2.45142e-11
      15.0000      729.995  2.29848e-08  1.94242e-11
      15.0000      730.557  1.20114e-08  1.01586e-11
      15.0000      731.119  7.10064e-09          NaN
      15.0000      731.681  4.04413e-09          NaN
      15.0000      732.245  1.54848e-09  4.13744e-12
      15.0000      732.808  9.08813e-10  3.12397e-12
      15.0000      733.372  1.62509e-09  3.60246e-12
      15.0000      733.936  2.58898e-09  5.07316e-12
      15.0000      734.501  1.02290e-09  3.52745e-12
      15.0000      735.067  7.35776e-10  3.11836e-12
      15.0000      735.632  1.54583e-09  4.15331e-12
      15.0000      736.198  2.64310e-09  5.57134e-12
      15.0000      736.764  1.17471e-09  4.09171e-12
      15.0000      737.332  6.65145e-10  3.26836e-12
      15.0000      737.899  1.32919e-09  3.85591e-12
      15.0000      738.467  3.71357e-09  6.86431e-12
      15.0000      739.035  1.60975e-09  4.71557e-12
      15.0000      739.604  6.23950e-10  3.27708e-12
      15.0000      740.173  6.98151e-10  3.45497e-12
      15.0000      740.742  2.55001e-09  6.30955e-12
      15.0000      741.312  1.28204e-09  4.42877e-12
      4.00000      741.883  6.30329e-10  3.22643e-12
      4.00000      742.454  6.74398e-10  3.32349e-12
      4.00000      743.025  2.98974e-09  6.80382e-12
      4.00000      743.597  1.73375e-09  4.71820e-12
      4.00000      744.169  6.94552e-10  3.09930e-12
      4.00000      744.742  5.70101e-10  2.71436e-12
      4.00000      745.315  1.86316e-09          NaN
      4.00000      745.888  1.52386e-09          NaN
      4.00000      746.463  6.68378e-10  2.78763e-12
      4.00000      747.037  7.29812e-10  2.70000e-12
      4.00000      747.612  2.30526e-09  4.78389e-12
      4.00000      748.187  2.40098e-09  4.43878e-12
      4.00000      748.763  8.60810e-10  3.09988e-12
      4.00000      749.339  6.14949e-10  2.61918e-12
      4.00000      749.916  1.59148e-09  3.76711e-12
      4.00000      750.493  1.90713e-09  4.47877e-12
      4.00000      751.070  7.68220e-10  3.21931e-12
      4.00000      751.649  6.39913e-10  2.94623e-12
      4.00000      752.227  2.04198e-09  4.67617e-12
      4.00000      752.806  2.72611e-09  6.64479e-12
      4.00000      753.385  9.14126e-10  3.98482e-12
      4.00000      753.965  4.05954e-10  2.87985e-12
      4.00000      754.545  1.27216e-09  5.05978e-12
      4.00000      755.126  1.80874e-09  6.60555e-12
      4.00000      755.707  7.05704e-10  3.93051e-12
      4.00000      756.288  3.50799e-10  2.99909e-12
      4.00000      756.870  1.67334e-09  6.00950e-12
      4.00000      757.452  2.11953e-09  6.48611e-12
      4.00000      758.035  9.61457e-10  3.67271e-12
      4.00000      758.619  3.52394e-10  2.67671e-12
      16.0000      759.202  1.03658e-09          NaN
      16.0000      759.787  1.45033e-09          NaN
      16.0000      760.371  6.31507e-10  4.80900e-12
      16.0000      760.956  3.12022e-10  4.08414e-12
      16.0000      761.542  1.40973e-09  6.66566e-12
      16.0000      762.128  2.02992e-09  7.41701e-12
      16.0000      762.715  6.73970e-10  4.53224e-12
      16.0000      763.302  3.08815e-10  3.90371e-12
      16.0000      763.889  8.65180e-10  5.37346e-12
      16.0000      764.477  1.33775e-09  6.22431e-12
      16.0000      765.065  5.17686e-10  4.01489e-12
      16.0000      765.654  3.08936e-10  3.45552e-12
      16.0000      766.243  1.17008e-09  5.51818e-12
      16.0000      766.832  1.89640e-09  6.62350e-12
      16.0000      767.423  5.57938e-10  3.95372e-12
      16.0000      768.013  3.45899e-10  3.25407e-12
      16.0000      768.604  7.93307e-10  4.31091e-12
      16.0000      769.196  1.09410e-09  4.88472e-12
      16.0000      769.787  4.53558e-10  3.55015e-12
      16.0000      770.380  4.09646e-10  3.22688e-12
      16.0000      770.973  1.18985e-09  4.69354e-12
      16.0000      771.566  1.52557e-09  5.31165e-12
      16.0000      772.160  5.79059e-10  3.65639e-12
      16.0000      772.754  4.50145e-10  3.23551e-12
      16.0000      773.349  7.96983e-10  3.83258e-12
      16.0000      773.944  8.85938e-10  3.96152e-12
      16.0000      774.539  5.40184e-10  3.33434e-12
      16.0000      775.135  5.67984e-10  3.36155e-12
      16.0000      775.732  1.26928e-09  4.50029e-12
      16.0000      776.329  1.16727e-09  4.22202e-12
      16.0000      776.927  6.68911e-10  3.36853e-12
      16.0000      777.524  6.59748e-10  3.44179e-12
      16.0000      778.122  9.67553e-10  3.84317e-12
      16.0000      778.721  8.48441e-10  3.61767e-12
      16.0000      779.321  7.84104e-10  3.30056e-12
      16.0000      779.920  7.88625e-10  3.42812e-12
      16.0000      780.520  1.27272e-09  4.15385e-12
      16.0000      781.121  1.00428e-09  3.44430e-12
      16.0000      781.722  9.49649e-10          NaN
      16.0000      782.324  9.43118e-10          NaN
      16.0000      782.926  1.13225e-09  3.60083e-12
      16.0000      783.528  1.07456e-09  3.38142e-12
      16.0000      784.131  1.07993e-09  3.25936e-12
      16.0000      784.735  1.12188e-09  3.29747e-12
      16.0000      785.339  1.33297e-09          NaN
      16.0000      785.943  1.26468e-09          NaN
      16.0000      786.548  1.32232e-09  3.42748e-12
      16.0000      787.153  1.37319e-09  3.36508e-12
      16.0000      787.758  1.39649e-09  3.38745e-12
      16.0000      788.365  1.29025e-09  3.28795e-12
      16.0000      788.971  1.41010e-09  3.43135e-12
      16.0000      789.579  1.49940e-09  3.44509e-12
      4.00000      790.186  1.63061e-09  3.49350e-12
      4.00000      790.794  1.70864e-09  3.68628e-12
      4.00000      791.403  1.76179e-09  3.84642e-12
      4.00000      792.011  1.66250e-09          NaN
      4.00000      792.621  1.59670e-09          NaN
      4.00000      793.231  1.82825e-09  3.97424e-12
      4.00000      793.842  1.91522e-09  4.26731e-12
      4.00000      794.452  2.02666e-09  4.69750e-12
      4.00000      795.064  1.85836e-09  4.64379e-12
      4.00000      795.675  2.03020e-09  4.82585e-12
      4.00000      796.288  2.04731e-09          NaN
      4.00000      796.900  2.16628e-09          NaN
      4.00000      797.514  1.88646e-09  5.74454e-12
      4.00000      798.128  2.16626e-09  6.03511e-12
      4.00000      798.742  2.78989e-09  6.90161e-12
      4.00000      799.357  2.41621e-09  6.50307e-12
      4.00000      799.972  1.90672e-09  5.75811e-12
      4.00000      800.587  1.98315e-09  5.73264e-12
      4.00000      801.203  2.92535e-09  6.31483e-12
      4.00000      801.820  2.50562e-09  5.64998e-12
      4.00000      802.437  2.35260e-09  5.45290e-12
      4.00000      803.054  2.11070e-09  5.35181e-12
      4.00000      803.672  3.04072e-09  6.02115e-12
      4.00000      804.291  2.75254e-09  5.47998e-12
      4.00000      804.910  2.33233e-09  5.13842e-12
      4.00000      805.529  2.27698e-09  5.50017e-12
      4.00000      806.149  3.48783e-09  6.62701e-12
      4.00000      806.769  3.87297e-09  7.49745e-12
      4.00000      807.390  2.31216e-09  5.84630e-12
      4.00000      808.012  2.23361e-09  6.35288e-12
      4.00000      808.633  3.13519e-09  7.89124e-12
      17.0000      809.255  4.08308e-09  1.01795e-11
      17.0000      809.878  2.39473e-09  7.71712e-12
      17.0000      810.501  2.44285e-09  7.48012e-12
      17.0000      811.125  3.18205e-09          NaN
      17.0000      811.750  4.25327e-09          NaN
      17.0000      812.374  2.59811e-09          NaN
      17.0000      812.999  2.25462e-09          NaN
      17.0000      813.625  3.89497e-09  7.33017e-12
      17.0000      814.251  5.90999e-09  9.41507e-12
      17.0000      814.878  3.75241e-09  7.87738e-12
      17.0000      815.504  1.99385e-09  5.68544e-12
      17.0000      816.132  3.35325e-09  6.36743e-12
      17.0000      816.760  5.48054e-09  8.19264e-12
      17.0000      817.389  4.17107e-09  7.65955e-12
      17.0000      818.017  1.86037e-09  5.20869e-12
      17.0000      818.647  3.00129e-09  5.76128e-12
      17.0000      819.277  5.51821e-09  7.54104e-12
      17.0000      819.907  5.05259e-09  7.77710e-12
      17.0000      820.538  1.76089e-09  4.94511e-12
      17.0000      821.170  2.00676e-09  4.72815e-12
      17.0000      821.802  5.63806e-09          NaN
      17.0000      822.434  7.75744e-09          NaN
      17.0000      823.067  3.05466e-09  6.10653e-12
      17.0000      823.700  2.52717e-09  5.04808e-12
      17.0000      824.334  5.37541e-09  6.64263e-12
      17.0000      824.969  6.92009e-09  8.37399e-12
      17.0000      825.604  2.82380e-09  6.02376e-12
      17.0000      826.239  2.07788e-09  4.84124e-12
      17.0000      826.875  4.31305e-09  5.87402e-12
      17.0000      827.511  6.74838e-09  8.17816e-12
      17.0000      828.148  3.26071e-09  6.04992e-12
      17.0000      828.785  2.19308e-09  4.97793e-12
      17.0000      829.423  3.72012e-09  5.62392e-12
      17.0000      830.061  6.78560e-09  8.35314e-12
      17.0000      830.700  3.79598e-09  6.64181e-12
      17.0000      831.339  2.19267e-09  5.20695e-12
      17.0000      831.979  2.66955e-09  5.25673e-12
      17.0000      832.619  5.39675e-09  7.88208e-12
      17.0000      833.260  3.59917e-09  6.77636e-12
      17.0000      833.901  2.05460e-09  5.43841e-12
      17.0000      834.543  2.00209e-09  5.26278e-12
      17.0000      835.185  4.59529e-09  7.87470e-12
      17.0000      835.828  3.51799e-09  7.08638e-12
      17.0000      836.471  2.20192e-09  5.82639e-12
      17.0000      837.114  1.88933e-09  5.44934e-12
      17.0000      837.759  3.96191e-09  7.23120e-12
      17.0000      838.404  3.30715e-09  6.38892e-12
      17.0000      839.049  2.27139e-09          NaN
      4.00000      839.694  2.07441e-09          NaN
      4.00000      840.340  2.92260e-09  5.96754e-12
      4.00000      840.987  2.96074e-09  5.36722e-12
      4.00000      841.634  2.27987e-09  4.70376e-12
      4.00000      842.282  1.89517e-09  4.27426e-12
      4.00000      842.930  2.49334e-09  5.05924e-12
      4.00000      843.579  2.74742e-09  4.89869e-12
      4.00000      844.228  2.43513e-09  4.51011e-12
      4.00000      844.877  2.00477e-09  4.22798e-12
      4.00000      845.528  2.08255e-09  4.48819e-12
      4.00000      846.178  2.26667e-09  4.59043e-12
      4.00000      846.830  2.10132e-09          NaN
      4.00000      847.481  2.10105e-09          NaN
      4.00000      848.133  1.96217e-09  4.79253e-12
      4.00000      848.786  2.13350e-09  5.29289e-12
      4.00000      849.439  1.82663e-09  4.92038e-12
      4.00000      850.093  1.84301e-09  5.20891e-12
      4.00000      850.747  1.52767e-09          NaN
      4.00000      851.401  1.98715e-09          NaN
      4.00000      852.057  1.63764e-09  5.74101e-12
      4.00000      852.713  1.78566e-09  6.17155e-12
      4.00000      853.368  1.38669e-09  5.74062e-12
      4.00000      854.026  1.62298e-09  6.16399e-12
      4.00000      854.683  1.30756e-09  5.26298e-12
      4.00000      855.341  1.47748e-09  5.20020e-12
      4.00000      855.999  1.28521e-09  4.89511e-12
      4.00000      856.657  1.29687e-09  4.89716e-12
      4.00000      857.316  1.17638e-09  4.60910e-12
      4.00000      857.976  1.14709e-09  4.30473e-12
      18.0000      858.637  1.01103e-09  7.13479e-12
      18.0000      859.297  1.09580e-09  6.77704e-12
      18.0000      859.958  1.05150e-09  6.50896e-12
      18.0000      860.620  9.70513e-10  6.26526e-12
      18.0000      861.283  9.33126e-10  6.00465e-12
      18.0000      861.945  8.88528e-10  5.53076e-12
      18.0000      862.608  7.91535e-10  5.29435e-12
      18.0000      863.272  7.49270e-10  5.21255e-12
      18.0000      863.937  8.09359e-10  5.23602e-12
      18.0000      864.602  7.10752e-10  4.66224e-12
      18.0000      865.267  6.85484e-10  4.51401e-12
      18.0000      865.933  5.97101e-10  4.51814e-12
      18.0000      866.599  5.97860e-10  4.40267e-12
      18.0000      867.266  5.31931e-10  3.99122e-12
      18.0000      867.934  5.56932e-10  3.91713e-12
      18.0000      868.601  4.79083e-10  3.86351e-12
      18.0000      869.270  4.81058e-10  3.77424e-12
      18.0000      869.938  4.37142e-10  3.53486e-12
      18.0000      870.608  4.07714e-10  3.36176e-12
      18.0000      871.277  3.47505e-10  3.36105e-12
      18.0000      871.948  3.79706e-10  3.36655e-12
      18.0000      872.619  3.61263e-10  3.22775e-12
      18.0000      873.291  3.32593e-10  3.03226e-12
      18.0000      873.962  2.80254e-10  3.03581e-12
      18.0000      874.635  2.69020e-10  3.03664e-12
      18.0000      875.308  2.49046e-10  2.75657e-12
      18.0000      875.982  2.30767e-10  2.59807e-12
      18.0000      876.656  2.10449e-10  2.62173e-12
      18.0000      877.331  1.89291e-10  2.54079e-12
      18.0000      878.005  1.91508e-10  2.36226e-12
      18.0000      878.681  1.78601e-10  2.24783e-12
      18.0000      879.357  1.44639e-10  2.15982e-12
      18.0000      880.035  1.43368e-10  2.16444e-12
      18.0000      880.711  1.46279e-10  1.99825e-12
      18.0000      881.389  1.33889e-10  1.88096e-12
      18.0000      882.068  1.14548e-10  1.86704e-12
      18.0000      882.747  1.08660e-10  1.82938e-12
      18.0000      883.426  1.03072e-10  1.67867e-12
      18.0000      884.105  1.01814e-10  1.61460e-12
      18.0000      884.786  9.00921e-11  1.59735e-12
      18.0000      885.467  8.35497e-11  1.59746e-12
      18.0000      886.148  7.86892e-11  1.48382e-12
      18.0000      886.830  7.18109e-11  1.38253e-12
      18.0000      887.512  6.43548e-11  1.39412e-12
      18.0000      888.195  6.40988e-11  1.42420e-12
      4.00000      888.879  5.44276e-11  1.38336e-12
      4.00000      889.563  7.49538e-11  1.32349e-12
      4.00000      890.248  5.82814e-11  1.35697e-12
      4.00000      890.932  5.27178e-11  1.43681e-12
      4.00000      891.618  3.64865e-11  1.41868e-12
      4.00000      892.304  1.94611e-11  1.35590e-12
      4.00000      892.991  3.67148e-11  1.42103e-12
      4.00000      893.678  3.69381e-11  1.54719e-12
      4.00000      894.366  3.66756e-11  1.58841e-12
      4.00000      895.054  3.90974e-11  1.53389e-12
      4.00000      895.743  3.82965e-11  1.65806e-12
      4.00000      896.432  3.83854e-11  1.91435e-12
      4.00000      897.122  3.52754e-11  1.92245e-12
      4.00000      897.812  3.93771e-11  1.89689e-12
      4.00000      898.503  3.81074e-11  1.96641e-12
      4.00000      899.194  2.33672e-11  2.10556e-12
      4.00000      899.887  1.86566e-11  1.97886e-12
      4.00000      900.579  2.71551e-11  1.78998e-12
      4.00000      901.272  2.00340e-11  1.74710e-12
      4.00000      901.965  3.19294e-11  1.90890e-12
      4.00000      902.660  3.26887e-11  1.80736e-12
      4.00000      903.354  2.56650e-11  1.64562e-12
      4.00000      904.050  2.67462e-11  1.69605e-12
      4.00000      904.745  2.58032e-11  1.83454e-12
      4.00000      905.441  2.85741e-11  1.87020e-12
      4.00000      906.138  2.92340e-11  1.80822e-12
      4.00000      906.835  2.05733e-11  1.88872e-12
      4.00000      907.533  2.86953e-11  2.19512e-12
      4.00000      908.231  4.23295e-11  2.47665e-12
      19.0000      908.931  1.60104e-11  4.38575e-12
      19.0000      909.630  2.99383e-11  3.86844e-12
      19.0000      910.330  3.30234e-11  3.36945e-12
      19.0000      911.031  4.16064e-11  3.48489e-12
      19.0000      911.732  3.54134e-11  3.27558e-12
      19.0000      912.433  2.68778e-11  3.03009e-12
      19.0000      913.135  3.03035e-11  2.76924e-12
      19.0000      913.838  3.17141e-11  2.60194e-12
      19.0000      914.541  3.52545e-11  2.72780e-12
      19.0000      915.245  4.96577e-11  2.54632e-12
      19.0000      915.949  3.01724e-11  2.17394e-12
      19.0000      916.654  2.46702e-11  2.22822e-12
      19.0000      917.360  2.85618e-11  2.24603e-12
      19.0000      918.065  2.25546e-11  2.04533e-12
      19.0000      918.771  1.89798e-11  1.86393e-12
      19.0000      919.479  2.74655e-11  1.94662e-12
      19.0000      920.187  3.95709e-11  1.95830e-12
      19.0000      920.894  4.10327e-11  1.73903e-12
      19.0000      921.603  4.51056e-11  1.67284e-12
      19.0000      922.313  5.93974e-11  1.76930e-12
      19.0000      923.022  5.05945e-11  1.72375e-12
      19.0000      923.732  3.29975e-11  1.53921e-12
      19.0000      924.443  2.38641e-11  1.46873e-12
      19.0000      925.155  1.73555e-11  1.52724e-12
      19.0000      925.867  1.77513e-11  1.50229e-12
      19.0000      926.579  2.50299e-11  1.39198e-12
      19.0000      927.292  2.37714e-11  1.33919e-12
      19.0000      928.005  1.82507e-11  1.38566e-12
      19.0000      928.720  2.44213e-11  1.39896e-12
      19.0000      929.435  3.43904e-11  1.31484e-12
      19.0000      930.149  3.36544e-11  1.30017e-12
      19.0000      930.866  2.44501e-11  1.36797e-12
      19.0000      931.582  1.99517e-11  1.41200e-12
      19.0000      932.298  2.08966e-11  1.31065e-12
      19.0000      933.016  1.98166e-11  1.33743e-12
      19.0000      933.734  1.91838e-11  1.45230e-12
      19.0000      934.453  1.87521e-11  1.45052e-12
      19.0000      935.172  1.57090e-11  1.35973e-12
      19.0000      935.891  1.63770e-11  1.41223e-12
      19.0000      936.611  1.95885e-11  1.61879e-12
      19.0000      937.332  2.20463e-11  1.60341e-12
      4.00000      938.054  1.40779e-11  1.51371e-12
      4.00000      938.775  1.19785e-11  1.68473e-12
      4.00000      939.498  2.10159e-11  1.85028e-12
      4.00000      940.221  2.57417e-11  1.72865e-12
      4.00000      940.944  1.25384e-11  1.56838e-12
      4.00000      941.668  1.54141e-11  1.67214e-12
      4.00000      942.393  1.76010e-11  1.64850e-12
      4.00000      943.118  2.12244e-11  1.45999e-12
      4.00000      943.844  1.34484e-11  1.40186e-12
      4.00000      944.570  2.41685e-11  1.53176e-12
      4.00000      945.298  2.71829e-11  1.51361e-12
      4.00000      946.025  3.02544e-11          NaN
      4.00000      946.753  3.63596e-11          NaN
      4.00000      947.481  4.39810e-11  1.49599e-12
      4.00000      948.211  5.91049e-11  1.52467e-12
      4.00000      948.939  1.06270e-10  1.55989e-12
      4.00000      949.670  1.19422e-10  1.63055e-12
      4.00000      950.401  8.16060e-11  1.68453e-12
      4.00000      951.133  5.94599e-11          NaN
      4.00000      951.864  5.09136e-11          NaN
      4.00000      952.597  3.19111e-11  1.67959e-12
      4.00000      953.330  1.89893e-11  2.05655e-12
      4.00000      954.064  1.56215e-11  2.12586e-12
      4.00000      954.798  1.24979e-11  2.02843e-12
      4.00000      955.532  1.62851e-11  2.28506e-12
      4.00000      956.268  1.48686e-11  2.69445e-12
      4.00000      957.004  1.90703e-11  2.52354e-12
      4.00000      957.740  1.72470e-11  2.29263e-12
      20.0000      958.477  2.16178e-11  2.59415e-12
      20.0000      959.214  1.83050e-11  2.55161e-12
      20.0000      959.953  1.31609e-11  2.77343e-12
      20.0000      960.691  1.51961e-11  2.61954e-12
      20.0000      961.430  1.79608e-11  2.06022e-12
      20.0000      962.170  1.97277e-11  2.17138e-12
      20.0000      962.911  1.41249e-11  2.23544e-12
      20.0000      963.652  1.13231e-11  1.93720e-12
      20.0000      964.394  1.73046e-11  1.99884e-12
      20.0000      965.135  1.50536e-11  2.16285e-12
      20.0000      965.878  7.39685e-12  2.14572e-12
      20.0000      966.622  1.07438e-11  1.89071e-12
      20.0000      967.365 -1.80237e-11  1.96225e-12
      20.0000      968.110  2.92915e-11  2.05835e-12
      20.0000      968.855  4.03474e-11  1.90842e-12
      20.0000      969.600  3.95027e-11  1.77444e-12
      20.0000      970.346  2.80435e-11  1.77136e-12
      20.0000      971.093  3.09670e-11  1.82191e-12
      20.0000      971.840  1.98637e-11  1.65991e-12
      20.0000      972.589  8.07561e-12  1.52502e-12
      20.0000      973.336  1.24958e-11  1.56566e-12
      20.0000      974.085  8.18328e-12  1.55751e-12
      20.0000      974.836  7.51445e-12  1.41992e-12
      20.0000      975.585  1.00179e-11  1.37018e-12
      20.0000      976.337  1.18098e-11  1.46555e-12
      20.0000      977.087  1.63418e-11  1.49921e-12
      20.0000      977.839  2.34689e-11  1.39084e-12
      20.0000      978.592  2.57737e-11  1.36132e-12
      20.0000      979.345  1.61367e-11  1.43728e-12
      20.0000      980.098  1.17679e-11  1.39791e-12
      20.0000      980.853  1.36710e-11          NaN
      20.0000      981.608  8.73028e-12          NaN
      20.0000      982.363  9.20111e-12  1.46023e-12
      20.0000      983.119  9.21334e-12  1.44405e-12
      20.0000      983.875  7.97419e-12  1.36947e-12
      20.0000      984.633  6.64027e-12  1.51228e-12
      20.0000      985.391  5.70898e-12  1.64680e-12
      20.0000      986.149  2.09070e-11  1.53820e-12
      20.0000      986.908  2.43342e-11  1.52675e-12
      20.0000      987.667  2.69983e-11  1.75494e-12
      20.0000      988.427  2.43284e-11  1.81532e-12
      20.0000      989.187  1.76429e-11  1.64593e-12
      20.0000      989.949  7.03152e-12  1.79949e-12
      20.0000      990.710 -6.90150e-14  2.05322e-12
      20.0000      991.473  1.19031e-11  1.80997e-12
      20.0000      992.236  1.33772e-11  1.63742e-12
      20.0000      992.999  1.04121e-11  1.80291e-12
      20.0000      993.763  9.63747e-12  1.75883e-12
      20.0000      994.528  9.88764e-12  1.53459e-12
      20.0000      995.293  8.53609e-12  1.55401e-12
      20.0000      996.060  1.59457e-11  1.71452e-12
      20.0000      996.826  2.58766e-11  1.69463e-12
      20.0000      997.593  1.18059e-11  1.49413e-12
      20.0000      998.361  1.04290e-11  1.54775e-12
      20.0000      999.129  1.82516e-11  1.62944e-12
      20.0000      999.898  1.68004e-11  1.57465e-12
      20.0000      1000.67  1.57091e-11  1.54060e-12
      20.0000      1001.44  1.42787e-11  1.69940e-12
      20.0000      1002.21  1.05825e-11  1.90690e-12
      20.0000      1002.98  1.03912e-11  1.87337e-12
      20.0000      1003.75  5.37163e-12  1.93007e-12
      20.0000      1004.52  5.29613e-12  2.42219e-12
      20.0000      1005.30  2.69802e-12  2.72473e-12
      20.0000      1006.07  1.69231e-11  2.62804e-12
      20.0000      1006.84  1.07116e-11  3.05979e-12
      20.0000      1007.62  1.27540e-11  3.62240e-12
