      11.0000      514.419  5.43034e-10  8.25675e-12
      11.0000      514.815  5.70642e-10  8.41593e-12
      11.0000      515.211  5.69566e-10  9.07919e-12
      11.0000      515.607  5.45428e-10  8.71394e-12
      11.0000      516.004  5.53273e-10  1.13854e-11
      11.0000      516.401  5.54114e-10  1.01160e-11
      11.0000      516.799  5.23459e-10  8.84113e-12
      11.0000      517.196  5.52334e-10  8.69162e-12
      11.0000      517.594  5.67498e-10  9.14720e-12
      11.0000      517.992  5.42839e-10  9.12813e-12
      11.0000      518.391  5.67800e-10  1.15091e-11
      11.0000      518.790  5.47784e-10  8.53075e-12
      11.0000      519.189  5.70656e-10  9.90163e-12
      11.0000      519.589  5.40138e-10  8.70505e-12
      11.0000      519.989  5.06378e-10  6.97910e-12
      11.0000      520.389  5.42653e-10  8.19155e-12
      11.0000      520.789  5.44096e-10  9.05058e-12
      11.0000      521.190  5.10774e-10  8.85890e-12
      11.0000      521.591  5.28717e-10  8.73536e-12
      11.0000      521.992  5.20334e-10  8.23313e-12
      11.0000      522.394  5.12053e-10  6.96993e-12
      11.0000      522.796  5.40138e-10  7.63890e-12
      11.0000      523.198  5.37363e-10  1.21754e-11
      11.0000      523.601  5.25695e-10  7.04449e-12
      11.0000      524.004  5.06805e-10          NaN
      11.0000      524.407  5.15895e-10          NaN
      11.0000      524.811  5.07168e-10  5.75256e-12
      11.0000      525.214  4.98916e-10  4.85233e-12
      11.0000      525.619  5.06278e-10  4.75421e-12
      11.0000      526.023  5.39256e-10  4.97146e-12
      11.0000      526.428  5.98103e-10  5.77253e-12
      11.0000      526.833  5.57335e-10  5.49620e-12
      11.0000      527.238  5.10850e-10  5.30227e-12
      11.0000      527.644  5.23840e-10  5.30735e-12
      11.0000      528.050  5.18849e-10  5.10962e-12
      11.0000      528.457  4.92781e-10  4.79908e-12
      11.0000      528.863  5.00676e-10  5.13293e-12
      11.0000      529.270  5.20321e-10  5.39775e-12
      11.0000      529.678  5.30287e-10  5.72767e-12
      11.0000      530.085  4.89090e-10  5.34535e-12
      11.0000      530.493  4.86548e-10  4.88660e-12
      11.0000      530.901  4.89311e-10  5.18412e-12
      11.0000      531.310  4.75678e-10  5.02035e-12
      11.0000      531.719  4.70083e-10  4.71153e-12
      11.0000      532.128  4.65141e-10  4.89128e-12
      11.0000      532.537  4.83803e-10  5.22737e-12
      11.0000      532.947  4.89662e-10  5.23469e-12
      11.0000      533.357  4.77068e-10  4.65706e-12
      11.0000      533.768  4.70335e-10  4.31447e-12
      11.0000      534.179  4.78704e-10  4.40165e-12
      11.0000      534.590  4.76676e-10  4.79160e-12
      11.0000      535.001  4.64933e-10  4.75019e-12
      11.0000      535.413  4.55929e-10  4.73229e-12
      11.0000      535.825  4.72310e-10  4.68884e-12
      11.0000      536.237  4.67609e-10  4.60531e-12
      11.0000      536.650  4.66077e-10  4.23432e-12
      11.0000      537.063  4.77864e-10  4.42649e-12
      11.0000      537.476  4.57655e-10  4.42360e-12
      11.0000      537.889  4.61763e-10          NaN
      11.0000      538.304  4.76137e-10          NaN
      11.0000      538.718  4.46088e-10  4.30230e-12
      11.0000      539.132  5.19904e-10  4.27832e-12
      11.0000      539.547  4.94351e-10  4.15106e-12
      11.0000      539.962  4.59329e-10          NaN
      11.0000      540.378  4.60277e-10          NaN
      11.0000      540.794  4.70790e-10  4.40550e-12
      11.0000      541.210  4.43566e-10  4.31654e-12
      11.0000      541.626  4.42244e-10  4.13657e-12
      11.0000      542.043  4.42345e-10  3.77767e-12
      11.0000      542.460  4.48334e-10  3.78460e-12
      11.0000      542.878  4.49254e-10  3.79358e-12
      11.0000      543.295  4.47505e-10  3.91869e-12
      11.0000      543.713  4.47052e-10  4.06019e-12
      11.0000      544.132  4.55167e-10  4.11749e-12
      11.0000      544.550  4.54911e-10  3.77627e-12
      11.0000      544.970  4.56601e-10  3.63370e-12
      11.0000      545.389  4.43898e-10  3.45229e-12
      11.0000      545.809  4.39016e-10  3.47878e-12
      11.0000      546.229  4.39991e-10  3.59829e-12
      11.0000      546.649  4.47237e-10  3.71565e-12
      11.0000      547.070  4.86857e-10  3.67122e-12
      11.0000      547.491  4.95192e-10  3.50896e-12
      11.0000      547.912  4.73146e-10  3.32593e-12
      11.0000      548.334  4.65046e-10  3.32177e-12
      11.0000      548.756  4.58388e-10  3.32015e-12
      11.0000      549.178  4.57482e-10  3.57121e-12
      11.0000      549.600  4.55372e-10  3.69272e-12
      11.0000      550.024  4.52014e-10  3.70127e-12
      11.0000      550.447  4.47939e-10  3.62833e-12
      11.0000      550.870  4.48824e-10  3.45640e-12
      11.0000      551.294  4.52389e-10  3.68913e-12
      11.0000      551.718  4.53426e-10  3.98723e-12
      11.0000      552.143  4.56710e-10  4.33600e-12
      11.0000      552.568  4.48849e-10  4.43216e-12
      11.0000      552.993  4.44536e-10  4.36533e-12
      11.0000      553.418  4.47542e-10  4.31606e-12
      11.0000      553.844  4.41137e-10  4.35794e-12
      11.0000      554.271  4.53727e-10  4.61355e-12
      11.0000      554.697  4.49907e-10  4.66826e-12
      11.0000      555.124  4.50240e-10  4.89526e-12
      11.0000      555.551  4.34804e-10  4.66243e-12
      11.0000      555.979  4.50503e-10  4.49947e-12
      11.0000      556.407  4.43795e-10  4.38168e-12
      11.0000      556.835  4.50338e-10  4.15898e-12
      11.0000      557.263  4.52863e-10  4.17418e-12
      11.0000      557.692  4.52493e-10  4.18430e-12
      11.0000      558.121  4.49808e-10  4.15694e-12
      11.0000      558.551  4.51491e-10  4.00369e-12
      11.0000      558.981  4.47430e-10  3.85404e-12
      11.0000      559.411  4.50614e-10  3.86383e-12
      4.00000      559.841  4.55368e-10  3.93932e-12
      4.00000      560.272  4.53037e-10  4.39754e-12
      4.00000      560.703  4.51757e-10  4.40145e-12
      12.0000      561.135  4.65223e-10  9.13160e-12
      12.0000      561.567  4.58150e-10  8.46317e-12
      12.0000      561.999  4.45447e-10  8.57887e-12
      12.0000      562.431  4.37394e-10  9.69904e-12
      12.0000      562.864  4.62451e-10  7.78266e-12
      12.0000      563.297  4.73849e-10  9.03751e-12
      12.0000      563.731  4.70145e-10  7.79144e-12
      12.0000      564.164  4.67053e-10  7.29294e-12
      12.0000      564.599  4.71883e-10  6.82008e-12
      12.0000      565.033  4.72290e-10  7.39279e-12
      12.0000      565.468  4.74472e-10  6.99311e-12
      12.0000      565.903  4.65076e-10  8.65746e-12
      12.0000      566.338  4.44247e-10  6.01554e-12
      12.0000      566.774  4.54165e-10  6.27829e-12
      12.0000      567.210  4.82073e-10  3.05487e-11
      12.0000      567.647  5.14900e-10  5.29399e-11
      12.0000      568.084  5.06387e-10  5.29465e-12
      12.0000      568.521  4.90680e-10  5.39347e-12
      12.0000      568.958  4.70815e-10  5.51506e-12
      12.0000      569.396  4.67284e-10  5.27593e-12
      12.0000      569.834  4.70777e-10          NaN
      12.0000      570.273  4.65424e-10          NaN
      12.0000      570.711  4.72668e-10  5.60647e-12
      12.0000      571.151  4.58988e-10  5.19494e-12
      12.0000      571.590  4.55157e-10  4.68824e-12
      12.0000      572.030  4.50790e-10  4.78089e-12
      12.0000      572.470  4.52215e-10  4.67404e-12
      12.0000      572.911  4.40332e-10  4.71099e-12
      12.0000      573.352  4.49385e-10  4.54414e-12
      12.0000      573.793  4.70475e-10  4.66301e-12
      12.0000      574.234  4.57013e-10  4.41039e-12
      12.0000      574.676  4.54863e-10  4.68804e-12
      12.0000      575.119  4.52481e-10  4.73940e-12
      12.0000      575.561  4.62496e-10  4.90326e-12
      12.0000      576.004  4.52278e-10  4.55513e-12
      12.0000      576.447  4.62444e-10  4.50334e-12
      12.0000      576.891  4.59435e-10  4.31517e-12
      12.0000      577.335  4.57509e-10  4.23219e-12
      12.0000      577.779  4.54031e-10  4.77756e-12
      12.0000      578.224  4.50634e-10  4.58348e-12
      12.0000      578.669  4.39731e-10  4.15825e-12
      12.0000      579.114  4.69528e-10          NaN
      12.0000      579.560  4.41688e-10          NaN
      12.0000      580.006  4.47816e-10  4.35654e-12
      12.0000      580.452  4.45137e-10  4.04522e-12
      12.0000      580.899  4.52703e-10  4.21209e-12
      12.0000      581.346  4.42432e-10  4.27687e-12
      12.0000      581.793  4.43951e-10  4.01684e-12
      12.0000      582.241  4.45251e-10          NaN
      12.0000      582.689  4.46126e-10          NaN
      12.0000      583.137  4.50003e-10  3.66650e-12
      12.0000      583.586  4.63522e-10  3.96148e-12
      12.0000      584.035  4.69912e-10  3.90832e-12
      12.0000      584.484  4.78228e-10  3.78680e-12
      12.0000      584.934  4.50166e-10  3.46406e-12
      12.0000      585.384  4.25885e-10  3.54263e-12
      12.0000      585.835  4.20318e-10  3.46211e-12
      12.0000      586.286  4.75403e-10  3.71369e-12
      12.0000      586.737  9.57718e-10  4.87317e-12
      12.0000      587.188  1.46992e-09  5.74251e-12
      12.0000      587.640  6.92898e-10  4.04432e-12
      12.0000      588.092  4.63176e-10  3.43623e-12
      12.0000      588.545  4.44164e-10  3.53135e-12
      12.0000      588.998  4.24089e-10  3.55006e-12
      12.0000      589.451  4.41283e-10  3.69084e-12
      12.0000      589.905  4.41680e-10  3.58171e-12
      12.0000      590.359  4.40690e-10  3.47081e-12
      12.0000      590.813  4.34532e-10  3.31952e-12
      12.0000      591.267  4.14769e-10  3.28624e-12
      12.0000      591.723  4.05921e-10  3.36203e-12
      12.0000      592.178  4.19243e-10  3.52455e-12
      12.0000      592.634  4.13258e-10  3.48152e-12
      12.0000      593.090  4.08326e-10  3.18093e-12
      12.0000      593.546  4.15092e-10  3.00924e-12
      12.0000      594.003  4.22067e-10  3.06489e-12
      12.0000      594.460  4.08609e-10  3.19981e-12
      12.0000      594.917  4.18300e-10  3.20608e-12
      12.0000      595.375  4.09515e-10  3.02515e-12
      12.0000      595.833  4.10264e-10  2.84371e-12
      12.0000      596.292  4.15364e-10  2.74355e-12
      12.0000      596.751  4.13611e-10  2.75400e-12
      12.0000      597.210  4.07538e-10  2.78404e-12
      12.0000      597.669  4.14758e-10  2.89898e-12
      12.0000      598.129  4.04096e-10  2.88994e-12
      12.0000      598.589  3.98178e-10  2.79231e-12
      12.0000      599.050  3.99681e-10  2.68101e-12
      12.0000      599.511  3.98875e-10  2.73407e-12
      12.0000      599.972  4.05499e-10  2.95949e-12
      12.0000      600.434  4.13053e-10  3.16829e-12
      12.0000      600.896  3.94722e-10  3.16425e-12
      12.0000      601.359  3.85461e-10  3.08078e-12
      12.0000      601.822  4.05783e-10  3.10011e-12
      12.0000      602.284  4.34126e-10  3.32203e-12
      12.0000      602.748  4.81759e-10  3.52324e-12
      12.0000      603.212  4.81238e-10  3.96783e-12
      12.0000      603.676  4.75025e-10  4.13537e-12
      12.0000      604.141  4.29134e-10  3.98878e-12
      12.0000      604.606  4.04570e-10  3.88230e-12
      4.00000      605.071  3.96534e-10  3.79330e-12
      4.00000      605.537  4.28521e-10          NaN
      4.00000      606.002  6.75002e-10          NaN
      4.00000      606.469  7.03583e-10          NaN
      4.00000      606.935  5.75137e-10  4.32254e-12
      4.00000      607.402  5.00082e-10  3.83613e-12
      4.00000      607.870  4.35589e-10  3.47781e-12
      4.00000      608.338  3.95820e-10  3.41867e-12
      4.00000      608.806  3.83696e-10  3.46803e-12
      4.00000      609.274  3.89618e-10  3.51241e-12
      4.00000      609.743  3.71250e-10  3.47278e-12
      13.0000      610.212  3.83763e-10  8.22081e-12
      13.0000      610.682  3.46347e-10  8.61067e-12
      13.0000      611.152  3.37606e-10  7.15197e-12
      13.0000      611.622  3.77102e-10  7.65837e-12
      13.0000      612.093  3.39223e-10  8.59239e-12
      13.0000      612.564  3.49375e-10  8.20246e-12
      13.0000      613.035  3.62049e-10  7.35160e-12
      13.0000      613.507  3.48354e-10  8.04163e-12
      13.0000      613.979  3.42469e-10  6.28559e-12
      13.0000      614.451  3.48024e-10  6.10334e-12
      13.0000      614.924  3.32109e-10  5.36645e-12
      13.0000      615.397  3.33148e-10  5.72765e-12
      13.0000      615.871  3.33028e-10  5.39891e-12
      13.0000      616.345  3.37127e-10  6.27456e-12
      13.0000      616.819  3.26149e-10  4.99305e-12
      13.0000      617.294  3.28552e-10  4.89207e-12
      13.0000      617.769  3.25306e-10  4.19914e-12
      13.0000      618.245  3.22112e-10  5.16651e-12
      13.0000      618.720  3.18193e-10  5.90443e-12
      13.0000      619.196  3.16897e-10  4.39042e-12
      13.0000      619.673  3.16866e-10  4.34576e-12
      13.0000      620.150  3.17365e-10  4.59772e-12
      13.0000      620.627  3.11244e-10          NaN
      13.0000      621.105  3.06299e-10          NaN
      13.0000      621.582  3.11782e-10  3.83535e-12
      13.0000      622.061  3.23629e-10  3.77718e-12
      13.0000      622.539  3.13539e-10  3.39132e-12
      13.0000      623.018  3.03217e-10  3.11320e-12
      13.0000      623.498  3.03649e-10  3.15804e-12
      13.0000      623.978  3.06146e-10  3.10225e-12
      13.0000      624.458  3.14496e-10  3.08427e-12
      13.0000      624.938  3.40741e-10  3.00377e-12
      13.0000      625.419  3.26779e-10  2.88667e-12
      13.0000      625.901  3.01436e-10  2.86361e-12
      13.0000      626.382  2.88570e-10  2.86768e-12
      13.0000      626.864  2.81906e-10  2.82494e-12
      13.0000      627.347  2.89868e-10  2.81225e-12
      13.0000      627.830  3.13902e-10  2.73773e-12
      13.0000      628.312  3.08788e-10  2.60939e-12
      13.0000      628.796  2.91918e-10  2.63876e-12
      13.0000      629.280  2.85797e-10  2.63609e-12
      13.0000      629.764  2.83316e-10  2.59999e-12
      13.0000      630.249  2.89473e-10  2.50612e-12
      13.0000      630.734  3.01118e-10  2.42264e-12
      13.0000      631.219  3.29293e-10  2.46506e-12
      13.0000      631.705  3.35522e-10  2.47857e-12
      13.0000      632.191  3.32841e-10  2.55943e-12
      13.0000      632.678  3.54542e-10  2.53169e-12
      13.0000      633.164  3.84340e-10  2.46673e-12
      13.0000      633.652  3.76631e-10  2.40855e-12
      13.0000      634.139  3.60232e-10  2.36637e-12
      13.0000      634.627  3.55610e-10  2.38967e-12
      13.0000      635.115  3.26535e-10  2.38432e-12
      13.0000      635.604  2.92690e-10  2.28424e-12
      13.0000      636.094  2.80427e-10  2.18742e-12
      13.0000      636.583  2.71012e-10  2.09202e-12
      13.0000      637.073  2.54753e-10  2.09365e-12
      13.0000      637.563  2.42044e-10  2.16354e-12
      13.0000      638.054  2.41036e-10  2.14153e-12
      13.0000      638.545  2.31241e-10  2.11927e-12
      13.0000      639.036  2.26550e-10  2.01319e-12
      13.0000      639.528  2.33307e-10  1.98387e-12
      13.0000      640.020  2.32017e-10  2.08624e-12
      13.0000      640.512  2.29225e-10  2.10712e-12
      13.0000      641.005  2.20488e-10  2.13710e-12
      13.0000      641.499  2.14361e-10  2.06293e-12
      13.0000      641.992  2.22688e-10  1.98647e-12
      13.0000      642.486  2.22906e-10  2.04806e-12
      13.0000      642.981  2.31340e-10  2.24168e-12
      13.0000      643.475  2.37833e-10  2.40332e-12
      13.0000      643.971  2.15127e-10  2.38002e-12
      13.0000      644.466  2.11242e-10  2.31041e-12
      13.0000      644.962  2.06165e-10  2.33487e-12
      13.0000      645.459  1.99552e-10  2.44273e-12
      13.0000      645.955  2.10486e-10  2.67986e-12
      13.0000      646.452  1.99217e-10  2.89656e-12
      13.0000      646.950  2.01993e-10  2.74649e-12
      13.0000      647.447  1.98052e-10  2.63310e-12
      13.0000      647.946  1.90470e-10  2.58899e-12
      13.0000      648.445  1.97687e-10  2.77750e-12
      13.0000      648.943  2.09271e-10  3.05657e-12
      13.0000      649.443  1.79107e-10  2.71764e-12
      13.0000      649.942  1.84771e-10  2.61672e-12
      4.00000      650.442  1.86476e-10  2.45546e-12
      4.00000      650.943  1.65432e-10  2.38491e-12
      4.00000      651.444  1.70112e-10  2.45616e-12
      4.00000      651.945  1.75298e-10  2.41466e-12
      4.00000      652.447  1.63871e-10  2.26600e-12
      4.00000      652.949  1.62610e-10  2.14001e-12
      4.00000      653.452  1.89276e-10  2.11789e-12
      4.00000      653.955  1.83953e-10          NaN
      4.00000      654.458  1.72311e-10          NaN
      4.00000      654.961  1.83373e-10  2.34408e-12
      4.00000      655.465  1.78604e-10  2.39353e-12
      4.00000      655.970  1.70565e-10  2.27591e-12
      4.00000      656.475  1.92088e-10  2.40354e-12
      4.00000      656.980  1.85957e-10  2.67048e-12
      4.00000      657.485  1.66926e-10  2.78319e-12
      4.00000      657.991  1.90804e-10  3.12427e-12
      4.00000      658.497  1.92990e-10  3.05060e-12
      4.00000      659.004  1.68627e-10  2.90445e-12
      4.00000      659.511  1.98327e-10  3.11595e-12
      14.0000      660.019  2.95254e-10  5.10361e-12
      14.0000      660.527  2.70964e-10  5.21532e-12
      14.0000      661.035  2.38358e-10  4.99228e-12
      14.0000      661.544  2.32574e-10  4.96850e-12
      14.0000      662.053  1.76545e-10  4.59162e-12
      14.0000      662.562  1.79320e-10  4.08923e-12
      14.0000      663.072  1.83539e-10  3.97026e-12
      14.0000      663.582  1.64022e-10  3.78733e-12
      14.0000      664.093  1.69945e-10  3.81032e-12
      14.0000      664.604  1.89357e-10  3.85817e-12
      14.0000      665.116  1.77210e-10  3.36894e-12
      14.0000      665.627  1.99763e-10  3.36484e-12
      14.0000      666.140  1.85056e-10  3.21217e-12
      14.0000      666.652  1.94601e-10  3.18353e-12
      14.0000      667.165  4.63082e-10  3.63959e-12
      14.0000      667.678  8.61780e-10  4.44135e-12
      14.0000      668.192  6.06047e-10  3.83801e-12
      14.0000      668.707  2.60783e-10  2.88974e-12
      14.0000      669.221  1.73768e-10  2.67049e-12
      14.0000      669.736  1.96795e-10  2.70003e-12
      14.0000      670.252  2.69007e-10  2.69111e-12
      14.0000      670.767  2.55257e-10  2.57705e-12
      14.0000      671.283  1.79315e-10  2.28669e-12
      14.0000      671.800  1.59400e-10  2.26926e-12
      14.0000      672.317  1.84609e-10  2.31569e-12
      14.0000      672.834  2.49744e-10  2.46981e-12
      14.0000      673.352  2.54317e-10  2.44137e-12
      14.0000      673.870  2.97071e-10  2.34766e-12
      14.0000      674.389  3.56774e-10  2.50125e-12
      14.0000      674.908  4.49374e-10  2.64552e-12
      14.0000      675.427  4.09660e-10  2.63736e-12
      14.0000      675.947  2.21935e-10  2.24756e-12
      14.0000      676.467  2.11647e-10  2.28201e-12
      14.0000      676.988  2.86808e-10  2.20488e-12
      14.0000      677.509  3.86186e-10  2.48315e-12
      14.0000      678.030  3.12599e-10  2.44322e-12
      14.0000      678.552  2.01557e-10  2.12207e-12
      14.0000      679.074  3.18556e-10  2.15203e-12
      14.0000      679.597  7.07037e-10  2.80474e-12
      14.0000      680.119  7.28874e-10  2.96965e-12
      14.0000      680.643  3.06807e-10  2.31394e-12
      14.0000      681.166  2.21165e-10  2.08310e-12
      14.0000      681.691  3.56486e-10  2.20783e-12
      14.0000      682.215  5.59512e-10  2.62075e-12
      14.0000      682.740  3.88449e-10  2.38758e-12
      14.0000      683.266  1.95972e-10          NaN
      14.0000      683.792  3.95211e-10          NaN
      14.0000      684.318  9.72841e-10  3.17875e-12
      14.0000      684.844  1.01897e-09          NaN
      14.0000      685.371  3.19320e-10          NaN
      14.0000      685.899  2.67876e-10  2.22152e-12
      14.0000      686.427  4.86595e-10          NaN
      14.0000      686.955  8.35265e-10          NaN
      14.0000      687.484  3.92506e-10  2.52254e-12
      14.0000      688.012  2.26172e-10  2.10319e-12
      14.0000      688.542  5.53569e-10  2.65588e-12
      14.0000      689.072  1.68741e-09          NaN
      14.0000      689.602  1.43495e-09          NaN
      14.0000      690.133  2.49101e-10          NaN
      14.0000      690.664  2.29870e-10          NaN
      14.0000      691.195  8.22484e-10  3.64177e-12
      14.0000      691.727  1.44382e-09  4.87151e-12
      14.0000      692.260  4.08574e-10  3.00275e-12
      14.0000      692.792  2.71059e-10  2.44208e-12
      14.0000      693.326  6.07315e-10  3.28407e-12
      14.0000      693.859  2.47980e-09  6.00835e-12
      14.0000      694.393  1.31614e-09  4.32814e-12
      14.0000      694.927  3.60916e-10  2.47868e-12
      14.0000      695.462  3.42386e-10  2.43334e-12
      4.00000      695.997  1.20969e-09  4.16082e-12
      4.00000      696.533  1.23084e-09  3.75976e-12
      4.00000      697.069  4.72030e-10  2.52339e-12
      4.00000      697.605  3.20273e-10  2.29304e-12
      4.00000      698.142  1.24610e-09  3.94371e-12
      4.00000      698.679  2.12004e-09  4.58666e-12
      4.00000      699.217  1.12783e-09  3.21590e-12
      4.00000      699.755  3.33989e-10  2.15740e-12
      4.00000      700.293  7.01949e-10  2.94253e-12
      4.00000      700.832  1.60481e-09  4.07909e-12
      4.00000      701.371  1.27740e-09  4.02464e-12
      4.00000      701.911  3.91035e-10  2.30201e-12
      4.00000      702.451  5.05088e-10  2.52605e-12
      4.00000      702.992  2.17746e-09  4.85302e-12
      4.00000      703.533  3.12445e-09  7.21378e-12
      4.00000      704.074  8.26810e-10  3.87675e-12
      4.00000      704.616  3.39079e-10  2.66896e-12
      4.00000      705.158  1.06206e-09  4.43801e-12
      4.00000      705.701  2.67453e-09  7.57130e-12
      4.00000      706.244  1.06846e-09  5.35578e-12
      4.00000      706.788  3.12535e-10  3.01035e-12
      4.00000      707.332  8.16006e-10  4.18739e-12
      4.00000      707.876  3.30722e-09          NaN
      4.00000      708.421  2.40613e-09          NaN
      4.00000      708.965  5.95123e-10  3.33889e-12
      15.0000      709.511  5.52063e-10  5.63554e-12
      15.0000      710.057  1.55945e-09          NaN
      15.0000      710.604  2.09708e-09          NaN
      15.0000      711.151  6.43451e-10  5.09947e-12
      15.0000      711.698  7.64350e-10  4.81352e-12
      15.0000      712.245  2.36399e-09  6.86360e-12
      15.0000      712.793  3.63202e-09  9.05485e-12
      15.0000      713.342  1.72590e-09  6.43982e-12
      15.0000      713.891  5.51233e-10  4.06138e-12
      15.0000      714.440  9.42496e-10  4.30610e-12
      15.0000      714.990  1.82298e-09  5.56693e-12
      15.0000      715.540  1.52852e-09  5.45206e-12
      15.0000      716.091  7.36987e-10  3.85071e-12
      15.0000      716.642  1.20570e-09  4.43208e-12
      15.0000      717.193  2.36941e-09  5.49381e-12
      15.0000      717.745  2.57592e-09  6.09064e-12
      15.0000      718.297  7.88133e-10  3.81972e-12
      15.0000      718.850  4.92100e-10  3.17641e-12
      15.0000      719.403  1.43952e-09  4.19596e-12
      15.0000      719.957  2.09541e-09  5.01714e-12
      15.0000      720.511  1.07014e-09  3.87026e-12
      15.0000      721.066  4.53170e-10          NaN
      15.0000      721.620  1.34239e-09          NaN
      15.0000      722.175  2.49723e-09  5.01125e-12
      15.0000      722.731  1.69186e-09  4.39446e-12
      15.0000      723.288  6.52198e-10  3.18987e-12
      15.0000      723.844  8.46644e-10  3.31874e-12
      15.0000      724.401  1.23346e-09  3.64133e-12
      15.0000      724.959  9.24481e-10  3.17280e-12
      15.0000      725.517  2.95173e-10  2.25280e-12
      15.0000      726.075  2.37920e-10  2.39518e-12
      15.0000      726.634  2.52023e-10  2.31466e-12
      15.0000      727.193  3.01649e-10  2.20766e-12
      15.0000      727.752  1.14951e-09  3.20809e-12
      15.0000      728.312  4.70027e-09  5.97392e-12
      15.0000      728.873  1.64045e-08  1.32410e-11
      15.0000      729.434  3.14978e-08  2.23462e-11
      15.0000      729.995  2.90571e-08  2.22554e-11
      15.0000      730.557  1.53626e-08  1.23136e-11
      15.0000      731.119  8.74544e-09          NaN
      15.0000      731.681  5.27179e-09          NaN
      15.0000      732.245  2.24217e-09  4.78309e-12
      15.0000      732.808  9.79306e-10  3.23791e-12
      15.0000      733.372  1.34210e-09  3.30158e-12
      15.0000      733.936  2.52315e-09  4.78197e-12
      15.0000      734.501  1.80109e-09  4.62262e-12
      15.0000      735.067  6.72066e-10  3.16097e-12
      15.0000      735.632  1.28501e-09  3.75381e-12
      15.0000      736.198  2.54659e-09  5.30589e-12
      15.0000      736.764  2.03288e-09  5.04363e-12
      15.0000      737.332  6.50329e-10  3.29010e-12
      15.0000      737.899  1.02943e-09  3.49454e-12
      15.0000      738.467  3.00792e-09  5.98833e-12
      15.0000      739.035  2.91961e-09  6.09915e-12
      15.0000      739.604  6.46958e-10  3.28754e-12
      15.0000      740.173  6.22794e-10  3.28847e-12
      15.0000      740.742  1.95470e-09  5.52755e-12
      15.0000      741.312  2.11604e-09  5.53477e-12
      4.00000      741.883  7.17118e-10  3.30124e-12
      4.00000      742.454  5.36555e-10  3.14322e-12
      4.00000      743.025  2.17848e-09  5.87075e-12
      4.00000      743.597  2.74238e-09  5.97485e-12
      4.00000      744.169  8.58766e-10  3.21942e-12
      4.00000      744.742  5.30449e-10  2.63171e-12
      4.00000      745.315  1.41163e-09          NaN
      4.00000      745.888  2.01537e-09          NaN
      4.00000      746.463  8.96538e-10  3.06195e-12
      4.00000      747.037  6.08298e-10  2.42203e-12
      4.00000      747.612  1.78954e-09  4.26480e-12
      4.00000      748.187  2.77808e-09  4.95175e-12
      4.00000      748.763  1.37136e-09  3.76164e-12
      4.00000      749.339  5.69105e-10  2.50663e-12
      4.00000      749.916  1.27230e-09  3.36091e-12
      4.00000      750.493  2.03132e-09  4.50226e-12
      4.00000      751.070  1.22185e-09  3.95499e-12
      4.00000      751.649  5.63758e-10  2.85711e-12
      4.00000      752.227  1.48769e-09  3.75152e-12
      4.00000      752.806  2.92520e-09  6.58338e-12
      4.00000      753.385  1.57521e-09  5.09830e-12
      4.00000      753.965  4.69196e-10  3.27309e-12
      4.00000      754.545  8.40511e-10  4.01789e-12
      4.00000      755.126  2.05563e-09  6.87874e-12
      4.00000      755.707  1.04339e-09  4.66813e-12
      4.00000      756.288  3.97140e-10  3.16446e-12
      4.00000      756.870  1.00292e-09  4.72491e-12
      4.00000      757.452  2.55637e-09  7.22209e-12
      4.00000      758.035  1.24297e-09  4.25993e-12
      4.00000      758.619  3.97940e-10  2.74259e-12
      16.0000      759.202  6.47613e-10          NaN
      16.0000      759.787  1.67071e-09          NaN
      16.0000      760.371  8.82757e-10  5.27011e-12
      16.0000      760.956  3.53954e-10  4.09660e-12
      16.0000      761.542  8.09817e-10  5.39671e-12
      16.0000      762.128  2.32312e-09  7.92154e-12
      16.0000      762.715  1.00613e-09  5.13475e-12
      16.0000      763.302  3.57312e-10  3.91626e-12
      16.0000      763.889  5.53172e-10  4.53188e-12
      16.0000      764.477  1.48124e-09  6.30760e-12
      16.0000      765.065  7.28107e-10  4.41197e-12
      16.0000      765.654  3.33708e-10  3.49239e-12
      16.0000      766.243  7.17962e-10  4.54679e-12
      16.0000      766.832  2.15750e-09  6.96651e-12
      16.0000      767.423  8.56553e-10  4.53462e-12
      16.0000      768.013  3.60811e-10  3.25246e-12
      16.0000      768.604  5.66496e-10  3.81241e-12
      16.0000      769.196  1.27058e-09  5.16807e-12
      16.0000      769.787  6.07566e-10  3.85756e-12
      16.0000      770.380  3.88673e-10  3.14644e-12
      16.0000      770.973  7.97661e-10  3.98514e-12
      16.0000      771.566  1.83269e-09  5.70252e-12
      16.0000      772.160  7.92742e-10  4.04183e-12
      16.0000      772.754  4.56333e-10  3.20034e-12
      16.0000      773.349  6.52448e-10  3.52024e-12
      16.0000      773.944  1.04398e-09  4.20613e-12
      16.0000      774.539  6.42699e-10  3.51590e-12
      16.0000      775.135  5.47659e-10  3.28332e-12
      16.0000      775.732  9.84156e-10  4.01557e-12
      16.0000      776.329  1.48528e-09  4.66520e-12
      16.0000      776.927  7.87231e-10  3.53160e-12
      16.0000      777.524  6.49758e-10  3.38096e-12
      16.0000      778.122  8.86488e-10  3.75961e-12
      16.0000      778.721  9.48818e-10  3.67663e-12
      16.0000      779.321  8.34628e-10  3.35093e-12
      16.0000      779.920  8.03862e-10  3.41414e-12
      16.0000      780.520  1.18448e-09  3.93368e-12
      16.0000      781.121  1.17052e-09  3.68616e-12
      16.0000      781.722  9.87453e-10          NaN
      16.0000      782.324  9.88361e-10          NaN
      16.0000      782.926  1.12051e-09  3.54677e-12
      16.0000      783.528  1.16243e-09  3.57985e-12
      16.0000      784.131  1.11030e-09  3.31084e-12
      16.0000      784.735  1.14892e-09  3.30570e-12
      16.0000      785.339  1.37409e-09          NaN
      16.0000      785.943  1.36575e-09          NaN
      16.0000      786.548  1.33710e-09  3.39389e-12
      16.0000      787.153  1.43280e-09  3.41775e-12
      16.0000      787.758  1.47681e-09  3.42810e-12
      16.0000      788.365  1.39007e-09  3.36449e-12
      16.0000      788.971  1.40794e-09  3.38161e-12
      16.0000      789.579  1.53838e-09  3.45421e-12
      4.00000      790.186  1.66385e-09  3.49616e-12
      4.00000      790.794  1.73379e-09  3.70807e-12
      4.00000      791.403  1.77926e-09  3.89509e-12
      4.00000      792.011  1.73969e-09          NaN
      4.00000      792.621  1.62175e-09          NaN
      4.00000      793.231  1.80315e-09  3.85735e-12
      4.00000      793.842  1.98370e-09  4.41849e-12
      4.00000      794.452  2.04972e-09  4.57231e-12
      4.00000      795.064  2.05349e-09  4.87691e-12
      4.00000      795.675  1.95916e-09  4.61301e-12
      4.00000      796.288  2.19846e-09          NaN
      4.00000      796.900  2.14615e-09          NaN
      4.00000      797.514  2.21717e-09  6.12291e-12
      4.00000      798.128  1.90849e-09  5.54624e-12
      4.00000      798.742  2.87271e-09  7.01864e-12
      4.00000      799.357  2.59881e-09  6.78620e-12
      4.00000      799.972  2.29252e-09  6.29896e-12
      4.00000      800.587  1.76860e-09  5.23029e-12
      4.00000      801.203  2.87871e-09  6.46192e-12
      4.00000      801.820  2.73179e-09  5.87284e-12
      4.00000      802.437  2.56322e-09  5.84370e-12
      4.00000      803.054  2.17338e-09  5.16352e-12
      4.00000      803.672  2.86739e-09  5.99506e-12
      4.00000      804.291  3.10346e-09  5.69288e-12
      4.00000      804.910  2.49748e-09  5.48171e-12
      4.00000      805.529  2.33795e-09  5.44115e-12
      4.00000      806.149  3.07572e-09  6.20438e-12
      4.00000      806.769  4.25703e-09  7.65979e-12
      4.00000      807.390  2.79793e-09  6.53059e-12
      4.00000      808.012  2.35725e-09  6.70322e-12
      4.00000      808.633  2.66220e-09  6.89954e-12
      17.0000      809.255  4.24541e-09  1.00565e-11
      17.0000      809.878  2.99211e-09  8.46989e-12
      17.0000      810.501  2.32358e-09  7.35595e-12
      17.0000      811.125  2.89611e-09          NaN
      17.0000      811.750  4.36316e-09          NaN
      17.0000      812.374  3.57860e-09          NaN
      17.0000      812.999  2.07494e-09          NaN
      17.0000      813.625  3.23685e-09  6.82703e-12
      17.0000      814.251  5.71010e-09  8.87250e-12
      17.0000      814.878  5.21647e-09  9.01656e-12
      17.0000      815.504  2.07151e-09  5.68723e-12
      17.0000      816.132  2.72264e-09  5.90585e-12
      17.0000      816.760  5.15212e-09  7.66343e-12
      17.0000      817.389  5.43514e-09  8.42885e-12
      17.0000      818.017  2.22963e-09  5.55112e-12
      17.0000      818.647  2.37653e-09  5.27909e-12
      17.0000      819.277  4.97617e-09  6.97186e-12
      17.0000      819.907  6.10943e-09  8.27109e-12
      17.0000      820.538  2.66542e-09  5.83991e-12
      17.0000      821.170  1.58391e-09  4.44627e-12
      17.0000      821.802  4.27648e-09          NaN
      17.0000      822.434  7.83012e-09          NaN
      17.0000      823.067  5.27338e-09  7.71286e-12
      17.0000      823.700  2.14175e-09  4.74716e-12
      17.0000      824.334  4.42598e-09  5.95229e-12
      17.0000      824.969  7.14257e-09  8.09149e-12
      17.0000      825.604  4.73258e-09  7.13605e-12
      17.0000      826.239  1.86826e-09  4.49921e-12
      17.0000      826.875  3.49907e-09  5.34040e-12
      17.0000      827.511  6.39778e-09  7.55041e-12
      17.0000      828.148  5.34050e-09  7.56085e-12
      17.0000      828.785  1.96941e-09  4.67320e-12
      17.0000      829.423  3.16852e-09  5.35394e-12
      17.0000      830.061  5.90838e-09  7.36784e-12
      17.0000      830.700  6.09469e-09  8.21915e-12
      17.0000      831.339  2.05213e-09  4.93096e-12
      17.0000      831.979  2.64894e-09  5.42937e-12
      17.0000      832.619  4.23071e-09  6.67359e-12
      17.0000      833.260  5.55523e-09  8.20878e-12
      17.0000      833.901  1.90808e-09  5.13947e-12
      17.0000      834.543  2.25782e-09  5.62252e-12
      17.0000      835.185  3.29227e-09  6.58510e-12
      17.0000      835.828  5.22205e-09  8.35894e-12
      17.0000      836.471  2.06152e-09  5.57533e-12
      17.0000      837.114  2.34953e-09  5.98790e-12
      17.0000      837.759  2.79161e-09  6.16250e-12
      17.0000      838.404  4.35992e-09  7.33775e-12
      17.0000      839.049  2.30788e-09          NaN
      4.00000      839.694  2.28964e-09          NaN
      4.00000      840.340  2.57182e-09  5.27448e-12
      4.00000      840.987  3.30229e-09  5.92006e-12
      4.00000      841.634  2.51288e-09  4.71085e-12
      4.00000      842.282  2.06308e-09  4.61815e-12
      4.00000      842.930  2.20712e-09  4.60627e-12
      4.00000      843.579  2.91402e-09  5.11479e-12
      4.00000      844.228  2.58834e-09  4.60910e-12
      4.00000      844.877  2.23507e-09  4.43844e-12
      4.00000      845.528  2.03972e-09  4.41940e-12
      4.00000      846.178  2.34072e-09  4.51826e-12
      4.00000      846.830  2.22370e-09          NaN
      4.00000      847.481  2.16720e-09          NaN
      4.00000      848.133  2.06374e-09  4.93738e-12
      4.00000      848.786  2.14692e-09  4.90139e-12
      4.00000      849.439  2.04306e-09  5.10602e-12
      4.00000      850.093  1.86383e-09  4.98678e-12
      4.00000      850.747  1.69759e-09          NaN
      4.00000      851.401  1.87118e-09          NaN
      4.00000      852.057  1.88899e-09  6.07850e-12
      4.00000      852.713  1.76393e-09  6.08195e-12
      4.00000      853.368  1.56454e-09  6.18678e-12
      4.00000      854.026  1.62157e-09  6.11708e-12
      4.00000      854.683  1.43212e-09  5.37991e-12
      4.00000      855.341  1.50046e-09  5.28365e-12
      4.00000      855.999  1.40713e-09  5.10447e-12
      4.00000      856.657  1.34997e-09  5.03968e-12
      4.00000      857.316  1.26235e-09  4.60270e-12
      4.00000      857.976  1.21188e-09  4.45986e-12
      18.0000      858.637  1.07686e-09  7.16689e-12
      18.0000      859.297  1.07736e-09  6.66554e-12
      18.0000      859.958  1.13288e-09  6.58499e-12
      18.0000      860.620  1.04545e-09  6.35247e-12
      18.0000      861.283  9.51442e-10  5.95594e-12
      18.0000      861.945  9.14100e-10  5.50472e-12
      18.0000      862.608  8.64454e-10  5.35750e-12
      18.0000      863.272  7.89596e-10  5.26307e-12
      18.0000      863.937  8.05164e-10  5.16580e-12
      18.0000      864.602  7.67489e-10  4.69790e-12
      18.0000      865.267  7.25465e-10  4.56451e-12
      18.0000      865.933  6.59644e-10  4.82811e-12
      18.0000      866.599  6.16470e-10  4.52938e-12
      18.0000      867.266  5.67824e-10  4.03830e-12
      18.0000      867.934  5.85865e-10  3.95541e-12
      18.0000      868.601  5.45031e-10  3.96356e-12
      18.0000      869.270  4.91103e-10  3.74916e-12
      18.0000      869.938  4.63984e-10  3.52288e-12
      18.0000      870.608  4.49309e-10  3.43107e-12
      18.0000      871.277  3.76494e-10  3.40011e-12
      18.0000      871.948  3.81003e-10  3.32648e-12
      18.0000      872.619  3.75614e-10  3.21427e-12
      18.0000      873.291  3.57409e-10  3.05631e-12
      18.0000      873.962  3.11136e-10  3.09297e-12
      18.0000      874.635  2.80542e-10  3.02314e-12
      18.0000      875.308  2.49588e-10  2.71930e-12
      18.0000      875.982  2.51251e-10  2.63618e-12
      18.0000      876.656  2.36659e-10  2.66790e-12
      18.0000      877.331  2.04185e-10  2.57068e-12
      18.0000      878.005  1.94425e-10  2.33800e-12
      18.0000      878.681  1.88455e-10  2.23986e-12
      18.0000      879.357  1.59067e-10  2.18174e-12
      18.0000      880.035  1.42048e-10  2.15771e-12
      18.0000      880.711  1.51780e-10  1.98351e-12
      18.0000      881.389  1.37972e-10  1.87839e-12
      18.0000      882.068  1.27858e-10  1.88810e-12
      18.0000      882.747  1.14242e-10  1.82520e-12
      18.0000      883.426  1.07553e-10  1.66969e-12
      18.0000      884.105  9.88542e-11  1.57105e-12
      18.0000      884.786  9.94532e-11  1.60111e-12
      18.0000      885.467  8.59390e-11  1.57201e-12
      18.0000      886.148  8.02447e-11  1.47749e-12
      18.0000      886.830  8.00191e-11  1.39305e-12
      18.0000      887.512  7.22800e-11  1.39942e-12
      18.0000      888.195  6.66368e-11  1.41938e-12
      4.00000      888.879  5.42525e-11  1.37425e-12
      4.00000      889.563  6.44280e-11  1.32165e-12
      4.00000      890.248  6.51969e-11  1.35662e-12
      4.00000      890.932  3.20225e-11  1.42012e-12
      4.00000      891.618  3.10068e-11  1.40990e-12
      4.00000      892.304  2.97076e-11  1.35421e-12
      4.00000      892.991  5.11663e-11  1.41685e-12
      4.00000      893.678  4.92903e-11  1.53887e-12
      4.00000      894.366  4.38457e-11  1.57222e-12
      4.00000      895.054  4.56025e-11  1.54344e-12
      4.00000      895.743  4.62465e-11  1.65537e-12
      4.00000      896.432  5.07025e-11  1.89512e-12
      4.00000      897.122  4.31410e-11  1.95821e-12
      4.00000      897.812  4.10613e-11  1.91074e-12
      4.00000      898.503  3.76709e-11  1.97579e-12
      4.00000      899.194  3.28026e-11  2.10647e-12
      4.00000      899.887  2.97019e-11  1.96363e-12
      4.00000      900.579  3.74434e-11  1.78340e-12
      4.00000      901.272  3.33421e-11  1.75568e-12
      4.00000      901.965  3.14425e-11  1.89159e-12
      4.00000      902.660  3.36359e-11  1.81813e-12
      4.00000      903.354  2.79626e-11  1.64628e-12
      4.00000      904.050  2.90221e-11  1.70371e-12
      4.00000      904.745  2.98618e-11  1.83792e-12
      4.00000      905.441  3.25591e-11  1.86299e-12
      4.00000      906.138  3.91462e-11  1.80895e-12
      4.00000      906.835  3.11517e-11  1.90083e-12
      4.00000      907.533  3.04322e-11  2.19630e-12
      4.00000      908.231  3.79508e-11  2.50551e-12
      19.0000      908.931  9.35107e-12  4.31066e-12
      19.0000      909.630  2.97591e-11  3.84303e-12
      19.0000      910.330  3.93003e-11  3.33764e-12
      19.0000      911.031  4.12075e-11  3.41818e-12
      19.0000      911.732  4.42116e-11  3.28149e-12
      19.0000      912.433  3.52014e-11  3.03091e-12
      19.0000      913.135  3.74516e-11  2.72927e-12
      19.0000      913.838  3.47615e-11  2.62625e-12
      19.0000      914.541  3.80239e-11  2.70857e-12
      19.0000      915.245  4.96928e-11  2.53879e-12
      19.0000      915.949  4.52203e-11  2.20248e-12
      19.0000      916.654  3.52041e-11  2.24268e-12
      19.0000      917.360  3.36637e-11  2.25175e-12
      19.0000      918.065  3.28674e-11  2.02079e-12
      19.0000      918.771  2.62011e-11  1.85622e-12
      19.0000      919.479  2.47153e-11  1.93148e-12
      19.0000      920.187  3.92145e-11  1.94874e-12
      19.0000      920.894  4.36406e-11  1.73960e-12
      19.0000      921.603  4.31720e-11  1.64628e-12
      19.0000      922.313  6.48762e-11  1.78969e-12
      19.0000      923.022  5.88517e-11  1.74064e-12
      19.0000      923.732  3.79424e-11  1.56368e-12
      19.0000      924.443  2.77108e-11  1.50395e-12
      19.0000      925.155  2.51903e-11  1.55680e-12
      19.0000      925.867  2.21779e-11  1.50297e-12
      19.0000      926.579  2.53626e-11  1.37972e-12
      19.0000      927.292  2.59084e-11  1.34525e-12
      19.0000      928.005  1.91412e-11  1.39522e-12
      19.0000      928.720  2.15804e-11  1.40036e-12
      19.0000      929.435  3.40207e-11  1.32523e-12
      19.0000      930.149  4.11818e-11  1.38256e-12
      19.0000      930.866  3.22643e-11  1.46259e-12
      19.0000      931.582  2.44390e-11  1.42392e-12
      19.0000      932.298  2.68606e-11  1.35056e-12
      19.0000      933.016  2.14568e-11  1.32113e-12
      19.0000      933.734  2.06857e-11  1.45265e-12
      19.0000      934.453  2.15866e-11  1.44835e-12
      19.0000      935.172  1.79104e-11  1.36600e-12
      19.0000      935.891  1.76176e-11  1.42412e-12
      19.0000      936.611  2.09577e-11  1.60589e-12
      19.0000      937.332  2.12701e-11  1.58945e-12
      4.00000      938.054  1.19067e-11  1.50881e-12
      4.00000      938.775  8.89105e-12  1.67937e-12
      4.00000      939.498  2.89996e-11  1.80682e-12
      4.00000      940.221  3.03726e-11  1.71491e-12
      4.00000      940.944  1.68080e-11  1.60074e-12
      4.00000      941.668  1.79064e-11  1.71354e-12
      4.00000      942.393  1.47398e-11  1.64595e-12
      4.00000      943.118  3.00504e-11  1.46011e-12
      4.00000      943.844  3.88055e-11  1.42078e-12
      4.00000      944.570  3.32169e-11  1.53642e-12
      4.00000      945.298  3.34789e-11  1.51918e-12
      4.00000      946.025  4.76985e-11          NaN
      4.00000      946.753  5.41480e-11          NaN
      4.00000      947.481  5.44861e-11  1.50426e-12
      4.00000      948.211  6.16227e-11  1.50776e-12
      4.00000      948.939  1.01638e-10  1.53044e-12
      4.00000      949.670  1.28713e-10  1.65985e-12
      4.00000      950.401  9.32534e-11  1.76419e-12
      4.00000      951.133  6.20139e-11          NaN
      4.00000      951.864  5.38431e-11          NaN
      4.00000      952.597  4.11258e-11  1.71533e-12
      4.00000      953.330  2.66190e-11  1.98427e-12
      4.00000      954.064  2.16453e-11  2.05451e-12
      4.00000      954.798  1.93399e-11  1.97366e-12
      4.00000      955.532  2.10286e-11  2.31619e-12
      4.00000      956.268  1.97270e-11  2.68803e-12
      4.00000      957.004  2.64102e-11  2.51958e-12
      4.00000      957.740  2.55299e-11  2.30964e-12
      20.0000      958.477  2.70718e-11  2.58551e-12
      20.0000      959.214  2.90046e-11  2.55163e-12
      20.0000      959.953  1.88685e-11  2.76459e-12
      20.0000      960.691  1.93026e-11  2.60462e-12
      20.0000      961.430  1.80371e-11  2.05673e-12
      20.0000      962.170  2.17369e-11  2.13360e-12
      20.0000      962.911  2.01483e-11  2.22447e-12
      20.0000      963.652  2.01705e-11  1.93056e-12
      20.0000      964.394  2.15599e-11  1.98821e-12
      20.0000      965.135  1.79331e-11  2.17434e-12
      20.0000      965.878  1.26680e-11  2.13679e-12
      20.0000      966.622  9.28324e-12  1.88479e-12
      20.0000      967.365 -2.16855e-11  1.93579e-12
      20.0000      968.110  2.47097e-11  2.04695e-12
      20.0000      968.855  3.85512e-11  1.89071e-12
      20.0000      969.600  4.12176e-11  1.72926e-12
      20.0000      970.346  2.81973e-11  1.78655e-12
      20.0000      971.093  2.32653e-11  1.82629e-12
      20.0000      971.840  1.44289e-11  1.65705e-12
      20.0000      972.589  6.55687e-12  1.53248e-12
      20.0000      973.336  8.76517e-12  1.57289e-12
      20.0000      974.085  1.13498e-11  1.56334e-12
      20.0000      974.836  1.24199e-11  1.40632e-12
      20.0000      975.585  1.54564e-11  1.36329e-12
      20.0000      976.337  1.50607e-11  1.45265e-12
      20.0000      977.087  1.48364e-11  1.45908e-12
      20.0000      977.839  2.18686e-11  1.36718e-12
      20.0000      978.592  2.99429e-11  1.37040e-12
      20.0000      979.345  2.35570e-11  1.45590e-12
      20.0000      980.098  1.44084e-11  1.42848e-12
      20.0000      980.853  1.51933e-11          NaN
      20.0000      981.608  1.36595e-11          NaN
      20.0000      982.363  1.05878e-11  1.45674e-12
      20.0000      983.119  9.38409e-12  1.43075e-12
      20.0000      983.875  8.41978e-12  1.36243e-12
      20.0000      984.633  9.63176e-12  1.51283e-12
      20.0000      985.391  1.20840e-11  1.63463e-12
      20.0000      986.149  2.05313e-11  1.52803e-12
      20.0000      986.908  2.67228e-11  1.54516e-12
      20.0000      987.667  3.22627e-11  1.75253e-12
      20.0000      988.427  3.40920e-11  1.85051e-12
      20.0000      989.187  1.25331e-11  1.65911e-12
      20.0000      989.949  1.27211e-11  1.81255e-12
      20.0000      990.710  5.46919e-12  2.05393e-12
      20.0000      991.473  1.04294e-11  1.83151e-12
      20.0000      992.236  1.03643e-11  1.64010e-12
      20.0000      992.999  1.37496e-11  1.79761e-12
      20.0000      993.763  1.06930e-11  1.78260e-12
      20.0000      994.528  1.08109e-11  1.52362e-12
      20.0000      995.293  1.19456e-11  1.56496e-12
      20.0000      996.060  1.15245e-11  1.70256e-12
      20.0000      996.826  1.78124e-11  1.59863e-12
      20.0000      997.593  2.10805e-11  1.47085e-12
      20.0000      998.361  1.93476e-11  1.58064e-12
      20.0000      999.129  1.56940e-11  1.68876e-12
      20.0000      999.898  1.32832e-11  1.59619e-12
      20.0000      1000.67  1.54722e-11  1.51221e-12
      20.0000      1001.44  1.50986e-11  1.71466e-12
      20.0000      1002.21  1.12319e-11  1.93206e-12
      20.0000      1002.98  8.86279e-12  1.94445e-12
      20.0000      1003.75  2.88862e-12  2.05429e-12
      20.0000      1004.52  5.91218e-12  2.45132e-12
      20.0000      1005.30  1.77482e-12  2.74168e-12
      20.0000      1006.07  1.56278e-11  2.61292e-12
      20.0000      1006.84  2.38930e-11  3.08577e-12
      20.0000      1007.62  2.95531e-11  3.62197e-12
