      11.0000      514.419  5.20494e-10  8.50285e-12
      11.0000      514.815  5.98598e-10  8.77616e-12
      11.0000      515.211  5.75602e-10  9.05053e-12
      11.0000      515.607  5.36426e-10  8.70504e-12
      11.0000      516.004  5.46692e-10  1.13572e-11
      11.0000      516.401  5.31253e-10  1.00178e-11
      11.0000      516.799  5.12188e-10  8.87278e-12
      11.0000      517.196  5.24735e-10  8.65992e-12
      11.0000      517.594  5.35286e-10  9.02039e-12
      11.0000      517.992  5.13625e-10  8.99502e-12
      11.0000      518.391  5.74270e-10  1.14488e-11
      11.0000      518.790  5.45160e-10  8.45626e-12
      11.0000      519.189  5.40382e-10  9.63827e-12
      11.0000      519.589  5.56316e-10  8.71043e-12
      11.0000      519.989  4.98719e-10  7.02411e-12
      11.0000      520.389  5.28381e-10  8.12989e-12
      11.0000      520.789  5.24822e-10  8.86881e-12
      11.0000      521.190  5.08051e-10  8.79929e-12
      11.0000      521.591  5.34268e-10  8.68953e-12
      11.0000      521.992  5.16624e-10  8.28217e-12
      11.0000      522.394  4.93611e-10  6.98298e-12
      11.0000      522.796  5.50378e-10  7.63910e-12
      11.0000      523.198  5.24230e-10  1.21566e-11
      11.0000      523.601  5.00057e-10  7.03292e-12
      11.0000      524.004  5.03645e-10          NaN
      11.0000      524.407  5.04171e-10          NaN
      11.0000      524.811  4.98080e-10  5.72459e-12
      11.0000      525.214  4.91362e-10  4.84778e-12
      11.0000      525.619  4.89654e-10  4.94946e-12
      11.0000      526.023  5.23299e-10  4.95962e-12
      11.0000      526.428  5.85153e-10  5.79141e-12
      11.0000      526.833  5.43014e-10  5.48124e-12
      11.0000      527.238  4.96192e-10  5.26263e-12
      11.0000      527.644  5.21994e-10  5.30308e-12
      11.0000      528.050  5.11916e-10  5.11569e-12
      11.0000      528.457  4.73644e-10  4.78657e-12
      11.0000      528.863  4.76847e-10  5.11136e-12
      11.0000      529.270  4.99519e-10  5.39221e-12
      11.0000      529.678  5.08714e-10  5.69036e-12
      11.0000      530.085  4.94615e-10  5.41663e-12
      11.0000      530.493  4.83503e-10  4.89133e-12
      11.0000      530.901  4.81289e-10  5.20301e-12
      11.0000      531.310  4.83966e-10  5.08614e-12
      11.0000      531.719  4.63470e-10  4.73038e-12
      11.0000      532.128  4.60275e-10  4.89418e-12
      11.0000      532.537  4.69762e-10  5.21133e-12
      11.0000      532.947  4.85738e-10  5.29212e-12
      11.0000      533.357  4.63084e-10  4.65639e-12
      11.0000      533.768  4.59256e-10  4.29670e-12
      11.0000      534.179  4.63514e-10  4.35823e-12
      11.0000      534.590  4.66389e-10  4.77087e-12
      11.0000      535.001  4.54285e-10  4.77042e-12
      11.0000      535.413  4.59328e-10  4.77886e-12
      11.0000      535.825  4.55760e-10  4.63382e-12
      11.0000      536.237  4.58909e-10  4.54533e-12
      11.0000      536.650  4.61900e-10  4.25456e-12
      11.0000      537.063  4.62244e-10  4.42570e-12
      11.0000      537.476  4.47890e-10  4.42182e-12
      11.0000      537.889  4.54065e-10          NaN
      11.0000      538.304  4.53897e-10          NaN
      11.0000      538.718  4.49878e-10  4.34751e-12
      11.0000      539.132  4.89606e-10  4.27087e-12
      11.0000      539.547  4.71380e-10  4.08042e-12
      11.0000      539.962  4.35997e-10          NaN
      11.0000      540.378  4.45753e-10          NaN
      11.0000      540.794  4.41043e-10  4.33574e-12
      11.0000      541.210  4.21218e-10  4.28266e-12
      11.0000      541.626  4.34641e-10  4.15551e-12
      11.0000      542.043  4.37112e-10  3.80335e-12
      11.0000      542.460  4.35905e-10  3.78120e-12
      11.0000      542.878  4.32918e-10  3.77519e-12
      11.0000      543.295  4.26434e-10  3.89762e-12
      11.0000      543.713  4.15954e-10  4.02542e-12
      11.0000      544.132  4.42127e-10  4.10545e-12
      11.0000      544.550  4.45877e-10  3.76514e-12
      11.0000      544.970  4.47070e-10  3.65292e-12
      11.0000      545.389  4.28378e-10  3.44330e-12
      11.0000      545.809  4.22514e-10  3.45048e-12
      11.0000      546.229  4.20705e-10  3.57045e-12
      11.0000      546.649  4.26160e-10  3.71086e-12
      11.0000      547.070  4.54244e-10  3.62459e-12
      11.0000      547.491  4.60653e-10  3.50208e-12
      11.0000      547.912  4.51515e-10  3.30702e-12
      11.0000      548.334  4.47910e-10  3.29821e-12
      11.0000      548.756  4.40559e-10  3.27162e-12
      11.0000      549.178  4.41064e-10  3.50954e-12
      11.0000      549.600  4.45696e-10  3.64557e-12
      11.0000      550.024  4.47050e-10  3.65767e-12
      11.0000      550.447  4.40680e-10  3.55662e-12
      11.0000      550.870  4.40011e-10  3.41844e-12
      11.0000      551.294  4.22888e-10  3.55958e-12
      11.0000      551.718  4.36576e-10  3.90186e-12
      11.0000      552.143  4.51451e-10  4.33587e-12
      11.0000      552.568  4.34212e-10  4.34736e-12
      11.0000      552.993  4.29220e-10  4.31870e-12
      11.0000      553.418  4.29772e-10  4.22399e-12
      11.0000      553.844  4.36076e-10  4.32277e-12
      11.0000      554.271  4.36462e-10  4.49311e-12
      11.0000      554.697  4.28277e-10  4.58812e-12
      11.0000      555.124  4.29702e-10  4.83252e-12
      11.0000      555.551  4.32275e-10  4.69240e-12
      11.0000      555.979  4.34389e-10  4.49638e-12
      11.0000      556.407  4.36795e-10  4.41212e-12
      11.0000      556.835  4.40569e-10  4.17674e-12
      11.0000      557.263  4.39670e-10  4.18052e-12
      11.0000      557.692  4.35893e-10  4.17405e-12
      11.0000      558.121  4.38354e-10  4.15924e-12
      11.0000      558.551  4.37610e-10  3.99568e-12
      11.0000      558.981  4.35236e-10  3.81835e-12
      11.0000      559.411  4.37617e-10  3.81710e-12
      4.00000      559.841  4.27647e-10  3.84589e-12
      4.00000      560.272  4.28107e-10  4.24765e-12
      4.00000      560.703  4.41743e-10  4.32185e-12
      12.0000      561.135  4.34747e-10  8.98836e-12
      12.0000      561.567  4.27360e-10  8.47146e-12
      12.0000      561.999  4.72721e-10  8.58841e-12
      12.0000      562.431  4.60217e-10  9.79587e-12
      12.0000      562.864  4.59330e-10  7.70512e-12
      12.0000      563.297  4.39223e-10  9.03152e-12
      12.0000      563.731  4.48281e-10  7.67135e-12
      12.0000      564.164  4.56574e-10  7.32117e-12
      12.0000      564.599  4.47236e-10  6.77640e-12
      12.0000      565.033  4.45470e-10  7.39737e-12
      12.0000      565.468  4.58255e-10  6.88771e-12
      12.0000      565.903  4.42970e-10  6.80584e-12
      12.0000      566.338  4.28979e-10  6.05198e-12
      12.0000      566.774  4.55904e-10  6.41805e-12
      12.0000      567.210  4.81241e-10  3.03643e-11
      12.0000      567.647  5.08838e-10  5.25973e-11
      12.0000      568.084  4.95682e-10  5.30378e-12
      12.0000      568.521  4.83186e-10  5.39419e-12
      12.0000      568.958  4.62122e-10  5.49619e-12
      12.0000      569.396  4.53542e-10  5.23187e-12
      12.0000      569.834  4.61895e-10          NaN
      12.0000      570.273  4.56397e-10          NaN
      12.0000      570.711  4.66111e-10  5.69326e-12
      12.0000      571.151  4.50156e-10  5.21996e-12
      12.0000      571.590  4.42162e-10  4.69660e-12
      12.0000      572.030  4.37372e-10  4.77826e-12
      12.0000      572.470  4.41517e-10  4.67185e-12
      12.0000      572.911  4.40566e-10  4.80373e-12
      12.0000      573.352  4.59075e-10  4.62982e-12
      12.0000      573.793  4.56926e-10  4.72780e-12
      12.0000      574.234  4.44253e-10  4.38447e-12
      12.0000      574.676  4.43762e-10  4.62135e-12
      12.0000      575.119  4.50686e-10  4.70708e-12
      12.0000      575.561  4.54316e-10  4.86407e-12
      12.0000      576.004  4.38020e-10  4.51387e-12
      12.0000      576.447  4.56494e-10  4.48337e-12
      12.0000      576.891  4.41922e-10  4.24289e-12
      12.0000      577.335  4.42087e-10  4.16379e-12
      12.0000      577.779  4.43936e-10  4.79482e-12
      12.0000      578.224  4.46798e-10  4.56013e-12
      12.0000      578.669  4.32682e-10  4.10392e-12
      12.0000      579.114  4.39471e-10          NaN
      12.0000      579.560  4.37264e-10          NaN
      12.0000      580.006  4.30167e-10  4.28853e-12
      12.0000      580.452  4.34754e-10  3.95033e-12
      12.0000      580.899  4.42552e-10  4.13835e-12
      12.0000      581.346  4.33114e-10  4.24824e-12
      12.0000      581.793  4.34996e-10  3.94462e-12
      12.0000      582.241  4.33467e-10          NaN
      12.0000      582.689  4.34202e-10          NaN
      12.0000      583.137  4.45569e-10  3.62307e-12
      12.0000      583.586  4.47156e-10  3.88232e-12
      12.0000      584.035  4.59156e-10  3.83010e-12
      12.0000      584.484  4.72152e-10  3.71683e-12
      12.0000      584.934  4.36247e-10  3.37710e-12
      12.0000      585.384  4.09141e-10  3.47382e-12
      12.0000      585.835  4.07246e-10  3.36878e-12
      12.0000      586.286  4.92770e-10  3.66669e-12
      12.0000      586.737  1.04946e-09  4.92103e-12
      12.0000      587.188  1.42739e-09  5.63561e-12
      12.0000      587.640  6.00737e-10  3.84177e-12
      12.0000      588.092  4.48026e-10  3.37890e-12
      12.0000      588.545  4.15071e-10  3.40081e-12
      12.0000      588.998  4.07138e-10  3.49817e-12
      12.0000      589.451  4.37313e-10  3.69294e-12
      12.0000      589.905  4.28394e-10  3.58595e-12
      12.0000      590.359  4.26554e-10  3.44468e-12
      12.0000      590.813  4.18612e-10  3.30457e-12
      12.0000      591.267  3.96875e-10  3.29449e-12
      12.0000      591.723  3.94222e-10  3.39705e-12
      12.0000      592.178  4.10600e-10  3.56357e-12
      12.0000      592.634  4.08396e-10  3.52667e-12
      12.0000      593.090  4.05952e-10  3.22658e-12
      12.0000      593.546  4.02880e-10  3.00374e-12
      12.0000      594.003  4.00307e-10  3.04607e-12
      12.0000      594.460  3.95411e-10  3.20681e-12
      12.0000      594.917  4.01246e-10  3.19141e-12
      12.0000      595.375  3.93367e-10  3.01408e-12
      12.0000      595.833  4.02902e-10  2.84944e-12
      12.0000      596.292  4.08656e-10  2.74354e-12
      12.0000      596.751  4.03337e-10  2.75359e-12
      12.0000      597.210  4.00759e-10  2.80640e-12
      12.0000      597.669  3.97813e-10  2.87212e-12
      12.0000      598.129  3.90436e-10  2.86218e-12
      12.0000      598.589  3.90224e-10  2.77334e-12
      12.0000      599.050  3.91096e-10  2.65766e-12
      12.0000      599.511  3.84531e-10  2.68053e-12
      12.0000      599.972  3.77105e-10  2.75596e-12
      12.0000      600.434  3.87484e-10  2.95231e-12
      12.0000      600.896  3.81863e-10  3.12207e-12
      12.0000      601.359  3.81995e-10  3.05994e-12
      12.0000      601.822  3.89564e-10  3.03983e-12
      12.0000      602.284  4.18064e-10  3.25800e-12
      12.0000      602.748  4.66615e-10  3.47549e-12
      12.0000      603.212  4.41774e-10  3.83989e-12
      12.0000      603.676  4.57483e-10  4.07034e-12
      12.0000      604.141  4.14426e-10  3.92417e-12
      12.0000      604.606  3.86479e-10  3.80621e-12
      4.00000      605.071  3.89043e-10  3.73688e-12
      4.00000      605.537  4.30539e-10          NaN
      4.00000      606.002  6.85855e-10          NaN
      4.00000      606.469  6.58230e-10          NaN
      4.00000      606.935  5.30927e-10  4.20808e-12
      4.00000      607.402  4.72154e-10  3.79431e-12
      4.00000      607.870  4.08678e-10  3.44245e-12
      4.00000      608.338  4.00335e-10  3.41231e-12
      4.00000      608.806  3.76852e-10  3.44425e-12
      4.00000      609.274  3.77115e-10  3.48211e-12
      4.00000      609.743  3.72990e-10  3.43663e-12
      13.0000      610.212  3.83943e-10  8.32156e-12
      13.0000      610.682  3.32751e-10  8.67720e-12
      13.0000      611.152  3.28734e-10  7.23575e-12
      13.0000      611.622  3.59194e-10  7.59561e-12
      13.0000      612.093  3.27874e-10  8.33904e-12
      13.0000      612.564  3.35534e-10  7.96717e-12
      13.0000      613.035  3.29962e-10  7.31911e-12
      13.0000      613.507  3.37506e-10  8.09487e-12
      13.0000      613.979  3.41802e-10  6.33292e-12
      13.0000      614.451  3.33991e-10  6.08528e-12
      13.0000      614.924  3.28042e-10  5.43868e-12
      13.0000      615.397  3.35304e-10  5.83331e-12
      13.0000      615.871  3.29418e-10  5.36974e-12
      13.0000      616.345  3.35693e-10  6.26762e-12
      13.0000      616.819  3.29548e-10  4.98324e-12
      13.0000      617.294  3.26918e-10  4.84295e-12
      13.0000      617.769  3.21479e-10  4.11428e-12
      13.0000      618.245  3.26198e-10  5.17543e-12
      13.0000      618.720  3.20262e-10  5.96871e-12
      13.0000      619.196  3.11221e-10  4.38244e-12
      13.0000      619.673  3.14323e-10  4.33523e-12
      13.0000      620.150  3.11679e-10  4.59196e-12
      13.0000      620.627  3.13769e-10          NaN
      13.0000      621.105  3.13872e-10          NaN
      13.0000      621.582  3.15799e-10  3.86164e-12
      13.0000      622.061  2.92806e-10  3.73546e-12
      13.0000      622.539  2.92133e-10  3.39355e-12
      13.0000      623.018  3.02263e-10  3.11158e-12
      13.0000      623.498  3.01847e-10  3.15556e-12
      13.0000      623.978  3.15519e-10  3.14781e-12
      13.0000      624.458  3.21466e-10  3.15421e-12
      13.0000      624.938  3.35116e-10  3.00984e-12
      13.0000      625.419  3.20913e-10  2.88326e-12
      13.0000      625.901  2.96187e-10  2.83280e-12
      13.0000      626.382  2.84684e-10  2.87899e-12
      13.0000      626.864  2.78751e-10  2.84500e-12
      13.0000      627.347  2.88938e-10  2.82745e-12
      13.0000      627.830  3.16937e-10  2.76125e-12
      13.0000      628.312  3.06983e-10  2.62238e-12
      13.0000      628.796  2.95740e-10  2.67945e-12
      13.0000      629.280  2.82553e-10  2.64719e-12
      13.0000      629.764  2.85167e-10  2.63832e-12
      13.0000      630.249  3.00519e-10  2.55939e-12
      13.0000      630.734  3.06981e-10  2.45050e-12
      13.0000      631.219  3.29566e-10  2.50191e-12
      13.0000      631.705  3.30541e-10  2.49625e-12
      13.0000      632.191  3.27130e-10  2.57066e-12
      13.0000      632.678  3.56949e-10  2.56784e-12
      13.0000      633.164  3.88983e-10  2.50553e-12
      13.0000      633.652  3.75942e-10  2.43900e-12
      13.0000      634.139  3.57235e-10  2.38271e-12
      13.0000      634.627  3.42574e-10  2.37135e-12
      13.0000      635.115  3.13762e-10  2.37503e-12
      13.0000      635.604  2.85244e-10  2.29555e-12
      13.0000      636.094  2.72702e-10  2.19903e-12
      13.0000      636.583  2.62428e-10  2.10277e-12
      13.0000      637.073  2.42545e-10  2.08994e-12
      13.0000      637.563  2.34577e-10  2.15844e-12
      13.0000      638.054  2.36010e-10  2.14174e-12
      13.0000      638.545  2.25418e-10  2.11815e-12
      13.0000      639.036  2.19948e-10  2.01762e-12
      13.0000      639.528  2.22383e-10  1.98151e-12
      13.0000      640.020  2.22718e-10  2.07983e-12
      13.0000      640.512  2.17871e-10  2.08304e-12
      13.0000      641.005  2.16303e-10  2.11117e-12
      13.0000      641.499  2.24481e-10  2.06339e-12
      13.0000      641.992  2.22126e-10  1.98605e-12
      13.0000      642.486  2.18143e-10  2.01443e-12
      13.0000      642.981  2.35564e-10  2.22498e-12
      13.0000      643.475  2.32330e-10  2.36479e-12
      13.0000      643.971  2.09732e-10  2.32187e-12
      13.0000      644.466  2.12333e-10  2.28995e-12
      13.0000      644.962  1.95070e-10  2.25942e-12
      13.0000      645.459  1.96246e-10  2.40309e-12
      13.0000      645.955  1.95140e-10  2.61903e-12
      13.0000      646.452  1.92941e-10  2.85207e-12
      13.0000      646.950  1.97862e-10  2.72335e-12
      13.0000      647.447  1.91575e-10  2.61484e-12
      13.0000      647.946  1.83284e-10  2.57210e-12
      13.0000      648.445  1.93784e-10  2.76435e-12
      13.0000      648.943  1.96510e-10  3.05257e-12
      13.0000      649.443  1.76055e-10  2.76737e-12
      13.0000      649.942  1.82296e-10  2.64493e-12
      4.00000      650.442  1.84668e-10  2.48889e-12
      4.00000      650.943  1.66833e-10  2.35016e-12
      4.00000      651.444  1.62830e-10  2.47264e-12
      4.00000      651.945  1.69997e-10  2.40891e-12
      4.00000      652.447  1.60227e-10  2.27293e-12
      4.00000      652.949  1.70349e-10  2.15364e-12
      4.00000      653.452  1.94307e-10  2.12096e-12
      4.00000      653.955  1.77608e-10          NaN
      4.00000      654.458  1.80162e-10          NaN
      4.00000      654.961  1.96415e-10  2.34082e-12
      4.00000      655.465  1.89817e-10  2.37175e-12
      4.00000      655.970  1.78503e-10  2.25955e-12
      4.00000      656.475  1.94245e-10  2.35868e-12
      4.00000      656.980  1.73827e-10  2.61256e-12
      4.00000      657.485  1.56139e-10  2.77032e-12
      4.00000      657.991  1.86087e-10  3.06032e-12
      4.00000      658.497  1.87151e-10  2.98919e-12
      4.00000      659.004  1.71993e-10  2.88713e-12
      4.00000      659.511  2.13718e-10  3.16255e-12
      14.0000      660.019  3.05129e-10  5.14887e-12
      14.0000      660.527  2.43085e-10  5.11281e-12
      14.0000      661.035  2.36024e-10  4.97612e-12
      14.0000      661.544  2.22719e-10  4.86454e-12
      14.0000      662.053  1.91066e-10  4.63138e-12
      14.0000      662.562  1.80189e-10  4.08826e-12
      14.0000      663.072  1.81070e-10  3.96335e-12
      14.0000      663.582  1.63425e-10  3.76895e-12
      14.0000      664.093  1.64453e-10  3.84412e-12
      14.0000      664.604  1.75367e-10  4.09092e-12
      14.0000      665.116  1.80715e-10  3.32879e-12
      14.0000      665.627  2.00580e-10  3.37674e-12
      14.0000      666.140  1.74933e-10  3.15790e-12
      14.0000      666.652  2.13540e-10  3.21849e-12
      14.0000      667.165  5.53253e-10  3.79368e-12
      14.0000      667.678  8.85015e-10  4.43019e-12
      14.0000      668.192  5.32679e-10  3.66003e-12
      14.0000      668.707  2.36548e-10  2.81916e-12
      14.0000      669.221  1.76188e-10  2.67288e-12
      14.0000      669.736  2.12450e-10  2.73639e-12
      14.0000      670.252  2.78239e-10  2.72501e-12
      14.0000      670.767  2.47758e-10  2.54105e-12
      14.0000      671.283  1.76642e-10  2.28386e-12
      14.0000      671.800  1.52801e-10  2.24277e-12
      14.0000      672.317  1.99607e-10  2.35974e-12
      14.0000      672.834  2.60874e-10  2.49953e-12
      14.0000      673.352  2.62126e-10  2.44091e-12
      14.0000      673.870  3.08024e-10  2.38194e-12
      14.0000      674.389  3.76315e-10  2.52713e-12
      14.0000      674.908  4.73868e-10  2.71525e-12
      14.0000      675.427  3.86862e-10  2.60213e-12
      14.0000      675.947  2.20653e-10  2.20993e-12
      14.0000      676.467  2.20682e-10  2.10864e-12
      14.0000      676.988  3.17062e-10  2.27682e-12
      14.0000      677.509  3.93095e-10  2.48969e-12
      14.0000      678.030  2.83082e-10  2.32059e-12
      14.0000      678.552  2.02335e-10  2.12172e-12
      14.0000      679.074  3.80472e-10  2.26059e-12
      14.0000      679.597  7.60487e-10  2.90119e-12
      14.0000      680.119  6.67739e-10  2.88112e-12
      14.0000      680.643  2.66780e-10  2.21591e-12
      14.0000      681.166  2.23113e-10  2.07313e-12
      14.0000      681.691  4.00747e-10  2.29977e-12
      14.0000      682.215  5.60486e-10  2.64618e-12
      14.0000      682.740  3.26713e-10  2.26782e-12
      14.0000      683.266  1.84763e-10          NaN
      14.0000      683.792  4.84427e-10          NaN
      14.0000      684.318  1.07325e-09  3.32133e-12
      14.0000      684.844  9.02460e-10          NaN
      14.0000      685.371  2.85241e-10          NaN
      14.0000      685.899  2.66009e-10  2.15557e-12
      14.0000      686.427  5.63757e-10          NaN
      14.0000      686.955  8.16025e-10          NaN
      14.0000      687.484  3.01366e-10  2.33923e-12
      14.0000      688.012  2.29471e-10  2.07838e-12
      14.0000      688.542  6.91247e-10  2.80085e-12
      14.0000      689.072  1.88018e-09          NaN
      14.0000      689.602  1.10382e-09          NaN
      14.0000      690.133  2.24493e-10          NaN
      14.0000      690.664  2.59812e-10          NaN
      14.0000      691.195  1.02071e-09  3.93261e-12
      14.0000      691.727  1.27905e-09  4.61865e-12
      14.0000      692.260  3.35302e-10  2.85721e-12
      14.0000      692.792  2.50833e-10  2.37883e-12
      14.0000      693.326  8.57714e-10  3.73369e-12
      14.0000      693.859  2.61963e-09  6.21954e-12
      14.0000      694.393  9.69096e-10  3.82504e-12
      14.0000      694.927  2.77773e-10  2.36550e-12
      14.0000      695.462  4.23262e-10  2.64843e-12
      4.00000      695.997  1.38511e-09  4.49710e-12
      4.00000      696.533  1.06150e-09  3.46446e-12
      4.00000      697.069  3.80987e-10  2.39231e-12
      4.00000      697.605  3.66575e-10  2.40020e-12
      4.00000      698.142  1.59192e-09  4.47176e-12
      4.00000      698.679  2.08107e-09  4.51637e-12
      4.00000      699.217  8.98212e-10  2.92687e-12
      4.00000      699.755  3.27185e-10  2.20396e-12
      4.00000      700.293  8.84036e-10  3.31502e-12
      4.00000      700.832  1.57670e-09  4.19812e-12
      4.00000      701.371  1.06125e-09  3.73919e-12
      4.00000      701.911  3.13586e-10  2.14194e-12
      4.00000      702.451  6.68425e-10  2.75561e-12
      4.00000      702.992  2.67482e-09  5.29200e-12
      4.00000      703.533  2.75375e-09  6.86483e-12
      4.00000      704.074  5.94635e-10  3.36615e-12
      4.00000      704.616  3.85339e-10  2.68613e-12
      4.00000      705.158  1.40662e-09  4.82598e-12
      4.00000      705.701  2.65768e-09  7.42689e-12
      4.00000      706.244  7.51964e-10  4.55337e-12
      4.00000      706.788  2.90384e-10  2.97673e-12
      4.00000      707.332  1.13801e-09  4.84994e-12
      4.00000      707.876  3.77852e-09          NaN
      4.00000      708.421  1.87332e-09          NaN
      4.00000      708.965  4.63519e-10  3.14455e-12
      15.0000      709.511  6.76942e-10  5.73050e-12
      15.0000      710.057  1.85556e-09          NaN
      15.0000      710.604  1.91250e-09          NaN
      15.0000      711.151  5.43253e-10  4.81056e-12
      15.0000      711.698  9.72540e-10  5.08559e-12
      15.0000      712.245  2.82495e-09  7.47613e-12
      15.0000      712.793  3.65859e-09  9.18905e-12
      15.0000      713.342  1.32435e-09  5.85421e-12
      15.0000      713.891  5.50792e-10  3.98955e-12
      15.0000      714.440  1.14386e-09  4.54084e-12
      15.0000      714.990  1.93112e-09  5.78324e-12
      15.0000      715.540  1.32144e-09  5.16905e-12
      15.0000      716.091  7.99061e-10  3.95412e-12
      15.0000      716.642  1.42850e-09  4.65014e-12
      15.0000      717.193  2.61827e-09  5.78933e-12
      15.0000      717.745  2.35642e-09  5.86319e-12
      15.0000      718.297  5.87371e-10  3.46113e-12
      15.0000      718.850  5.84743e-10  3.29277e-12
      15.0000      719.403  1.75911e-09  4.60460e-12
      15.0000      719.957  2.08365e-09  5.04294e-12
      15.0000      720.511  8.15088e-10  3.55889e-12
      15.0000      721.066  4.88563e-10          NaN
      15.0000      721.620  1.73038e-09          NaN
      15.0000      722.175  2.57534e-09  5.14974e-12
      15.0000      722.731  1.34866e-09  4.04482e-12
      15.0000      723.288  6.12834e-10  3.11302e-12
      15.0000      723.844  8.91673e-10  3.42392e-12
      15.0000      724.401  1.22277e-09  3.68838e-12
      15.0000      724.959  8.05702e-10  2.99600e-12
      15.0000      725.517  2.62424e-10  2.17030e-12
      15.0000      726.075  2.36545e-10  2.36467e-12
      15.0000      726.634  2.56972e-10  2.27954e-12
      15.0000      727.193  3.36127e-10  2.24744e-12
      15.0000      727.752  1.60398e-09  3.67175e-12
      15.0000      728.312  5.99978e-09  6.76176e-12
      15.0000      728.873  2.03570e-08  1.74561e-11
      15.0000      729.434  3.41094e-08  2.63341e-11
      15.0000      729.995  2.66435e-08  2.20079e-11
      15.0000      730.557  1.38130e-08  1.11505e-11
      15.0000      731.119  8.00786e-09          NaN
      15.0000      731.681  4.65947e-09          NaN
      15.0000      732.245  1.83471e-09  4.35264e-12
      15.0000      732.808  9.36620e-10  3.13000e-12
      15.0000      733.372  1.58861e-09  3.47651e-12
      15.0000      733.936  2.67914e-09  4.94720e-12
      15.0000      734.501  1.32609e-09  3.85708e-12
      15.0000      735.067  7.04416e-10  2.95353e-12
      15.0000      735.632  1.45524e-09  3.83751e-12
      15.0000      736.198  2.61726e-09  5.36827e-12
      15.0000      736.764  1.52173e-09  4.39385e-12
      15.0000      737.332  6.54710e-10  3.16918e-12
      15.0000      737.899  1.26185e-09  3.59461e-12
      15.0000      738.467  3.62468e-09  6.53680e-12
      15.0000      739.035  2.19317e-09  5.32600e-12
      15.0000      739.604  6.34504e-10  3.22902e-12
      15.0000      740.173  6.72561e-10  3.28298e-12
      15.0000      740.742  2.43771e-09  6.07723e-12
      15.0000      741.312  1.67776e-09  5.01970e-12
      4.00000      741.883  7.27641e-10  3.29498e-12
      4.00000      742.454  6.13568e-10  3.20198e-12
      4.00000      743.025  2.86849e-09  6.71423e-12
      4.00000      743.597  2.23548e-09  5.46350e-12
      4.00000      744.169  7.64027e-10  3.19966e-12
      4.00000      744.742  5.65331e-10  2.65145e-12
      4.00000      745.315  1.79896e-09          NaN
      4.00000      745.888  1.82147e-09          NaN
      4.00000      746.463  7.76142e-10  2.93666e-12
      4.00000      747.037  6.73765e-10  2.55039e-12
      4.00000      747.612  2.24896e-09  4.80657e-12
      4.00000      748.187  2.68362e-09  4.71882e-12
      4.00000      748.763  1.05676e-09  3.36843e-12
      4.00000      749.339  5.97955e-10  2.53597e-12
      4.00000      749.916  1.54100e-09  3.71034e-12
      4.00000      750.493  2.02605e-09  4.49308e-12
      4.00000      751.070  9.64119e-10  3.43629e-12
      4.00000      751.649  6.15612e-10  2.81677e-12
      4.00000      752.227  1.93437e-09  4.26144e-12
      4.00000      752.806  2.96723e-09  6.70110e-12
      4.00000      753.385  1.17132e-09  4.31528e-12
      4.00000      753.965  4.36523e-10  2.97177e-12
      4.00000      754.545  1.13934e-09  4.47763e-12
      4.00000      755.126  2.03732e-09  6.84679e-12
      4.00000      755.707  8.42079e-10  4.18005e-12
      4.00000      756.288  3.69944e-10  3.03643e-12
      4.00000      756.870  1.45501e-09  5.51322e-12
      4.00000      757.452  2.48181e-09  7.12055e-12
      4.00000      758.035  1.00404e-09  3.83841e-12
      4.00000      758.619  3.45557e-10  2.62410e-12
      16.0000      759.202  8.88424e-10          NaN
      16.0000      759.787  1.65748e-09          NaN
      16.0000      760.371  7.43622e-10  5.05546e-12
      16.0000      760.956  3.22445e-10  4.04215e-12
      16.0000      761.542  1.21577e-09  6.25808e-12
      16.0000      762.128  2.37981e-09  8.11986e-12
      16.0000      762.715  7.93642e-10  4.76570e-12
      16.0000      763.302  3.32981e-10  3.93085e-12
      16.0000      763.889  7.54552e-10  5.04232e-12
      16.0000      764.477  1.52678e-09  6.46760e-12
      16.0000      765.065  5.89927e-10  4.16920e-12
      16.0000      765.654  3.20184e-10  3.44344e-12
      16.0000      766.243  1.03115e-09  5.19837e-12
      16.0000      766.832  2.20223e-09  7.08962e-12
      16.0000      767.423  6.55469e-10  4.15562e-12
      16.0000      768.013  3.63857e-10  3.25878e-12
      16.0000      768.604  7.25806e-10  4.14650e-12
      16.0000      769.196  1.26849e-09  5.18683e-12
      16.0000      769.787  5.17566e-10  3.67932e-12
      16.0000      770.380  4.20707e-10  3.20230e-12
      16.0000      770.973  1.05795e-09  4.55822e-12
      16.0000      771.566  1.78410e-09  5.67929e-12
      16.0000      772.160  6.52572e-10  3.91642e-12
      16.0000      772.754  4.67138e-10  3.21893e-12
      16.0000      773.349  7.75287e-10  3.76309e-12
      16.0000      773.944  1.02037e-09  4.19256e-12
      16.0000      774.539  5.97429e-10  3.44518e-12
      16.0000      775.135  5.83843e-10  3.37049e-12
      16.0000      775.732  1.22158e-09  4.42180e-12
      16.0000      776.329  1.37609e-09  4.56445e-12
      16.0000      776.927  7.32728e-10  3.49393e-12
      16.0000      777.524  6.73465e-10  3.45790e-12
      16.0000      778.122  9.93134e-10  3.90275e-12
      16.0000      778.721  9.29679e-10  3.64592e-12
      16.0000      779.321  8.47467e-10  3.42214e-12
      16.0000      779.920  8.29907e-10  3.48834e-12
      16.0000      780.520  1.32811e-09  4.19951e-12
      16.0000      781.121  1.10885e-09  3.63399e-12
      16.0000      781.722  1.01493e-09          NaN
      16.0000      782.324  9.82938e-10          NaN
      16.0000      782.926  1.19196e-09  3.70488e-12
      16.0000      783.528  1.16272e-09  3.52879e-12
      16.0000      784.131  1.15576e-09  3.36592e-12
      16.0000      784.735  1.17302e-09  3.36332e-12
      16.0000      785.339  1.43245e-09          NaN
      16.0000      785.943  1.35889e-09          NaN
      16.0000      786.548  1.39428e-09  3.50503e-12
      16.0000      787.153  1.46129e-09  3.46193e-12
      16.0000      787.758  1.49125e-09  3.47606e-12
      16.0000      788.365  1.37472e-09  3.36104e-12
      16.0000      788.971  1.48106e-09  3.62048e-12
      16.0000      789.579  1.59189e-09  3.60957e-12
      4.00000      790.186  1.73199e-09  3.56827e-12
      4.00000      790.794  1.79418e-09  3.74460e-12
      4.00000      791.403  1.85678e-09  3.91234e-12
      4.00000      792.011  1.78457e-09          NaN
      4.00000      792.621  1.68285e-09          NaN
      4.00000      793.231  1.91795e-09  3.94445e-12
      4.00000      793.842  2.02929e-09  4.33219e-12
      4.00000      794.452  2.16853e-09  4.64254e-12
      4.00000      795.064  2.02232e-09  4.76320e-12
      4.00000      795.675  2.11432e-09  4.74315e-12
      4.00000      796.288  2.25324e-09          NaN
      4.00000      796.900  2.31309e-09          NaN
      4.00000      797.514  2.11964e-09  5.91754e-12
      4.00000      798.128  2.15694e-09  5.80669e-12
      4.00000      798.742  3.04650e-09  7.10882e-12
      4.00000      799.357  2.58235e-09  6.73166e-12
      4.00000      799.972  2.17196e-09  6.26158e-12
      4.00000      800.587  1.96313e-09  5.64707e-12
      4.00000      801.203  3.09857e-09  6.57585e-12
      4.00000      801.820  2.71783e-09  5.84737e-12
      4.00000      802.437  2.58342e-09  5.76967e-12
      4.00000      803.054  2.20095e-09  5.29045e-12
      4.00000      803.672  3.18609e-09  6.25743e-12
      4.00000      804.291  3.02670e-09  5.61006e-12
      4.00000      804.910  2.48781e-09  5.33385e-12
      4.00000      805.529  2.38909e-09  5.53766e-12
      4.00000      806.149  3.52901e-09  6.59251e-12
      4.00000      806.769  4.25994e-09  7.64859e-12
      4.00000      807.390  2.51474e-09  6.03968e-12
      4.00000      808.012  2.39417e-09  6.57212e-12
      4.00000      808.633  3.08324e-09  7.36140e-12
      17.0000      809.255  4.42966e-09  1.06636e-11
      17.0000      809.878  2.69981e-09  8.01809e-12
      17.0000      810.501  2.52853e-09  7.52307e-12
      17.0000      811.125  3.30014e-09          NaN
      17.0000      811.750  4.63857e-09          NaN
      17.0000      812.374  3.06643e-09          NaN
      17.0000      812.999  2.27324e-09          NaN
      17.0000      813.625  3.88888e-09  7.37521e-12
      17.0000      814.251  6.12489e-09  9.47721e-12
      17.0000      814.878  4.37221e-09  8.49628e-12
      17.0000      815.504  2.04781e-09  5.71728e-12
      17.0000      816.132  3.28788e-09  6.38773e-12
      17.0000      816.760  5.74228e-09  8.26004e-12
      17.0000      817.389  4.92764e-09  8.13958e-12
      17.0000      818.017  1.98601e-09  5.24387e-12
      17.0000      818.647  2.89599e-09  5.72347e-12
      17.0000      819.277  5.69525e-09  7.57792e-12
      17.0000      819.907  5.75981e-09  8.14858e-12
      17.0000      820.538  2.02978e-09  5.12881e-12
      17.0000      821.170  1.91121e-09  4.61214e-12
      17.0000      821.802  5.52513e-09          NaN
      17.0000      822.434  8.14906e-09          NaN
      17.0000      823.067  3.82041e-09  6.62227e-12
      17.0000      823.700  2.42441e-09  4.93733e-12
      17.0000      824.334  5.35065e-09  6.57244e-12
      17.0000      824.969  7.43532e-09  8.45572e-12
      17.0000      825.604  3.53215e-09  6.22094e-12
      17.0000      826.239  2.07241e-09  4.63210e-12
      17.0000      826.875  4.28278e-09  5.81849e-12
      17.0000      827.511  7.04001e-09  8.16072e-12
      17.0000      828.148  4.10266e-09  6.64711e-12
      17.0000      828.785  2.14121e-09  4.79990e-12
      17.0000      829.423  3.71036e-09  5.57990e-12
      17.0000      830.061  6.85243e-09  8.23807e-12
      17.0000      830.700  4.80980e-09  7.33466e-12
      17.0000      831.339  2.15183e-09  5.01305e-12
      17.0000      831.979  2.80443e-09  5.36259e-12
      17.0000      832.619  5.25606e-09  7.57287e-12
      17.0000      833.260  4.57104e-09  7.49097e-12
      17.0000      833.901  2.00777e-09  5.22936e-12
      17.0000      834.543  2.20219e-09  5.41991e-12
      17.0000      835.185  4.30833e-09  7.48372e-12
      17.0000      835.828  4.39736e-09  7.75027e-12
      17.0000      836.471  2.12829e-09  5.66157e-12
      17.0000      837.114  2.12661e-09  5.75254e-12
      17.0000      837.759  3.67342e-09  7.07070e-12
      17.0000      838.404  3.95659e-09  7.05093e-12
      17.0000      839.049  2.29286e-09          NaN
      4.00000      839.694  2.26165e-09          NaN
      4.00000      840.340  2.95390e-09  5.87796e-12
      4.00000      840.987  3.29747e-09  5.78744e-12
      4.00000      841.634  2.47109e-09  4.75279e-12
      4.00000      842.282  2.02443e-09  4.45429e-12
      4.00000      842.930  2.50167e-09  5.00247e-12
      4.00000      843.579  2.97600e-09  5.11449e-12
      4.00000      844.228  2.58074e-09  4.59434e-12
      4.00000      844.877  2.17501e-09  4.34025e-12
      4.00000      845.528  2.16290e-09  4.52631e-12
      4.00000      846.178  2.44122e-09  4.62401e-12
      4.00000      846.830  2.25161e-09          NaN
      4.00000      847.481  2.24365e-09          NaN
      4.00000      848.133  2.08548e-09  4.82004e-12
      4.00000      848.786  2.29147e-09  5.09667e-12
      4.00000      849.439  1.97891e-09  4.91459e-12
      4.00000      850.093  1.97449e-09  5.09399e-12
      4.00000      850.747  1.63899e-09          NaN
      4.00000      851.401  2.07078e-09          NaN
      4.00000      852.057  1.79072e-09  5.83414e-12
      4.00000      852.713  1.89402e-09  6.21036e-12
      4.00000      853.368  1.47285e-09  5.88158e-12
      4.00000      854.026  1.73429e-09  6.32028e-12
      4.00000      854.683  1.39504e-09  5.34605e-12
      4.00000      855.341  1.57370e-09  5.39875e-12
      4.00000      855.999  1.38693e-09  4.98895e-12
      4.00000      856.657  1.39216e-09  5.03768e-12
      4.00000      857.316  1.25077e-09  4.65166e-12
      4.00000      857.976  1.24059e-09  4.42647e-12
      18.0000      858.637  1.08959e-09  7.21398e-12
      18.0000      859.297  1.14134e-09  6.76916e-12
      18.0000      859.958  1.13792e-09  6.56726e-12
      18.0000      860.620  1.05375e-09  6.34655e-12
      18.0000      861.283  1.01138e-09  6.13404e-12
      18.0000      861.945  9.43521e-10  5.55799e-12
      18.0000      862.608  8.69560e-10  5.37259e-12
      18.0000      863.272  8.07036e-10  5.29124e-12
      18.0000      863.937  8.64842e-10  5.30847e-12
      18.0000      864.602  7.69462e-10  4.69708e-12
      18.0000      865.267  7.39301e-10  4.58494e-12
      18.0000      865.933  6.42312e-10  4.52253e-12
      18.0000      866.599  6.44257e-10  4.44767e-12
      18.0000      867.266  5.82562e-10  4.05386e-12
      18.0000      867.934  6.10030e-10  3.98908e-12
      18.0000      868.601  5.19022e-10  3.88172e-12
      18.0000      869.270  5.21038e-10  3.81471e-12
      18.0000      869.938  4.73442e-10  3.55141e-12
      18.0000      870.608  4.57665e-10  3.44229e-12
      18.0000      871.277  3.74331e-10  3.37015e-12
      18.0000      871.948  4.07044e-10  3.38174e-12
      18.0000      872.619  3.89894e-10  3.25087e-12
      18.0000      873.291  3.54589e-10  3.02929e-12
      18.0000      873.962  2.94034e-10  3.02220e-12
      18.0000      874.635  2.79155e-10  2.99771e-12
      18.0000      875.308  2.62205e-10  2.76821e-12
      18.0000      875.982  2.49283e-10  2.61244e-12
      18.0000      876.656  2.32910e-10  2.65646e-12
      18.0000      877.331  2.02902e-10  2.57376e-12
      18.0000      878.005  2.00826e-10  2.36381e-12
      18.0000      878.681  1.86118e-10  2.23855e-12
      18.0000      879.357  1.51741e-10  2.15226e-12
      18.0000      880.035  1.47016e-10  2.15495e-12
      18.0000      880.711  1.57544e-10  2.02311e-12
      18.0000      881.389  1.37968e-10  1.86764e-12
      18.0000      882.068  1.21856e-10  1.86309e-12
      18.0000      882.747  1.14705e-10  1.81865e-12
      18.0000      883.426  1.09968e-10  1.68042e-12
      18.0000      884.105  1.02659e-10  1.58618e-12
      18.0000      884.786  9.29737e-11  1.56835e-12
      18.0000      885.467  8.56220e-11  1.58233e-12
      18.0000      886.148  8.09270e-11  1.46552e-12
      18.0000      886.830  7.89706e-11  1.37902e-12
      18.0000      887.512  6.89144e-11  1.39246e-12
      18.0000      888.195  6.19322e-11  1.40536e-12
      4.00000      888.879  5.23796e-11  1.35176e-12
      4.00000      889.563  5.77458e-11  1.29794e-12
      4.00000      890.248  7.32799e-11  1.34174e-12
      4.00000      890.932  5.72890e-11  1.45456e-12
      4.00000      891.618  3.44755e-11  1.44783e-12
      4.00000      892.304  4.29468e-11  1.32718e-12
      4.00000      892.991  5.39893e-11  1.40140e-12
      4.00000      893.678  5.06819e-11  1.51801e-12
      4.00000      894.366  4.66795e-11  1.56962e-12
      4.00000      895.054  3.87134e-11  1.52642e-12
      4.00000      895.743  4.07387e-11  1.64884e-12
      4.00000      896.432  3.96395e-11  1.88394e-12
      4.00000      897.122  4.16957e-11  1.95248e-12
      4.00000      897.812  5.20257e-11  1.89023e-12
      4.00000      898.503  4.41666e-11  1.95911e-12
      4.00000      899.194  3.78059e-11  2.10158e-12
      4.00000      899.887  5.29378e-11  1.97331e-12
      4.00000      900.579  3.84892e-11  1.78546e-12
      4.00000      901.272  3.17791e-11  1.75646e-12
      4.00000      901.965  3.43150e-11  1.89915e-12
      4.00000      902.660  3.91707e-11  1.81184e-12
      4.00000      903.354  3.61327e-11  1.65436e-12
      4.00000      904.050  4.08831e-11  1.70945e-12
      4.00000      904.745  3.57051e-11  1.83515e-12
      4.00000      905.441  3.57696e-11  1.86882e-12
      4.00000      906.138  3.08207e-11  1.81533e-12
      4.00000      906.835  2.70877e-11  1.90261e-12
      4.00000      907.533  3.26181e-11  2.22017e-12
      4.00000      908.231  4.48664e-11  2.50363e-12
      19.0000      908.931  2.32596e-11  4.30064e-12
      19.0000      909.630  3.81803e-11  3.81120e-12
      19.0000      910.330  4.14923e-11  3.37062e-12
      19.0000      911.031  4.28634e-11  3.46849e-12
      19.0000      911.732  4.02119e-11  3.29754e-12
      19.0000      912.433  3.66462e-11  3.01504e-12
      19.0000      913.135  3.54771e-11  2.78374e-12
      19.0000      913.838  3.54640e-11  2.61157e-12
      19.0000      914.541  4.65001e-11  2.73087e-12
      19.0000      915.245  5.59335e-11  2.53110e-12
      19.0000      915.949  3.67732e-11  2.20177e-12
      19.0000      916.654  2.71978e-11  2.23674e-12
      19.0000      917.360  3.66912e-11  2.23009e-12
      19.0000      918.065  3.15261e-11  2.02736e-12
      19.0000      918.771  2.54209e-11  1.85680e-12
      19.0000      919.479  3.20858e-11  1.93590e-12
      19.0000      920.187  4.18112e-11  1.94605e-12
      19.0000      920.894  3.94031e-11  1.74195e-12
      19.0000      921.603  4.30012e-11  1.66635e-12
      19.0000      922.313  6.09892e-11  1.79971e-12
      19.0000      923.022  4.90289e-11  1.72876e-12
      19.0000      923.732  3.17781e-11  1.53875e-12
      19.0000      924.443  2.64432e-11  1.47280e-12
      19.0000      925.155  1.86420e-11  1.53633e-12
      19.0000      925.867  1.35160e-11  1.51361e-12
      19.0000      926.579  1.93679e-11  1.39686e-12
      19.0000      927.292  1.95710e-11  1.34943e-12
      19.0000      928.005  1.76325e-11  1.40093e-12
      19.0000      928.720  2.92411e-11  1.40127e-12
      19.0000      929.435  3.73475e-11  1.32090e-12
      19.0000      930.149  3.22865e-11  1.32031e-12
      19.0000      930.866  2.47379e-11  1.38205e-12
      19.0000      931.582  2.19906e-11  1.41351e-12
      19.0000      932.298  2.05203e-11  1.31868e-12
      19.0000      933.016  1.63578e-11  1.32299e-12
      19.0000      933.734  1.56020e-11  1.46713e-12
      19.0000      934.453  1.66205e-11  1.45837e-12
      19.0000      935.172  1.36723e-11  1.35622e-12
      19.0000      935.891  1.94892e-11  1.41566e-12
      19.0000      936.611  2.16265e-11  1.60620e-12
      19.0000      937.332  1.53500e-11  1.59735e-12
      4.00000      938.054  1.75680e-12  1.50053e-12
      4.00000      938.775  1.07585e-11  1.69394e-12
      4.00000      939.498  1.75305e-11  1.84144e-12
      4.00000      940.221  2.15979e-11  1.72212e-12
      4.00000      940.944  2.32714e-11  1.58757e-12
      4.00000      941.668  1.14980e-11  1.67439e-12
      4.00000      942.393  1.09418e-11  1.64197e-12
      4.00000      943.118  2.24853e-11  1.46454e-12
      4.00000      943.844  2.46548e-11  1.39561e-12
      4.00000      944.570  3.45284e-11  1.52665e-12
      4.00000      945.298  3.73765e-11  1.51533e-12
      4.00000      946.025  5.04565e-11          NaN
      4.00000      946.753  5.58679e-11          NaN
      4.00000      947.481  5.62825e-11  1.49929e-12
      4.00000      948.211  6.91740e-11  1.52791e-12
      4.00000      948.939  1.16719e-10  1.56776e-12
      4.00000      949.670  1.30414e-10  1.63859e-12
      4.00000      950.401  9.02581e-11  1.68955e-12
      4.00000      951.133  6.37184e-11          NaN
      4.00000      951.864  4.73526e-11          NaN
      4.00000      952.597  3.98932e-11  1.67375e-12
      4.00000      953.330  2.62925e-11  1.97648e-12
      4.00000      954.064  1.67897e-11  2.06230e-12
      4.00000      954.798  1.64505e-11  1.97399e-12
      4.00000      955.532  2.19385e-11  2.30897e-12
      4.00000      956.268  1.85632e-11  2.71124e-12
      4.00000      957.004  2.25714e-11  2.55154e-12
      4.00000      957.740  2.33112e-11  2.30814e-12
      20.0000      958.477  3.58102e-11  2.59860e-12
      20.0000      959.214  2.96546e-11  2.53720e-12
      20.0000      959.953  2.86588e-11  2.75898e-12
      20.0000      960.691  1.99037e-11  2.62017e-12
      20.0000      961.430  2.27195e-11  2.06208e-12
      20.0000      962.170  2.30156e-11  2.15912e-12
      20.0000      962.911  2.27719e-11  2.24243e-12
      20.0000      963.652  2.04639e-11  2.00615e-12
      20.0000      964.394  1.94334e-11  2.01650e-12
      20.0000      965.135  2.08695e-11  2.19554e-12
      20.0000      965.878  1.45626e-11  2.17003e-12
      20.0000      966.622  1.33743e-11  1.91850e-12
      20.0000      967.365 -1.72721e-11  1.97571e-12
      20.0000      968.110  3.00908e-11  2.05851e-12
      20.0000      968.855  4.10723e-11  1.92110e-12
      20.0000      969.600  4.36272e-11  1.74598e-12
      20.0000      970.346  2.61138e-11  1.77691e-12
      20.0000      971.093  2.21040e-11  1.80403e-12
      20.0000      971.840  1.29671e-11  1.66294e-12
      20.0000      972.589  1.15678e-11  1.52815e-12
      20.0000      973.336  1.35386e-11  1.56263e-12
      20.0000      974.085  9.12423e-12  1.55215e-12
      20.0000      974.836  1.13274e-11  1.41633e-12
      20.0000      975.585  1.42232e-11  1.39710e-12
      20.0000      976.337  1.50279e-11  1.49381e-12
      20.0000      977.087  1.92732e-11  1.47621e-12
      20.0000      977.839  2.60395e-11  1.36833e-12
      20.0000      978.592  3.10998e-11  1.36782e-12
      20.0000      979.345  2.34486e-11  1.43729e-12
      20.0000      980.098  1.43526e-11  1.39592e-12
      20.0000      980.853  1.14746e-11          NaN
      20.0000      981.608  6.36846e-12          NaN
      20.0000      982.363  7.87685e-12  1.45594e-12
      20.0000      983.119  1.08212e-11  1.43520e-12
      20.0000      983.875  8.68021e-12  1.36553e-12
      20.0000      984.633  9.94999e-12  1.51056e-12
      20.0000      985.391  1.37255e-11  1.62870e-12
      20.0000      986.149  2.17373e-11  1.53805e-12
      20.0000      986.908  2.27148e-11  1.52598e-12
      20.0000      987.667  2.60046e-11  1.77270e-12
      20.0000      988.427  2.50631e-11  1.82296e-12
      20.0000      989.187  5.86171e-12  1.64057e-12
      20.0000      989.949  9.98646e-12  1.79044e-12
      20.0000      990.710  5.77254e-12  2.06650e-12
      20.0000      991.473  8.45776e-12  1.81663e-12
      20.0000      992.236  7.79954e-12  1.65607e-12
      20.0000      992.999  1.08736e-11  1.82597e-12
      20.0000      993.763  1.14294e-11  1.79797e-12
      20.0000      994.528  7.23012e-12  1.54527e-12
      20.0000      995.293  5.27883e-12  1.56892e-12
      20.0000      996.060  1.08028e-11  1.70954e-12
      20.0000      996.826  1.92457e-11  1.59013e-12
      20.0000      997.593  1.42830e-11  1.45398e-12
      20.0000      998.361  1.29730e-11  1.55091e-12
      20.0000      999.129  1.58382e-11  1.63233e-12
      20.0000      999.898  1.27822e-11  1.56952e-12
      20.0000      1000.67  1.27756e-11  1.52256e-12
      20.0000      1001.44  1.38628e-11  1.70174e-12
      20.0000      1002.21  6.21194e-12  1.93614e-12
      20.0000      1002.98  5.43823e-12  1.90025e-12
      20.0000      1003.75  8.45602e-12  1.96118e-12
      20.0000      1004.52  9.86543e-12  2.43592e-12
      20.0000      1005.30  4.98900e-12  2.73586e-12
      20.0000      1006.07  1.98772e-11  2.60791e-12
      20.0000      1006.84  7.04728e-12  3.10396e-12
      20.0000      1007.62  8.48454e-12  3.68004e-12
